file_name,NRE,HOMO,LUMO,Dipole_mom,Num_waters,chg_chg,elec5,elec10,SCF_E,delE_dft
PHEO_red_0_cutoff_0.0.inp.out,256.75561045656065,-0.1993,0.2322,9.1294,0.0,-1324.6345094374,101.81013188544104,46.58208834566205,-1627.779112164,0.2773268420996828
PHEO_red_100_cutoff_0.0.inp.out,255.48838273051845,-0.2199,0.1963,8.9769,0.0,-1324.9883778265,-85.98538047353517,-179.62231577242798,-1628.1505538906,0.3037691801000619
PHEO_red_101_cutoff_0.0.inp.out,258.45965755044847,-0.2069,0.2233,8.0835,0.0,-1324.7807127908,-13.402505019377395,-225.14481961646007,-1627.9037934657,0.2886196422005014
PHEO_red_102_cutoff_0.0.inp.out,252.4287649291655,-0.2056,0.219,8.7115,0.0,-1324.9642841718,-223.2976234286506,-391.4140485542078,-1628.1061362983,0.2864500458008479
PHEO_red_103_cutoff_0.0.inp.out,258.8410538518534,-0.211,0.2106,8.5154,0.0,-1324.8379832399,-221.65725213532983,-343.98363192125635,-1627.9755950018,0.2857003399003588
PHEO_red_104_cutoff_0.0.inp.out,255.002136857652,-0.2317,0.197,9.6334,0.0,-1324.8121136889,128.8234100815857,210.4617018056829,-1627.9750741931,0.3060820037999292
PHEO_red_105_cutoff_0.0.inp.out,257.49118949527514,-0.1877,0.2428,8.4708,0.0,-1324.4456286336,283.4109690689962,387.6028658968428,-1627.5592529777,0.271943766700133
PHEO_red_106_cutoff_0.0.inp.out,258.57819758004104,-0.2134,0.2167,8.3856,0.0,-1324.8504945782,-13.737751186526728,87.08406160488526,-1627.9778159741,0.2903205144002641
PHEO_red_107_cutoff_0.0.inp.out,253.3288076963395,-0.2127,0.2101,8.8923,0.0,-1324.7606165041,187.45478564501917,213.72691359438753,-1627.9008421152,0.2835523858993838
PHEO_red_108_cutoff_0.0.inp.out,261.3518434967831,-0.2129,0.2115,8.1036,0.0,-1324.7572027751,116.321904501653,139.1295126545658,-1627.8947036111,0.2964699516005566
PHEO_red_109_cutoff_0.0.inp.out,252.38144206942275,-0.2034,0.2167,9.334,0.0,-1325.1797749134,444.7439327201144,596.4617056155604,-1628.2931462967,0.2766757632998633
PHEO_red_10_cutoff_0.0.inp.out,257.5094138080596,-0.2046,0.2298,8.8448,0.0,-1325.1307342657,-14.594798487443924,-107.0302479845313,-1628.2732986582,0.2821297492992016
PHEO_red_110_cutoff_0.0.inp.out,260.3463152751482,-0.1963,0.2314,9.1629,0.0,-1325.1421594825,273.879750236795,430.1824917302389,-1628.2821376427,0.2729197872995428
PHEO_red_111_cutoff_0.0.inp.out,253.29223960736408,-0.1898,0.2235,9.6224,0.0,-1325.0569092578,286.8437008990701,285.5191080108613,-1628.1754990544,0.2741652743006852
PHEO_red_112_cutoff_0.0.inp.out,257.53618548796027,-0.1932,0.2357,8.9187,0.0,-1325.0308748383,91.61999933648836,72.10292196212886,-1628.1458498595,0.2676631790000101
PHEO_red_113_cutoff_0.0.inp.out,253.89724928172703,-0.2006,0.2053,9.4398,0.0,-1325.1722492093,-136.13014769605903,-114.89118262692276,-1628.2964351641,0.279070854299789
PHEO_red_114_cutoff_0.0.inp.out,257.899272624383,-0.2022,0.2243,8.7509,0.0,-1324.9909176735,209.13903461398584,136.5404055900602,-1628.1355979101,0.2705034356004034
PHEO_red_115_cutoff_0.0.inp.out,254.9712406598413,-0.2326,0.1912,9.2658,0.0,-1324.9021892623,163.04242097125433,367.8079171031413,-1628.0686775212,0.3044328084006338
PHEO_red_116_cutoff_0.0.inp.out,257.1992151896746,-0.2134,0.2131,9.794,0.0,-1324.8922748244,306.13192709235216,302.4136582827095,-1628.0522587594,0.2889370504999533
PHEO_red_117_cutoff_0.0.inp.out,260.65958646347895,-0.2222,0.2119,8.9418,0.0,-1324.9598576677,267.77186334399426,429.8944380742564,-1628.1265526206,0.2879519109001194
PHEO_red_118_cutoff_0.0.inp.out,256.33686384741276,-0.2277,0.2065,10.4535,0.0,-1324.7055629269,193.38005515505415,247.4657939116781,-1627.8978708674,0.2971904391006319
PHEO_red_119_cutoff_0.0.inp.out,257.72573057486244,-0.2178,0.2008,9.7183,0.0,-1325.1746937746,330.1981126933327,437.6498335865668,-1628.3273908614,0.2897497852000015
PHEO_red_11_cutoff_0.0.inp.out,256.2984349749558,-0.2228,0.1975,8.8598,0.0,-1324.9203142461,-151.55999661740248,-228.0785396400773,-1628.0757580398,0.2974149146002673
PHEO_red_120_cutoff_0.0.inp.out,257.5898065703383,-0.2219,0.2059,9.2038,0.0,-1324.9993785934,140.42290375692363,245.27005017035532,-1628.1650591387,0.2979884420001326
PHEO_red_121_cutoff_0.0.inp.out,255.1569398710627,-0.2046,0.2304,9.5196,0.0,-1324.7617921038,298.38392683695116,384.5420717972456,-1627.9017711194,0.2825769695000417
PHEO_red_122_cutoff_0.0.inp.out,256.87723688192705,-0.1971,0.2193,8.8751,0.0,-1324.6907528993,256.62457825763556,372.4806340306912,-1627.8223360912,0.2782860035003978
PHEO_red_123_cutoff_0.0.inp.out,255.3659342410845,-0.2183,0.2123,9.4407,0.0,-1325.0577165675,286.9603266158676,439.97807299158944,-1628.2212554621,0.2968093817007684
PHEO_red_124_cutoff_0.0.inp.out,255.14592498534495,-0.2011,0.2278,8.7266,0.0,-1325.2551359356,323.66178842124896,375.1475995946594,-1628.3886473884,0.2808374890000777
PHEO_red_125_cutoff_0.0.inp.out,256.4524750377142,-0.2008,0.2267,9.1814,0.0,-1324.8389328834,479.3466609150276,589.6167248176631,-1627.9907896587,0.2799635776000286
PHEO_red_126_cutoff_0.0.inp.out,256.7552954505333,-0.2259,0.1935,9.3434,0.0,-1325.0003481978,359.0208783149727,499.5463210190468,-1628.1650155949,0.3032061619996966
PHEO_red_127_cutoff_0.0.inp.out,256.53958161837636,-0.209,0.2236,9.2253,0.0,-1324.8746730044,258.60372298896425,258.9394833855676,-1628.0379472433,0.2906111229995076
PHEO_red_128_cutoff_0.0.inp.out,256.12998510655297,-0.2156,0.2139,9.0127,0.0,-1325.3472922437,234.9540383749759,406.5965894275668,-1628.5089690593,0.2888634836999699
PHEO_red_129_cutoff_0.0.inp.out,258.7354039755069,-0.223,0.2003,8.3859,0.0,-1325.1317757751,103.96588748605276,167.80395508877902,-1628.2885306325,0.2940589937998084
PHEO_red_12_cutoff_0.0.inp.out,260.1842674522332,-0.2063,0.2177,8.6006,0.0,-1324.7790467375,-114.93570996023053,-261.6484497398395,-1627.9246924548,0.2849795905003702
PHEO_red_130_cutoff_0.0.inp.out,253.6060351162517,-0.2161,0.2045,9.4628,0.0,-1325.0677318278,188.8385379158378,139.14965738846473,-1628.2294108239,0.291806443700807
PHEO_red_131_cutoff_0.0.inp.out,258.85877720180747,-0.2151,0.2184,8.5983,0.0,-1325.163305412,52.09052888537007,104.23923844475884,-1628.3320709965,0.2864270398995359
PHEO_red_132_cutoff_0.0.inp.out,255.9868442426112,-0.2275,0.1974,9.3336,0.0,-1324.6962238407,64.79564649743632,171.08173995009753,-1627.8560090501,0.3033056958001907
PHEO_red_133_cutoff_0.0.inp.out,257.06134390123395,-0.2203,0.2105,10.0531,0.0,-1324.897672961,-22.901044582068774,-9.690498232205314,-1628.0642426044,0.2958458542998414
PHEO_red_134_cutoff_0.0.inp.out,256.450973364817,-0.2079,0.2207,9.2465,0.0,-1324.8600404201,122.19385089636008,82.92874553310763,-1628.0118202307,0.283768268300264
PHEO_red_135_cutoff_0.0.inp.out,257.76903347338987,-0.2301,0.2015,9.071,0.0,-1324.6348273847,-100.25820240088272,-78.41426968435337,-1627.8082660736,0.3023818047995519
PHEO_red_136_cutoff_0.0.inp.out,257.1538811593862,-0.2062,0.2149,8.877,0.0,-1324.8191657081,27.49800125002532,64.8050565570958,-1627.9645888144,0.2803736693003884
PHEO_red_137_cutoff_0.0.inp.out,257.35777569120233,-0.198,0.2356,9.6178,0.0,-1324.9061843858,154.45732336282703,47.77513079422545,-1628.0493140997,0.2710094656004003
PHEO_red_138_cutoff_0.0.inp.out,256.00193968292876,-0.1988,0.228,8.5602,0.0,-1324.8045081528,133.7965446888861,126.86148933610237,-1627.9483802415,0.2699502223003946
PHEO_red_139_cutoff_0.0.inp.out,257.05346824430717,-0.2164,0.2246,10.2417,0.0,-1325.2876911816,34.29455128982718,-18.016559534153387,-1628.4535723813,0.2964067940001769
PHEO_red_13_cutoff_0.0.inp.out,252.92275641024415,-0.2149,0.2062,9.4456,0.0,-1324.7245086843,-178.26614250220598,-309.01964078528835,-1627.8659499017,0.2980817942998328
PHEO_red_140_cutoff_0.0.inp.out,254.94977134898932,-0.2242,0.1976,10.288,0.0,-1325.0131603284,-63.48802415645066,-20.063257172162995,-1628.1752914912,0.299796679800238
PHEO_red_141_cutoff_0.0.inp.out,257.51501086707697,-0.2162,0.222,9.3638,0.0,-1325.3971857704,-3.156330698883049,38.160908475960994,-1628.5446016162,0.2883134602006976
PHEO_red_142_cutoff_0.0.inp.out,254.03007457867085,-0.2352,0.2045,9.5236,0.0,-1325.1164407216,49.80052246867663,129.9210612287634,-1628.2827198444,0.3047184196993839
PHEO_red_143_cutoff_0.0.inp.out,257.2287091383367,-0.216,0.2057,8.0644,0.0,-1325.2025352316,-12.502612621470142,75.1991264415248,-1628.3435681062,0.2889007485000547
PHEO_red_144_cutoff_0.0.inp.out,256.8152799250582,-0.2459,0.1802,9.5386,0.0,-1325.8106468543,27.20462851878943,44.49614267511926,-1628.9887984809,0.3238335381993238
PHEO_red_145_cutoff_0.0.inp.out,255.5212620395722,-0.2221,0.2105,9.9647,0.0,-1325.315130619,-45.74621574734963,6.177441179660721,-1628.4910999105,0.2936089218001143
PHEO_red_146_cutoff_0.0.inp.out,258.92830994977385,-0.222,0.2064,9.5754,0.0,-1325.1481822292,80.8324340305943,133.93717722487486,-1628.3005736616,0.2946721441003319
PHEO_red_147_cutoff_0.0.inp.out,256.238126985406,-0.2103,0.2224,9.4998,0.0,-1324.6634011765,231.990287324757,298.8842142728706,-1627.8158479801,0.2823727391996726
PHEO_red_148_cutoff_0.0.inp.out,258.6466320672669,-0.2226,0.1944,9.1587,0.0,-1325.249402886,141.40027701435304,136.62165953776667,-1628.3889968807,0.2931118996002624
PHEO_red_149_cutoff_0.0.inp.out,255.78085923477636,-0.2051,0.2182,9.535,0.0,-1324.930304285,275.1863295078229,167.33659861167348,-1628.0779315042,0.2822798089000571
PHEO_red_14_cutoff_0.0.inp.out,258.61034845066746,-0.1885,0.2368,7.813,0.0,-1324.9120549979,12.247630426897674,-252.27068468143196,-1628.0351389961,0.268761196000014
PHEO_red_150_cutoff_0.0.inp.out,257.9430534635602,-0.2441,0.1951,10.2265,0.0,-1324.8920005207,-9.282464347433574,3.397561333423581,-1628.0826621039,0.314939948600113
PHEO_red_151_cutoff_0.0.inp.out,256.1976009118474,-0.2236,0.2034,9.7107,0.0,-1324.958911805,230.45347327015995,312.530609462733,-1628.1195478898,0.3010418782996567
PHEO_red_152_cutoff_0.0.inp.out,255.84298346341535,-0.2063,0.2332,9.5008,0.0,-1325.190436416,294.28265861539535,354.89330633346106,-1628.3424735244,0.2823696751001989
PHEO_red_153_cutoff_0.0.inp.out,255.13775568431228,-0.2245,0.198,9.2314,0.0,-1325.0681718605,-102.36289442465318,-6.870393137657397,-1628.2251129808,0.2928879477994996
PHEO_red_154_cutoff_0.0.inp.out,258.5649651114118,-0.212,0.2185,9.4055,0.0,-1325.0968380459,-9.188299039664235,31.37700826803111,-1628.2460117244,0.2840914406997399
PHEO_red_155_cutoff_0.0.inp.out,255.61681037372415,-0.2116,0.2114,8.6397,0.0,-1325.1868277245,63.05055632386741,99.04159275942438,-1628.3366373054,0.2813633464002123
PHEO_red_156_cutoff_0.0.inp.out,258.7356093160646,-0.2219,0.2117,9.3307,0.0,-1325.0123753346,20.031240547341415,29.68502809219129,-1628.1881755039,0.2937602287993286
PHEO_red_157_cutoff_0.0.inp.out,254.39725682544832,-0.2419,0.1812,9.8865,0.0,-1325.3956898775,-89.8727682458161,23.839368193413417,-1628.5636091618,0.3088107723997382
PHEO_red_158_cutoff_0.0.inp.out,259.12393588167544,-0.2083,0.2231,9.0468,0.0,-1325.7068748404,66.97100284597911,84.10424937523462,-1628.8651073633,0.2883229304998167
PHEO_red_159_cutoff_0.0.inp.out,256.5481524716259,-0.2117,0.2132,9.4235,0.0,-1325.1187875098,87.3757944907502,182.4734218936924,-1628.2722985713,0.2866543226000431
PHEO_red_15_cutoff_0.0.inp.out,254.76763206428416,-0.1861,0.2265,7.5815,0.0,-1324.8036196621,-113.14321376037664,-301.7128886276173,-1627.9093493479,0.2616410885002551
PHEO_red_160_cutoff_0.0.inp.out,256.80133827387175,-0.2292,0.2072,9.586,0.0,-1325.8236898335,-18.68826629876432,94.08108700724208,-1629.00455184,0.3005659472000843
PHEO_red_161_cutoff_0.0.inp.out,258.2041992580256,-0.2194,0.205,9.4824,0.0,-1325.4292006401,-190.19704922884233,-322.7600936766266,-1628.5952306801,0.2893281217002368
PHEO_red_162_cutoff_0.0.inp.out,255.62378898255452,-0.2262,0.2028,10.2856,0.0,-1325.6270095471,-291.4347174828874,-503.48628937374554,-1628.7963157289,0.2961736041997937
PHEO_red_163_cutoff_0.0.inp.out,254.95885889266137,-0.2178,0.2084,10.0554,0.0,-1325.7036539823,-17.9491519029294,-31.358464614928817,-1628.8727777918,0.2851073459996769
PHEO_red_164_cutoff_0.0.inp.out,258.17301237767333,-0.2112,0.2289,9.767,0.0,-1325.2874960055,108.32237436681191,193.94906499468863,-1628.4387671767,0.2819778799002961
PHEO_red_165_cutoff_0.0.inp.out,253.91577300323047,-0.2183,0.2039,9.8044,0.0,-1325.0417753516,93.11697612178055,155.17222542071747,-1628.192572574,0.2908598700996663
PHEO_red_166_cutoff_0.0.inp.out,258.2512928067022,-0.2139,0.2123,8.132,0.0,-1325.1516835634,74.77513340661102,127.63163193289154,-1628.306141028,0.2843036323993146
PHEO_red_167_cutoff_0.0.inp.out,256.25198838611897,-0.206,0.2102,9.1318,0.0,-1325.0228512319,142.15315274177263,207.20099249888253,-1628.1635839861,0.275641157300015
PHEO_red_168_cutoff_0.0.inp.out,260.0437317206875,-0.2171,0.2217,8.0289,0.0,-1324.828248333,255.88833456109415,278.02243797480725,-1627.9756500136,0.283760914299819
PHEO_red_169_cutoff_0.0.inp.out,256.715361522621,-0.2194,0.1928,9.3759,0.0,-1324.9165802824,110.97559622547526,19.819364238747177,-1628.0604061985,0.2864448057998743
PHEO_red_16_cutoff_0.0.inp.out,257.3273869999309,-0.202,0.2242,9.2271,0.0,-1325.1264709138,-285.46065186484117,-344.78344150499464,-1628.2631737321,0.2788100575999124
PHEO_red_170_cutoff_0.0.inp.out,260.49644512811716,-0.218,0.2171,8.2823,0.0,-1324.777949491,163.06574664386866,280.881708464734,-1627.9514026596,0.2842254300994682
PHEO_red_171_cutoff_0.0.inp.out,257.7310936434763,-0.2084,0.2208,10.2289,0.0,-1324.7453555995,241.65495540131764,328.3728486103762,-1627.8865811086,0.2816363837000608
PHEO_red_172_cutoff_0.0.inp.out,258.5638074849383,-0.2001,0.2358,9.0912,0.0,-1324.5447573407,268.99361281148776,383.7593373934934,-1627.6936575794,0.2715113416998065
PHEO_red_173_cutoff_0.0.inp.out,257.3718261593739,-0.1955,0.2258,9.8221,0.0,-1324.9932527786,344.87730195183406,502.9589722859051,-1628.1269568806,0.2744639954999002
PHEO_red_174_cutoff_0.0.inp.out,258.16251641440846,-0.2154,0.2139,8.953,0.0,-1324.7009108479,114.18754538153144,121.1507959334526,-1627.8688982491,0.2878628255002695
PHEO_red_175_cutoff_0.0.inp.out,256.5042668273954,-0.2338,0.1873,9.3608,0.0,-1324.0907040904,70.52103626316773,155.113360245018,-1627.2500636339,0.3044373229995472
PHEO_red_176_cutoff_0.0.inp.out,256.91894181127975,-0.2306,0.1929,9.8335,0.0,-1324.7772177567,12.3441823868046,120.45610194791035,-1627.9626045941,0.3050469092995627
PHEO_red_177_cutoff_0.0.inp.out,256.62776293947,-0.2076,0.2218,9.7728,0.0,-1324.6425033677,194.96953838178985,242.45987284142356,-1627.8042317343,0.2856775180998738
PHEO_red_178_cutoff_0.0.inp.out,256.084898809515,-0.2239,0.2141,9.5178,0.0,-1324.9467624908,71.64781940651676,75.18812027288467,-1628.1266755247,0.2988694369996665
PHEO_red_179_cutoff_0.0.inp.out,254.68341724455405,-0.2083,0.2047,9.7409,0.0,-1324.4350549048,104.5163960953349,224.22162378026476,-1627.5796217932,0.288318633099152
PHEO_red_17_cutoff_0.0.inp.out,258.33784703827206,-0.2075,0.2335,9.1531,0.0,-1324.7332144751,-139.97483491945843,-329.11458344729306,-1627.8886688346,0.2858880533995034
PHEO_red_180_cutoff_0.0.inp.out,255.5390944346795,-0.2068,0.2253,9.3782,0.0,-1325.1203664174,233.927453039722,230.21997986406785,-1628.2563757507,0.2858065520995296
PHEO_red_181_cutoff_0.0.inp.out,255.7653958763167,-0.2052,0.2181,9.3642,0.0,-1324.5900368481,148.38053335766006,154.8823904651359,-1627.7348299804,0.284972451700014
PHEO_red_182_cutoff_0.0.inp.out,255.59866080860655,-0.2055,0.2227,9.6297,0.0,-1325.0505688375,288.15753001127854,193.81229695509785,-1628.1958634567,0.2830684768005085
PHEO_red_183_cutoff_0.0.inp.out,257.1363978427766,-0.1958,0.2109,8.8604,0.0,-1325.0514432233,36.01664313927374,-99.22296359524542,-1628.1717844493,0.2799031102995286
PHEO_red_184_cutoff_0.0.inp.out,258.2022746377536,-0.2091,0.2192,8.9025,0.0,-1325.0345521898,26.63558448160715,4.531473846320492,-1628.1870394373,0.2861228857000242
PHEO_red_185_cutoff_0.0.inp.out,257.40319141969997,-0.1945,0.2303,8.8854,0.0,-1324.9060855839,131.69776546024835,114.70085988121586,-1628.0336442461,0.2669989526993959
PHEO_red_186_cutoff_0.0.inp.out,256.4662583637334,-0.2148,0.2088,10.1503,0.0,-1325.1343032794,114.0298499939288,153.208866199263,-1628.2906900508,0.2866999341003975
PHEO_red_187_cutoff_0.0.inp.out,258.1592206585706,-0.2336,0.201,9.7211,0.0,-1325.2870614998,-45.38712821302509,-13.294939459850932,-1628.4569952895,0.3081825321005453
PHEO_red_188_cutoff_0.0.inp.out,255.5573549977962,-0.2014,0.2202,9.1936,0.0,-1325.2654212205,166.68351592279734,221.9843317918117,-1628.3930793984,0.2808754809993843
PHEO_red_189_cutoff_0.0.inp.out,257.3518524670755,-0.2266,0.2059,8.7413,0.0,-1324.9999569039,77.4406769797205,149.88056951938907,-1628.1712888039,0.2898186094998891
PHEO_red_18_cutoff_0.0.inp.out,256.9205600192337,-0.2059,0.2224,9.013,0.0,-1324.4576992245,-60.1353346911398,-322.8879550213967,-1627.6048100484,0.2790404401994237
PHEO_red_190_cutoff_0.0.inp.out,255.68838748780996,-0.2081,0.213,9.3749,0.0,-1325.2318743774,358.5593625779791,460.6892542766679,-1628.3844461158,0.2790373642001214
PHEO_red_191_cutoff_0.0.inp.out,255.1619299311329,-0.2112,0.2002,9.543,0.0,-1325.5208810638,67.67332961813337,185.7983297946836,-1628.6701970138,0.2901420017997225
PHEO_red_192_cutoff_0.0.inp.out,258.30686656869045,-0.2069,0.2347,9.8759,0.0,-1325.480623993,125.63589628346791,167.65363784869012,-1628.6332453811,0.2776585014999
PHEO_red_193_cutoff_0.0.inp.out,255.99531111888172,-0.2067,0.2186,9.3007,0.0,-1325.4331383878,168.6043991845336,197.30378130989635,-1628.583091217,0.2766664462997141
PHEO_red_194_cutoff_0.0.inp.out,258.30796794551634,-0.2081,0.223,10.5678,0.0,-1325.4854921967,16.597094793814666,31.59746901874718,-1628.6249524492,0.2895256393003365
PHEO_red_195_cutoff_0.0.inp.out,255.40101511105703,-0.2304,0.1988,9.6818,0.0,-1324.871219292,-0.0471383560110965,30.287988779997377,-1628.0421709129,0.2996260099998835
PHEO_red_196_cutoff_0.0.inp.out,260.31426733971557,-0.1992,0.2386,9.0749,0.0,-1325.2589219271,116.87218477939224,121.37115786629978,-1628.3896717869,0.2744644560998495
PHEO_red_197_cutoff_0.0.inp.out,256.09989300141257,-0.2114,0.2131,9.8296,0.0,-1325.4326685159,199.60196131075844,193.11198104413987,-1628.5627632665,0.2955508277000263
PHEO_red_198_cutoff_0.0.inp.out,257.402893507676,-0.2193,0.2077,8.8262,0.0,-1325.2693006951,148.70457099540337,7.999318447020294,-1628.4172248449,0.2952704522995191
PHEO_red_199_cutoff_0.0.inp.out,255.91502066356972,-0.239,0.1882,9.677,0.0,-1325.4066703072,81.95763774901633,94.8084227956366,-1628.5859055455,0.312470151799971
PHEO_red_19_cutoff_0.0.inp.out,259.2916633330917,-0.2331,0.1848,8.6879,0.0,-1324.6610295032,-68.51413156410531,-118.57820764863112,-1627.817581344,0.2988653329994122
PHEO_red_1_cutoff_0.0.inp.out,257.8761208212133,-0.2217,0.2093,8.6305,0.0,-1324.8975135348,75.92749923454488,74.90583631726062,-1628.059552915,0.2960628118999011
PHEO_red_200_cutoff_0.0.inp.out,254.31846950505312,-0.2105,0.2212,9.7593,0.0,-1325.1867479032,337.6046519318305,265.487344880534,-1628.3430135313,0.2847352278004109
PHEO_red_201_cutoff_0.0.inp.out,257.66282755164144,-0.2056,0.215,9.2871,0.0,-1325.0223419884,229.53933893549123,100.33562593568132,-1628.1750286767,0.2861051654999755
PHEO_red_202_cutoff_0.0.inp.out,255.63181204004093,-0.1896,0.2373,8.6122,0.0,-1324.7739385357,187.56342973761292,28.835414023729,-1627.9048187415,0.2673467157001141
PHEO_red_203_cutoff_0.0.inp.out,258.1752642702648,-0.1989,0.2279,9.4259,0.0,-1325.1048446221,315.7652238202132,284.65072646543047,-1628.2492065627,0.2784149829994931
PHEO_red_204_cutoff_0.0.inp.out,255.63977165944388,-0.2027,0.2084,9.3902,0.0,-1325.1820526565,118.12000746844537,102.81228325108238,-1628.3121148097,0.2831520539002667
PHEO_red_205_cutoff_0.0.inp.out,255.96221946901,-0.2107,0.2176,8.8641,0.0,-1325.2134265031,114.49893541419758,199.1783701600135,-1628.3615678762,0.281996933600567
PHEO_red_206_cutoff_0.0.inp.out,255.5866522303591,-0.2052,0.2259,9.0839,0.0,-1325.3407398596,180.23464849519573,250.14308037877797,-1628.4744005018,0.2816208398999151
PHEO_red_207_cutoff_0.0.inp.out,256.74380881334355,-0.2051,0.2022,8.4409,0.0,-1325.3891951785,146.380313792762,271.2741245328112,-1628.5266886261,0.2762400604005961
PHEO_red_208_cutoff_0.0.inp.out,256.61149088826335,-0.2303,0.1958,9.9468,0.0,-1325.0492475533,118.83547213980226,242.45241355117415,-1628.2097001285,0.3035475615997711
PHEO_red_209_cutoff_0.0.inp.out,256.66525613885364,-0.1946,0.2354,8.2115,0.0,-1324.881793702,62.087871687909534,167.75021896245016,-1628.0136661635,0.2659159349996116
PHEO_red_20_cutoff_0.0.inp.out,254.28158336669057,-0.1907,0.227,9.3956,0.0,-1325.2446067129,143.12227156174438,200.56371994018895,-1628.3724821159,0.2699628738000683
PHEO_red_210_cutoff_0.0.inp.out,258.5290516801306,-0.2184,0.2259,9.2278,0.0,-1325.1749187751,85.41969098010323,154.00975386781695,-1628.3373685328,0.2913704926004357
PHEO_red_211_cutoff_0.0.inp.out,255.64108199611195,-0.1929,0.238,9.7662,0.0,-1325.1093831996,205.6533682645379,171.10137690522384,-1628.2349812533,0.2639301638000688
PHEO_red_212_cutoff_0.0.inp.out,255.8411357207885,-0.1812,0.2495,9.1126,0.0,-1325.122708095,223.1940729588095,131.78156938452952,-1628.2317829692,0.2613963395006067
PHEO_red_213_cutoff_0.0.inp.out,256.4950655492074,-0.2056,0.2195,9.3831,0.0,-1325.1225167476,143.9871620409078,250.73635287192204,-1628.2684960603,0.2815301768996505
PHEO_red_214_cutoff_0.0.inp.out,258.7204883243411,-0.1984,0.229,9.5811,0.0,-1324.8694175848,225.8792633068654,233.4457957940833,-1628.0127237614,0.270113125100579
PHEO_red_215_cutoff_0.0.inp.out,256.5138150067816,-0.224,0.2048,9.7919,0.0,-1324.8584849874,169.05627859268452,258.2396313721847,-1628.0200456949,0.2946176638997713
PHEO_red_216_cutoff_0.0.inp.out,259.689531408782,-0.2408,0.1944,9.0305,0.0,-1324.5795575695,-92.62042247943118,102.98560018329728,-1627.7600170076,0.3156876202001513
PHEO_red_217_cutoff_0.0.inp.out,256.125484949379,-0.223,0.2071,9.4609,0.0,-1324.4735010982,239.77809175900327,397.07922473146294,-1627.6490313987,0.2990861545004009
PHEO_red_218_cutoff_0.0.inp.out,258.24935242712354,-0.218,0.2153,9.3856,0.0,-1324.8147772797,176.94398321679805,271.50372684893324,-1627.9831645211,0.2888044624005488
PHEO_red_219_cutoff_0.0.inp.out,254.29714567857124,-0.2158,0.2114,10.2596,0.0,-1324.7206964308,155.9727303634613,243.65368717918284,-1627.8840639529,0.291775820800467
PHEO_red_21_cutoff_0.0.inp.out,258.57512794076945,-0.2023,0.23,8.8873,0.0,-1324.7068880755,321.9675253565125,42.998502097624886,-1627.8627719624,0.2761606752001171
PHEO_red_220_cutoff_0.0.inp.out,257.52138809682714,-0.2184,0.2005,8.4453,0.0,-1324.5791081327,178.55425538405802,221.06008826042017,-1627.7386154586,0.2896692643998904
PHEO_red_221_cutoff_0.0.inp.out,254.4269794560841,-0.2083,0.2152,9.0581,0.0,-1324.6607312044,209.891024844677,214.63108429198624,-1627.8083447725,0.2795596705991556
PHEO_red_222_cutoff_0.0.inp.out,257.2781890787039,-0.2305,0.1948,9.4114,0.0,-1324.6502932476,-251.3177456391984,-318.41615041209747,-1627.8318493589,0.2930718683001032
PHEO_red_223_cutoff_0.0.inp.out,255.9280815017273,-0.2179,0.1992,9.8016,0.0,-1324.3889393313,71.98122528271873,141.1142114582373,-1627.5428456542,0.2962893856001756
PHEO_red_224_cutoff_0.0.inp.out,256.96204628069125,-0.1902,0.2297,9.0368,0.0,-1324.2361966347,128.5706229389328,142.91459667664205,-1627.3768372126,0.268798314000378
PHEO_red_225_cutoff_0.0.inp.out,255.28255906242953,-0.199,0.2192,8.802,0.0,-1324.3914885854,27.83916786729907,-83.92383117527221,-1627.5131177227,0.2734288783994998
PHEO_red_226_cutoff_0.0.inp.out,256.10544136684337,-0.2171,0.2113,8.5184,0.0,-1324.3220748793,-106.93509564635804,-242.86867597718268,-1627.4798260236,0.2927136949001578
PHEO_red_227_cutoff_0.0.inp.out,256.22298922880555,-0.2184,0.2053,9.6118,0.0,-1324.5212668259,-96.89720918112717,-120.9586688891948,-1627.6895205037,0.2937890806997529
PHEO_red_228_cutoff_0.0.inp.out,255.31792227939263,-0.2152,0.2158,9.189,0.0,-1324.4805091644,197.571028540109,54.8316791386432,-1627.6237914306,0.2889905017000274
PHEO_red_229_cutoff_0.0.inp.out,258.25220372194576,-0.2047,0.2197,9.445,0.0,-1324.6079913717,20.511741684876903,69.26732930079314,-1627.7532082273,0.28570804499941
PHEO_red_22_cutoff_0.0.inp.out,254.6449891788344,-0.2201,0.1994,8.937,0.0,-1324.7016370354,12.679467951497438,-32.52948250823032,-1627.8536578979,0.2921023225999306
PHEO_red_230_cutoff_0.0.inp.out,256.6673062284311,-0.2264,0.2138,9.3123,0.0,-1324.9051116916,60.2579732267977,159.32916408923322,-1628.0720342625,0.3032062508000308
PHEO_red_231_cutoff_0.0.inp.out,257.5040332457273,-0.2145,0.205,9.3755,0.0,-1324.2130851936,-4.592058595886045,-300.563983897346,-1627.3611529657,0.299732460100131
PHEO_red_232_cutoff_0.0.inp.out,256.3971722136206,-0.1964,0.2185,8.6285,0.0,-1324.7449254027,423.02487688264614,381.0785311530566,-1627.8675553249,0.2654420624003251
PHEO_red_233_cutoff_0.0.inp.out,255.7616624549874,-0.2095,0.212,8.4536,0.0,-1324.5611275945,429.87924484773663,683.2089838529649,-1627.7038177545,0.2777730971001801
PHEO_red_234_cutoff_0.0.inp.out,255.34437815140095,-0.2289,0.2083,8.9662,0.0,-1324.6408298166,190.33818212061976,344.1228071651009,-1627.8103327049,0.3014248284998757
PHEO_red_235_cutoff_0.0.inp.out,254.04310720902492,-0.2133,0.2007,9.4096,0.0,-1324.7912268134,142.35398725510314,152.1221194501172,-1627.939108716,0.289712976100418
PHEO_red_236_cutoff_0.0.inp.out,257.63765951046656,-0.2133,0.2106,8.9195,0.0,-1324.8428010238,97.71766439969724,199.0848578807899,-1627.9942991671,0.2822238210992509
PHEO_red_237_cutoff_0.0.inp.out,255.25153022452565,-0.2038,0.2111,8.8132,0.0,-1324.8603280518,345.32427798085166,406.1707496429087,-1627.9976886947,0.2776525941008003
PHEO_red_238_cutoff_0.0.inp.out,259.08910033444937,-0.2219,0.2143,8.7584,0.0,-1324.4254457585,12.627007360827358,54.66516476648035,-1627.6022463864,0.2843107674998464
PHEO_red_239_cutoff_0.0.inp.out,256.37311417354204,-0.22,0.1942,9.7578,0.0,-1324.7269781526,-1.2125041699603525,-45.20454007295819,-1627.884994589,0.2952556608997838
PHEO_red_23_cutoff_0.0.inp.out,257.8237427013767,-0.2139,0.2023,8.5416,0.0,-1324.8749796044,83.50274627445509,97.47275105229308,-1628.0315236064,0.2845811731995127
PHEO_red_240_cutoff_0.0.inp.out,258.309412572539,-0.1687,0.2751,9.674,0.0,-1324.7708719309,329.6576706574627,178.28412927361623,-1627.8751660544,0.2544140669997432
PHEO_red_241_cutoff_0.0.inp.out,255.30250185458735,-0.2369,0.1936,9.5005,0.0,-1324.6800169458,-152.0057458003761,-73.03033915782697,-1627.8568256177,0.3050988786999369
PHEO_red_242_cutoff_0.0.inp.out,257.9501130117477,-0.2074,0.2179,9.0043,0.0,-1325.0910771674,-21.187378747772893,-78.8685624163312,-1628.2212853357,0.2827755221996995
PHEO_red_243_cutoff_0.0.inp.out,254.3246427606094,-0.2312,0.192,9.0058,0.0,-1324.505966076,-207.13016910772356,-326.9459332619319,-1627.6767203748,0.3034840398995584
PHEO_red_244_cutoff_0.0.inp.out,258.6445034994842,-0.2132,0.2282,8.9483,0.0,-1325.135587867,-56.426039181160235,-92.82158990491712,-1628.2769344615,0.2882216967000204
PHEO_red_245_cutoff_0.0.inp.out,255.98245401141537,-0.2364,0.1844,8.6689,0.0,-1324.737592275,23.879300839251467,78.81314369578116,-1627.9118563613,0.3098600972007261
PHEO_red_246_cutoff_0.0.inp.out,259.5161768532274,-0.2349,0.2073,9.1924,0.0,-1324.5637809197,32.73961162704637,-59.31021158899337,-1627.7354090127,0.3099732977998428
PHEO_red_247_cutoff_0.0.inp.out,256.46047273894237,-0.2178,0.2008,9.2956,0.0,-1324.4888238795,-80.12591736430171,-178.7567163036823,-1627.6286505109,0.2942283847005456
PHEO_red_248_cutoff_0.0.inp.out,260.4565234165663,-0.2295,0.2033,8.643,0.0,-1324.5416840418,7.835894033494087,48.82566182731675,-1627.7173754514,0.3015417519000039
PHEO_red_249_cutoff_0.0.inp.out,255.74593384371585,-0.2137,0.2105,8.8038,0.0,-1324.6267195835,4.237063650539092,79.4218410940974,-1627.766943902,0.2872377405001316
PHEO_red_24_cutoff_0.0.inp.out,256.00725081520227,-0.2081,0.2189,9.1186,0.0,-1324.5841885427,173.20347517527114,14.562237173968274,-1627.7263298706,0.2818810997996479
PHEO_red_250_cutoff_0.0.inp.out,253.42485930331665,-0.201,0.2129,8.5123,0.0,-1325.0018519048,237.89879295063704,289.3092731416011,-1628.1315260796,0.2747007866000786
PHEO_red_251_cutoff_0.0.inp.out,255.55014829023796,-0.2123,0.2126,8.9602,0.0,-1325.0950782487,270.6429336834723,425.85441533486465,-1628.2462539818,0.2805649277006523
PHEO_red_252_cutoff_0.0.inp.out,256.31550845639833,-0.2294,0.1959,9.4025,0.0,-1324.8607392337,209.0956795831255,304.8643873992477,-1628.035511525,0.2950564197999483
PHEO_red_253_cutoff_0.0.inp.out,254.63489840438712,-0.2478,0.1827,9.8184,0.0,-1324.7978478604,113.6326705369352,352.2232074568263,-1627.9726591328,0.3245788837994041
PHEO_red_254_cutoff_0.0.inp.out,256.2115703759953,-0.2348,0.1848,9.0437,0.0,-1324.9812845446,-6.7597942372649396,100.2913929431939,-1628.1526651817,0.309589085600237
PHEO_red_255_cutoff_0.0.inp.out,257.0020262475692,-0.1914,0.2295,7.8753,0.0,-1324.9893456362,242.62908259064977,308.9678911157086,-1628.1176753105,0.2622638775001178
PHEO_red_256_cutoff_0.0.inp.out,256.63491753662447,-0.215,0.2093,9.1467,0.0,-1324.721108782,226.11580576100388,263.3607741066345,-1627.8681103868,0.2978098482999485
PHEO_red_257_cutoff_0.0.inp.out,256.4608655575196,-0.2121,0.2051,7.749,0.0,-1324.863169558,82.56712831505982,228.3284419224677,-1628.0007683642,0.2863335722004194
PHEO_red_258_cutoff_0.0.inp.out,256.4806645223234,-0.2196,0.2061,8.509,0.0,-1324.8047174291,-1.5156391063564283,97.2061100573669,-1627.9527639696,0.2964393395996012
PHEO_red_259_cutoff_0.0.inp.out,256.39215211140527,-0.2075,0.226,8.2457,0.0,-1325.1649004166,92.5648858371883,146.31725645157576,-1628.2970425523,0.2798951119993944
PHEO_red_25_cutoff_0.0.inp.out,256.9969361515775,-0.1981,0.2238,8.9685,0.0,-1324.9604374724,227.1534000032643,78.1043432773343,-1628.0991170545,0.2759647791999668
PHEO_red_260_cutoff_0.0.inp.out,255.6067415164925,-0.2366,0.1889,9.108,0.0,-1324.396359634,170.326130901469,199.9845138317781,-1627.5790698552,0.3017150181003671
PHEO_red_261_cutoff_0.0.inp.out,259.7126492852879,-0.2121,0.2108,8.4031,0.0,-1324.9693699048,212.2337897327089,289.11916328233826,-1628.1107353831,0.2831505488002221
PHEO_red_262_cutoff_0.0.inp.out,258.83439666728947,-0.2154,0.2205,8.4046,0.0,-1324.5584252191,101.50583758320488,205.31504497823585,-1627.7148509579,0.2878780560004088
PHEO_red_263_cutoff_0.0.inp.out,256.3797850976202,-0.2129,0.2098,8.9579,0.0,-1324.8194708721,95.79619313053416,144.80867451863423,-1627.9695753058,0.2921549419997973
PHEO_red_264_cutoff_0.0.inp.out,259.68237332397104,-0.2237,0.2069,8.495,0.0,-1324.4456122285,196.49712862325785,362.1177787136061,-1627.6218523502,0.2982992730003388
PHEO_red_265_cutoff_0.0.inp.out,254.96122657541417,-0.219,0.2034,8.7066,0.0,-1324.3264203715,86.41576158652511,260.8903274972776,-1627.4774925222,0.2993075627000507
PHEO_red_266_cutoff_0.0.inp.out,256.6687706560614,-0.2126,0.209,8.6515,0.0,-1324.3369183358,333.78265590054616,683.5690849643406,-1627.4968323692,0.2853889680000065
PHEO_red_267_cutoff_0.0.inp.out,255.7652133044618,-0.1986,0.2155,9.3957,0.0,-1324.410215829,233.24785647596164,371.3272593403535,-1627.5359554299,0.2850422424999124
PHEO_red_268_cutoff_0.0.inp.out,253.9455051929292,-0.1845,0.2358,8.8813,0.0,-1324.7270225734,59.48011298842421,16.524003742534525,-1627.8470793199,0.2617090705998635
PHEO_red_269_cutoff_0.0.inp.out,256.715966734448,-0.1786,0.2468,8.524,0.0,-1324.229103782,-13.060729934608206,-51.05617087275032,-1627.332174819,0.2596057444998223
PHEO_red_26_cutoff_0.0.inp.out,258.08650967505855,-0.2284,0.2049,8.6918,0.0,-1325.4704167364,156.8406337248868,42.383804756443105,-1628.6332052802,0.3000572605997149
PHEO_red_270_cutoff_0.0.inp.out,255.2697691188688,-0.1835,0.2425,9.0119,0.0,-1324.4201365715,60.78768164726564,65.40342855123555,-1627.5414534678,0.259004779800307
PHEO_red_271_cutoff_0.0.inp.out,255.67037325086056,-0.2035,0.213,9.5768,0.0,-1324.4612386944,-9.921093013769932,-55.55968800145268,-1627.5912330655,0.2865406963001078
PHEO_red_272_cutoff_0.0.inp.out,256.69111114543614,-0.1986,0.2278,8.5477,0.0,-1324.8078190263,99.7864468810022,25.57911370219872,-1627.9435018361,0.2754764451001392
PHEO_red_273_cutoff_0.0.inp.out,256.18386165918827,-0.2055,0.2305,8.9963,0.0,-1325.0336399091,162.99425905989727,202.5516384303795,-1628.1911060282,0.2751652931001445
PHEO_red_274_cutoff_0.0.inp.out,258.42765645362346,-0.2018,0.2314,9.3765,0.0,-1325.106049535,161.5598222151902,184.2894133532351,-1628.2512175139,0.2845701269998244
PHEO_red_275_cutoff_0.0.inp.out,258.6766996256087,-0.2081,0.2128,9.5685,0.0,-1324.8693054564,196.2582661439504,264.6394078759902,-1628.0266922703,0.2824734145997354
PHEO_red_276_cutoff_0.0.inp.out,256.0415150182596,-0.2294,0.1895,9.1886,0.0,-1324.5822881788,86.84491389066912,73.59312497391956,-1627.7600211266,0.2992465049001112
PHEO_red_277_cutoff_0.0.inp.out,255.25955862026615,-0.2144,0.2083,9.0404,0.0,-1324.8664167531,261.6255940666595,278.123517650649,-1628.0261724871,0.2827164009004264
PHEO_red_278_cutoff_0.0.inp.out,256.1987639864396,-0.197,0.2274,8.1093,0.0,-1324.4370865315,291.95506151938974,388.74567367601907,-1627.5659325846,0.2665655176997461
PHEO_red_279_cutoff_0.0.inp.out,256.35655154842516,-0.2454,0.1735,8.7841,0.0,-1324.6361816709,120.5662731072919,210.2801430620709,-1627.8129254944,0.3100916291996327
PHEO_red_27_cutoff_0.0.inp.out,256.50114158644107,-0.2135,0.2059,8.2777,0.0,-1324.8231298933,44.27737735541621,-41.17740727002177,-1627.9808482565,0.284632131500075
PHEO_red_280_cutoff_0.0.inp.out,257.19633214852433,-0.2276,0.1934,9.1101,0.0,-1324.9640538695,151.66306287195803,341.86732445612216,-1628.1122171666,0.2970697506998476
PHEO_red_281_cutoff_0.0.inp.out,259.77293343620494,-0.2207,0.2104,9.2225,0.0,-1325.2332147875,273.14228732192043,436.7728569958916,-1628.3961258325,0.2903689723998468
PHEO_red_282_cutoff_0.0.inp.out,258.5715449868844,-0.2263,0.1972,9.6314,0.0,-1324.695421617,196.45077362538817,368.426913953332,-1627.8611191739,0.2976556164003341
PHEO_red_283_cutoff_0.0.inp.out,257.4887658207246,-0.2363,0.1924,8.5738,0.0,-1325.0923692071,59.24268479447093,270.72816067728644,-1628.2553533157,0.3023676370003159
PHEO_red_284_cutoff_0.0.inp.out,258.4514397197725,-0.2237,0.204,8.8541,0.0,-1324.4446324927,73.8785786175478,225.61362829168337,-1627.6252732151,0.2993005856005766
PHEO_red_285_cutoff_0.0.inp.out,259.7727484232954,-0.2178,0.2218,9.5472,0.0,-1324.9327638638,280.8216030605501,326.25994866927834,-1628.0797123955,0.2956172425001568
PHEO_red_286_cutoff_0.0.inp.out,258.22611608359335,-0.2082,0.2203,8.9628,0.0,-1324.9452624711,277.4772602369856,485.38816751262175,-1628.0809788107,0.2814095437006472
PHEO_red_287_cutoff_0.0.inp.out,259.6568014596291,-0.2154,0.2158,9.0163,0.0,-1324.6814238841,288.66360501105027,444.88869004835425,-1627.8394465585,0.288141357299537
PHEO_red_288_cutoff_0.0.inp.out,258.7893619325377,-0.2161,0.2016,9.1495,0.0,-1324.8212880913,29.64264300680601,164.47325708153184,-1627.9786284326,0.2943358814000021
PHEO_red_289_cutoff_0.0.inp.out,257.12113628555295,-0.2219,0.2024,8.4727,0.0,-1325.378949149,44.05772333347243,221.4786123834514,-1628.5318278076,0.3027847313996972
PHEO_red_28_cutoff_0.0.inp.out,256.71399313325963,-0.201,0.2137,9.5819,0.0,-1325.2834157801,238.6497392032307,267.9702952066675,-1628.4222496018,0.2758566706997953
PHEO_red_290_cutoff_0.0.inp.out,258.52046106238987,-0.2173,0.2177,8.5335,0.0,-1324.8761760452,147.5955444109436,240.56593650643808,-1628.0193805786,0.2950149527996473
PHEO_red_291_cutoff_0.0.inp.out,257.84373025637876,-0.2135,0.228,7.8285,0.0,-1325.1231607233,226.2654861262018,500.3320497389691,-1628.265714317,0.287093669800015
PHEO_red_292_cutoff_0.0.inp.out,255.17834336228023,-0.2132,0.199,8.8525,0.0,-1325.2430819903,203.38219713037017,433.7416559736402,-1628.3905627045,0.2865007046993924
PHEO_red_293_cutoff_0.0.inp.out,256.81377862636043,-0.1983,0.2247,9.2241,0.0,-1324.7218067195,198.6007787816631,310.7510525802926,-1627.8608861282,0.2772202430996913
PHEO_red_294_cutoff_0.0.inp.out,255.0187929278938,-0.1943,0.2373,9.3907,0.0,-1324.9923878785,375.385470900293,392.01449130762086,-1628.1336352009,0.2652721663998818
PHEO_red_295_cutoff_0.0.inp.out,255.78879195228728,-0.1767,0.2494,8.4441,0.0,-1324.9710176673,327.53127827643334,363.2733382952613,-1628.0946583045,0.2518383425995125
PHEO_red_296_cutoff_0.0.inp.out,255.4181105264088,-0.1907,0.2273,9.0512,0.0,-1325.0174171703,423.17817274646353,584.3551218673326,-1628.1445252328,0.2626733949000481
PHEO_red_297_cutoff_0.0.inp.out,256.0578556942206,-0.1793,0.2403,9.2678,0.0,-1325.4693153807,289.7230359805125,456.65871196633447,-1628.5799849597,0.2636548718000995
PHEO_red_298_cutoff_0.0.inp.out,259.3273909646458,-0.2022,0.2327,8.9359,0.0,-1325.2124165607,161.65611703327858,303.2205497647793,-1628.3600111394,0.2708249467996211
PHEO_red_299_cutoff_0.0.inp.out,258.74200701429163,-0.2106,0.2156,8.8258,0.0,-1325.2767385444,119.24383789691142,247.7414621347152,-1628.4189395399,0.2794569377001608
PHEO_red_29_cutoff_0.0.inp.out,254.8884716004173,-0.2116,0.2136,8.2754,0.0,-1325.3258667018,176.8599815389825,323.43730940536494,-1628.477287518,0.2853738751000492
PHEO_red_2_cutoff_0.0.inp.out,259.82226100860015,-0.2048,0.227,8.3559,0.0,-1324.7877255464,-46.04859027476456,-159.9321063485395,-1627.9230830513,0.2808469402998526
PHEO_red_300_cutoff_0.0.inp.out,256.58437062082885,-0.2024,0.2321,9.1993,0.0,-1325.2073051906,498.8412983871776,794.4211989315897,-1628.3623476504,0.2802453657996011
PHEO_red_301_cutoff_0.0.inp.out,257.59442029143725,-0.1984,0.2397,8.9308,0.0,-1325.079871968,406.5761024226276,555.7285722393076,-1628.2205411935,0.2814087606002431
PHEO_red_302_cutoff_0.0.inp.out,258.73058887108635,-0.2247,0.1951,8.9432,0.0,-1325.1200808704,193.17611526646448,469.8009415363377,-1628.2928435599,0.298381697599325
PHEO_red_303_cutoff_0.0.inp.out,256.57335185222047,-0.2342,0.1855,8.9719,0.0,-1324.9812179522,204.8803245872948,420.7897807431318,-1628.1527651917,0.3128812936993199
PHEO_red_304_cutoff_0.0.inp.out,257.9647800466959,-0.1986,0.233,9.2704,0.0,-1325.1960576159,205.9361490320145,270.37777371579824,-1628.3468664949,0.271825781199368
PHEO_red_305_cutoff_0.0.inp.out,257.4056521778406,-0.2084,0.2246,8.0568,0.0,-1325.3246531337,82.19100129734133,83.52101729759933,-1628.4835058751,0.27997384650007
PHEO_red_306_cutoff_0.0.inp.out,255.6160631624239,-0.2101,0.2142,8.67,0.0,-1325.1027870341,220.94174574230937,269.24046792133396,-1628.2502313814,0.2762232752002092
PHEO_red_307_cutoff_0.0.inp.out,257.0447169742499,-0.2036,0.2286,9.0085,0.0,-1325.5461501993,188.57918146330303,166.57598259995768,-1628.6848992907,0.2770676967002146
PHEO_red_308_cutoff_0.0.inp.out,255.34745983680597,-0.2248,0.1976,9.5365,0.0,-1325.1931466471,-40.68752563094888,19.459566383186456,-1628.3632350159,0.2999319937998734
PHEO_red_309_cutoff_0.0.inp.out,257.7373839473555,-0.228,0.1921,9.347,0.0,-1324.7505375662,0.4708017131318632,-25.063589680296413,-1627.927978469,0.2998505216000922
PHEO_red_30_cutoff_0.0.inp.out,257.3550863815545,-0.2223,0.2013,9.2112,0.0,-1324.8998758954,46.5037834451362,43.80585313432217,-1628.0751459525,0.2929077573999166
PHEO_red_310_cutoff_0.0.inp.out,256.80754189941126,-0.1935,0.2281,8.7038,0.0,-1325.3965119886,183.49174601496588,165.0260226999525,-1628.5280275714,0.2686728977005259
PHEO_red_311_cutoff_0.0.inp.out,253.47750701995813,-0.2013,0.2205,8.0977,0.0,-1325.1126887272,26.943481595349148,-47.33597746707018,-1628.2479075389,0.2722001594001995
PHEO_red_312_cutoff_0.0.inp.out,257.9811258365124,-0.2032,0.2137,8.2141,0.0,-1324.9894885202,-134.86133108767967,-157.2596909505844,-1628.1295100832,0.2823809079000057
PHEO_red_313_cutoff_0.0.inp.out,256.39348673691285,-0.195,0.2313,8.8799,0.0,-1325.1519771885,54.30543396540216,-16.705211425549763,-1628.2786226846,0.2759398025000337
PHEO_red_314_cutoff_0.0.inp.out,257.22376770966264,-0.2193,0.2144,9.2552,0.0,-1325.1330580553,57.03380959208442,33.742516793217646,-1628.2866129609,0.2986608683004306
PHEO_red_315_cutoff_0.0.inp.out,259.6309178127038,-0.2017,0.2238,8.8949,0.0,-1324.9045614243,-128.12367267963225,-186.58775003015435,-1628.0514623382,0.2840938520002964
PHEO_red_316_cutoff_0.0.inp.out,258.142540608301,-0.2139,0.2047,7.9871,0.0,-1324.7716979624,-217.89646877015767,-369.34912278222504,-1627.9130384493,0.2871580847004225
PHEO_red_317_cutoff_0.0.inp.out,258.63667918242754,-0.2048,0.2293,8.1296,0.0,-1325.0362024857,37.80217038304105,-0.8666392289484766,-1628.177176459,0.2781569516000672
PHEO_red_318_cutoff_0.0.inp.out,256.4965923424765,-0.2182,0.1968,7.9389,0.0,-1324.84375633,-52.511339704681106,-32.37262672534427,-1627.9896180036,0.288672534800753
PHEO_red_319_cutoff_0.0.inp.out,259.7392726653937,-0.2126,0.2117,8.5744,0.0,-1325.3911708046,174.98541199977484,246.70143442697545,-1628.5447295111,0.2862343328997667
PHEO_red_31_cutoff_0.0.inp.out,256.4558887233579,-0.212,0.2065,9.1625,0.0,-1325.1227757901,201.06418384108017,128.35046503548426,-1628.2789796557,0.2864123674999064
PHEO_red_320_cutoff_0.0.inp.out,258.67778620137034,-0.1901,0.2366,8.4095,0.0,-1325.3139637737,270.31325730629385,265.73085940516165,-1628.4431122377,0.2690111327001432
PHEO_red_321_cutoff_0.0.inp.out,256.5074529640634,-0.2011,0.2105,8.011,0.0,-1325.23223005,97.74895569046907,126.18595896495256,-1628.3566826524,0.2752389296001638
PHEO_red_322_cutoff_0.0.inp.out,256.10123581516416,-0.1999,0.2158,8.3782,0.0,-1325.155655367,82.69298862003842,102.97252161158632,-1628.285995848,0.2766503237999131
PHEO_red_323_cutoff_0.0.inp.out,257.8127233305237,-0.2002,0.2267,8.1138,0.0,-1325.146550892,151.47454546807776,167.3941306883616,-1628.2850674488,0.2697499519999837
PHEO_red_324_cutoff_0.0.inp.out,255.4815887329525,-0.2309,0.1874,9.1466,0.0,-1325.1501071184,-63.70813468122186,-150.2304769220378,-1628.308992363,0.3112965042000724
PHEO_red_325_cutoff_0.0.inp.out,256.47848129391446,-0.2245,0.1914,8.5574,0.0,-1325.4977477118,-2.211756549329055,5.583208306902416,-1628.6465796295,0.2921880245003194
PHEO_red_326_cutoff_0.0.inp.out,258.5830180229804,-0.2188,0.2183,8.4861,0.0,-1325.2045527366,45.687948623671254,86.89800831071574,-1628.3618567972,0.2902460306995635
PHEO_red_327_cutoff_0.0.inp.out,257.4873022445449,-0.2202,0.2127,8.1843,0.0,-1325.2438993647,-71.3245659532255,-58.539227216122576,-1628.3954938071,0.2900113354999121
PHEO_red_328_cutoff_0.0.inp.out,257.8531145226528,-0.223,0.1979,9.2779,0.0,-1324.9279478699,54.050254392050405,64.90874699271733,-1628.0854322486,0.2880409367007814
PHEO_red_329_cutoff_0.0.inp.out,256.87971901460213,-0.2172,0.1925,8.0527,0.0,-1325.5628948971,34.05116443461184,66.56065233595298,-1628.7097512048,0.2849285481997867
PHEO_red_32_cutoff_0.0.inp.out,255.66600491533603,-0.2192,0.2004,8.9795,0.0,-1324.9060042687,74.08642222509651,185.80544177502637,-1628.0552157142,0.2953015327993853
PHEO_red_330_cutoff_0.0.inp.out,258.1597647227786,-0.2144,0.2169,8.0484,0.0,-1325.0345733262,16.15140972616914,-10.378575571330243,-1628.1869946696,0.28348409659975
PHEO_red_331_cutoff_0.0.inp.out,257.83832487850214,-0.2161,0.2226,8.7837,0.0,-1325.1620307396,53.16337827454921,95.80016358139387,-1628.3266183372,0.2879144976004681
PHEO_red_332_cutoff_0.0.inp.out,258.8073272961452,-0.2173,0.2019,8.9449,0.0,-1325.2867561024,-75.25534182838176,-0.4861025592725367,-1628.4410909192,0.291121199700683
PHEO_red_333_cutoff_0.0.inp.out,258.82267019086663,-0.2338,0.1934,9.1102,0.0,-1324.9582580766,-183.9217964729916,-150.74294195254126,-1628.1421626572,0.3097340135000195
PHEO_red_334_cutoff_0.0.inp.out,254.87695602756835,-0.229,0.2123,9.1859,0.0,-1325.4699349793,74.02836382950564,10.851934064650944,-1628.6367353537,0.2983384547005698
PHEO_red_335_cutoff_0.0.inp.out,258.26211186197713,-0.2304,0.2069,9.3744,0.0,-1324.7888894922,37.46636941405518,15.454135524059303,-1627.9873691158,0.2981308537000586
PHEO_red_336_cutoff_0.0.inp.out,256.0633997712679,-0.2271,0.2029,10.3903,0.0,-1325.1976649734,26.986176709978103,-1.3972021670504833,-1628.3723894906,0.2983960596002362
PHEO_red_337_cutoff_0.0.inp.out,256.03428250815654,-0.2118,0.2115,9.5995,0.0,-1324.672948126,-31.985627350746057,-98.64011535203728,-1627.8354235604,0.2909328233999986
PHEO_red_338_cutoff_0.0.inp.out,258.09825355899125,-0.1968,0.2216,8.036,0.0,-1325.1152475598,97.86466416093192,7.896448087056597,-1628.2476658296,0.2629139998998653
PHEO_red_339_cutoff_0.0.inp.out,253.2024882230975,-0.1907,0.231,8.7672,0.0,-1324.9795932718,93.65426273394816,53.020509112585515,-1628.1091232753,0.271529344299779
PHEO_red_33_cutoff_0.0.inp.out,258.83605562306064,-0.2122,0.2001,9.3545,0.0,-1325.3310166166,232.6083489249855,359.434959201637,-1628.4893226325,0.2860795763999704
PHEO_red_340_cutoff_0.0.inp.out,258.9132161255321,-0.221,0.2046,8.5997,0.0,-1325.1447738495,185.5258089034275,279.3838538239368,-1628.3081428219,0.297214269899996
PHEO_red_341_cutoff_0.0.inp.out,256.7179617375451,-0.2178,0.2069,9.3778,0.0,-1325.3617545758,240.30717857519028,341.44387421613334,-1628.5198745869,0.2964025006003794
PHEO_red_342_cutoff_0.0.inp.out,257.44286483680764,-0.2115,0.208,8.3807,0.0,-1324.7583934628,324.2238157514389,438.416655479882,-1627.9041542614,0.2905627232994447
PHEO_red_343_cutoff_0.0.inp.out,258.0120295063171,-0.2015,0.2214,8.8523,0.0,-1325.1050265718,373.9424404243698,610.5687926173123,-1628.2406160879,0.2858341867995477
PHEO_red_344_cutoff_0.0.inp.out,255.47895611321815,-0.1961,0.2309,8.8427,0.0,-1324.9801914929,306.8438793102395,442.61116784386286,-1628.1044993047,0.2738991575997715
PHEO_red_345_cutoff_0.0.inp.out,258.34724573303913,-0.2102,0.2091,8.7049,0.0,-1325.1116731575,-14.309405042648004,-28.761107764949024,-1628.248611504,0.2886404241999116
PHEO_red_346_cutoff_0.0.inp.out,257.30009214420886,-0.2096,0.2024,8.4427,0.0,-1324.9785301323,45.52418395428601,-57.15562417467196,-1628.1139430445,0.2861565008997786
PHEO_red_347_cutoff_0.0.inp.out,257.89994735130057,-0.2207,0.1961,8.6147,0.0,-1324.8436403376,24.046518282418702,11.150710982941892,-1627.9950680325,0.2927249148997362
PHEO_red_348_cutoff_0.0.inp.out,257.04338133609605,-0.2156,0.2022,8.7183,0.0,-1325.2573957046,-122.91894213884632,-162.67953252972188,-1628.4041308795,0.2908475123003882
PHEO_red_349_cutoff_0.0.inp.out,257.5587671226663,-0.1823,0.2379,7.7826,0.0,-1324.9551425264,179.22543717147957,160.2055554937447,-1628.0615557711,0.2612700129993754
PHEO_red_34_cutoff_0.0.inp.out,256.58681105312235,-0.226,0.1889,9.4906,0.0,-1324.8318621121,11.265765523568351,98.79718504394444,-1627.9836072413,0.3035612338007922
PHEO_red_350_cutoff_0.0.inp.out,255.17166975721037,-0.1971,0.2288,7.4742,0.0,-1325.0253431118,-15.092884661476582,90.64250963777926,-1628.1570871357,0.2724114357006328
PHEO_red_351_cutoff_0.0.inp.out,257.30565133477796,-0.1924,0.229,8.2176,0.0,-1324.9281688673,261.19292428936166,322.5031110148998,-1628.0562279441,0.2665288825000971
PHEO_red_352_cutoff_0.0.inp.out,256.4893280081769,-0.2021,0.2169,8.8585,0.0,-1324.8153833708,311.53048063739857,462.09371223561146,-1627.9497350202,0.2811098145002688
PHEO_red_353_cutoff_0.0.inp.out,256.2639784262211,-0.2098,0.2118,8.5118,0.0,-1324.7788252841,155.8165452837362,254.4661779416762,-1627.9140560554,0.2873542101997373
PHEO_red_354_cutoff_0.0.inp.out,258.5560962824825,-0.2026,0.2235,7.7457,0.0,-1325.05236242,259.82361258797613,316.1582123208136,-1628.1861929636,0.2693143736005368
PHEO_red_355_cutoff_0.0.inp.out,254.3503818201541,-0.1932,0.2245,8.1632,0.0,-1324.73860268,188.7137608795174,239.7578025810267,-1627.842706337,0.274950366199846
PHEO_red_356_cutoff_0.0.inp.out,255.5314586969428,-0.21,0.1926,8.7096,0.0,-1324.8622001572,-18.21266476532685,-59.115265381284445,-1627.9882167489,0.2855328948999158
PHEO_red_357_cutoff_0.0.inp.out,253.23109964528192,-0.2171,0.2044,7.9246,0.0,-1325.060764979,-125.35941157733394,-99.0175071059948,-1628.1958311715,0.2835337401002107
PHEO_red_358_cutoff_0.0.inp.out,253.5666735028109,-0.2149,0.2088,8.0499,0.0,-1324.7435969163,-163.25074832934894,-157.55153931105872,-1627.8747910175,0.2827490020999903
PHEO_red_359_cutoff_0.0.inp.out,254.396713009374,-0.196,0.2091,9.1183,0.0,-1324.9861254041,11.718216009440829,63.645879767874995,-1628.0976060636,0.2731050904003496
PHEO_red_35_cutoff_0.0.inp.out,257.6419085896296,-0.2122,0.2141,8.6257,0.0,-1325.2286693487,268.1373259807907,329.2754458428667,-1628.3814377224,0.2829619732001447
PHEO_red_360_cutoff_0.0.inp.out,254.75119232611067,-0.2143,0.207,8.33,0.0,-1324.9239719031,-204.9635292373419,-352.78532489648694,-1628.0569555199,0.2905687633001435
PHEO_red_361_cutoff_0.0.inp.out,255.10974257785108,-0.2222,0.2132,8.4768,0.0,-1324.5709941278,-248.69041572132997,-458.84039480067344,-1627.7375019223,0.2950134644997888
PHEO_red_362_cutoff_0.0.inp.out,256.51056790721015,-0.2307,0.1959,9.1225,0.0,-1325.0488962281,-102.49924126649138,-158.89903092418993,-1628.2249645278,0.3020216021004671
PHEO_red_363_cutoff_0.0.inp.out,254.24976085906383,-0.2286,0.1902,9.5062,0.0,-1324.6799901266,-15.935145619479716,8.758805560445918,-1627.841257736,0.3032200193001699
PHEO_red_364_cutoff_0.0.inp.out,255.69404574508945,-0.2203,0.1962,8.2751,0.0,-1325.3231139512,98.47016567316886,72.2770610578285,-1628.4767971556,0.2900381214994922
PHEO_red_365_cutoff_0.0.inp.out,255.96982923574436,-0.2178,0.2147,8.673,0.0,-1324.4339287708,0.6259645631200299,-30.397139594617126,-1627.599792101,0.2860131084999011
PHEO_red_366_cutoff_0.0.inp.out,256.0273126048242,-0.2355,0.1935,8.9102,0.0,-1325.0306455833,-110.51318722932577,-269.12224714513394,-1628.1935121697,0.3100529067996831
PHEO_red_367_cutoff_0.0.inp.out,258.32858172969145,-0.2141,0.2129,7.8919,0.0,-1324.633998698,-111.50595177959268,-243.28502618753484,-1627.7789676302,0.2970160759005011
PHEO_red_368_cutoff_0.0.inp.out,257.3097404596996,-0.1971,0.2337,7.9839,0.0,-1324.8801690946,-56.90446520329641,-264.5057227035639,-1627.9933762379,0.2790392142997007
PHEO_red_369_cutoff_0.0.inp.out,257.39578356201616,-0.2027,0.2134,7.889,0.0,-1324.852984582,223.41123013719888,210.849981222418,-1627.9768317043,0.2811372162004772
PHEO_red_36_cutoff_0.0.inp.out,256.2521224753797,-0.1927,0.2306,9.3844,0.0,-1325.4609535507,395.32161282555006,456.369052853893,-1628.5920575566,0.2693125215000691
PHEO_red_370_cutoff_0.0.inp.out,259.5132041296578,-0.1989,0.2251,8.4751,0.0,-1324.4662203501,277.6838262342589,278.53862756996546,-1627.5890235983,0.2778194541997436
PHEO_red_371_cutoff_0.0.inp.out,258.71555966976416,-0.2149,0.203,8.2452,0.0,-1324.8237232631,306.3484560973066,436.5667713278739,-1627.9611758678,0.2908053454993933
PHEO_red_372_cutoff_0.0.inp.out,258.6419579445625,-0.208,0.2274,8.3666,0.0,-1324.6644588143,147.84492720698273,202.83274069670227,-1627.8229453259,0.2780841629000861
PHEO_red_373_cutoff_0.0.inp.out,258.54492488524784,-0.2077,0.226,8.8234,0.0,-1324.6097064275,166.8633642534409,289.0274056304055,-1627.747552665,0.2844256354001118
PHEO_red_374_cutoff_0.0.inp.out,255.97594361719416,-0.2141,0.2099,8.8538,0.0,-1324.6077719354,354.093994182924,694.9510072479663,-1627.7646437774,0.2894475990997307
PHEO_red_375_cutoff_0.0.inp.out,256.0132328107641,-0.222,0.1945,9.1863,0.0,-1324.4053787894,300.69017431397987,515.6483355560217,-1627.5395336325,0.30470504169989
PHEO_red_376_cutoff_0.0.inp.out,256.1261673478487,-0.2185,0.2036,7.7481,0.0,-1324.3297075,119.53528560172424,438.98954537065106,-1627.4729531151,0.2909083861004546
PHEO_red_377_cutoff_0.0.inp.out,257.8662411749466,-0.2127,0.2177,7.987,0.0,-1324.1999490946,180.77413561234096,323.47103435280764,-1627.3520825711,0.2874217059006696
PHEO_red_378_cutoff_0.0.inp.out,257.3550947670725,-0.2015,0.2123,8.7478,0.0,-1324.2860663876,101.87210153840029,178.7668618381357,-1627.4030542667,0.2798844735007151
PHEO_red_379_cutoff_0.0.inp.out,256.53726437773827,-0.2105,0.2053,8.4018,0.0,-1324.6312339408,206.69368890931275,234.2463363191044,-1627.7555837326,0.2921918690999519
PHEO_red_37_cutoff_0.0.inp.out,256.7704499073825,-0.1972,0.2383,8.8132,0.0,-1324.8787798649,343.382035927963,297.6439919595254,-1628.0026405426,0.2726205488997948
PHEO_red_380_cutoff_0.0.inp.out,258.09009295422095,-0.221,0.199,8.3294,0.0,-1325.054945535,98.76341952367667,163.58816391719847,-1628.2044151626,0.3046371629998248
PHEO_red_381_cutoff_0.0.inp.out,254.6417058049551,-0.2064,0.209,8.615,0.0,-1324.9221738487,261.0286506458576,269.5806271166202,-1628.0692440395,0.2888089427997329
PHEO_red_382_cutoff_0.0.inp.out,255.44908606754257,-0.207,0.2198,8.8187,0.0,-1324.9208256842,344.5129517751828,438.5732245394502,-1628.0666108278,0.2794968168000196
PHEO_red_383_cutoff_0.0.inp.out,255.32206519612248,-0.2327,0.188,8.8843,0.0,-1325.043649406,258.7041823726319,423.1926748926541,-1628.2077057379,0.2991277988994625
PHEO_red_384_cutoff_0.0.inp.out,257.3759371409598,-0.2069,0.2059,8.3606,0.0,-1325.2055952393,426.1308007154549,511.68349125891353,-1628.3486709708,0.2745507232002637
PHEO_red_385_cutoff_0.0.inp.out,255.35411895999317,-0.2174,0.2098,9.0551,0.0,-1324.8972056913,125.24813766007064,107.75034388249702,-1628.0530420879,0.294736743499925
PHEO_red_386_cutoff_0.0.inp.out,258.62743747579265,-0.2031,0.2343,7.4496,0.0,-1325.0112847244,162.38267436115473,162.54334095453044,-1628.1371150357,0.2696090856998125
PHEO_red_387_cutoff_0.0.inp.out,257.22056425692926,-0.202,0.2234,7.3994,0.0,-1325.0052083676,303.22274978920643,296.65905529290836,-1628.1421550201,0.2754380579999633
PHEO_red_388_cutoff_0.0.inp.out,256.33918693714213,-0.2137,0.2055,9.8535,0.0,-1324.8625557763,308.3605557517575,473.4060605161742,-1628.0022135102,0.2877820275998601
PHEO_red_389_cutoff_0.0.inp.out,255.67964473302928,-0.2091,0.2132,8.8339,0.0,-1324.5069329952,165.48641930375655,314.75917243587986,-1627.6485812856,0.2768525295996369
PHEO_red_38_cutoff_0.0.inp.out,257.30255497762084,-0.2202,0.2058,9.336,0.0,-1325.0720791352,191.14275364245375,427.8826113885295,-1628.2145665831,0.2932053861995882
PHEO_red_390_cutoff_0.0.inp.out,257.1030277792209,-0.224,0.2037,8.5658,0.0,-1324.8325580544,142.9546930347095,303.10890621395737,-1628.0006186761,0.291749458599952
PHEO_red_391_cutoff_0.0.inp.out,256.41257155207717,-0.219,0.2058,8.9356,0.0,-1324.2337698897,176.84202479852644,153.71358293963488,-1627.395033048,0.2920537943000454
PHEO_red_392_cutoff_0.0.inp.out,256.3865451271758,-0.2091,0.2118,9.2923,0.0,-1324.5686164993,198.55632469202135,280.2958336449312,-1627.7039250177,0.2894631019998996
PHEO_red_393_cutoff_0.0.inp.out,258.78942489710295,-0.1946,0.246,9.2844,0.0,-1324.5815032968,257.19021576131126,344.9882372692768,-1627.7117406974,0.2683611288002794
PHEO_red_394_cutoff_0.0.inp.out,257.6173647428177,-0.2264,0.2114,8.9903,0.0,-1324.6556240709,73.30836821377187,125.63802159212602,-1627.8066710493,0.2934548330003963
PHEO_red_395_cutoff_0.0.inp.out,255.8500241765464,-0.2191,0.1919,7.7678,0.0,-1324.5535735572,107.9664477011236,106.66258839341768,-1627.6873920757,0.2863407132999782
PHEO_red_396_cutoff_0.0.inp.out,254.6708820572134,-0.2305,0.1971,8.3642,0.0,-1324.2906693796,-0.4233239452881511,62.70602851777971,-1627.4537514049,0.2987350497996885
PHEO_red_397_cutoff_0.0.inp.out,255.67512387555988,-0.2186,0.21,10.0777,0.0,-1324.3387512225,286.71257384074147,332.3975149735866,-1627.5126385293,0.2886166640000738
PHEO_red_398_cutoff_0.0.inp.out,256.40195096407916,-0.2163,0.2032,9.3811,0.0,-1324.6184867071,104.79179427262828,27.768672148386596,-1627.7537385725,0.2844566183002825
PHEO_red_399_cutoff_0.0.inp.out,256.1306377247394,-0.2171,0.2198,10.1489,0.0,-1324.4921564037,202.4727843233278,317.45184490522666,-1627.6451145904,0.2992101554000328
PHEO_red_39_cutoff_0.0.inp.out,255.59898881153956,-0.2189,0.2011,9.0451,0.0,-1324.976214869,259.0104990809701,442.4977145201305,-1628.1272633478,0.2925339505000011
PHEO_red_3_cutoff_0.0.inp.out,253.5305092930008,-0.2241,0.204,9.1958,0.0,-1325.0589091866,-85.36987149943468,-235.478465499056,-1628.2082149312,0.3017454616992836
PHEO_red_400_cutoff_0.0.inp.out,256.788055371979,-0.2374,0.2021,10.8704,0.0,-1324.4613149129,-163.67382403470788,-166.49188058378667,-1627.6449046015,0.3089971556000819
PHEO_red_401_cutoff_0.0.inp.out,255.06105009598812,-0.2308,0.1933,9.1714,0.0,-1324.4213917501,-229.09140251204187,-155.1213944319832,-1627.5892475468,0.2985363533998679
PHEO_red_402_cutoff_0.0.inp.out,257.4928964242792,-0.2297,0.1863,8.9624,0.0,-1324.4873531201,-122.42277570654645,-62.45812119924972,-1627.6604557222,0.3021217249997789
PHEO_red_403_cutoff_0.0.inp.out,256.8463416226287,-0.2248,0.2068,8.6663,0.0,-1324.7848976657,32.20758470590725,30.80563350006451,-1627.9465988257,0.2948067958004685
PHEO_red_404_cutoff_0.0.inp.out,257.6145724415574,-0.1991,0.2262,8.2704,0.0,-1324.5100710067,177.26139137059178,252.19335900338172,-1627.6467081777,0.2798046872003397
PHEO_red_405_cutoff_0.0.inp.out,258.55318054139457,-0.2124,0.2067,9.2093,0.0,-1324.8416738933,137.18607045734035,220.15058507120096,-1627.9872132212,0.287277451099726
PHEO_red_406_cutoff_0.0.inp.out,257.6242494412565,-0.2146,0.2259,9.6443,0.0,-1324.665251234,17.36110729796568,199.0725206417117,-1627.8236846432,0.2836180023996348
PHEO_red_407_cutoff_0.0.inp.out,259.72321131327703,-0.208,0.2329,9.527,0.0,-1324.5865631095,17.601888153933658,62.73768470429047,-1627.7457319891,0.2803482036997593
PHEO_red_408_cutoff_0.0.inp.out,257.9714718943052,-0.2256,0.2047,9.9727,0.0,-1324.7793973033,-42.599982523431954,182.94741402918265,-1627.9530589194,0.2971814047004955
PHEO_red_409_cutoff_0.0.inp.out,255.73092242011072,-0.1957,0.2255,8.9703,0.0,-1324.9243812166,-26.486996944466625,-7.079013443774236,-1628.0562957392,0.2755619694999041
PHEO_red_40_cutoff_0.0.inp.out,259.16033489608367,-0.2429,0.1808,9.1633,0.0,-1324.6543648206,-146.4644603879915,-51.242176663343216,-1627.8484637601,0.3111106585993184
PHEO_red_410_cutoff_0.0.inp.out,257.11228462833617,-0.1887,0.2463,9.3594,0.0,-1324.7717297387,182.15906396669644,298.0929858126701,-1627.8969356471,0.2722361681999246
PHEO_red_411_cutoff_0.0.inp.out,258.59214773665286,-0.1986,0.2236,9.1746,0.0,-1324.707107268,86.18422376973514,104.8141091911271,-1627.8354944759,0.2768340582006203
PHEO_red_412_cutoff_0.0.inp.out,257.71817235599343,-0.2117,0.2128,8.8848,0.0,-1324.9225754609,73.11940537138963,193.35239049037503,-1628.0688274543,0.2852971019001415
PHEO_red_413_cutoff_0.0.inp.out,259.97862244704277,-0.1983,0.2368,9.5571,0.0,-1325.0842439819,209.29312424601395,286.4799462170901,-1628.2242556962,0.2773102422997908
PHEO_red_414_cutoff_0.0.inp.out,258.1518940028117,-0.1863,0.2438,8.4868,0.0,-1325.3962146705,112.65138856319196,147.08753140503694,-1628.5128693437,0.2692541057003836
PHEO_red_415_cutoff_0.0.inp.out,258.9527199339673,-0.2014,0.2319,8.7395,0.0,-1324.9732101761,67.41928971148073,39.97923826879302,-1628.1101561021,0.2746323246992688
PHEO_red_416_cutoff_0.0.inp.out,258.44604339832796,-0.1956,0.2208,8.5973,0.0,-1324.975472842,167.24385382415028,232.3424273740133,-1628.1001902195,0.2670869848998336
PHEO_red_417_cutoff_0.0.inp.out,260.9553316187446,-0.2045,0.2231,8.3166,0.0,-1324.7129743282,-26.044884590637984,-142.36226285921964,-1627.8486342751,0.2755065245000878
PHEO_red_418_cutoff_0.0.inp.out,259.7969783607615,-0.2158,0.2249,8.794,0.0,-1325.2653054271,45.20529562791841,-46.84895547473085,-1628.407594406,0.289770302800207
PHEO_red_419_cutoff_0.0.inp.out,256.68933140661517,-0.2216,0.2023,8.8583,0.0,-1324.9657346067,-103.37760796239246,-189.27530470406873,-1628.1010652889,0.2953453075997458
PHEO_red_41_cutoff_0.0.inp.out,257.6812630551124,-0.2331,0.1884,8.1591,0.0,-1324.4529563224,-115.85796585711697,-206.7211724408872,-1627.6152768135,0.303581375500471
PHEO_red_420_cutoff_0.0.inp.out,258.0329746316924,-0.2129,0.217,8.1187,0.0,-1325.0485602618,209.65012002667848,271.90559413029456,-1628.2003346999,0.2933508656997219
PHEO_red_421_cutoff_0.0.inp.out,257.31147862522744,-0.2166,0.2094,8.6869,0.0,-1325.002810438,168.2490212725243,191.88326944349924,-1628.1432308613,0.2939322011006879
PHEO_red_422_cutoff_0.0.inp.out,259.732382393755,-0.1951,0.2308,8.3531,0.0,-1324.7157647954,190.51386783729887,73.82717181932703,-1627.8434150957,0.2713248669997483
PHEO_red_423_cutoff_0.0.inp.out,255.53792250786557,-0.2053,0.2122,8.4392,0.0,-1325.1809243553,177.20414949732822,197.41152386532343,-1628.3174874913,0.2850127923002219
PHEO_red_424_cutoff_0.0.inp.out,255.66507125456795,-0.1892,0.2258,8.8772,0.0,-1325.0698281889,327.3802151173672,248.0884459334993,-1628.186245197,0.2718914422002854
PHEO_red_425_cutoff_0.0.inp.out,257.36323730839626,-0.2156,0.207,8.772,0.0,-1324.8400735325,303.8971735857465,331.22619310465745,-1627.9982307006,0.2836784945002364
PHEO_red_426_cutoff_0.0.inp.out,255.07077673588532,-0.2155,0.2001,8.4387,0.0,-1324.7329630745,230.0529971315876,169.02588803146776,-1627.8658664782,0.2823920064001868
PHEO_red_427_cutoff_0.0.inp.out,256.7419782039074,-0.2147,0.2033,8.9226,0.0,-1325.0253105735,-33.17761196009115,23.58919755116298,-1628.1578511822,0.2941326677992038
PHEO_red_428_cutoff_0.0.inp.out,253.17829154616427,-0.2117,0.1991,9.5363,0.0,-1324.685468585,150.50320752152592,188.43600579957993,-1627.8111761223,0.2893086335998305
PHEO_red_429_cutoff_0.0.inp.out,256.2272431116378,-0.2326,0.194,8.0901,0.0,-1324.7639332853,129.8328676100329,292.03957502277655,-1627.9335655471,0.2963635648002309
PHEO_red_42_cutoff_0.0.inp.out,255.1170927661154,-0.2319,0.1812,9.0225,0.0,-1324.537966597,-123.67125122476668,-6.351853086355932,-1627.6975662877,0.2992616550000093
PHEO_red_430_cutoff_0.0.inp.out,254.41344020043937,-0.2155,0.204,8.4826,0.0,-1324.7709385567,83.76812992886225,107.34731566643354,-1627.9051480892,0.2848727281998435
PHEO_red_431_cutoff_0.0.inp.out,256.1474305860807,-0.2288,0.1895,9.1907,0.0,-1324.6663934988,7.002220421081379,15.688183477973634,-1627.8300355105,0.302602805099923
PHEO_red_432_cutoff_0.0.inp.out,259.76009998719263,-0.2162,0.2158,9.1258,0.0,-1324.8301519472,72.70132752506044,91.97182979070442,-1627.9815592237,0.2889341858999614
PHEO_red_433_cutoff_0.0.inp.out,256.26409874739414,-0.2,0.2293,8.4858,0.0,-1325.1317334473,-5.783997906271853,-114.46461642825858,-1628.2633220905,0.2717960916997981
PHEO_red_434_cutoff_0.0.inp.out,258.4837184791593,-0.1893,0.2394,8.7443,0.0,-1325.0249129463,223.1749318924524,275.66063910387305,-1628.1415280421,0.2733315597997716
PHEO_red_435_cutoff_0.0.inp.out,259.3671145334079,-0.2005,0.2223,8.5927,0.0,-1325.3029464307,216.1867223510323,408.0728539468892,-1628.4289899675,0.273027221400298
PHEO_red_436_cutoff_0.0.inp.out,257.28956549009905,-0.2159,0.2073,9.0464,0.0,-1324.5004798368,275.8528351706305,481.2620213074702,-1627.6321758137,0.285190699800296
PHEO_red_437_cutoff_0.0.inp.out,255.74635447922637,-0.2092,0.2096,8.7062,0.0,-1324.957307727,427.9214508795033,553.9519865441023,-1628.1012515888,0.2792646368006899
PHEO_red_438_cutoff_0.0.inp.out,254.05233596662305,-0.2163,0.2011,8.8991,0.0,-1324.9442713372,217.97673256730127,522.3010041801233,-1628.0934598046,0.2932882321001671
PHEO_red_439_cutoff_0.0.inp.out,256.2642785206552,-0.2072,0.2188,9.1511,0.0,-1324.4689295438,237.15351502975523,506.7954733025652,-1627.6047750132,0.2779463276001479
PHEO_red_43_cutoff_0.0.inp.out,257.2415539075868,-0.2205,0.197,8.3699,0.0,-1324.841390083,-184.27047789805084,-300.5777812734571,-1627.9996150309,0.2930637052995735
PHEO_red_440_cutoff_0.0.inp.out,253.544450498168,-0.201,0.2201,8.629,0.0,-1324.7299538897,565.213977612321,827.674376053702,-1627.867913588,0.2757973174993822
PHEO_red_441_cutoff_0.0.inp.out,255.6337168662017,-0.199,0.2321,9.4677,0.0,-1324.9882771562,24.717138111678917,47.469396431018616,-1628.1228004958,0.2775905518992658
PHEO_red_442_cutoff_0.0.inp.out,257.2586861935284,-0.2041,0.2246,8.8574,0.0,-1324.4618512452,320.0898442057385,361.242124993445,-1627.6058828918,0.2804729376002797
PHEO_red_443_cutoff_0.0.inp.out,255.0438675281683,-0.2261,0.1948,9.0437,0.0,-1324.9251991601,128.86857071747227,243.6615852557622,-1628.080714761,0.2974417079994964
PHEO_red_444_cutoff_0.0.inp.out,259.06198327345976,-0.2098,0.2216,8.656,0.0,-1324.9884044462,256.9747766396628,325.3039807163162,-1628.1313910686,0.2858974102000502
PHEO_red_445_cutoff_0.0.inp.out,256.72850328255754,-0.2057,0.2228,8.5682,0.0,-1324.819500234,176.62252999013674,289.05345097992534,-1627.9477583356,0.2785441721998722
PHEO_red_446_cutoff_0.0.inp.out,258.2378349587545,-0.2112,0.2109,8.7776,0.0,-1324.899015882,214.84949979540383,438.316562376432,-1628.0438241697,0.2900792194996029
PHEO_red_447_cutoff_0.0.inp.out,258.03615712590073,-0.1993,0.2273,9.7077,0.0,-1324.5019635007,344.6597008914176,708.6664385723955,-1627.6414252833,0.2792854442996031
PHEO_red_448_cutoff_0.0.inp.out,256.9257358601035,-0.2351,0.1823,8.6958,0.0,-1324.8927894617,247.35762581705396,473.38255969736537,-1628.0638193173,0.3062810429000819
PHEO_red_449_cutoff_0.0.inp.out,255.45235777391753,-0.2082,0.2089,9.3727,0.0,-1324.5992970437,370.5304439756567,612.0148515514852,-1627.7471462703,0.2874756888004413
PHEO_red_44_cutoff_0.0.inp.out,256.44248094700936,-0.2152,0.2065,8.1394,0.0,-1325.2053432702,-8.713127761993537,-34.15484682623955,-1628.3467014986,0.2857222270004058
PHEO_red_450_cutoff_0.0.inp.out,255.41797062995283,-0.2111,0.2083,9.7968,0.0,-1324.528575045,172.56416263891293,273.22543714242977,-1627.6832347169,0.2878359533997354
PHEO_red_451_cutoff_0.0.inp.out,254.23315894124588,-0.1994,0.2175,8.6997,0.0,-1324.7506386891,46.162040324350166,-11.19900401975236,-1627.8829154547,0.2785900279995985
PHEO_red_452_cutoff_0.0.inp.out,256.72556239631393,-0.1918,0.2352,8.5817,0.0,-1324.7746776383,-28.25999407639325,-54.03937081484259,-1627.8921651206,0.2727456839002116
PHEO_red_453_cutoff_0.0.inp.out,258.9964982933341,-0.2119,0.2123,9.1778,0.0,-1324.5911520758,136.98555963196105,208.5044686288259,-1627.7317153285,0.291666408799756
PHEO_red_454_cutoff_0.0.inp.out,260.4018309941134,-0.2109,0.2134,8.759,0.0,-1324.846523827,178.06835243588773,285.87171394023665,-1627.9788623576,0.2811291157995583
PHEO_red_455_cutoff_0.0.inp.out,259.64950730291145,-0.1997,0.2285,9.4587,0.0,-1325.0039259336,237.23427732977703,215.9510999379549,-1628.1521137254,0.272655218899672
PHEO_red_456_cutoff_0.0.inp.out,255.82278263535727,-0.2172,0.2075,9.036,0.0,-1324.6917520252,-12.763854518928335,-18.85495504791841,-1627.8557582203,0.2866551751994848
PHEO_red_457_cutoff_0.0.inp.out,256.9882730856274,-0.19,0.2486,10.1029,0.0,-1324.7117192871,162.3627426582014,85.26713738411286,-1627.8391698158,0.271231704999991
PHEO_red_458_cutoff_0.0.inp.out,255.34800431433231,-0.2075,0.2065,8.6985,0.0,-1324.9599619219,-31.59537936075948,-102.445107330889,-1628.0977169982,0.2777098551996459
PHEO_red_459_cutoff_0.0.inp.out,255.74252520298245,-0.1867,0.2295,8.6822,0.0,-1324.9629949665,-3.801529179802984,-160.82627749930705,-1628.074958524,0.2599551524999697
PHEO_red_45_cutoff_0.0.inp.out,256.36232334487426,-0.2141,0.1979,8.3153,0.0,-1325.0925180597,89.87580900657811,31.811077783819083,-1628.2367090474,0.290204552799878
PHEO_red_460_cutoff_0.0.inp.out,257.21203280978466,-0.2004,0.2244,9.3866,0.0,-1325.1566547963,315.45384122670447,462.5747373711153,-1628.2905140839,0.2759757757994521
PHEO_red_461_cutoff_0.0.inp.out,258.3802231948578,-0.2131,0.2137,9.3219,0.0,-1325.0306085386,211.506543070126,337.98180900290214,-1628.1909862084,0.2855867586004024
PHEO_red_462_cutoff_0.0.inp.out,256.419829897242,-0.1974,0.2311,9.6381,0.0,-1324.7363812271,394.8025594649101,484.85021677821646,-1627.8590499891,0.2679107592002765
PHEO_red_463_cutoff_0.0.inp.out,259.2334972477707,-0.2054,0.2164,8.8055,0.0,-1324.913484199,265.88890260325746,426.66123636279,-1628.0576421349,0.2750951251000515
PHEO_red_464_cutoff_0.0.inp.out,256.757672166476,-0.2403,0.1983,10.0661,0.0,-1325.4525191304,35.864615725603706,182.89511518690625,-1628.6196051368,0.3158715554000082
PHEO_red_465_cutoff_0.0.inp.out,256.1385152892088,-0.2357,0.1869,8.3299,0.0,-1325.0512528053,-15.95231531691879,56.91164589517466,-1628.2118870734,0.3007881450002969
PHEO_red_466_cutoff_0.0.inp.out,258.6126081130942,-0.2146,0.2006,9.1972,0.0,-1325.1410979922,138.4648194168974,167.9801366940229,-1628.2920287338,0.2891883765996681
PHEO_red_467_cutoff_0.0.inp.out,256.9659035039113,-0.2175,0.206,9.0264,0.0,-1324.9012848492,132.77282289478757,252.496431087126,-1628.0503565392,0.2952749156002028
PHEO_red_468_cutoff_0.0.inp.out,260.2194187968512,-0.188,0.2419,8.2915,0.0,-1324.9950809977,265.532092904208,337.8365744652121,-1628.1313420789,0.2630146486999365
PHEO_red_469_cutoff_0.0.inp.out,259.2222566971872,-0.2266,0.2038,8.7025,0.0,-1324.9278232583,160.74439801789632,417.1099731832461,-1628.1032862395,0.3038876023001648
PHEO_red_46_cutoff_0.0.inp.out,258.63319919488305,-0.1897,0.2377,8.0714,0.0,-1324.9752928793,228.46495901044415,124.59518193879224,-1628.0943277533,0.266906544899939
PHEO_red_470_cutoff_0.0.inp.out,258.7798763381812,-0.2187,0.208,9.802,0.0,-1324.9467792425,338.0079207117248,708.8935032939635,-1628.1045282029,0.2949093221996008
PHEO_red_471_cutoff_0.0.inp.out,259.95697778414166,-0.2389,0.1872,9.1299,0.0,-1325.0805231574,375.4174717808696,650.9026681589561,-1628.2607643677,0.3137172528995506
PHEO_red_472_cutoff_0.0.inp.out,260.90199312238076,-0.2093,0.2272,8.7467,0.0,-1325.2631539726,319.2801985053875,513.0008190497316,-1628.4259197429,0.2836763695995614
PHEO_red_473_cutoff_0.0.inp.out,259.26409774359655,-0.2294,0.2149,9.4519,0.0,-1325.3866124446,3.351328860836195,105.97837628983594,-1628.5461241042,0.307701053799974
PHEO_red_474_cutoff_0.0.inp.out,259.9361387244024,-0.2275,0.1932,8.3545,0.0,-1325.208128881,57.09354076266282,170.90671970100254,-1628.3783042434,0.291323891000502
PHEO_red_475_cutoff_0.0.inp.out,256.50895618652584,-0.2093,0.2057,8.8957,0.0,-1325.0560775992,-52.07149244857311,-53.453080054627726,-1628.1913278527,0.2846541795997837
PHEO_red_476_cutoff_0.0.inp.out,254.77438181884193,-0.2136,0.2151,9.5695,0.0,-1325.4611092219,7.504582974954786,11.167354839906976,-1628.6089582506,0.2940232710998316
PHEO_red_477_cutoff_0.0.inp.out,256.32755288025515,-0.2235,0.1956,8.813,0.0,-1324.7627460734,24.287523024807292,72.58851075253894,-1627.9136003062,0.2945701785993151
PHEO_red_478_cutoff_0.0.inp.out,258.0125761128332,-0.2193,0.2018,8.8708,0.0,-1325.3080119971,-16.821459276965633,15.564413401767329,-1628.4700802248,0.298888059899582
PHEO_red_479_cutoff_0.0.inp.out,255.0394565142361,-0.2088,0.2098,8.9355,0.0,-1324.9498861071,77.01070939376172,145.95280340916375,-1628.085948729,0.2808486388994424
PHEO_red_47_cutoff_0.0.inp.out,255.67277917382972,-0.1846,0.2325,8.7071,0.0,-1324.8977144378,157.26860248675982,-0.6749219666122589,-1628.0150272302,0.258101496800009
PHEO_red_480_cutoff_0.0.inp.out,255.96545632108837,-0.2322,0.1912,9.2834,0.0,-1324.9759247126,-1.8985096775441723,76.75603080334567,-1628.1435124844,0.3008075862999249
PHEO_red_481_cutoff_0.0.inp.out,255.75500388112687,-0.2131,0.2181,9.3105,0.0,-1325.387696583,-65.71224426200291,-96.74628554899311,-1628.5439895715,0.290374809500463
PHEO_red_482_cutoff_0.0.inp.out,257.81285138072946,-0.2174,0.2078,8.6587,0.0,-1325.0092995429,19.000531927401436,135.17991088744878,-1628.1671843899,0.2936820184004318
PHEO_red_483_cutoff_0.0.inp.out,254.95542288880108,-0.2231,0.1929,9.2489,0.0,-1325.1036011385,102.4856425931399,151.4529042722309,-1628.2515974286,0.2942063462005535
PHEO_red_484_cutoff_0.0.inp.out,257.2373311496519,-0.2072,0.2199,9.6921,0.0,-1325.0248911774,-63.392988066328435,-225.0963645589872,-1628.1723372414,0.2868954075001966
PHEO_red_485_cutoff_0.0.inp.out,258.9976786276862,-0.2111,0.225,9.5524,0.0,-1325.5657859813,-89.25543729391822,-182.52195413270988,-1628.7224950507,0.2832891934995132
PHEO_red_486_cutoff_0.0.inp.out,259.0061548626963,-0.1963,0.2399,8.2356,0.0,-1325.4942946766,41.13306905867178,64.64249140177668,-1628.6322187847,0.2730561782000222
PHEO_red_487_cutoff_0.0.inp.out,258.5686897558311,-0.2039,0.2168,9.0485,0.0,-1325.0136877381,-67.82156661530492,-94.43862907036684,-1628.1510120918,0.281556829299916
PHEO_red_488_cutoff_0.0.inp.out,257.7353619132468,-0.1952,0.2319,8.3539,0.0,-1325.2722648835,-118.1912498938784,-128.7582373300256,-1628.4014727463,0.2704106803003014
PHEO_red_489_cutoff_0.0.inp.out,259.7991037314335,-0.2199,0.217,8.6126,0.0,-1325.6833031453,-138.4778263166889,-71.15760400086302,-1628.8672815273,0.2974135222993936
PHEO_red_48_cutoff_0.0.inp.out,259.39193654146334,-0.1854,0.2473,9.2675,0.0,-1324.8636046621,333.3926678824498,250.2185964792362,-1627.9960992847,0.2589011791997109
PHEO_red_490_cutoff_0.0.inp.out,258.166094108241,-0.2158,0.221,9.3963,0.0,-1325.3883044191,-316.5048248140258,-341.3940619494302,-1628.5531353171,0.2946706773000187
PHEO_red_491_cutoff_0.0.inp.out,258.1114762398333,-0.2128,0.2307,10.2334,0.0,-1325.152193861,44.977163993113294,5.799847966816181,-1628.3007221907,0.2957133013005659
PHEO_red_492_cutoff_0.0.inp.out,258.1523296808418,-0.2078,0.2163,9.6699,0.0,-1325.5122786048,155.55903354221843,95.3946525345104,-1628.6605261418,0.2816985281997404
PHEO_red_493_cutoff_0.0.inp.out,256.40659031628127,-0.2251,0.2142,9.1585,0.0,-1325.1195834522,146.57306220153575,104.94935140462177,-1628.2879596106,0.2995211603001735
PHEO_red_494_cutoff_0.0.inp.out,256.6038899392893,-0.2378,0.2031,8.9475,0.0,-1325.5574359928,-96.66199075015244,-13.575486119806104,-1628.7335517448,0.3102471233005417
PHEO_red_495_cutoff_0.0.inp.out,258.4985452063842,-0.2091,0.2215,8.4611,0.0,-1325.2746045014,5.441742887081756,-2.4616949403805304,-1628.4381916956,0.2801252383005703
PHEO_red_496_cutoff_0.0.inp.out,256.3909892900445,-0.2119,0.2123,9.9389,0.0,-1325.3993232855,-26.09554170861229,-49.407735135381515,-1628.5474365109,0.2878680116000396
PHEO_red_497_cutoff_0.0.inp.out,254.83928812562283,-0.2023,0.2248,9.939,0.0,-1325.6944290193,15.025451021822049,-88.38010737960956,-1628.8398380738,0.2804287099997964
PHEO_red_498_cutoff_0.0.inp.out,253.8388221504751,-0.2036,0.233,10.1105,0.0,-1325.6151217685,-81.25349621181175,-136.830305307076,-1628.773363657,0.2790409717999864
PHEO_red_499_cutoff_0.0.inp.out,257.41820392585015,-0.2056,0.2199,9.5502,0.0,-1325.5586394383,-46.634250177021215,-193.8348284815277,-1628.7260242066,0.2808785452998563
PHEO_red_49_cutoff_0.0.inp.out,256.3292779896749,-0.2095,0.2051,8.6817,0.0,-1325.1315501567,59.10107105499385,213.1405164216122,-1628.2643739955,0.2807278752998172
PHEO_red_4_cutoff_0.0.inp.out,258.9207306888042,-0.2352,0.194,8.7708,0.0,-1325.4991618962,-274.236166980284,-306.3387435416024,-1628.6753898295,0.3031295950995627
PHEO_red_500_cutoff_0.0.inp.out,256.9405545476258,-0.2219,0.1906,8.7644,0.0,-1324.8503963659,201.80830071364815,432.5541673187655,-1628.0027623146,0.2990830446997279
PHEO_red_501_cutoff_0.0.inp.out,255.35110580209593,-0.2071,0.2297,9.548,0.0,-1325.5107046857,347.26055850446755,431.6998107111048,-1628.6691104528,0.2852246837001075
PHEO_red_502_cutoff_0.0.inp.out,259.9458594237863,-0.2219,0.2189,8.929,0.0,-1325.2724078634,185.3772104962209,245.3783395961283,-1628.4411194697,0.2872075001996563
PHEO_red_503_cutoff_0.0.inp.out,257.5882871749836,-0.2193,0.1989,9.4806,0.0,-1325.5725999919,13.659714842442355,122.8630236895028,-1628.7251715676,0.2918384777003666
PHEO_red_504_cutoff_0.0.inp.out,256.3715247213034,-0.2095,0.2064,8.7856,0.0,-1325.6423253765,43.40603466386733,134.66721016535254,-1628.7878972697,0.28739211230004
PHEO_red_505_cutoff_0.0.inp.out,258.063460972521,-0.218,0.2114,9.2731,0.0,-1325.8588703518,117.29749303422022,103.30336251389863,-1629.0249241093,0.2931354311995164
PHEO_red_506_cutoff_0.0.inp.out,254.80010875229183,-0.2229,0.2101,8.5928,0.0,-1325.5413727441,105.10891891713318,74.65196203538187,-1628.6902270742,0.2954276544005552
PHEO_red_507_cutoff_0.0.inp.out,255.357537165909,-0.2097,0.2064,10.0731,0.0,-1325.4685334994,303.807159760832,371.4696443342214,-1628.6117575603,0.280885406100424
PHEO_red_508_cutoff_0.0.inp.out,254.46507674416105,-0.227,0.1895,9.2449,0.0,-1325.6700929185,117.27284815220976,96.93938224779168,-1628.8251789455,0.3027512651997313
PHEO_red_509_cutoff_0.0.inp.out,255.59068911361285,-0.2181,0.2071,10.0001,0.0,-1325.1961771538,115.49690074010698,207.2750186306293,-1628.3630349532,0.2872955828997874
PHEO_red_50_cutoff_0.0.inp.out,258.5291508812882,-0.2099,0.2063,8.9117,0.0,-1325.022408984,120.46205960063364,295.21493647390326,-1628.1529923313,0.2839495965008609
PHEO_red_510_cutoff_0.0.inp.out,255.91857791943116,-0.206,0.2268,8.6953,0.0,-1325.591788208,177.6560669283127,193.3694469136241,-1628.7299849663,0.2786058980000234
PHEO_red_511_cutoff_0.0.inp.out,258.6415943390891,-0.215,0.1978,8.2635,0.0,-1325.2691172916,177.87811522246773,315.0473633659917,-1628.4110822711,0.2834673179995661
PHEO_red_512_cutoff_0.0.inp.out,258.7452301065949,-0.2135,0.228,8.7767,0.0,-1324.9157416738,307.8278860032929,491.87507274499205,-1628.0622444562,0.2873178525005642
PHEO_red_513_cutoff_0.0.inp.out,258.2592954844191,-0.2066,0.2235,8.1718,0.0,-1325.2771214793,228.8630509392017,398.34189445423874,-1628.4358711168,0.2761284229991361
PHEO_red_514_cutoff_0.0.inp.out,258.5446042674329,-0.2015,0.2206,9.1484,0.0,-1325.1182413239,362.5085206914975,472.0185998701815,-1628.2646798651,0.2804699534999599
PHEO_red_515_cutoff_0.0.inp.out,255.50956458346104,-0.1957,0.2243,9.4296,0.0,-1325.1101997615,370.697425540623,406.9889194913793,-1628.2337695277,0.2762257777994819
PHEO_red_516_cutoff_0.0.inp.out,258.8878277078341,-0.2244,0.208,9.0124,0.0,-1325.1122827383,113.31817375328328,259.66884842796327,-1628.2816595078,0.3014721381996423
PHEO_red_517_cutoff_0.0.inp.out,258.79411565581466,-0.2183,0.2084,8.1537,0.0,-1324.6412538254,221.2899924898026,376.88405675375327,-1627.7991942753,0.2896621916997901
PHEO_red_518_cutoff_0.0.inp.out,257.14446501394457,-0.224,0.2029,9.7508,0.0,-1324.7177941278,160.3086142349784,355.42452593535216,-1627.8792136399,0.3025849855002889
PHEO_red_519_cutoff_0.0.inp.out,260.04066235878355,-0.2189,0.2077,8.2977,0.0,-1324.7349454351,260.22082641737853,447.88902257645503,-1627.8884562458,0.290062290700007
PHEO_red_51_cutoff_0.0.inp.out,256.25490262951723,-0.2156,0.2037,7.5933,0.0,-1324.9173342475,126.9147032393372,179.70442514340462,-1628.050797277,0.2840385977997357
PHEO_red_520_cutoff_0.0.inp.out,256.50417315830754,-0.2,0.2329,8.7658,0.0,-1324.5869440308,325.29404342258795,467.2713047552203,-1627.7255631141,0.2707532152999192
PHEO_red_521_cutoff_0.0.inp.out,258.25139039703606,-0.211,0.2215,8.687,0.0,-1324.4962522369,125.454128037596,252.7110392954048,-1627.6478369334,0.2748355928997625
PHEO_red_522_cutoff_0.0.inp.out,256.06932382699256,-0.1908,0.2252,9.4724,0.0,-1324.6006058387,50.68641645628487,-24.90715295275453,-1627.7323299338,0.2628327114998683
PHEO_red_523_cutoff_0.0.inp.out,256.86437954084977,-0.2277,0.1959,9.4756,0.0,-1324.6565834508,-209.17552331118304,-203.48254002779504,-1627.8250192147,0.2945193160994677
PHEO_red_524_cutoff_0.0.inp.out,258.18438336756725,-0.2383,0.197,9.2209,0.0,-1324.8254286403,-47.36554854856912,138.68514022197763,-1628.0164893475,0.3002735741001743
PHEO_red_525_cutoff_0.0.inp.out,258.03201612410817,-0.2077,0.2127,8.7982,0.0,-1324.8457020108,195.78172003191463,460.0952719402929,-1627.9792086042,0.2799186335996637
PHEO_red_526_cutoff_0.0.inp.out,257.4597191513363,-0.214,0.2182,9.9664,0.0,-1324.8116340768,234.46593410309345,455.16629783558705,-1627.9631140583,0.2862207352000041
PHEO_red_527_cutoff_0.0.inp.out,256.8534939464661,-0.2036,0.2209,8.7144,0.0,-1325.0046187243,397.2617040336281,589.8081716145805,-1628.13708766,0.2704499791998387
PHEO_red_528_cutoff_0.0.inp.out,259.4382501203242,-0.2151,0.2092,7.5751,0.0,-1324.9924418354,110.00558238152854,326.88834716192525,-1628.1421304228,0.2836680666996471
PHEO_red_529_cutoff_0.0.inp.out,257.5272270864946,-0.2346,0.1979,8.9615,0.0,-1324.9241013466,137.31759803579618,284.0520973164776,-1628.0790626293,0.3091514183997788
PHEO_red_52_cutoff_0.0.inp.out,258.7808969588642,-0.1808,0.2418,8.7567,0.0,-1324.8079542699,212.37671225550287,191.90651131461408,-1627.9201075567,0.2631150297993372
PHEO_red_530_cutoff_0.0.inp.out,260.00109186750115,-0.2346,0.1943,8.3918,0.0,-1325.0318279736,200.43774588984735,529.8392979635627,-1628.2090066433,0.3083037730993965
PHEO_red_531_cutoff_0.0.inp.out,257.73065536360434,-0.2067,0.2193,8.5045,0.0,-1324.8649983667,271.2039648987165,494.89133065196313,-1627.9952560072,0.281134029799432
PHEO_red_532_cutoff_0.0.inp.out,260.2189127088742,-0.2218,0.2165,9.1649,0.0,-1325.0220418293,89.4822549852833,246.1229771571493,-1628.1920700647,0.2922175904996038
PHEO_red_533_cutoff_0.0.inp.out,256.3658147888641,-0.2035,0.2146,9.3395,0.0,-1324.9920676096,223.60508135898976,223.45018938427,-1628.1086864355,0.2882613599995238
PHEO_red_534_cutoff_0.0.inp.out,260.55259486188123,-0.216,0.2042,8.0037,0.0,-1325.1932017777,200.12292946886757,361.0244687491944,-1628.3393344718,0.287799739100592
PHEO_red_535_cutoff_0.0.inp.out,259.1203658711641,-0.2051,0.2325,9.1819,0.0,-1324.9869790062,140.6154295859797,150.2539712126494,-1628.1238846577,0.2809169494003072
PHEO_red_536_cutoff_0.0.inp.out,258.9032973901463,-0.207,0.2154,9.8059,0.0,-1325.0552901508,172.30493415736476,315.49567039471077,-1628.1840319441,0.2812324731994522
PHEO_red_537_cutoff_0.0.inp.out,258.2255696124531,-0.1923,0.2366,8.1644,0.0,-1325.0608569269,243.04093311249915,354.95047803680745,-1628.1747789707,0.2640849386998525
PHEO_red_538_cutoff_0.0.inp.out,258.3462760531775,-0.2065,0.2178,8.6787,0.0,-1325.2679048309,118.45534710133148,267.2119733825592,-1628.3969855415,0.2808456398997805
PHEO_red_539_cutoff_0.0.inp.out,258.9570925997468,-0.2009,0.208,8.2542,0.0,-1325.2502727844,26.287943626690012,77.5314537764281,-1628.3778652386,0.2803089258004547
PHEO_red_53_cutoff_0.0.inp.out,257.57987979819774,-0.2223,0.2002,8.6157,0.0,-1324.6987156755,-102.16653675615984,-28.380423360569957,-1627.8621514447,0.3019408479003687
PHEO_red_54_cutoff_0.0.inp.out,257.7522486718643,-0.2042,0.2198,8.99,0.0,-1324.9133485593,86.41815571742764,126.725013087953,-1628.0444774391,0.2806255441000758
PHEO_red_55_cutoff_0.0.inp.out,257.5372586674789,-0.2064,0.2215,8.9974,0.0,-1324.7771660359,-37.48210347500465,-173.2085748691678,-1627.9211605853,0.2799861517005411
PHEO_red_56_cutoff_0.0.inp.out,257.4841274206528,-0.2,0.2244,9.0767,0.0,-1324.6146121298,122.19149310871326,85.32493173169239,-1627.7602826137,0.2790351862004172
PHEO_red_57_cutoff_0.0.inp.out,256.224624302203,-0.2063,0.2183,9.3695,0.0,-1324.5694981336,74.47853424245191,55.61044754625245,-1627.7111666404,0.2879288091999115
PHEO_red_58_cutoff_0.0.inp.out,258.165171990531,-0.1915,0.2241,8.8653,0.0,-1324.6761073961,219.27861945568307,322.53780796366385,-1627.8097056077,0.2695864866000192
PHEO_red_59_cutoff_0.0.inp.out,255.2082519236684,-0.1849,0.2491,8.7367,0.0,-1324.967456063,217.6610554625299,199.49837173401676,-1628.0986372996,0.2676629703000799
PHEO_red_5_cutoff_0.0.inp.out,256.0997473968463,-0.2249,0.1907,8.6868,0.0,-1324.9993291272,-10.387357544640604,-25.217000782374942,-1628.1605548956,0.3006184905998452
PHEO_red_60_cutoff_0.0.inp.out,257.5754191517766,-0.1888,0.2317,8.239,0.0,-1324.4455555807,394.7254183542656,499.35224644707057,-1627.5686845033,0.2677170884999214
PHEO_red_61_cutoff_0.0.inp.out,255.7355269007112,-0.2093,0.2076,8.727,0.0,-1324.7919514072,132.89741483989616,109.30294678719363,-1627.9375202921,0.2900534413001878
PHEO_red_62_cutoff_0.0.inp.out,255.62508016270337,-0.1925,0.2289,7.6745,0.0,-1325.164179221,161.1197397102003,210.5243662347108,-1628.2905455935,0.2751648098001169
PHEO_red_63_cutoff_0.0.inp.out,258.48736783689196,-0.203,0.2246,7.7044,0.0,-1325.0204224744,84.19970562989666,108.15720060023683,-1628.1732375808,0.2759561197008224
PHEO_red_64_cutoff_0.0.inp.out,254.12315760265528,-0.2001,0.2174,8.1238,0.0,-1325.2985923511,214.57640290693809,186.36592049018336,-1628.4219846913,0.276840880799682
PHEO_red_65_cutoff_0.0.inp.out,260.4602383810225,-0.2046,0.2195,8.8604,0.0,-1325.1740832399,153.58054885758955,70.86544319921764,-1628.3256767595,0.2853488448999997
PHEO_red_66_cutoff_0.0.inp.out,253.8295303699045,-0.2051,0.2258,9.8846,0.0,-1324.6430735865,90.0937461030916,-13.95620108998172,-1627.795809065,0.2844257628003106
PHEO_red_67_cutoff_0.0.inp.out,258.46457319980095,-0.2025,0.2173,8.4541,0.0,-1324.5860185066,56.63980703663336,29.72970751469241,-1627.7349631101,0.2729462413999499
PHEO_red_68_cutoff_0.0.inp.out,256.9471518251492,-0.1878,0.2327,9.2518,0.0,-1325.1283346409,156.566906394824,78.58852959486902,-1628.2596559434,0.2701093442001365
PHEO_red_69_cutoff_0.0.inp.out,254.46695453450064,-0.2121,0.2156,9.8249,0.0,-1325.1848663717,174.25643202316857,34.324364198253164,-1628.3496505265,0.2932842869004162
PHEO_red_6_cutoff_0.0.inp.out,255.41925744802623,-0.2194,0.1937,8.8258,0.0,-1325.3644805133,-44.64304736825612,-151.96490397363624,-1628.5314196144,0.2981974181993791
PHEO_red_70_cutoff_0.0.inp.out,258.0869080542122,-0.1985,0.2253,8.6491,0.0,-1325.0380602808,52.04415181614715,-61.597255862459235,-1628.1803839349,0.2763948000001619
PHEO_red_71_cutoff_0.0.inp.out,255.6393236836791,-0.1975,0.2254,8.6361,0.0,-1324.8899671335,90.69955539708025,80.14170267324371,-1628.0133136788,0.2837668480997308
PHEO_red_72_cutoff_0.0.inp.out,257.18920233385353,-0.2146,0.2152,7.7506,0.0,-1325.2300577401,-233.64584399420863,-311.77319163962915,-1628.3810961312,0.2924946320999879
PHEO_red_73_cutoff_0.0.inp.out,258.2755287463848,-0.1932,0.2262,8.9008,0.0,-1324.689473309,-90.9949670497198,-240.73632851744708,-1627.8203280643,0.2733317202000762
PHEO_red_74_cutoff_0.0.inp.out,257.08998323098433,-0.1847,0.2463,8.2956,0.0,-1325.0274045958,233.02542469684897,5.435122275041699,-1628.1483992505,0.2563838713003861
PHEO_red_75_cutoff_0.0.inp.out,259.8890408328956,-0.2141,0.2068,8.6551,0.0,-1324.7796361553,-89.98453622453317,-106.55105398876498,-1627.913513998,0.2875923266001337
PHEO_red_76_cutoff_0.0.inp.out,253.78285372513773,-0.2085,0.2106,7.7724,0.0,-1324.6857310882,33.44221616760035,37.1852891388612,-1627.8177245911,0.2769903406006051
PHEO_red_77_cutoff_0.0.inp.out,261.48166617052647,-0.2118,0.2141,8.1318,0.0,-1324.7824174973,96.79051242103849,74.49634130212375,-1627.9117778687,0.2791590467995775
PHEO_red_78_cutoff_0.0.inp.out,253.7552504799407,-0.1987,0.2084,9.0601,0.0,-1325.3779364595,89.72730912851718,25.07277257085791,-1628.489604062,0.2744480374994964
PHEO_red_79_cutoff_0.0.inp.out,260.4958938304154,-0.1962,0.2338,8.7849,0.0,-1325.4311750256,-28.14199772453364,-134.83023320823625,-1628.5683313953,0.2742929737996746
PHEO_red_7_cutoff_0.0.inp.out,256.9199715037947,-0.2013,0.229,9.6272,0.0,-1324.8042979135,184.1384879463959,142.3000111711056,-1627.9444860189,0.276549989900559
PHEO_red_80_cutoff_0.0.inp.out,255.28159016167967,-0.194,0.2275,8.2105,0.0,-1324.9987592303,175.06246249154458,23.025566107006167,-1628.1204300669,0.2638503612997738
PHEO_red_81_cutoff_0.0.inp.out,260.78361507118376,-0.2156,0.2358,9.3191,0.0,-1325.2348669271,-18.41415345528478,-136.47094936487613,-1628.3874154047,0.2904271650995724
PHEO_red_82_cutoff_0.0.inp.out,258.13247337414833,-0.2124,0.2028,8.948,0.0,-1325.458916574,31.408026182449884,-169.38850299884243,-1628.5964373991,0.2926542988998335
PHEO_red_83_cutoff_0.0.inp.out,259.9648803534716,-0.2071,0.2307,8.646,0.0,-1324.8756351197,71.4356360596213,10.421856803674103,-1628.0120844406,0.2750524902003235
PHEO_red_84_cutoff_0.0.inp.out,257.43518407474795,-0.2415,0.1945,9.9387,0.0,-1325.0619214847,12.293806436096874,-115.98802683656132,-1628.2340779285,0.3198555030003263
PHEO_red_85_cutoff_0.0.inp.out,259.4840919610348,-0.2343,0.2034,8.5436,0.0,-1324.7558734259,120.69812894775032,205.73574128373767,-1627.9300251712,0.2994153457993889
PHEO_red_86_cutoff_0.0.inp.out,256.2618165571387,-0.2264,0.1897,8.8571,0.0,-1325.0496764096,197.64003007064903,300.3234210112691,-1628.1931470719,0.3013632250003866
PHEO_red_87_cutoff_0.0.inp.out,257.4576451889433,-0.224,0.196,6.9998,0.0,-1325.0592244603,93.61048108333706,224.99157012334507,-1628.1879190538,0.30139370139932
PHEO_red_88_cutoff_0.0.inp.out,253.3891532821664,-0.2044,0.2159,8.1962,0.0,-1324.7557931606,113.07173512004243,166.73731410576076,-1627.8665303582,0.2774903542003812
PHEO_red_89_cutoff_0.0.inp.out,255.7882905983483,-0.2056,0.2113,9.0867,0.0,-1325.5573957443,343.8577431442033,405.62115867803806,-1628.692966355,0.2884167497995804
PHEO_red_8_cutoff_0.0.inp.out,255.42383345525096,-0.2123,0.2194,9.0692,0.0,-1325.0210359803,-66.72345845278731,-191.62573765997809,-1628.167349802,0.2858990915992763
PHEO_red_90_cutoff_0.0.inp.out,257.96291285491543,-0.2327,0.1951,9.8447,0.0,-1325.0991289298,275.9325492511807,380.8376770551755,-1628.2537042739,0.3078774004998195
PHEO_red_91_cutoff_0.0.inp.out,257.4856591660792,-0.1871,0.2305,8.2572,0.0,-1325.5810906703,418.9000493754397,525.3458284986249,-1628.7096733855,0.2700056609000967
PHEO_red_92_cutoff_0.0.inp.out,259.0605738329229,-0.2197,0.2168,9.3146,0.0,-1325.1168760633,260.8898749749684,441.69872015894174,-1628.2694035512,0.2995418709006117
PHEO_red_93_cutoff_0.0.inp.out,256.16011368261434,-0.1852,0.2254,9.1129,0.0,-1325.530739783,162.52329347237094,139.74202463754662,-1628.6414296596,0.2705933010001899
PHEO_red_94_cutoff_0.0.inp.out,258.0459241913352,-0.2191,0.2164,8.9467,0.0,-1325.2661117448,-132.20372662885663,-143.4922673171385,-1628.425094469,0.2964164861004974
PHEO_red_95_cutoff_0.0.inp.out,256.6088537327039,-0.1958,0.2264,9.3327,0.0,-1325.2417288039,-7.7286359244716145,-163.65721721666736,-1628.3896557189,0.2773819845997423
PHEO_red_96_cutoff_0.0.inp.out,256.522614671099,-0.2106,0.2159,9.0542,0.0,-1325.0331504105,-48.065231693560115,-27.650137953662934,-1628.1792873018,0.2883190180000383
PHEO_red_97_cutoff_0.0.inp.out,255.21666851773577,-0.2375,0.1944,10.0583,0.0,-1325.0551661767,-89.95475949353535,-49.821363556486446,-1628.2276528222,0.3096542308003336
PHEO_red_98_cutoff_0.0.inp.out,257.5988930617864,-0.1953,0.2279,7.7931,0.0,-1324.9511608825,77.40811392117342,86.17079381611292,-1628.0821397023,0.2737203968999893
PHEO_red_99_cutoff_0.0.inp.out,257.2851309067286,-0.2391,0.2032,8.9727,0.0,-1324.8516849647,-135.7736379518869,-174.8967239410521,-1628.0133661947,0.3130362145002436
PHEO_red_9_cutoff_0.0.inp.out,258.6802430229529,-0.2425,0.1825,9.3494,0.0,-1324.8637877917,-198.19951782087423,-318.96543081483213,-1628.0473813486,0.3141239481001321
