file_name,NRE,HOMO,LUMO,Dipole_mom,Num_waters,chg_chg,elec5,elec10,SCF_E,delE_dft
PHEO_red_0_cutoff_7.5.inp.out,256.75561045656065,-0.2329,0.2092,10.5289,56.0,-1305.3738280234,128.91911116131365,55.26766941644017,-5838.2097608109,0.2773268420996828
PHEO_red_100_cutoff_7.5.inp.out,255.48838273051845,-0.2663,0.1638,26.1089,55.0,-1306.024583224,-120.42774938926148,-204.0254211299983,-5763.3986773003,0.3037691801000619
PHEO_red_101_cutoff_7.5.inp.out,258.45965755044847,-0.2407,0.1954,27.6159,53.0,-1306.4661440137,-64.8761558329082,-275.66015364956587,-5612.7850627575,0.2886196422005014
PHEO_red_102_cutoff_7.5.inp.out,252.4287649291655,-0.2462,0.1891,33.9431,54.0,-1306.2381704524,-240.61954466547493,-463.2675974233016,-5688.157018013,0.2864500458008479
PHEO_red_103_cutoff_7.5.inp.out,258.8410538518534,-0.2354,0.1945,29.8072,53.0,-1306.4749237353,-272.3659313045201,-420.7697922641957,-5612.8599192059,0.2857003399003588
PHEO_red_104_cutoff_7.5.inp.out,255.002136857652,-0.2798,0.1632,31.7631,57.0,-1305.1343589438,10.306589844624968,107.39643663821283,-5913.5529637763,0.3060820037999292
PHEO_red_105_cutoff_7.5.inp.out,257.49118949527514,-0.2254,0.2142,32.8337,59.0,-1304.0619392006,269.8890422214201,235.7130813099555,-6063.5410796232,0.271943766700133
PHEO_red_106_cutoff_7.5.inp.out,258.57819758004104,-0.2461,0.1955,24.7828,55.0,-1305.9117047789,-27.73980110422485,32.56371692480497,-5763.2271078529,0.2903205144002641
PHEO_red_107_cutoff_7.5.inp.out,253.3288076963395,-0.2434,0.1853,21.0267,54.0,-1306.1646861273,182.02971992620516,172.1777073768687,-5687.9473040166,0.2835523858993838
PHEO_red_108_cutoff_7.5.inp.out,261.3518434967831,-0.2544,0.1831,22.1215,53.0,-1306.521205679,142.3053520047634,137.4673824533838,-5612.7552780742,0.2964699516005566
PHEO_red_109_cutoff_7.5.inp.out,252.38144206942275,-0.2279,0.1995,28.9918,55.0,-1306.2059317985,422.4920594710485,542.7346625971396,-5763.532552419,0.2766757632998633
PHEO_red_10_cutoff_7.5.inp.out,257.5094138080596,-0.2417,0.2003,18.5624,56.0,-1305.8101993205,13.178131996313924,-74.79705257680261,-5838.7282190999,0.2821297492992016
PHEO_red_110_cutoff_7.5.inp.out,260.3463152751482,-0.2298,0.2112,26.1326,53.0,-1306.8984169352,334.4567520038721,417.828197991364,-5613.1611644867,0.2729197872995428
PHEO_red_111_cutoff_7.5.inp.out,253.29223960736408,-0.231,0.1974,26.3488,54.0,-1306.3808920515,174.26860046397584,229.10525456666943,-5688.2629111074,0.2741652743006852
PHEO_red_112_cutoff_7.5.inp.out,257.53618548796027,-0.2172,0.2182,33.934,53.0,-1306.7676383583,60.70101759253107,16.795776238027468,-5613.0214995326,0.2676631790000101
PHEO_red_113_cutoff_7.5.inp.out,253.89724928172703,-0.2299,0.185,42.6953,52.0,-1307.2414584861,-156.32794367334768,-238.33538990276713,-5537.9755366697,0.279070854299789
PHEO_red_114_cutoff_7.5.inp.out,257.899272624383,-0.2307,0.2032,43.8891,56.0,-1305.7124111083,185.97304633035336,46.17410857151128,-5838.6007212792,0.2705034356004034
PHEO_red_115_cutoff_7.5.inp.out,254.9712406598413,-0.2643,0.1671,38.1025,57.0,-1305.2742227897,164.34099797252784,306.87739629602163,-5913.6908819969,0.3044328084006338
PHEO_red_116_cutoff_7.5.inp.out,257.1992151896746,-0.2516,0.1869,35.8346,59.0,-1304.5805787698,205.71459950885375,224.78173928320464,-6064.0283579865,0.2889370504999533
PHEO_red_117_cutoff_7.5.inp.out,260.65958646347895,-0.2485,0.1891,25.5766,57.0,-1305.3465865121,249.5535889232579,401.5678816184312,-5913.7237233063,0.2879519109001194
PHEO_red_118_cutoff_7.5.inp.out,256.33686384741276,-0.2614,0.1834,24.1349,58.0,-1304.787514506,117.91876781036576,201.0628258750216,-5988.688659144,0.2971904391006319
PHEO_red_119_cutoff_7.5.inp.out,257.72573057486244,-0.2475,0.179,31.7321,53.0,-1306.9371766321,391.5117591080348,412.6996034447318,-5613.2038931212,0.2897497852000015
PHEO_red_11_cutoff_7.5.inp.out,256.2984349749558,-0.2598,0.1726,8.9985,57.0,-1305.3307991165,-167.45353334639776,-209.95675305239504,-5913.7120093033,0.2974149146002673
PHEO_red_120_cutoff_7.5.inp.out,257.5898065703383,-0.2535,0.1816,34.496,56.0,-1305.6284774994,101.10660244561876,223.79478052864985,-5838.5688049429,0.2979884420001326
PHEO_red_121_cutoff_7.5.inp.out,255.1569398710627,-0.2357,0.2087,35.4608,57.0,-1305.0963803951,309.7623385958509,355.71318928773803,-5913.5035406857,0.2825769695000417
PHEO_red_122_cutoff_7.5.inp.out,256.87723688192705,-0.2286,0.1972,31.0935,59.0,-1304.364001862,302.4638611133264,383.5070224169985,-6063.8031736529,0.2782860035003978
PHEO_red_123_cutoff_7.5.inp.out,255.3659342410845,-0.2559,0.1878,24.0082,58.0,-1305.1232279306,353.4776578576216,474.5451833259759,-5989.0096944008,0.2968093817007684
PHEO_red_124_cutoff_7.5.inp.out,255.14592498534495,-0.2297,0.2048,24.0229,62.0,-1303.8490542835,266.8669724657856,394.3610189382994,-6289.9107686219,0.2808374890000777
PHEO_red_125_cutoff_7.5.inp.out,256.4524750377142,-0.24,0.2003,42.4849,62.0,-1303.4316080238,417.3892700700116,669.4344291343227,-6289.5544553392,0.2799635776000286
PHEO_red_126_cutoff_7.5.inp.out,256.7552954505333,-0.2607,0.17,38.6573,58.0,-1305.0289432681,476.5324995937886,679.0658349915219,-5988.9689698708,0.3032061619996966
PHEO_red_127_cutoff_7.5.inp.out,256.53958161837636,-0.2516,0.189,31.9089,58.0,-1304.8950776195,288.63070771442545,454.8567562185804,-5988.8425081105,0.2906111229995076
PHEO_red_128_cutoff_7.5.inp.out,256.12998510655297,-0.2523,0.1873,30.7506,53.0,-1307.103533753,193.5520507367536,385.6316194732686,-5613.3771707111,0.2888634836999699
PHEO_red_129_cutoff_7.5.inp.out,258.7354039755069,-0.2514,0.1797,35.9914,60.0,-1304.4277773997,146.72992378273793,209.39960812921825,-6139.4322899138,0.2940589937998084
PHEO_red_12_cutoff_7.5.inp.out,260.1842674522332,-0.2434,0.1865,18.6268,57.0,-1305.169533073,-85.83127274474307,-175.1676085078648,-5913.5424101969,0.2849795905003702
PHEO_red_130_cutoff_7.5.inp.out,253.6060351162517,-0.2533,0.1797,26.3659,55.0,-1306.1346984669,195.53237777744332,179.23361629751292,-5763.471395966,0.291806443700807
PHEO_red_131_cutoff_7.5.inp.out,258.85877720180747,-0.2514,0.1942,30.2271,56.0,-1305.8957276843,146.73719451249508,172.96374759726652,-5838.7720105766,0.2864270398995359
PHEO_red_132_cutoff_7.5.inp.out,255.9868442426112,-0.2653,0.1729,29.609,53.0,-1306.4094246312,116.00358061817232,283.7567146116709,-5612.7214235352,0.3033056958001907
PHEO_red_133_cutoff_7.5.inp.out,257.06134390123395,-0.2547,0.1851,28.9634,57.0,-1305.2832481109,-42.480617755753755,27.526498016561177,-5913.7027850915,0.2958458542998414
PHEO_red_134_cutoff_7.5.inp.out,256.450973364817,-0.2472,0.1908,36.8337,60.0,-1304.1705848618,149.2914622576715,70.04785130519981,-6139.1835291513,0.283768268300264
PHEO_red_135_cutoff_7.5.inp.out,257.76903347338987,-0.2715,0.1719,35.9314,61.0,-1303.5627894199,-60.86726370339652,55.66632662881774,-6214.1157240297,0.3023818047995519
PHEO_red_136_cutoff_7.5.inp.out,257.1538811593862,-0.239,0.1925,33.9049,58.0,-1304.7845440299,128.24596708724573,268.00482071039056,-5988.7751151744,0.2803736693003884
PHEO_red_137_cutoff_7.5.inp.out,257.35777569120233,-0.2376,0.2085,37.2913,54.0,-1306.2099505573,170.77863881603963,142.17756409212413,-5688.0926875068,0.2710094656004003
PHEO_red_138_cutoff_7.5.inp.out,256.00193968292876,-0.2298,0.2053,27.8518,54.0,-1306.1224343698,144.1781262770545,169.1981336468862,-5688.0171754648,0.2699502223003946
PHEO_red_139_cutoff_7.5.inp.out,257.05346824430717,-0.2671,0.1937,28.9873,54.0,-1306.6081559806,68.22167805756862,68.58416052198264,-5688.485106672,0.2964067940001769
PHEO_red_13_cutoff_7.5.inp.out,252.92275641024415,-0.2545,0.1761,9.1771,58.0,-1304.7197022904,-191.2007750476394,-304.908360132923,-5988.6583455722,0.2980817942998328
PHEO_red_140_cutoff_7.5.inp.out,254.94977134898932,-0.2622,0.1766,29.6303,54.0,-1306.3189332924,-51.67019210204974,10.63779715344026,-5688.236182734,0.299796679800238
PHEO_red_141_cutoff_7.5.inp.out,257.51501086707697,-0.248,0.2025,34.2944,61.0,-1304.2854532808,20.304321440439995,89.59278126795984,-6214.892273678,0.2883134602006976
PHEO_red_142_cutoff_7.5.inp.out,254.03007457867085,-0.2734,0.1763,24.0505,62.0,-1303.6760595022,59.563748191371005,150.08231716726073,-6289.8011573955,0.3047184196993839
PHEO_red_143_cutoff_7.5.inp.out,257.2287091383367,-0.2413,0.1837,32.3546,57.0,-1305.493217411,19.589650184038533,61.57081395077916,-5913.942938675,0.2889007485000547
PHEO_red_144_cutoff_7.5.inp.out,256.8152799250582,-0.292,0.1491,28.7918,56.0,-1306.5048372507,72.6544636313122,95.19346627808643,-5839.432438173,0.3238335381993238
PHEO_red_145_cutoff_7.5.inp.out,255.5212620395722,-0.2608,0.1854,33.9609,59.0,-1304.9692148557,-47.765791937207986,17.291655849312217,-6064.465425213,0.2936089218001143
PHEO_red_146_cutoff_7.5.inp.out,258.92830994977385,-0.2541,0.1837,24.1696,57.0,-1305.4980266343,145.32848959696767,231.10135340228703,-5913.9443402419,0.2946721441003319
PHEO_red_147_cutoff_7.5.inp.out,256.238126985406,-0.2499,0.194,32.5526,56.0,-1305.3691122479,403.65353094902827,313.14105155509696,-5838.2563644071,0.2823727391996726
PHEO_red_148_cutoff_7.5.inp.out,258.6466320672669,-0.2505,0.1757,29.2365,60.0,-1304.5231581706,184.40533569426083,132.23383487475286,-6139.5576958509,0.2931118996002624
PHEO_red_149_cutoff_7.5.inp.out,255.78085923477636,-0.2455,0.1888,27.8233,63.0,-1303.2062919993,388.3077489702038,147.9394499457505,-6364.8244721932,0.2822798089000571
PHEO_red_14_cutoff_7.5.inp.out,258.61034845066746,-0.2164,0.2141,16.1629,49.0,-1308.0529113182,21.06662897691037,-251.34761808188227,-5312.1495554998,0.268761196000014
PHEO_red_150_cutoff_7.5.inp.out,257.9430534635602,-0.2871,0.1657,15.1405,58.0,-1304.9351209216,-15.14939920936093,-0.0246094283424447,-5988.8667664726,0.314939948600113
PHEO_red_151_cutoff_7.5.inp.out,256.1976009118474,-0.2582,0.1823,18.1169,57.0,-1305.2888315927,224.47483600629164,305.74510385312794,-5913.7360191807,0.3010418782996567
PHEO_red_152_cutoff_7.5.inp.out,255.84298346341535,-0.2356,0.2155,28.6315,56.0,-1305.9022064621,270.87848508186477,334.55642430530827,-5838.7668500501,0.2823696751001989
PHEO_red_153_cutoff_7.5.inp.out,255.13775568431228,-0.2504,0.1786,38.1277,56.0,-1305.7647946806,-109.48465480667684,3.6392473243929695,-5838.6724619859,0.2928879477994996
PHEO_red_154_cutoff_7.5.inp.out,258.5649651114118,-0.2397,0.1988,44.3203,57.0,-1305.4115108395,19.444221373610116,3.7476276053255297,-5913.8640720141,0.2840914406997399
PHEO_red_155_cutoff_7.5.inp.out,255.61681037372415,-0.2369,0.1887,30.1322,53.0,-1306.8490667566,73.43949353350105,66.3506357654025,-5613.2205183113,0.2813633464002123
PHEO_red_156_cutoff_7.5.inp.out,258.7356093160646,-0.2584,0.1881,34.24,52.0,-1307.0814693506,16.698950463147757,-21.541936800385525,-5537.8725838186,0.2937602287993286
PHEO_red_157_cutoff_7.5.inp.out,254.39725682544832,-0.2689,0.1644,30.7227,52.0,-1307.4478229567,-120.61592621338724,-13.262793185122892,-5538.2655458534,0.3088107723997382
PHEO_red_158_cutoff_7.5.inp.out,259.12393588167544,-0.2507,0.1968,35.724,50.0,-1308.4630076916,58.172245361591166,31.80572929160413,-5388.17571208,0.2883229304998167
PHEO_red_159_cutoff_7.5.inp.out,256.5481524716259,-0.2443,0.1904,34.7589,53.0,-1306.8163565143,5.604851045211811,110.26987865518753,-5613.1656118745,0.2866543226000431
PHEO_red_15_cutoff_7.5.inp.out,254.76763206428416,-0.2124,0.2047,27.2822,52.0,-1306.9333569508,-152.5084403062983,-348.5079439066825,-5537.6092658877,0.2616410885002551
PHEO_red_160_cutoff_7.5.inp.out,256.80133827387175,-0.263,0.1844,42.7308,50.0,-1308.6040190158,-38.23485305190941,46.45147468529422,-5388.3539077217,0.3005659472000843
PHEO_red_161_cutoff_7.5.inp.out,258.2041992580256,-0.2543,0.1826,40.0962,56.0,-1306.0641111949,-242.3407578056743,-447.8218024649809,-5838.9646340794,0.2893281217002368
PHEO_red_162_cutoff_7.5.inp.out,255.62378898255452,-0.2581,0.1838,36.5585,53.0,-1307.3308896166,-412.808650244716,-476.6990441169263,-5613.6523077282,0.2961736041997937
PHEO_red_163_cutoff_7.5.inp.out,254.95885889266137,-0.2477,0.1898,44.5093,56.0,-1306.3319955341,-25.931435378283417,20.210784121981646,-5839.3078449687,0.2851073459996769
PHEO_red_164_cutoff_7.5.inp.out,258.17301237767333,-0.2417,0.2077,35.8268,53.0,-1307.037455597,92.57918497980693,190.5502897545936,-5613.3577407077,0.2819778799002961
PHEO_red_165_cutoff_7.5.inp.out,253.91577300323047,-0.2535,0.1816,31.3669,51.0,-1307.4454393195,78.60670865524585,137.89765795927673,-5462.7344555367,0.2908598700996663
PHEO_red_166_cutoff_7.5.inp.out,258.2512928067022,-0.2384,0.1952,31.5054,54.0,-1306.4969277738,104.92278864638632,157.22691609495928,-5688.3655807977,0.2843036323993146
PHEO_red_167_cutoff_7.5.inp.out,256.25198838611897,-0.2386,0.1885,36.3553,53.0,-1306.6870457134,141.14392575600047,217.4959329199524,-5613.0218398744,0.275641157300015
PHEO_red_168_cutoff_7.5.inp.out,260.0437317206875,-0.244,0.2022,32.8382,58.0,-1304.7910334454,315.6291652283449,284.61822059031147,-5988.7875639389,0.283760914299819
PHEO_red_169_cutoff_7.5.inp.out,256.715361522621,-0.2487,0.1738,31.9076,54.0,-1306.2559562902,121.04950071477565,36.784168646345776,-5688.1182777127,0.2864448057998743
PHEO_red_16_cutoff_7.5.inp.out,257.3273869999309,-0.2382,0.2032,13.2252,54.0,-1306.5360789842,-298.3159856468806,-344.71143411595705,-5688.3340204301,0.2788100575999124
PHEO_red_170_cutoff_7.5.inp.out,260.49644512811716,-0.2458,0.1976,26.3408,55.0,-1305.8328132926,201.4931817841613,296.4307042811992,-5763.206867556,0.2842254300994682
PHEO_red_171_cutoff_7.5.inp.out,257.7310936434763,-0.2377,0.2024,16.1662,52.0,-1306.7997338767,207.76654239014508,307.14797547032043,-5537.5458363438,0.2816363837000608
PHEO_red_172_cutoff_7.5.inp.out,258.5638074849383,-0.2349,0.2138,13.9876,56.0,-1305.2392579586,327.4854781596626,395.48500654669584,-5838.0946086323,0.2715113416998065
PHEO_red_173_cutoff_7.5.inp.out,257.3718261593739,-0.2366,0.1995,9.1082,52.0,-1307.0460999408,566.4506801021818,511.5094946226654,-5537.806532996,0.2744639954999002
PHEO_red_174_cutoff_7.5.inp.out,258.16251641440846,-0.2508,0.1902,8.151,52.0,-1306.7784823862,108.70120452467172,91.76521426054006,-5537.5378089652,0.2878628255002695
PHEO_red_175_cutoff_7.5.inp.out,256.5042668273954,-0.2656,0.1661,14.1824,56.0,-1304.7604119886,108.5965889180508,162.2141700628783,-5837.6718744564,0.3044373229995472
PHEO_red_176_cutoff_7.5.inp.out,256.91894181127975,-0.2686,0.167,11.6538,53.0,-1306.4618570894,38.95669310769825,133.6602850366332,-5612.8366242431,0.3050469092995627
PHEO_red_177_cutoff_7.5.inp.out,256.62776293947,-0.2528,0.1914,11.1866,54.0,-1305.9860238146,344.43515681551236,227.5949479861691,-5687.8793215299,0.2856775180998738
PHEO_red_178_cutoff_7.5.inp.out,256.084898809515,-0.2629,0.1876,7.1906,50.0,-1307.6883813758,113.89492474780158,26.872460959758673,-5387.4586492042,0.2988694369996665
PHEO_red_179_cutoff_7.5.inp.out,254.68341724455405,-0.2453,0.1802,9.2825,56.0,-1305.1364142221,172.2914817560271,214.68387173789063,-5838.0258618795,0.288318633099152
PHEO_red_17_cutoff_7.5.inp.out,258.33784703827206,-0.2437,0.2081,25.4575,58.0,-1304.7901420461,-96.3634090643226,-293.5219660852207,-5988.6838590867,0.2858880533995034
PHEO_red_180_cutoff_7.5.inp.out,255.5390944346795,-0.2412,0.2013,9.9962,56.0,-1305.8339834083,320.5650333633125,232.79414655782568,-5838.693859869,0.2858065520995296
PHEO_red_181_cutoff_7.5.inp.out,255.7653958763167,-0.2427,0.1904,12.9379,52.0,-1306.6944294738,238.7573589001645,161.5435076689534,-5537.4241977871,0.284972451700014
PHEO_red_182_cutoff_7.5.inp.out,255.59866080860655,-0.243,0.198,4.5219,51.0,-1307.5268609579,389.5180415004542,187.36056313826725,-5462.6807112745,0.2830684768005085
PHEO_red_183_cutoff_7.5.inp.out,257.1363978427766,-0.2308,0.1871,12.9532,54.0,-1306.4889019188,23.777541508065102,-109.37735010491332,-5688.2599199343,0.2799031102995286
PHEO_red_184_cutoff_7.5.inp.out,258.2022746377536,-0.2497,0.1857,17.3587,53.0,-1306.8420520594,12.268663988261714,8.694334883471,-5613.0679673636,0.2861228857000242
PHEO_red_185_cutoff_7.5.inp.out,257.40319141969997,-0.2197,0.2108,12.0483,50.0,-1307.7099361369,154.72905838488134,106.1554758614787,-5387.353121379,0.2669989526993959
PHEO_red_186_cutoff_7.5.inp.out,256.4662583637334,-0.2557,0.1806,6.9611,53.0,-1306.9341111931,155.93469279902192,149.7902575226144,-5613.1563635104,0.2866999341003975
PHEO_red_187_cutoff_7.5.inp.out,258.1592206585706,-0.2807,0.1706,18.0259,58.0,-1305.3287824718,-73.42140262830365,-25.848866089610812,-5989.2384863294,0.3081825321005453
PHEO_red_188_cutoff_7.5.inp.out,255.5573549977962,-0.2342,0.1969,17.3925,59.0,-1304.9714941677,184.57584299601825,208.17867392062053,-6064.3853494152,0.2808754809993843
PHEO_red_189_cutoff_7.5.inp.out,257.3518524670755,-0.2574,0.1797,15.2208,60.0,-1304.3496532175,130.13498982919677,118.74307979105018,-6139.3402452902,0.2898186094998891
PHEO_red_18_cutoff_7.5.inp.out,256.9205600192337,-0.2424,0.1925,18.6523,54.0,-1305.8946096806,-58.19767122157139,-345.03225894924157,-5687.6835371354,0.2790404401994237
PHEO_red_190_cutoff_7.5.inp.out,255.68838748780996,-0.2402,0.1904,11.4596,60.0,-1304.6013641473,407.15147755838694,442.1259342499368,-6139.5679019112,0.2790373642001214
PHEO_red_191_cutoff_7.5.inp.out,255.1619299311329,-0.2469,0.1753,15.5166,60.0,-1304.8633464355,103.54435693511992,223.1410875121796,-6139.8507916909,0.2901420017997225
PHEO_red_192_cutoff_7.5.inp.out,258.30686656869045,-0.24,0.2104,14.295,61.0,-1304.4532294742,158.13691245174076,192.5145229601432,-6214.9832804122,0.2776585014999
PHEO_red_193_cutoff_7.5.inp.out,255.99531111888172,-0.2392,0.1945,15.8606,61.0,-1304.4544511101,382.25547445747327,214.57313631667864,-6214.9458224241,0.2766664462997141
PHEO_red_194_cutoff_7.5.inp.out,258.30796794551634,-0.2478,0.1954,10.0114,57.0,-1305.8627489034,36.59291719300881,41.64394821860807,-5914.2346181999,0.2895256393003365
PHEO_red_195_cutoff_7.5.inp.out,255.40101511105703,-0.2649,0.175,13.0528,59.0,-1304.6213068309,38.13707788721018,66.43602496358623,-6064.0576647113,0.2996260099998835
PHEO_red_196_cutoff_7.5.inp.out,260.31426733971557,-0.2302,0.2174,17.374,56.0,-1305.992720679,164.42735387085932,135.31646467138134,-5838.8262332736,0.2744644560998495
PHEO_red_197_cutoff_7.5.inp.out,256.09989300141257,-0.2554,0.1831,17.8303,58.0,-1305.4835124562,228.60732164473905,236.37655430754128,-5989.3871094586,0.2955508277000263
PHEO_red_198_cutoff_7.5.inp.out,257.402893507676,-0.2532,0.1801,23.7723,55.0,-1306.3464674273,185.37398693679572,-35.8552939019949,-5763.6661003138,0.2952704522995191
PHEO_red_199_cutoff_7.5.inp.out,255.91502066356972,-0.2793,0.1569,15.9075,54.0,-1306.9361707103,98.01983374957112,64.96220362351939,-5688.6274872066,0.312470151799971
PHEO_red_19_cutoff_7.5.inp.out,259.2916633330917,-0.2606,0.1653,17.8462,52.0,-1306.7609369404,2.4709691008214483,-61.515820577070045,-5537.4872763334,0.2988653329994122
PHEO_red_1_cutoff_7.5.inp.out,257.8761208212133,-0.2559,0.1831,14.3153,55.0,-1306.0163116681,128.57868587574688,94.96465605529986,-5763.2903169436,0.2960628118999011
PHEO_red_200_cutoff_7.5.inp.out,254.31846950505312,-0.2466,0.1946,18.2635,55.0,-1306.3360817952,477.6134273696052,237.6425318467924,-5763.6146530786,0.2847352278004109
PHEO_red_201_cutoff_7.5.inp.out,257.66282755164144,-0.2502,0.1808,16.8149,54.0,-1306.4326010567,272.79830964550166,39.04140017088665,-5688.2198103052,0.2861051654999755
PHEO_red_202_cutoff_7.5.inp.out,255.63181204004093,-0.2222,0.2126,21.6394,51.0,-1307.2332235869,190.10775755761588,-2.361016319716167,-5462.4016788401,0.2673467157001141
PHEO_red_203_cutoff_7.5.inp.out,258.1752642702648,-0.2431,0.1988,13.6585,52.0,-1307.236247658,402.32735414957307,338.87771884966185,-5537.9446688769,0.2784149829994931
PHEO_red_204_cutoff_7.5.inp.out,255.63977165944388,-0.2377,0.1808,17.9203,49.0,-1308.348098334,195.0014692682312,139.84100042415866,-5312.429592292,0.2831520539002667
PHEO_red_205_cutoff_7.5.inp.out,255.96221946901,-0.2392,0.1995,9.9162,53.0,-1306.9791655306,120.11884332951784,199.08324960152356,-5613.2543908504,0.281996933600567
PHEO_red_206_cutoff_7.5.inp.out,255.5866522303591,-0.2353,0.2036,17.9653,53.0,-1307.1045864454,203.47991771081251,226.35444886122627,-5613.3428235538,0.2816208398999151
PHEO_red_207_cutoff_7.5.inp.out,256.74380881334355,-0.2303,0.1828,28.4059,54.0,-1306.813627635,204.04474121786544,261.96451173622694,-5688.5815426964,0.2762400604005961
PHEO_red_208_cutoff_7.5.inp.out,256.61149088826335,-0.265,0.1747,29.9756,53.0,-1306.8086466697,136.34867721342772,269.5607563684132,-5613.1077322905,0.3035475615997711
PHEO_red_209_cutoff_7.5.inp.out,256.66525613885364,-0.2217,0.2172,28.5913,55.0,-1305.90233316,96.99616545122728,177.9152674748215,-5763.2731113747,0.2659159349996116
PHEO_red_20_cutoff_7.5.inp.out,254.28158336669057,-0.229,0.2027,20.2646,51.0,-1307.6351656798,133.74842397388946,199.4825671979424,-5462.8861166302,0.2699628738000683
PHEO_red_210_cutoff_7.5.inp.out,258.5290516801306,-0.2578,0.2001,25.2679,55.0,-1306.2438515995,120.85066841809568,191.184492441694,-5763.5345007945,0.2913704926004357
PHEO_red_211_cutoff_7.5.inp.out,255.64108199611195,-0.2231,0.2207,17.2428,54.0,-1306.5002080345,195.7582680774137,146.40583790176197,-5688.3023211649,0.2639301638000688
PHEO_red_212_cutoff_7.5.inp.out,255.8411357207885,-0.2137,0.2248,10.1497,55.0,-1306.1531186135,288.6052598202936,130.9410809063054,-5763.4394289924,0.2613963395006067
PHEO_red_213_cutoff_7.5.inp.out,256.4950655492074,-0.2424,0.1956,18.5997,55.0,-1306.1720338025,135.0554396536747,279.53206568201995,-5763.5194071904,0.2815301768996505
PHEO_red_214_cutoff_7.5.inp.out,258.7204883243411,-0.2297,0.2089,10.3263,53.0,-1306.5849604653,342.87441839580464,227.54863570002135,-5612.9011469685,0.270113125100579
PHEO_red_215_cutoff_7.5.inp.out,256.5138150067816,-0.2558,0.1807,15.8868,55.0,-1305.9209951595,199.78794359259544,276.4837080140162,-5763.2405226963,0.2946176638997713
PHEO_red_216_cutoff_7.5.inp.out,259.689531408782,-0.2801,0.1666,13.7454,54.0,-1305.9907778645,-57.66027158847127,122.75416243370324,-5687.8080588289,0.3156876202001513
PHEO_red_217_cutoff_7.5.inp.out,256.125484949379,-0.2639,0.1777,11.5582,51.0,-1306.9571185402,290.53759163767637,426.03542867402547,-5462.1409309853,0.2990861545004009
PHEO_red_218_cutoff_7.5.inp.out,258.24935242712354,-0.2542,0.1882,15.2954,53.0,-1306.6594891857,642.2332505266374,307.6093875879834,-5612.8892797893,0.2888044624005488
PHEO_red_219_cutoff_7.5.inp.out,254.29714567857124,-0.2566,0.1834,8.4761,55.0,-1305.7897594352,166.9738063134787,270.2797854624839,-5763.1127633393,0.291775820800467
PHEO_red_21_cutoff_7.5.inp.out,258.57512794076945,-0.2392,0.2016,25.2358,53.0,-1306.434143485,326.9571476831354,99.59057239362122,-5612.749591171,0.2761606752001171
PHEO_red_220_cutoff_7.5.inp.out,257.52138809682714,-0.2515,0.1771,23.4325,54.0,-1305.9651520518,164.46988832032653,233.32460432134425,-5687.7751466164,0.2896692643998904
PHEO_red_221_cutoff_7.5.inp.out,254.4269794560841,-0.2364,0.1959,12.774,54.0,-1306.0413869027,232.21967855808305,222.65501949809695,-5687.8761830602,0.2795596705991556
PHEO_red_222_cutoff_7.5.inp.out,257.2781890787039,-0.2584,0.1737,18.184,54.0,-1306.0865680124,-267.7501799447959,-272.9387784025309,-5687.9016879773,0.2930718683001032
PHEO_red_223_cutoff_7.5.inp.out,255.9280815017273,-0.259,0.1718,16.685,57.0,-1304.6937380982,94.05962283185978,168.37894215828896,-5913.1659275456,0.2962893856001756
PHEO_red_224_cutoff_7.5.inp.out,256.96204628069125,-0.2277,0.2039,12.671,60.0,-1303.4108493742,160.16540435712128,137.56213793761128,-6138.5196834102,0.268798314000378
PHEO_red_225_cutoff_7.5.inp.out,255.28255906242953,-0.2296,0.1978,11.3233,58.0,-1304.2821029158,-13.441459041456213,-93.71753241166267,-5988.3038136574,0.2734288783994998
PHEO_red_226_cutoff_7.5.inp.out,256.10544136684337,-0.2528,0.185,15.1075,58.0,-1304.2802032985,-104.72764945166244,-233.70269270566183,-5988.2723466244,0.2927136949001578
PHEO_red_227_cutoff_7.5.inp.out,256.22298922880555,-0.2601,0.1783,11.7417,58.0,-1304.4913262119,-54.66956553756283,-105.69798939005828,-5988.5088748909,0.2937890806997529
PHEO_red_228_cutoff_7.5.inp.out,255.31792227939263,-0.2483,0.1928,20.2182,60.0,-1303.7228278903,202.38000919790423,65.3822207207858,-6138.7765358508,0.2889905017000274
PHEO_red_229_cutoff_7.5.inp.out,258.25220372194576,-0.2392,0.1953,24.4049,55.0,-1305.546049911,-77.89782767679954,27.14494531039173,-5763.0074666214,0.28570804499941
PHEO_red_22_cutoff_7.5.inp.out,254.6449891788344,-0.248,0.1775,24.738,50.0,-1307.4399858042,27.70095247664075,-15.749854658239396,-5387.1859115462,0.2921023225999306
PHEO_red_230_cutoff_7.5.inp.out,256.6673062284311,-0.27,0.1764,24.766,60.0,-1304.1648984044,20.969989031295572,156.75321689981783,-6139.2385856877,0.3032062508000308
PHEO_red_231_cutoff_7.5.inp.out,257.5040332457273,-0.2654,0.1712,22.8956,57.0,-1304.5433237231,-46.744593764436125,-361.2847494202062,-5912.9922703395,0.299732460100131
PHEO_red_232_cutoff_7.5.inp.out,256.3971722136206,-0.2254,0.1986,31.5897,56.0,-1305.3579138569,528.0998244967634,395.563588547,-5838.2670806802,0.2654420624003251
PHEO_red_233_cutoff_7.5.inp.out,255.7616624549874,-0.2371,0.1891,26.3621,57.0,-1304.8633118431,559.226380383681,663.5764497647477,-5913.3123936996,0.2777730971001801
PHEO_red_234_cutoff_7.5.inp.out,255.34437815140095,-0.2686,0.1771,19.3511,60.0,-1303.9532057065,183.11632329290484,332.4613615625268,-6138.940328662,0.3014248284998757
PHEO_red_235_cutoff_7.5.inp.out,254.04310720902492,-0.2481,0.1782,19.9085,54.0,-1306.1709730197,68.54905700573575,60.16090028546008,-5688.0181553784,0.289712976100418
PHEO_red_236_cutoff_7.5.inp.out,257.63765951046656,-0.2445,0.1888,26.9128,56.0,-1305.5335501669,97.48224353885573,208.1376900860336,-5838.4339723257,0.2822238210992509
PHEO_red_237_cutoff_7.5.inp.out,255.25153022452565,-0.2322,0.1878,35.3708,51.0,-1307.2931009118,398.0080338763625,387.6332093728468,-5462.4998130109,0.2776525941008003
PHEO_red_238_cutoff_7.5.inp.out,259.08910033444937,-0.2473,0.1926,20.6588,53.0,-1306.2105652775,7.345991406797792,38.31668879136251,-5612.4653216234,0.2843107674998464
PHEO_red_239_cutoff_7.5.inp.out,256.37311417354204,-0.2598,0.1668,19.3208,54.0,-1306.1196040189,-16.822738973077037,-42.585284782564976,-5687.9409419709,0.2952556608997838
PHEO_red_23_cutoff_7.5.inp.out,257.8237427013767,-0.2485,0.1805,31.2137,54.0,-1306.2311736728,85.45379944064277,71.15745963196152,-5688.0962423408,0.2845811731995127
PHEO_red_240_cutoff_7.5.inp.out,258.309412572539,-0.2032,0.2494,12.9627,55.0,-1305.8118206693,430.2002602073805,175.65163299643248,-5763.1278262294,0.2544140669997432
PHEO_red_241_cutoff_7.5.inp.out,255.30250185458735,-0.2708,0.1684,19.9875,53.0,-1306.4000011809,-183.95351106072965,-110.24245624037552,-5612.7530011522,0.3050988786999369
PHEO_red_242_cutoff_7.5.inp.out,257.9501130117477,-0.2366,0.1988,29.7154,57.0,-1305.3638943765,0.5062542764286463,-172.13912003165748,-5913.8399844157,0.2827755221996995
PHEO_red_243_cutoff_7.5.inp.out,254.3246427606094,-0.2703,0.1642,27.4468,59.0,-1304.1114249402,-234.5646197847721,-402.30865883664256,-6063.6641801547,0.3034840398995584
PHEO_red_244_cutoff_7.5.inp.out,258.6445034994842,-0.2408,0.2066,34.7083,58.0,-1305.1101721624,-49.78607843312324,-163.4246373364844,-5989.1075242614,0.2882216967000204
PHEO_red_245_cutoff_7.5.inp.out,255.98245401141537,-0.2739,0.1593,43.8693,59.0,-1304.3693811497,-6.95732644589611,-32.31595797764114,-6063.8725912187,0.3098600972007261
PHEO_red_246_cutoff_7.5.inp.out,259.5161768532274,-0.2766,0.179,43.7289,61.0,-1303.5421346082,144.51868243900125,-80.50314696726022,-6214.06426548,0.3099732977998428
PHEO_red_247_cutoff_7.5.inp.out,256.46047273894237,-0.2528,0.1764,38.1724,61.0,-1303.4250935057,-129.94166455205632,-181.7199652811191,-6214.0057197843,0.2942283847005456
PHEO_red_248_cutoff_7.5.inp.out,260.4565234165663,-0.2669,0.1735,36.8961,57.0,-1304.8305308557,29.021161392162487,102.82896176362028,-5913.3390000553,0.3015417519000039
PHEO_red_249_cutoff_7.5.inp.out,255.74593384371585,-0.2409,0.1908,39.7001,59.0,-1304.1879302204,8.17663043461938,119.15730802490825,-6063.7634542864,0.2872377405001316
PHEO_red_24_cutoff_7.5.inp.out,256.00725081520227,-0.2365,0.1971,24.9486,55.0,-1305.5933109311,181.61644458586665,-14.405396526515863,-5762.9745633624,0.2818810997996479
PHEO_red_250_cutoff_7.5.inp.out,253.42485930331665,-0.2283,0.1918,15.4594,60.0,-1304.2612139748,349.97900645587714,301.904759568987,-6139.3251601398,0.2747007866000786
PHEO_red_251_cutoff_7.5.inp.out,255.55014829023796,-0.2512,0.1839,11.0425,58.0,-1304.9943240533,295.21499544748775,425.0656149932756,-5989.0202782832,0.2805649277006523
PHEO_red_252_cutoff_7.5.inp.out,256.31550845639833,-0.2639,0.1697,2.7148,57.0,-1305.1947605221,228.30841366601564,314.88685641782695,-5913.6642567284,0.2950564197999483
PHEO_red_253_cutoff_7.5.inp.out,254.63489840438712,-0.2911,0.1537,11.4197,53.0,-1306.5324891049,125.15509158265505,363.6540993078662,-5612.8571467498,0.3245788837994041
PHEO_red_254_cutoff_7.5.inp.out,256.2115703759953,-0.2744,0.1591,5.9565,53.0,-1306.7469790824,20.670931699338656,122.05915587810388,-5613.0494238052,0.309589085600237
PHEO_red_255_cutoff_7.5.inp.out,257.0020262475692,-0.2179,0.2087,6.362,56.0,-1305.642567633,328.37619052383945,341.3251056954027,-5838.5676101653,0.2622638775001178
PHEO_red_256_cutoff_7.5.inp.out,256.63491753662447,-0.2605,0.1804,11.506,57.0,-1304.987705287,329.9448953071345,253.7975346603482,-5913.4802840711,0.2978098482999485
PHEO_red_257_cutoff_7.5.inp.out,256.4608655575196,-0.2389,0.1845,16.7448,55.0,-1305.8818707676,94.91292130997432,230.7488824939441,-5763.2544108789,0.2863335722004194
PHEO_red_258_cutoff_7.5.inp.out,256.4806645223234,-0.2545,0.1835,7.4825,51.0,-1307.2038029422,17.163257519804485,98.85708592505648,-5462.4667733209,0.2964393395996012
PHEO_red_259_cutoff_7.5.inp.out,256.39215211140527,-0.2329,0.209,14.8106,51.0,-1307.4789624388,135.10836320410704,154.10179343265938,-5462.8108010728,0.2798951119993944
PHEO_red_25_cutoff_7.5.inp.out,256.9969361515775,-0.2325,0.1967,26.847,58.0,-1304.9417658664,232.8072382174456,30.36762389658807,-5988.9190869628,0.2759647791999668
PHEO_red_260_cutoff_7.5.inp.out,255.6067415164925,-0.2666,0.1677,9.1241,54.0,-1305.8496235407,229.2212190096988,273.55733288088857,-5687.6385148946,0.3017150181003671
PHEO_red_261_cutoff_7.5.inp.out,259.7126492852879,-0.2341,0.1933,11.0759,53.0,-1306.7400837092,282.8626368449769,308.8630049533416,-5612.9766192,0.2831505488002221
PHEO_red_262_cutoff_7.5.inp.out,258.83439666728947,-0.2416,0.2017,12.9751,53.0,-1306.3350313392,115.5710019842666,216.4420687767639,-5612.6291909121,0.2878780560004088
PHEO_red_263_cutoff_7.5.inp.out,256.3797850976202,-0.2478,0.1866,11.6465,52.0,-1306.9479251641,146.05614651321636,184.71117776587903,-5537.6630649595,0.2921549419997973
PHEO_red_264_cutoff_7.5.inp.out,259.68237332397104,-0.2605,0.1806,14.9734,54.0,-1305.9095258732,275.1015709297516,374.9148487008396,-5687.6721279676,0.2982992730003388
PHEO_red_265_cutoff_7.5.inp.out,254.96122657541417,-0.2583,0.171,4.5855,54.0,-1305.7084619608,99.64124176221046,268.3616244299254,-5687.5323625543,0.2993075627000507
PHEO_red_266_cutoff_7.5.inp.out,256.6687706560614,-0.2419,0.1904,7.1021,55.0,-1305.3794899381,441.8289603291224,702.6959279863931,-5762.7531607399,0.2853889680000065
PHEO_red_267_cutoff_7.5.inp.out,255.7652133044618,-0.2445,0.1885,20.7523,56.0,-1305.0773618846,321.67943455902565,379.22856592073094,-5837.962488805,0.2850422424999124
PHEO_red_268_cutoff_7.5.inp.out,253.9455051929292,-0.2129,0.2165,24.9952,53.0,-1306.4688473745,72.4988412981564,30.65637439535039,-5612.7480080002,0.2617090705998635
PHEO_red_269_cutoff_7.5.inp.out,256.715966734448,-0.2097,0.2253,25.3393,50.0,-1307.0351754922,-12.702176735484414,-57.96987553677134,-5386.6917571191,0.2596057444998223
PHEO_red_26_cutoff_7.5.inp.out,258.08650967505855,-0.262,0.1776,23.7106,55.0,-1306.5377915584,113.9938960301837,-45.057286390101105,-5763.8582057073,0.3000572605997149
PHEO_red_270_cutoff_7.5.inp.out,255.2697691188688,-0.2172,0.2215,23.0944,53.0,-1306.0890692821,88.32805820024079,55.57932871564187,-5612.3950085901,0.259004779800307
PHEO_red_271_cutoff_7.5.inp.out,255.67037325086056,-0.2399,0.1883,16.5457,52.0,-1306.5643383421,7.711625028619054,-73.27691390969086,-5537.2743075156,0.2865406963001078
PHEO_red_272_cutoff_7.5.inp.out,256.69111114543614,-0.2375,0.1986,17.3427,53.0,-1306.493226063,99.73443053022376,49.776332943448715,-5612.8262605524,0.2754764451001392
PHEO_red_273_cutoff_7.5.inp.out,256.18386165918827,-0.2391,0.2013,23.9088,54.0,-1306.3755780044,207.67133195365656,197.32914703625468,-5688.2309196914,0.2751652931001445
PHEO_red_274_cutoff_7.5.inp.out,258.42765645362346,-0.2472,0.1986,27.4984,49.0,-1308.1861616817,181.15587294004132,198.91609443135255,-5312.3808953471,0.2845701269998244
PHEO_red_275_cutoff_7.5.inp.out,258.6766996256087,-0.2472,0.1879,18.4537,51.0,-1307.2756019843,228.64447726457448,267.1766687858075,-5462.5215828534,0.2824734145997354
PHEO_red_276_cutoff_7.5.inp.out,256.0415150182596,-0.264,0.162,18.46,52.0,-1306.6608680925,167.41289859890207,79.30151766786275,-5537.4366600602,0.2992465049001112
PHEO_red_277_cutoff_7.5.inp.out,255.25955862026615,-0.2459,0.1841,25.9098,50.0,-1307.6410092301,383.9664650223248,262.7025462770069,-5387.3365611034,0.2827164009004264
PHEO_red_278_cutoff_7.5.inp.out,256.1987639864396,-0.221,0.2058,23.4259,52.0,-1306.4964539553,328.4606154351294,387.26699799790714,-5537.262612246,0.2665655176997461
PHEO_red_279_cutoff_7.5.inp.out,256.35655154842516,-0.2725,0.1509,20.9532,52.0,-1306.6538244548,105.50043897572216,151.0754359758632,-5537.4917450301,0.3100916291996327
PHEO_red_27_cutoff_7.5.inp.out,256.50114158644107,-0.2458,0.1799,13.4324,57.0,-1305.1612935857,47.76298369921552,-75.69232172254628,-5913.5855112035,0.284632131500075
PHEO_red_280_cutoff_7.5.inp.out,257.19633214852433,-0.2538,0.1709,22.1786,55.0,-1305.9966085875,153.501517526353,349.10109560335576,-5763.3304757684,0.2970697506998476
PHEO_red_281_cutoff_7.5.inp.out,259.77293343620494,-0.2487,0.1903,21.0929,57.0,-1305.528747521,330.39258830926235,430.93087020474536,-5914.013142041,0.2903689723998468
PHEO_red_282_cutoff_7.5.inp.out,258.5715449868844,-0.2551,0.1751,17.0366,56.0,-1305.3382408363,214.86679649381847,350.58446624257283,-5838.3235126359,0.2976556164003341
PHEO_red_283_cutoff_7.5.inp.out,257.4887658207246,-0.2626,0.1728,15.4006,56.0,-1305.7258460535,118.38834070429836,265.0860413621321,-5838.6868151575,0.3023676370003159
PHEO_red_284_cutoff_7.5.inp.out,258.4514397197725,-0.2615,0.1789,25.9988,54.0,-1305.7914160796,58.64954586042532,196.7777422000041,-5687.7286535058,0.2993005856005766
PHEO_red_285_cutoff_7.5.inp.out,259.7727484232954,-0.2574,0.1979,22.1166,59.0,-1304.5326716811,244.63260829902632,294.38321605170455,-6064.1005055717,0.2956172425001568
PHEO_red_286_cutoff_7.5.inp.out,258.22611608359335,-0.2353,0.2044,19.9331,58.0,-1304.9207537668,206.05767271853304,463.0404090885293,-5988.9139670852,0.2814095437006472
PHEO_red_287_cutoff_7.5.inp.out,259.6568014596291,-0.2494,0.1924,23.7025,56.0,-1305.3329095577,319.3307926780324,392.56724728217694,-5838.2593327279,0.288141357299537
PHEO_red_288_cutoff_7.5.inp.out,258.7893619325377,-0.2549,0.1723,11.6214,58.0,-1304.8252283913,-15.26191941917381,176.56862240859584,-5988.7681936436,0.2943358814000021
PHEO_red_289_cutoff_7.5.inp.out,257.12113628555295,-0.263,0.1717,14.0454,62.0,-1303.9552887902,87.42933180171883,233.0988281120045,-6290.0607255203,0.3027847313996972
PHEO_red_28_cutoff_7.5.inp.out,256.71399313325963,-0.2342,0.1909,19.3071,55.0,-1306.3106054512,301.153702826677,280.4093178776933,-5763.6782048179,0.2758566706997953
PHEO_red_290_cutoff_7.5.inp.out,258.52046106238987,-0.2598,0.1851,21.9455,63.0,-1303.1377045519,188.76399741113272,243.73296324281765,-6364.7494498757,0.2950149527996473
PHEO_red_291_cutoff_7.5.inp.out,257.84373025637876,-0.2436,0.2018,18.0574,55.0,-1306.1777808091,236.47573865743055,528.8794100378728,-5763.5066756298,0.287093669800015
PHEO_red_292_cutoff_7.5.inp.out,255.17834336228023,-0.245,0.1776,23.8673,55.0,-1306.2320040836,195.26047762284347,384.3531720148349,-5763.6421476029,0.2865007046993924
PHEO_red_293_cutoff_7.5.inp.out,256.81377862636043,-0.2392,0.1959,22.47,53.0,-1306.4699296296,254.1066514956588,327.85523711198874,-5612.7353508477,0.2772202430996913
PHEO_red_294_cutoff_7.5.inp.out,255.0187929278938,-0.2256,0.2141,13.8706,56.0,-1305.7633767841,453.59432172629994,392.9432045141479,-5838.5830242779,0.2652721663998818
PHEO_red_295_cutoff_7.5.inp.out,255.78879195228728,-0.208,0.2285,22.5897,57.0,-1305.3016792941,437.58320120999014,340.08776375817416,-5913.7346074932,0.2518383425995125
PHEO_red_296_cutoff_7.5.inp.out,255.4181105264088,-0.2239,0.2044,25.6028,54.0,-1306.3533927983,475.934995047951,562.4149036647378,-5688.2021384485,0.2626733949000481
PHEO_red_297_cutoff_7.5.inp.out,256.0578556942206,-0.2154,0.2147,25.5932,56.0,-1306.0224960602,328.25273945422913,442.5205105654296,-5839.0328335956,0.2636548718000995
PHEO_red_298_cutoff_7.5.inp.out,259.3273909646458,-0.2316,0.213,30.4412,56.0,-1305.8674227579,211.75674102080217,252.98502061259168,-5838.8093074446,0.2708249467996211
PHEO_red_299_cutoff_7.5.inp.out,258.74200701429163,-0.2384,0.1966,28.979,55.0,-1306.2702219627,150.59524470305695,268.5017515149464,-5763.6771894825,0.2794569377001608
PHEO_red_29_cutoff_7.5.inp.out,254.8884716004173,-0.2408,0.1897,14.9068,58.0,-1305.2621247869,207.88783941813335,306.1581962129209,-5989.2684997776,0.2853738751000492
PHEO_red_2_cutoff_7.5.inp.out,259.82226100860015,-0.235,0.2038,18.6446,53.0,-1306.5738355864,-48.40884306134984,-159.65936304660454,-5612.7847294522,0.2808469402998526
PHEO_red_300_cutoff_7.5.inp.out,256.58437062082885,-0.2406,0.2075,8.4278,56.0,-1305.9590875593,452.7801911552712,773.5992239847062,-5838.7768165826,0.2802453657996011
PHEO_red_301_cutoff_7.5.inp.out,257.59442029143725,-0.2357,0.2138,18.0318,55.0,-1306.2134178887,565.8792597734425,551.130309383855,-5763.4697262129,0.2814087606002431
PHEO_red_302_cutoff_7.5.inp.out,258.73058887108635,-0.2605,0.1721,6.6104,51.0,-1307.6101873945,222.57303808445187,465.1581634637265,-5462.809974914,0.298381697599325
PHEO_red_303_cutoff_7.5.inp.out,256.57335185222047,-0.2734,0.156,4.6507,52.0,-1307.1295900038,219.3559429077975,424.0936289598131,-5537.8254524585,0.3128812936993199
PHEO_red_304_cutoff_7.5.inp.out,257.9647800466959,-0.2309,0.2085,15.2073,52.0,-1307.3031322387,206.6827329224672,252.9682383452618,-5538.0425591279,0.271825781199368
PHEO_red_305_cutoff_7.5.inp.out,257.4056521778406,-0.2431,0.2005,13.5828,53.0,-1307.0845600434,102.56793172279606,76.0594867993551,-5613.3499151711,0.27997384650007
PHEO_red_306_cutoff_7.5.inp.out,255.6160631624239,-0.24,0.1932,17.3314,56.0,-1305.8335542017,253.5736675488587,263.77787065043805,-5838.6546333568,0.2762232752002092
PHEO_red_307_cutoff_7.5.inp.out,257.0447169742499,-0.238,0.2055,11.167,58.0,-1305.6199401285,348.32660235076474,154.00154217778967,-5989.4795753447,0.2770676967002146
PHEO_red_308_cutoff_7.5.inp.out,255.34745983680597,-0.2653,0.1726,8.9508,54.0,-1306.6044158708,-32.58080888700216,27.218440863881497,-5688.3815140552,0.2999319937998734
PHEO_red_309_cutoff_7.5.inp.out,257.7373839473555,-0.2606,0.1678,4.9727,55.0,-1305.768251308,-40.78644236967393,-33.28637449504663,-5763.13425223,0.2998505216000922
PHEO_red_30_cutoff_7.5.inp.out,257.3550863815545,-0.2605,0.176,28.2523,57.0,-1305.1745318324,-46.42952287459205,-43.23402404527256,-5913.6792070915,0.2929077573999166
PHEO_red_310_cutoff_7.5.inp.out,256.80754189941126,-0.2139,0.2113,11.9675,54.0,-1306.8459792944,190.90813194552007,164.48478937303537,-5688.6166184849,0.2686728977005259
PHEO_red_311_cutoff_7.5.inp.out,253.47750701995813,-0.2246,0.2019,12.9301,56.0,-1305.8153881933,54.63684100698395,-42.88516787352308,-5838.6577154387,0.2722001594001995
PHEO_red_312_cutoff_7.5.inp.out,257.9811258365124,-0.2317,0.1912,7.1421,54.0,-1306.4221134167,-107.24136035000916,-145.97565109102845,-5688.1907133016,0.2823809079000057
PHEO_red_313_cutoff_7.5.inp.out,256.39348673691285,-0.2265,0.207,11.2877,53.0,-1306.8502644988,34.469282547045445,-32.053404196233885,-5613.1582814301,0.2759398025000337
PHEO_red_314_cutoff_7.5.inp.out,257.22376770966264,-0.2543,0.1827,18.8913,49.0,-1308.2674534201,45.24679905374409,30.063458161399183,-5312.4028113907,0.2986608683004306
PHEO_red_315_cutoff_7.5.inp.out,259.6309178127038,-0.2336,0.201,7.8159,51.0,-1307.3767478237,-91.26055797982976,-178.18853775092535,-5462.5483576001,0.2840938520002964
PHEO_red_316_cutoff_7.5.inp.out,258.142540608301,-0.236,0.1863,7.1437,52.0,-1306.9143762735,-189.745146566245,-363.7329042355571,-5537.6117685786,0.2871580847004225
PHEO_red_317_cutoff_7.5.inp.out,258.63667918242754,-0.2335,0.2072,11.0046,51.0,-1307.5079870793,73.23009616305927,27.765678471752537,-5462.6547924476,0.2781569516000672
PHEO_red_318_cutoff_7.5.inp.out,256.4965923424765,-0.239,0.1773,20.3708,52.0,-1306.9157032582,-56.50815368946475,-8.992364249303169,-5537.6546630999,0.288672534800753
PHEO_red_319_cutoff_7.5.inp.out,259.7392726653937,-0.2464,0.1839,11.7143,49.0,-1308.5326681526,199.30951365660044,254.7158420410191,-5312.6759403233,0.2862343328997667
PHEO_red_31_cutoff_7.5.inp.out,256.4558887233579,-0.2489,0.1799,23.094,55.0,-1306.1164639691,205.65056300122868,80.8492333049316,-5763.5115556841,0.2864123674999064
PHEO_red_320_cutoff_7.5.inp.out,258.67778620137034,-0.2302,0.2057,3.4932,51.0,-1307.7884373597,279.9013267658139,298.7603748620778,-5462.9133053917,0.2690111327001432
PHEO_red_321_cutoff_7.5.inp.out,256.5074529640634,-0.2276,0.1884,16.6797,52.0,-1307.3377073991,125.23485715005786,147.3376367912736,-5538.0579135076,0.2752389296001638
PHEO_red_322_cutoff_7.5.inp.out,256.10123581516416,-0.232,0.1884,22.2358,53.0,-1306.8494186481,122.42304312282356,135.41288431181792,-5613.1444130504,0.2766503237999131
PHEO_red_323_cutoff_7.5.inp.out,257.8127233305237,-0.2273,0.2065,20.9602,52.0,-1307.2491815037,140.8859191463357,164.20235205293238,-5537.9689395337,0.2697499519999837
PHEO_red_324_cutoff_7.5.inp.out,255.4815887329525,-0.2778,0.1535,20.6002,54.0,-1306.5827588207,-34.261400479937386,-130.7296768375831,-5688.3744355463,0.3112965042000724
PHEO_red_325_cutoff_7.5.inp.out,256.47848129391446,-0.2505,0.1731,16.1884,56.0,-1306.2621292287,32.580916174457855,24.191642227495787,-5839.0491163042,0.2921880245003194
PHEO_red_326_cutoff_7.5.inp.out,258.5830180229804,-0.2505,0.1936,19.1549,57.0,-1305.6288640745,66.5148999904096,101.82196632808248,-5913.9960828473,0.2902460306995635
PHEO_red_327_cutoff_7.5.inp.out,257.4873022445449,-0.2515,0.1848,26.5287,57.0,-1305.6880526397,-77.81207359025653,-39.524602067988866,-5914.0128708145,0.2900113354999121
PHEO_red_328_cutoff_7.5.inp.out,257.8531145226528,-0.2474,0.1818,33.3727,56.0,-1305.6223242424,70.15449296631444,95.83772145180151,-5838.5016496278,0.2880409367007814
PHEO_red_329_cutoff_7.5.inp.out,256.87971901460213,-0.2423,0.1734,27.1136,58.0,-1305.5544092489,47.12132935733278,75.24546329024764,-5989.4875424558,0.2849285481997867
PHEO_red_32_cutoff_7.5.inp.out,255.66600491533603,-0.2538,0.1725,16.8281,55.0,-1305.9178442341,61.74783904341079,169.70930335403003,-5763.2750436138,0.2953015327993853
PHEO_red_330_cutoff_7.5.inp.out,258.1597647227786,-0.2381,0.1971,30.0844,56.0,-1305.6796463792,54.07420005727619,14.132977877115184,-5838.6047643849,0.28348409659975
PHEO_red_331_cutoff_7.5.inp.out,257.83832487850214,-0.2474,0.1975,20.1099,53.0,-1306.8216443525,68.77256186707356,118.0282205013602,-5613.1841005657,0.2879144976004681
PHEO_red_332_cutoff_7.5.inp.out,258.8073272961452,-0.2537,0.1765,18.4433,57.0,-1305.6595805504,-53.204482710003624,18.852176656341157,-5914.0651842395,0.291121199700683
PHEO_red_333_cutoff_7.5.inp.out,258.82267019086663,-0.2748,0.162,18.7126,54.0,-1306.3738605857,-156.93202201456828,-138.28947740435035,-5688.2078665675,0.3097340135000195
PHEO_red_334_cutoff_7.5.inp.out,254.87695602756835,-0.2616,0.1829,15.6971,54.0,-1306.8718001947,75.19005651833336,15.745852616421782,-5688.6779024322,0.2983384547005698
PHEO_red_335_cutoff_7.5.inp.out,258.26211186197713,-0.2661,0.182,17.6288,55.0,-1305.9091084528,49.93225607839471,1.146059945599196,-5763.1970173202,0.2981308537000586
PHEO_red_336_cutoff_7.5.inp.out,256.0633997712679,-0.2632,0.1794,6.2087,50.0,-1308.0190482208,20.30167101133774,-12.88452703204851,-5387.7018065724,0.2983960596002362
PHEO_red_337_cutoff_7.5.inp.out,256.03428250815654,-0.2509,0.1851,16.3905,50.0,-1307.4232629108,-25.34508515651694,-130.86222918979163,-5387.1648180756,0.2909328233999986
PHEO_red_338_cutoff_7.5.inp.out,258.09825355899125,-0.2172,0.2039,14.2259,52.0,-1307.1278502506,62.64087159145869,-50.231936307403885,-5537.9328093953,0.2629139998998653
PHEO_red_339_cutoff_7.5.inp.out,253.2024882230975,-0.2233,0.2038,15.3676,48.0,-1308.3840629425,91.35927223687376,11.147525091017732,-5237.0540539757,0.271529344299779
PHEO_red_33_cutoff_7.5.inp.out,258.83605562306064,-0.2489,0.1753,25.3941,53.0,-1307.0406553252,237.56422674179524,310.08978598248615,-5613.3884847957,0.2860795763999704
PHEO_red_340_cutoff_7.5.inp.out,258.9132161255321,-0.2587,0.1746,16.3732,56.0,-1305.8360831429,225.71809822029493,265.75490099218473,-5838.7209850129,0.297214269899996
PHEO_red_341_cutoff_7.5.inp.out,256.7179617375451,-0.251,0.182,11.0713,54.0,-1306.6805589677,228.9778637447597,321.16292323075095,-5688.5850667745,0.2964025006003794
PHEO_red_342_cutoff_7.5.inp.out,257.44286483680764,-0.2458,0.1828,13.5875,51.0,-1307.0982483164,328.198175534163,423.8142600073738,-5462.4134051212,0.2905627232994447
PHEO_red_343_cutoff_7.5.inp.out,258.0120295063171,-0.2446,0.1934,7.9869,52.0,-1307.1158845378,412.6519344723265,592.8753255720123,-5537.9357246849,0.2858341867995477
PHEO_red_344_cutoff_7.5.inp.out,255.47895611321815,-0.2283,0.2068,7.2699,50.0,-1307.6937390539,448.58139952329253,416.753128901594,-5387.3970988929,0.2738991575997715
PHEO_red_345_cutoff_7.5.inp.out,258.34724573303913,-0.2454,0.184,6.1847,55.0,-1306.1028446347,21.067836021227365,-19.599305898232927,-5763.4946144142,0.2886404241999116
PHEO_red_346_cutoff_7.5.inp.out,257.30009214420886,-0.2438,0.1768,10.1596,56.0,-1305.6528515014,85.82846464621406,-59.60834139826232,-5838.5761476021,0.2861565008997786
PHEO_red_347_cutoff_7.5.inp.out,257.89994735130057,-0.2555,0.1666,21.4213,54.0,-1306.2707835986,45.70647305870573,43.79394126250384,-5688.032527063,0.2927249148997362
PHEO_red_348_cutoff_7.5.inp.out,257.04338133609605,-0.2485,0.1819,10.096,55.0,-1306.2932337478,-135.54783666123296,-168.5753138086339,-5763.6566355466,0.2908475123003882
PHEO_red_349_cutoff_7.5.inp.out,257.5587671226663,-0.2152,0.2125,21.0593,54.0,-1306.288276901,237.54372515177351,212.8272504259133,-5688.1276749888,0.2612700129993754
PHEO_red_34_cutoff_7.5.inp.out,256.58681105312235,-0.263,0.1637,30.5708,57.0,-1305.1828392047,2.3567300933844884,66.5319360320724,-5913.593217537,0.3035612338007922
PHEO_red_350_cutoff_7.5.inp.out,255.17166975721037,-0.2241,0.2071,29.8607,54.0,-1306.3446259611,12.27457902268394,159.39757943548335,-5688.2208525672,0.2724114357006328
PHEO_red_351_cutoff_7.5.inp.out,257.30565133477796,-0.225,0.2045,42.3975,54.0,-1306.2588268217,326.80618791323815,452.4579151154902,-5688.1411842739,0.2665288825000971
PHEO_red_352_cutoff_7.5.inp.out,256.4893280081769,-0.2307,0.1933,26.5839,51.0,-1307.2361590644,394.17628644257974,485.899212407276,-5462.4667577045,0.2811098145002688
PHEO_red_353_cutoff_7.5.inp.out,256.2639784262211,-0.2424,0.1862,25.8572,50.0,-1307.4879286467,228.42683429061785,339.0216250730937,-5387.219557082,0.2873542101997373
PHEO_red_354_cutoff_7.5.inp.out,258.5560962824825,-0.2257,0.2017,28.0964,53.0,-1306.7804133955,324.37083911765177,416.0399662553726,-5613.0448025192,0.2693143736005368
PHEO_red_355_cutoff_7.5.inp.out,254.3503818201541,-0.2276,0.1959,33.0098,53.0,-1306.4771498348,227.2950384517165,323.96000868574873,-5612.7126481268,0.274950366199846
PHEO_red_356_cutoff_7.5.inp.out,255.5314586969428,-0.2414,0.1687,38.8284,57.0,-1305.2072465506,-13.845608477428923,70.11677062876002,-5913.6127029269,0.2855328948999158
PHEO_red_357_cutoff_7.5.inp.out,253.23109964528192,-0.2423,0.1849,43.2785,55.0,-1306.0613751302,-158.38054187977508,-90.58158583073237,-5763.4341426651,0.2835337401002107
PHEO_red_358_cutoff_7.5.inp.out,253.5666735028109,-0.2332,0.1962,42.5381,55.0,-1305.7705916026,-185.1222694673028,-181.16355573081057,-5763.1463920396,0.2827490020999903
PHEO_red_359_cutoff_7.5.inp.out,254.396713009374,-0.2263,0.1889,37.6409,51.0,-1307.3574825429,-8.06756410601857,55.779164764350305,-5462.6096958144,0.2731050904003496
PHEO_red_35_cutoff_7.5.inp.out,257.6419085896296,-0.2395,0.1951,30.5047,57.0,-1305.57978576,264.95459112564413,261.4243378721068,-5914.0059860887,0.2829619732001447
PHEO_red_360_cutoff_7.5.inp.out,254.75119232611067,-0.237,0.1873,38.3359,49.0,-1308.0397032478,-259.1732345715532,-320.4182467008952,-5312.2193111486,0.2905687633001435
PHEO_red_361_cutoff_7.5.inp.out,255.10974257785108,-0.2571,0.1825,31.3953,53.0,-1306.3222694893,-233.22965210982665,-472.24506070116394,-5612.6017915672,0.2950134644997888
PHEO_red_362_cutoff_7.5.inp.out,256.51056790721015,-0.2653,0.1702,24.662,56.0,-1305.7157589096,-111.33985851663384,-190.78708119117525,-5838.6486330608,0.3020216021004671
PHEO_red_363_cutoff_7.5.inp.out,254.24976085906383,-0.2647,0.1664,27.7351,55.0,-1305.7507530521,-40.99467957077769,-41.85168704763179,-5763.1019743609,0.3032200193001699
PHEO_red_364_cutoff_7.5.inp.out,255.69404574508945,-0.2483,0.1762,31.186,55.0,-1306.3152426327,114.17669859275684,-15.275442033738525,-5763.7337301119,0.2900381214994922
PHEO_red_365_cutoff_7.5.inp.out,255.96982923574436,-0.2444,0.1931,24.6777,54.0,-1305.7933360346,-36.12245803659222,-120.41717646343614,-5687.6818416175,0.2860131084999011
PHEO_red_366_cutoff_7.5.inp.out,256.0273126048242,-0.2701,0.1662,27.6092,55.0,-1306.032544256,-142.22285537765094,-322.24330165535576,-5763.4305870909,0.3100529067996831
PHEO_red_367_cutoff_7.5.inp.out,258.32858172969145,-0.2491,0.1847,19.7893,58.0,-1304.5501679334,-212.3049242833185,-271.6377221597729,-5988.5648189129,0.2970160759005011
PHEO_red_368_cutoff_7.5.inp.out,257.3097404596996,-0.2297,0.2076,26.3987,58.0,-1304.7969193511,-10.213545267736936,-282.5103212223476,-5988.8107343918,0.2790392142997007
PHEO_red_369_cutoff_7.5.inp.out,257.39578356201616,-0.2357,0.1872,34.9909,58.0,-1304.7802754443,322.9598766935501,162.33253440401955,-5988.7615701144,0.2811372162004772
PHEO_red_36_cutoff_7.5.inp.out,256.2521224753797,-0.2262,0.2071,26.142,56.0,-1306.1528687815,406.1668752460387,368.3635032249025,-5839.0358540871,0.2693125215000691
PHEO_red_370_cutoff_7.5.inp.out,259.5132041296578,-0.23,0.2017,32.3601,58.0,-1304.464865168,438.1676817045316,268.1101614659046,-5988.3999738911,0.2778194541997436
PHEO_red_371_cutoff_7.5.inp.out,258.71555966976416,-0.2459,0.1798,32.6006,56.0,-1305.4612262113,220.88479840803245,443.7918614046853,-5838.3645700237,0.2908053454993933
PHEO_red_372_cutoff_7.5.inp.out,258.6419579445625,-0.2389,0.2007,37.1762,56.0,-1305.3751857531,128.9582320119136,182.35534521923597,-5838.2317098353,0.2780841629000861
PHEO_red_373_cutoff_7.5.inp.out,258.54492488524784,-0.2396,0.2015,21.8737,59.0,-1304.2376940891,186.9905610179601,313.50737285971553,-6063.7174730402,0.2844256354001118
PHEO_red_374_cutoff_7.5.inp.out,255.97594361719416,-0.2511,0.1844,8.4425,59.0,-1304.2794101649,280.96500551087604,730.2970536579711,-6063.7420429212,0.2894475990997307
PHEO_red_375_cutoff_7.5.inp.out,256.0132328107641,-0.2635,0.1651,15.2026,53.0,-1306.1242922198,252.4079207345402,519.6687035617364,-5612.3779060066,0.30470504169989
PHEO_red_376_cutoff_7.5.inp.out,256.1261673478487,-0.2434,0.1847,8.4679,48.0,-1307.7862896086,93.61256931108848,442.24606764637,-5236.4455418164,0.2909083861004546
PHEO_red_377_cutoff_7.5.inp.out,257.8662411749466,-0.2442,0.1928,16.0579,51.0,-1306.5974872298,232.93983419287105,336.2381301143678,-5461.8372421066,0.2874217059006696
PHEO_red_378_cutoff_7.5.inp.out,257.3550947670725,-0.23,0.1908,20.4669,51.0,-1306.6718812457,116.96472138029416,230.00240073460023,-5461.9311613967,0.2798844735007151
PHEO_red_379_cutoff_7.5.inp.out,256.53726437773827,-0.2393,0.1849,14.9237,49.0,-1307.6665320591,299.1903267490379,254.81945166282875,-5311.8909001962,0.2921918690999519
PHEO_red_37_cutoff_7.5.inp.out,256.7704499073825,-0.2345,0.2117,31.3871,57.0,-1305.2199724358,319.8990309746267,219.08948408581563,-5913.6365714834,0.2726205488997948
PHEO_red_380_cutoff_7.5.inp.out,258.09009295422095,-0.2645,0.1668,7.3142,58.0,-1305.0649609734,126.0207776720885,176.0050123537095,-5988.9841378891,0.3046371629998248
PHEO_red_381_cutoff_7.5.inp.out,254.6417058049551,-0.2501,0.1751,7.342,56.0,-1305.6041433947,287.792840163172,252.83616112893444,-5838.4922943556,0.2888089427997329
PHEO_red_382_cutoff_7.5.inp.out,255.44908606754257,-0.2321,0.2026,10.7983,56.0,-1305.5924929636,500.6979065211072,447.37297303212347,-5838.4494274925,0.2794968168000196
PHEO_red_383_cutoff_7.5.inp.out,255.32206519612248,-0.2628,0.1644,14.2922,57.0,-1305.3629093531,354.0744909893073,422.6766824085461,-5913.8360302283,0.2991277988994625
PHEO_red_384_cutoff_7.5.inp.out,257.3759371409598,-0.2319,0.1869,7.6715,55.0,-1306.2300849143,433.0339847108792,502.269167342926,-5763.6063371178,0.2745507232002637
PHEO_red_385_cutoff_7.5.inp.out,255.35411895999317,-0.2588,0.1842,5.2317,53.0,-1306.6814740939,123.69130740586633,133.81228429421492,-5612.9411905746,0.294736743499925
PHEO_red_386_cutoff_7.5.inp.out,258.62743747579265,-0.2253,0.2124,21.7264,55.0,-1306.0270057655,137.47955817518482,185.96432351195216,-5763.3718219367,0.2696090856998125
PHEO_red_387_cutoff_7.5.inp.out,257.22056425692926,-0.2367,0.1918,10.0313,56.0,-1305.6180331507,312.1058143707966,307.10084966258586,-5838.5466329429,0.2754380579999633
PHEO_red_388_cutoff_7.5.inp.out,256.33918693714213,-0.2518,0.1799,16.4988,56.0,-1305.547612453,275.9781730261389,451.6590255363992,-5838.4454213076,0.2877820275998601
PHEO_red_389_cutoff_7.5.inp.out,255.67964473302928,-0.2384,0.1919,23.7187,56.0,-1305.1930294012,125.21963578759636,232.22283199825867,-5838.094481654,0.2768525295996369
PHEO_red_38_cutoff_7.5.inp.out,257.30255497762084,-0.2515,0.1812,39.169,56.0,-1305.7787413404,112.7113791810474,311.08358782190226,-5838.657756731,0.2932053861995882
PHEO_red_390_cutoff_7.5.inp.out,257.1030277792209,-0.2539,0.1798,16.7257,52.0,-1306.9161957891,130.96352538889064,276.98964636823473,-5537.6764000413,0.291749458599952
PHEO_red_391_cutoff_7.5.inp.out,256.41257155207717,-0.2544,0.1792,8.2609,54.0,-1305.5733623357,193.22175994233777,141.3119151093095,-5687.4418352413,0.2920537943000454
PHEO_red_392_cutoff_7.5.inp.out,256.3865451271758,-0.2457,0.1888,7.3228,57.0,-1304.9613159315,295.96569404235413,254.04908156490964,-5913.3716670104,0.2894631019998996
PHEO_red_393_cutoff_7.5.inp.out,258.78942489710295,-0.2213,0.2298,3.816,56.0,-1305.2480020094,284.0106914150837,328.8589682690758,-5838.1601995397,0.2683611288002794
PHEO_red_394_cutoff_7.5.inp.out,257.6173647428177,-0.25,0.1947,13.6895,58.0,-1304.6517106601,92.4475212655702,92.76027450197058,-5988.6462118307,0.2934548330003963
PHEO_red_395_cutoff_7.5.inp.out,255.8500241765464,-0.2408,0.1696,13.374,56.0,-1305.2696762032,88.79269102475834,59.47943375118751,-5838.1235647117,0.2863407132999782
PHEO_red_396_cutoff_7.5.inp.out,254.6708820572134,-0.2592,0.1739,18.0019,59.0,-1303.985613254,-36.13701049800262,18.242385876653135,-6063.4287041469,0.2987350497996885
PHEO_red_397_cutoff_7.5.inp.out,255.67512387555988,-0.2586,0.1821,20.7078,57.0,-1304.7459775805,294.90736603492246,296.6261936122993,-5913.1080366329,0.2886166640000738
PHEO_red_398_cutoff_7.5.inp.out,256.40195096407916,-0.2435,0.1859,24.9418,58.0,-1304.6847008223,158.3065494042031,37.69033297797838,-5988.5657617588,0.2844566183002825
PHEO_red_399_cutoff_7.5.inp.out,256.1306377247394,-0.2703,0.1862,25.4459,57.0,-1304.8310696457,314.1781596664898,287.85117509523144,-5913.2520036801,0.2992101554000328
PHEO_red_39_cutoff_7.5.inp.out,255.59898881153956,-0.2532,0.1741,43.5032,58.0,-1304.9489241144,191.10695746434337,257.48543495311804,-5988.9061811593,0.2925339505000011
PHEO_red_3_cutoff_7.5.inp.out,253.5305092930008,-0.2599,0.1787,17.9763,54.0,-1306.4763940167,-48.97835172120638,-236.8228233931501,-5688.2631432573,0.3017454616992836
PHEO_red_400_cutoff_7.5.inp.out,256.788055371979,-0.2829,0.1766,20.2977,57.0,-1304.9164188605,-110.58612787729456,-240.85662866181627,-5913.2617887695,0.3089971556000819
PHEO_red_401_cutoff_7.5.inp.out,255.06105009598812,-0.2616,0.1749,22.7506,56.0,-1305.1660187068,-301.71359696107675,-201.9920764288976,-5838.0468653039,0.2985363533998679
PHEO_red_402_cutoff_7.5.inp.out,257.4928964242792,-0.266,0.1619,19.4422,56.0,-1305.2470065941,-133.88750588280936,-105.18910969727922,-5838.0987491969,0.3021217249997789
PHEO_red_403_cutoff_7.5.inp.out,256.8463416226287,-0.2557,0.1848,23.2293,56.0,-1305.4793673453,-5.669165367235399,-72.42644134285172,-5838.3720223421,0.2948067958004685
PHEO_red_404_cutoff_7.5.inp.out,257.6145724415574,-0.2384,0.1991,18.5226,55.0,-1305.4951085257,138.59550781982648,125.49309473575472,-5762.8254832836,0.2798046872003397
PHEO_red_405_cutoff_7.5.inp.out,258.55318054139457,-0.2511,0.1807,12.5773,61.0,-1303.8153267023,134.46407990255125,145.95108252198193,-6214.3715494777,0.287277451099726
PHEO_red_406_cutoff_7.5.inp.out,257.6242494412565,-0.2429,0.208,18.5801,59.0,-1304.2596557616,-16.267817810036544,199.50616437302577,-6063.7841082848,0.2836180023996348
PHEO_red_407_cutoff_7.5.inp.out,259.72321131327703,-0.2386,0.211,12.352,61.0,-1303.5553219844,36.016383064309366,85.38858316794617,-6214.0899031244,0.2803482036997593
PHEO_red_408_cutoff_7.5.inp.out,257.9714718943052,-0.2605,0.1832,12.9198,60.0,-1304.074268114,-105.30869033077724,90.4186651644274,-6139.0843691337,0.2971814047004955
PHEO_red_409_cutoff_7.5.inp.out,255.73092242011072,-0.2286,0.2012,18.4558,58.0,-1304.8274091077,-107.99685080528356,-84.4711117297307,-5988.8467948581,0.2755619694999041
PHEO_red_40_cutoff_7.5.inp.out,259.16033489608367,-0.2766,0.1568,34.1502,58.0,-1304.6759477633,-103.92460701648064,-30.12164423855779,-5988.6799219014,0.3111106585993184
PHEO_red_410_cutoff_7.5.inp.out,257.11228462833617,-0.2193,0.2222,23.9678,59.0,-1304.3842081257,230.435805663635,283.3763505717962,-6063.8780309409,0.2722361681999246
PHEO_red_411_cutoff_7.5.inp.out,258.59214773665286,-0.2246,0.2052,22.405,59.0,-1304.3211762621,158.76574194727937,36.08354228720746,-6063.812941673,0.2768340582006203
PHEO_red_412_cutoff_7.5.inp.out,257.71817235599343,-0.2394,0.1934,10.0209,54.0,-1306.2561318275,106.06153340695204,220.05171279390353,-5688.1269796709,0.2852971019001415
PHEO_red_413_cutoff_7.5.inp.out,259.97862244704277,-0.2386,0.2102,11.5774,60.0,-1304.388354619,295.4298242796517,284.0712467811521,-6139.3930823468,0.2773102422997908
PHEO_red_414_cutoff_7.5.inp.out,258.1518940028117,-0.2208,0.2182,22.8676,59.0,-1304.9892770064,144.77400124512295,106.99393448376928,-6064.472602663,0.2692541057003836
PHEO_red_415_cutoff_7.5.inp.out,258.9527199339673,-0.2299,0.2132,24.8294,58.0,-1304.96259573,95.18365776541212,22.749146502256274,-5988.9359842006,0.2746323246992688
PHEO_red_416_cutoff_7.5.inp.out,258.44604339832796,-0.2265,0.1999,21.4413,59.0,-1304.639412685,169.67099589963095,222.4218113587076,-6064.0731518613,0.2670869848998336
PHEO_red_417_cutoff_7.5.inp.out,260.9553316187446,-0.2329,0.202,19.4834,59.0,-1304.3969570919,-52.223275596562075,-145.40866919814678,-6063.837851063,0.2755065245000878
PHEO_red_418_cutoff_7.5.inp.out,259.7969783607615,-0.2529,0.1973,20.8773,57.0,-1305.6444443553,58.88300415984613,-42.66011969725119,-5914.0120045198,0.289770302800207
PHEO_red_419_cutoff_7.5.inp.out,256.68933140661517,-0.2575,0.1779,33.5814,54.0,-1306.3166449047,-118.87030507597768,-185.4442682012391,-5688.1579564485,0.2953453075997458
PHEO_red_41_cutoff_7.5.inp.out,257.6812630551124,-0.263,0.1643,33.7121,59.0,-1304.0511652589,-136.40800641838902,-196.44868181525447,-6063.5924861497,0.303581375500471
PHEO_red_420_cutoff_7.5.inp.out,258.0329746316924,-0.2498,0.1896,19.9365,49.0,-1308.1844278692,227.90777699389056,293.5081530744941,-5312.3363614529,0.2933508656997219
PHEO_red_421_cutoff_7.5.inp.out,257.31147862522744,-0.2543,0.1792,13.4126,54.0,-1306.3687598646,197.2117655669168,222.7948749158918,-5688.2010744902,0.2939322011006879
PHEO_red_422_cutoff_7.5.inp.out,259.732382393755,-0.2263,0.2038,19.172,56.0,-1305.4058561824,229.48798976209375,118.24001436621948,-5838.3089831659,0.2713248669997483
PHEO_red_423_cutoff_7.5.inp.out,255.53792250786557,-0.2411,0.1841,20.1796,53.0,-1306.9109550544,183.0733339886387,186.4448299500037,-5613.2028480443,0.2850127923002219
PHEO_red_424_cutoff_7.5.inp.out,255.66507125456795,-0.2314,0.1941,3.7929,57.0,-1305.4473849505,329.513244200186,221.23569657223936,-5913.8167948052,0.2718914422002854
PHEO_red_425_cutoff_7.5.inp.out,257.36323730839626,-0.2481,0.181,9.1605,54.0,-1306.2311303414,251.9708576669326,278.2618607360558,-5688.0841289184,0.2836784945002364
PHEO_red_426_cutoff_7.5.inp.out,255.07077673588532,-0.2375,0.1836,12.6089,53.0,-1306.5054144016,285.16831725554215,177.45457564255702,-5612.7226622887,0.2823920064001868
PHEO_red_427_cutoff_7.5.inp.out,256.7419782039074,-0.2522,0.1761,14.5608,54.0,-1306.4470290275,-12.217337770684924,10.741506796773177,-5688.2267085157,0.2941326677992038
PHEO_red_428_cutoff_7.5.inp.out,253.17829154616427,-0.2507,0.1715,18.0674,52.0,-1306.7691809259,191.0628822039812,200.79792893228517,-5537.5099408722,0.2893086335998305
PHEO_red_429_cutoff_7.5.inp.out,256.2272431116378,-0.263,0.1682,15.7232,50.0,-1307.6024407063,214.02470253177012,345.90697495374013,-5387.2382057116,0.2963635648002309
PHEO_red_42_cutoff_7.5.inp.out,255.1170927661154,-0.2611,0.1572,36.7402,59.0,-1304.2113161067,-105.40970863755231,-20.995483516058023,-6063.666518886,0.2992616550000093
PHEO_red_430_cutoff_7.5.inp.out,254.41344020043937,-0.2453,0.1818,10.4713,50.0,-1307.5396341216,74.39526266436692,101.15770287006028,-5387.2294020185,0.2848727281998435
PHEO_red_431_cutoff_7.5.inp.out,256.1474305860807,-0.2698,0.1627,5.775,51.0,-1307.1269873653,-4.53546147549573,5.311946873335523,-5462.3086787909,0.302602805099923
PHEO_red_432_cutoff_7.5.inp.out,259.76009998719263,-0.2524,0.1893,12.1623,54.0,-1306.1930009214,48.82155731150253,45.19714047800885,-5688.0367533085,0.2889341858999614
PHEO_red_433_cutoff_7.5.inp.out,256.26409874739414,-0.232,0.203,4.4168,51.0,-1307.448908363,-22.94699950670579,-133.86520142040462,-5462.753098712,0.2717960916997981
PHEO_red_434_cutoff_7.5.inp.out,258.4837184791593,-0.2312,0.2099,9.9634,54.0,-1306.3032578138,264.3330258005664,304.84279041738046,-5688.1835986951,0.2733315597997716
PHEO_red_435_cutoff_7.5.inp.out,259.3671145334079,-0.2253,0.2014,15.5511,55.0,-1306.2951017994,193.47747224625633,416.7019019403582,-5763.6829443495,0.273027221400298
PHEO_red_436_cutoff_7.5.inp.out,257.28956549009905,-0.2384,0.1902,7.4947,51.0,-1306.8955926813,259.82091006877675,464.23334561301624,-5462.1412612592,0.285190699800296
PHEO_red_437_cutoff_7.5.inp.out,255.74635447922637,-0.2435,0.1831,4.3379,55.0,-1305.9686508702,440.9079318081958,545.7700393741914,-5763.3143478801,0.2792646368006899
PHEO_red_438_cutoff_7.5.inp.out,254.05233596662305,-0.2484,0.1757,9.7471,53.0,-1306.6140658851,240.0392202936352,520.5984110225116,-5612.9515320345,0.2932882321001671
PHEO_red_439_cutoff_7.5.inp.out,256.2642785206552,-0.2369,0.1973,6.7043,55.0,-1305.5104875302,284.59388065669765,502.6208245899063,-5762.8299732587,0.2779463276001479
PHEO_red_43_cutoff_7.5.inp.out,257.2415539075868,-0.2543,0.1733,49.3024,60.0,-1304.184222128,-262.280101112028,-314.7592367313568,-6139.1618479417,0.2930637052995735
PHEO_red_440_cutoff_7.5.inp.out,253.544450498168,-0.2383,0.191,9.097,54.0,-1306.1272646274,572.0214362731398,827.869450453929,-5687.9598645879,0.2757973174993822
PHEO_red_441_cutoff_7.5.inp.out,255.6337168662017,-0.2381,0.2056,14.214,55.0,-1305.9964312202,-16.71249306836765,72.81149900406879,-5763.3455823287,0.2775905518992658
PHEO_red_442_cutoff_7.5.inp.out,257.2586861935284,-0.242,0.1962,13.5841,54.0,-1305.8249767111,373.5530726519386,383.7553067274745,-5687.6747314792,0.2804729376002797
PHEO_red_443_cutoff_7.5.inp.out,255.0438675281683,-0.2603,0.1714,21.4562,54.0,-1306.2812555812,160.83341248451862,240.39254241352023,-5688.1885497318,0.2974417079994964
PHEO_red_444_cutoff_7.5.inp.out,259.06198327345976,-0.2482,0.1948,20.2244,56.0,-1305.6797267944,261.2026216257307,356.0015104021717,-5838.5842940083,0.2858974102000502
PHEO_red_445_cutoff_7.5.inp.out,256.72850328255754,-0.2391,0.1984,18.5677,58.0,-1304.8068399768,204.4303831700957,355.8958838856588,-5988.7509185453,0.2785441721998722
PHEO_red_446_cutoff_7.5.inp.out,258.2378349587545,-0.2483,0.1865,9.628,57.0,-1305.2209812586,262.6874955067784,463.6256844941283,-5913.6459733248,0.2900792194996029
PHEO_red_447_cutoff_7.5.inp.out,258.03615712590073,-0.2392,0.1991,19.9856,54.0,-1305.8337723221,369.72671844660545,721.8747901432164,-5687.7073894597,0.2792854442996031
PHEO_red_448_cutoff_7.5.inp.out,256.9257358601035,-0.2655,0.1594,8.3534,54.0,-1306.2859130739,246.18460887901804,495.8871817582417,-5688.1015551759,0.3062810429000819
PHEO_red_449_cutoff_7.5.inp.out,255.45235777391753,-0.2468,0.1775,10.5417,52.0,-1306.660527899,437.0088422393147,656.9686894357644,-5537.424046165,0.2874756888004413
PHEO_red_44_cutoff_7.5.inp.out,256.44248094700936,-0.241,0.1869,47.6729,59.0,-1304.8352840081,-85.32364831167288,-97.94602527754948,-6064.3284331183,0.2857222270004058
PHEO_red_450_cutoff_7.5.inp.out,255.41797062995283,-0.2566,0.176,9.5009,55.0,-1305.5670395252,198.7611350192115,319.7025727080086,-5762.9020497392,0.2878359533997354
PHEO_red_451_cutoff_7.5.inp.out,254.23315894124588,-0.2397,0.1834,12.798,57.0,-1305.0393600752,61.033130792822185,49.16332316935184,-5913.4913569366,0.2785900279995985
PHEO_red_452_cutoff_7.5.inp.out,256.72556239631393,-0.2255,0.2119,11.7614,51.0,-1307.1971850973,-11.31119032325132,-29.78429959118535,-5462.4045612062,0.2727456839002116
PHEO_red_453_cutoff_7.5.inp.out,258.9964982933341,-0.2508,0.1826,16.6909,50.0,-1307.4479356488,135.54734060121052,189.23862854708605,-5387.0653043511,0.291666408799756
PHEO_red_454_cutoff_7.5.inp.out,260.4018309941134,-0.2365,0.1901,19.9469,51.0,-1307.2578745828,218.44620964187575,300.35138134942287,-5462.4918972935,0.2811291157995583
PHEO_red_455_cutoff_7.5.inp.out,259.64950730291145,-0.2336,0.2022,26.1574,51.0,-1307.3931728064,319.62074416331023,228.699241667337,-5462.6418122062,0.272655218899672
PHEO_red_456_cutoff_7.5.inp.out,255.82278263535727,-0.2513,0.1799,18.6573,54.0,-1306.1433089775,14.449825820115697,2.718719840491837,-5687.9228570309,0.2866551751994848
PHEO_red_457_cutoff_7.5.inp.out,256.9882730856274,-0.2304,0.2216,21.2523,55.0,-1305.8287644365,201.83729949547796,97.4757094615649,-5763.0914856862,0.271231704999991
PHEO_red_458_cutoff_7.5.inp.out,255.34800431433231,-0.2355,0.184,16.7597,53.0,-1306.7123346891,-20.103678974682374,-92.1076158774815,-5612.9822352837,0.2777098551996459
PHEO_red_459_cutoff_7.5.inp.out,255.74252520298245,-0.2187,0.2062,15.4171,52.0,-1307.0200393106,0.2249978730576091,-156.35664613758834,-5537.7870961617,0.2599551524999697
PHEO_red_45_cutoff_7.5.inp.out,256.36232334487426,-0.2516,0.1702,37.0945,56.0,-1305.7718669438,119.5792049963718,34.06708376591838,-5838.6578866429,0.290204552799878
PHEO_red_460_cutoff_7.5.inp.out,257.21203280978466,-0.2345,0.2041,13.6143,53.0,-1306.9384531041,355.6086886669737,495.1678375267413,-5613.1441426423,0.2759757757994521
PHEO_red_461_cutoff_7.5.inp.out,258.3802231948578,-0.2512,0.1889,12.8247,57.0,-1305.3424541346,155.08854697000885,351.12281507465474,-5913.8041305998,0.2855867586004024
PHEO_red_462_cutoff_7.5.inp.out,256.419829897242,-0.2272,0.2143,13.6588,56.0,-1305.3869063658,476.4270386439419,513.07526259377,-5838.3124731677,0.2679107592002765
PHEO_red_463_cutoff_7.5.inp.out,259.2334972477707,-0.2401,0.1952,10.14,58.0,-1304.8596665552,109.50917909730136,396.8978982162671,-5988.8515302693,0.2750951251000515
PHEO_red_464_cutoff_7.5.inp.out,256.757672166476,-0.2866,0.1689,19.0755,56.0,-1306.1358720853,64.0546664315688,217.42276530518535,-5839.0909293071,0.3158715554000082
PHEO_red_465_cutoff_7.5.inp.out,256.1385152892088,-0.254,0.1736,22.2219,55.0,-1306.0540974793,-13.004655112250497,111.05252271567872,-5763.4700794436,0.3007881450002969
PHEO_red_466_cutoff_7.5.inp.out,258.6126081130942,-0.245,0.1815,17.0898,53.0,-1306.8598279744,168.42455194583718,193.05860741220403,-5613.2078725391,0.2891883765996681
PHEO_red_467_cutoff_7.5.inp.out,256.9659035039113,-0.2534,0.1794,18.5903,56.0,-1305.627561103,120.53388210887772,280.65577547216174,-5838.4982600065,0.2952749156002028
PHEO_red_468_cutoff_7.5.inp.out,260.2194187968512,-0.2238,0.2139,22.8768,59.0,-1304.5772019911,447.7429248361538,423.6575962526163,-6064.0747131428,0.2630146486999365
PHEO_red_469_cutoff_7.5.inp.out,259.2222566971872,-0.2651,0.1705,25.7995,58.0,-1304.8901296488,209.6590776632899,449.3717548938628,-5988.8884280292,0.3038876023001648
PHEO_red_46_cutoff_7.5.inp.out,258.63319919488305,-0.225,0.2102,39.4685,58.0,-1304.9184278458,241.77779034300295,100.54102927175806,-5988.9029053842,0.266906544899939
PHEO_red_470_cutoff_7.5.inp.out,258.7798763381812,-0.2537,0.1841,28.4667,58.0,-1304.8443110054,409.045194707012,757.0358525742694,-5988.897370082,0.2949093221996008
PHEO_red_471_cutoff_7.5.inp.out,259.95697778414166,-0.2836,0.1532,15.4252,61.0,-1303.9688794422,449.6923145381071,607.4058345230663,-6214.6302975173,0.3137172528995506
PHEO_red_472_cutoff_7.5.inp.out,260.90199312238076,-0.2489,0.2005,18.8284,57.0,-1305.5507580821,270.3918095415945,518.2461743329131,-5914.0551573082,0.2836763695995614
PHEO_red_473_cutoff_7.5.inp.out,259.26409774359655,-0.2717,0.185,21.3804,56.0,-1306.0278940392,-24.80445448350762,106.46885155863032,-5838.9482751509,0.307701053799974
PHEO_red_474_cutoff_7.5.inp.out,259.9361387244024,-0.2573,0.1704,19.2755,55.0,-1306.1739822567,66.59670465003336,143.47284877057513,-5763.6417728298,0.291323891000502
PHEO_red_475_cutoff_7.5.inp.out,256.50895618652584,-0.238,0.1871,26.2088,56.0,-1305.6758013032,-21.65005671272582,-46.08744606883947,-5838.6320940895,0.2846541795997837
PHEO_red_476_cutoff_7.5.inp.out,254.77438181884193,-0.2584,0.1876,21.5805,58.0,-1305.3906126187,14.350345955187054,-30.20131203926763,-5989.4119999962,0.2940232710998316
PHEO_red_477_cutoff_7.5.inp.out,256.32755288025515,-0.2582,0.1717,19.803,58.0,-1304.7256076337,19.453501845412493,66.1429678224611,-5988.735031987,0.2945701785993151
PHEO_red_478_cutoff_7.5.inp.out,258.0125761128332,-0.2674,0.1686,21.4267,57.0,-1305.5876586849,-29.036536909635934,-13.655364043963711,-5914.071691913,0.298888059899582
PHEO_red_479_cutoff_7.5.inp.out,255.0394565142361,-0.2403,0.1854,19.3445,53.0,-1306.6149704331,82.40365554838219,117.38702967871497,-5612.9622731795,0.2808486388994424
PHEO_red_47_cutoff_7.5.inp.out,255.67277917382972,-0.2169,0.2079,33.602,55.0,-1305.8607797171,158.4139209687033,-5.15394916662599,-5763.2421301683,0.258101496800009
PHEO_red_480_cutoff_7.5.inp.out,255.96545632108837,-0.2628,0.1715,16.4792,55.0,-1305.9898090024,-17.330098038189714,94.14025155115785,-5763.4199238962,0.3008075862999249
PHEO_red_481_cutoff_7.5.inp.out,255.75500388112687,-0.2533,0.1951,20.1099,59.0,-1304.9484949434,-100.71856483169908,-107.14883383163836,-6064.5167751749,0.290374809500463
PHEO_red_482_cutoff_7.5.inp.out,257.81285138072946,-0.2571,0.1806,6.4061,54.0,-1306.2839083415,-31.826533643347744,115.40267878685296,-5688.2412399249,0.2936820184004318
PHEO_red_483_cutoff_7.5.inp.out,254.95542288880108,-0.2526,0.1719,15.0107,54.0,-1306.4933395332,92.72913095249407,153.6930588868963,-5688.323799764,0.2942063462005535
PHEO_red_484_cutoff_7.5.inp.out,257.2373311496519,-0.2472,0.1933,25.3466,55.0,-1306.0468473462,-32.26423435234991,-178.85418065347173,-5763.4417852897,0.2868954075001966
PHEO_red_485_cutoff_7.5.inp.out,258.9976786276862,-0.2439,0.204,18.0023,53.0,-1307.2658319466,-47.783791423665186,-129.3652333898253,-5613.6204627622,0.2832891934995132
PHEO_red_486_cutoff_7.5.inp.out,259.0061548626963,-0.2331,0.2141,28.7304,51.0,-1307.927319112,99.02179887971413,140.45578618715484,-5463.1498852941,0.2730561782000222
PHEO_red_487_cutoff_7.5.inp.out,258.5686897558311,-0.2344,0.197,30.8937,54.0,-1306.3453784932,-19.85365807381271,-35.45911999675492,-5688.220108152,0.281556829299916
PHEO_red_488_cutoff_7.5.inp.out,257.7353619132468,-0.2223,0.2144,25.4712,53.0,-1307.0047282257,-101.7295296344056,-99.4958507142313,-5613.26874659,0.2704106803003014
PHEO_red_489_cutoff_7.5.inp.out,259.7991037314335,-0.2647,0.1879,29.9884,55.0,-1306.7224807449,-161.54745106017177,-10.75397794902483,-5764.1242690972,0.2974135222993936
PHEO_red_48_cutoff_7.5.inp.out,259.39193654146334,-0.2218,0.2217,24.3479,58.0,-1304.8103506073,411.6234656902409,280.4987793816367,-5988.7986278821,0.2589011791997109
PHEO_red_490_cutoff_7.5.inp.out,258.166094108241,-0.2494,0.1985,31.3207,54.0,-1306.7762777498,-357.15655956754347,-296.00452488400504,-5688.6433812547,0.2946706773000187
PHEO_red_491_cutoff_7.5.inp.out,258.1114762398333,-0.2583,0.2049,34.2595,54.0,-1306.5038825365,36.41234586843056,16.942999735165845,-5688.3522465773,0.2957133013005659
PHEO_red_492_cutoff_7.5.inp.out,258.1523296808418,-0.2413,0.197,32.4606,56.0,-1306.1481743124,177.97055091693093,54.02335456714278,-5839.0855687312,0.2816985281997404
PHEO_red_493_cutoff_7.5.inp.out,256.40659031628127,-0.2672,0.1814,22.6112,55.0,-1306.1432098768,179.82659733746706,78.2043734286875,-5763.480200417,0.2995211603001735
PHEO_red_494_cutoff_7.5.inp.out,256.6038899392893,-0.2717,0.1754,35.1919,58.0,-1305.5134886297,-65.26516594412539,-49.84349750176096,-5989.5440607774,0.3102471233005417
PHEO_red_495_cutoff_7.5.inp.out,258.4985452063842,-0.2403,0.2001,34.2613,56.0,-1305.8969934468,-3.62978427059101,-6.042747852731197,-5838.887560221,0.2801252383005703
PHEO_red_496_cutoff_7.5.inp.out,256.3909892900445,-0.2415,0.1948,30.45,54.0,-1306.7247657704,42.60725846896595,-31.26958667220161,-5688.6220848934,0.2878680116000396
PHEO_red_497_cutoff_7.5.inp.out,254.83928812562283,-0.2383,0.2001,30.3877,53.0,-1307.4018833128,70.83229145095369,-10.293286869579974,-5613.7374367111,0.2804287099997964
PHEO_red_498_cutoff_7.5.inp.out,253.8388221504751,-0.2409,0.2073,28.2278,51.0,-1308.0004125461,38.88617370936778,-80.68056689477882,-5463.2508014237,0.2790409717999864
PHEO_red_499_cutoff_7.5.inp.out,257.41820392585015,-0.2427,0.1939,29.0491,50.0,-1308.2587084046,-18.0701105946632,-151.38132436514013,-5388.011213609,0.2808785452998563
PHEO_red_49_cutoff_7.5.inp.out,256.3292779896749,-0.2371,0.1826,18.7655,56.0,-1305.808500991,85.08776283333557,227.9866220731126,-5838.7030303485,0.2807278752998172
PHEO_red_4_cutoff_7.5.inp.out,258.9207306888042,-0.2593,0.1765,14.0775,57.0,-1305.8316904222,-329.9956799364614,-312.38436451582754,-5914.2773307665,0.3031295950995627
PHEO_red_500_cutoff_7.5.inp.out,256.9405545476258,-0.2606,0.1661,8.151,57.0,-1305.1963619162,234.7414881267242,430.6494717471862,-5913.6430536738,0.2990830446997279
PHEO_red_501_cutoff_7.5.inp.out,255.35110580209593,-0.2433,0.2063,16.7292,58.0,-1305.463517898,431.9118062688444,380.4039915088509,-5989.4775808797,0.2852246837001075
PHEO_red_502_cutoff_7.5.inp.out,259.9458594237863,-0.2578,0.1908,15.4886,57.0,-1305.5875665972,299.5601442847325,252.4797697803906,-5914.0182922381,0.2872075001996563
PHEO_red_503_cutoff_7.5.inp.out,257.5882871749836,-0.2502,0.1815,15.1003,51.0,-1308.0122767289,42.88264884220051,132.31754440955442,-5463.2570890401,0.2918384777003666
PHEO_red_504_cutoff_7.5.inp.out,256.3715247213034,-0.2425,0.1849,16.8699,53.0,-1307.3455257108,64.22827985919561,145.6465205074026,-5613.6694770215,0.28739211230004
PHEO_red_505_cutoff_7.5.inp.out,258.063460972521,-0.2587,0.1826,36.5767,57.0,-1306.2441216796,112.16731881659506,83.54488959578877,-5914.650597088,0.2931354311995164
PHEO_red_506_cutoff_7.5.inp.out,254.80010875229183,-0.2496,0.1889,37.463,55.0,-1306.5783417391,108.4689543903192,29.436561381396395,-5763.932935925,0.2954276544005552
PHEO_red_507_cutoff_7.5.inp.out,255.357537165909,-0.2428,0.1861,33.5676,57.0,-1305.7999393993,350.43018677494456,317.4556002204073,-5914.2418601251,0.280885406100424
PHEO_red_508_cutoff_7.5.inp.out,254.46507674416105,-0.2633,0.1605,27.2473,57.0,-1305.9982403042,122.83875753512396,71.83978860161073,-5914.4457919417,0.3027512651997313
PHEO_red_509_cutoff_7.5.inp.out,255.59068911361285,-0.2481,0.1814,26.0203,55.0,-1306.226251119,119.07984520480252,203.7071647310595,-5763.5898389844,0.2872955828997874
PHEO_red_50_cutoff_7.5.inp.out,258.5291508812882,-0.2432,0.1813,23.4194,58.0,-1304.9838413711,134.00141958251575,281.25546868261785,-5988.9311085319,0.2839495965008609
PHEO_red_510_cutoff_7.5.inp.out,255.91857791943116,-0.2325,0.2025,23.3154,57.0,-1305.9167216686,216.7233466631652,195.11539148582904,-5914.3392768883,0.2786058980000234
PHEO_red_511_cutoff_7.5.inp.out,258.6415943390891,-0.2436,0.1756,22.5943,57.0,-1305.5979916831,153.87757033335296,305.449832781334,-5914.0336366652,0.2834673179995661
PHEO_red_512_cutoff_7.5.inp.out,258.7452301065949,-0.2506,0.1966,15.3676,54.0,-1306.2524407618,311.89894383051615,486.6247244683555,-5688.1223425505,0.2873178525005642
PHEO_red_513_cutoff_7.5.inp.out,258.2592954844191,-0.2358,0.1986,7.513,59.0,-1304.9089552849,216.00918120893127,414.32035096673735,-6064.3908526953,0.2761284229991361
PHEO_red_514_cutoff_7.5.inp.out,258.5446042674329,-0.2409,0.1958,11.838,57.0,-1305.4086788006,456.9753585718269,470.5414625500597,-5913.8815465355,0.2804699534999599
PHEO_red_515_cutoff_7.5.inp.out,255.50956458346104,-0.234,0.2007,24.0101,59.0,-1304.7132881872,548.3418060947544,392.5723288681005,-6064.2093658955,0.2762257777994819
PHEO_red_516_cutoff_7.5.inp.out,258.8878277078341,-0.2622,0.1811,32.7751,56.0,-1305.788541419,112.37187062031114,243.55703486140035,-5838.6812921915,0.3014721381996423
PHEO_red_517_cutoff_7.5.inp.out,258.79411565581466,-0.2483,0.19,34.5926,59.0,-1304.243997485,287.02888890864347,411.9676030542924,-6063.8014382564,0.2896621916997901
PHEO_red_518_cutoff_7.5.inp.out,257.14446501394457,-0.2667,0.1765,18.6435,59.0,-1304.3354914772,153.86308476060057,392.02679929787257,-6063.8341616255,0.3025849855002889
PHEO_red_519_cutoff_7.5.inp.out,260.04066235878355,-0.2511,0.1813,24.0208,59.0,-1304.2834807089,324.5808341750763,504.1374158353689,-6063.8271306988,0.290062290700007
PHEO_red_51_cutoff_7.5.inp.out,256.25490262951723,-0.2379,0.1844,24.1884,54.0,-1306.3336153144,134.16348447041534,195.40445190021543,-5688.105603852,0.2840385977997357
PHEO_red_520_cutoff_7.5.inp.out,256.50417315830754,-0.233,0.2101,20.2779,56.0,-1305.2371617836,320.700888217452,516.0692032334614,-5838.1511213147,0.2707532152999192
PHEO_red_521_cutoff_7.5.inp.out,258.25139039703606,-0.2373,0.2007,21.7302,57.0,-1304.8336135005,165.7220175651155,246.81021809249083,-5913.2735419708,0.2748355928997625
PHEO_red_522_cutoff_7.5.inp.out,256.06932382699256,-0.224,0.1996,29.9673,59.0,-1304.2444143011,63.20170501613358,35.423933346035284,-6063.7218271986,0.2628327114998683
PHEO_red_523_cutoff_7.5.inp.out,256.86437954084977,-0.2514,0.1768,22.3373,58.0,-1304.6957221895,-203.43808159328725,-233.59503871932924,-5988.634897224,0.2945193160994677
PHEO_red_524_cutoff_7.5.inp.out,258.18438336756725,-0.2735,0.1735,22.2913,55.0,-1305.8469899754,-155.43182161399432,83.26005626451867,-5763.2530651734,0.3002735741001743
PHEO_red_525_cutoff_7.5.inp.out,258.03201612410817,-0.2343,0.1912,35.8128,57.0,-1305.1246428379,223.6371091727287,325.63826428754766,-5913.5701051893,0.2799186335996637
PHEO_red_526_cutoff_7.5.inp.out,257.4597191513363,-0.2545,0.1921,27.8934,60.0,-1304.1231493659,188.40948825891596,280.0801757235868,-6139.1480839928,0.2862207352000041
PHEO_red_527_cutoff_7.5.inp.out,256.8534939464661,-0.2253,0.2065,23.1859,59.0,-1304.6714677628,336.35888905649455,424.94791678321866,-6064.143026315,0.2704499791998387
PHEO_red_528_cutoff_7.5.inp.out,259.4382501203242,-0.2406,0.1904,19.2786,57.0,-1305.2648824162,95.00082330217728,270.54060152643694,-5913.7859219144,0.2836680666996471
PHEO_red_529_cutoff_7.5.inp.out,257.5272270864946,-0.2707,0.1756,18.6802,57.0,-1305.2593852434,162.47450458987754,219.99225467687648,-5913.7057593904,0.3091514183997788
PHEO_red_52_cutoff_7.5.inp.out,258.7808969588642,-0.212,0.2201,24.603,54.0,-1306.1820107917,271.42466808941276,228.3592979746392,-5688.0217557237,0.2631150297993372
PHEO_red_530_cutoff_7.5.inp.out,260.00109186750115,-0.2723,0.1683,23.9523,59.0,-1304.663978939,143.98549130413687,522.7755259405446,-6064.1876693106,0.3083037730993965
PHEO_red_531_cutoff_7.5.inp.out,257.73065536360434,-0.237,0.1979,16.4628,60.0,-1304.1022684168,312.9190353439692,476.5779903883068,-6139.1553830547,0.281134029799432
PHEO_red_532_cutoff_7.5.inp.out,260.2189127088742,-0.254,0.192,10.6986,63.0,-1303.2975308968,95.255637340523,239.46226675219097,-6364.9285359389,0.2922175904996038
PHEO_red_533_cutoff_7.5.inp.out,256.3658147888641,-0.2428,0.1894,9.7844,60.0,-1304.3017736151,355.306631365301,199.17536380375603,-6139.303865934,0.2882613599995238
PHEO_red_534_cutoff_7.5.inp.out,260.55259486188123,-0.2496,0.18,3.5542,62.0,-1303.8362050041,245.361908151093,334.41570997298385,-6289.9096187034,0.287799739100592
PHEO_red_535_cutoff_7.5.inp.out,259.1203658711641,-0.2384,0.208,8.0403,61.0,-1303.9296363113,151.9739846732214,130.66548984818556,-6214.482121937,0.2809169494003072
PHEO_red_536_cutoff_7.5.inp.out,258.9032973901463,-0.2462,0.1915,3.3294,54.0,-1306.4740509966,194.69970386378483,315.32063183845236,-5688.2459915463,0.2812324731994522
PHEO_red_537_cutoff_7.5.inp.out,258.2255696124531,-0.2186,0.2173,7.4376,55.0,-1306.0361438483,208.5090995228969,341.78031646633934,-5763.4690014161,0.2640849386998525
PHEO_red_538_cutoff_7.5.inp.out,258.3462760531775,-0.2394,0.1966,5.3665,55.0,-1306.2629421287,125.2978420144397,249.205175604383,-5763.6471674697,0.2808456398997805
PHEO_red_539_cutoff_7.5.inp.out,258.9570925997468,-0.2341,0.1807,14.7344,53.0,-1306.9231502444,34.384400644898264,69.76582933105176,-5613.2493658184,0.2803089258004547
PHEO_red_53_cutoff_7.5.inp.out,257.57987979819774,-0.2592,0.1751,12.6351,53.0,-1306.4070992585,-92.90086028805771,-30.28320678379995,-5612.7118678406,0.3019408479003687
PHEO_red_54_cutoff_7.5.inp.out,257.7522486718643,-0.2358,0.1978,13.7606,52.0,-1307.0187476071,99.75816377387736,122.19722806299784,-5537.7515485435,0.2806255441000758
PHEO_red_55_cutoff_7.5.inp.out,257.5372586674789,-0.2355,0.1998,13.7136,48.0,-1308.2244248921,-102.39219232185296,-208.916961482671,-5236.8701025972,0.2799861517005411
PHEO_red_56_cutoff_7.5.inp.out,257.4841274206528,-0.2333,0.2009,12.0213,54.0,-1306.0424982698,186.00079692963513,58.493058808209256,-5687.8304723195,0.2790351862004172
PHEO_red_57_cutoff_7.5.inp.out,256.224624302203,-0.2482,0.1923,8.8824,55.0,-1305.6377361406,90.74798286405051,53.405156624173905,-5762.9439059259,0.2879288091999115
PHEO_red_58_cutoff_7.5.inp.out,258.165171990531,-0.2242,0.2015,6.7805,52.0,-1306.7460754835,239.20525168791468,310.1941989537786,-5537.5190930243,0.2695864866000192
PHEO_red_59_cutoff_7.5.inp.out,255.2082519236684,-0.2286,0.2157,9.2062,55.0,-1306.0548580652,212.9110360781061,243.8519371809912,-5763.3671284435,0.2676629703000799
PHEO_red_5_cutoff_7.5.inp.out,256.0997473968463,-0.2623,0.1622,16.5302,54.0,-1306.4118654478,10.067046324378486,-25.994501487804165,-5688.228161061,0.3006184905998452
PHEO_red_60_cutoff_7.5.inp.out,257.5754191517766,-0.2239,0.2073,16.2359,54.0,-1305.8588722135,416.28724319410577,601.2438089760773,-5687.6413898282,0.2677170884999214
PHEO_red_61_cutoff_7.5.inp.out,255.7355269007112,-0.2536,0.1793,15.0876,55.0,-1305.8327302168,128.67986701360462,162.45649015001223,-5763.1697291815,0.2900534413001878
PHEO_red_62_cutoff_7.5.inp.out,255.62508016270337,-0.2294,0.2017,15.6456,53.0,-1306.8746382725,205.5584231247135,255.8017907296636,-5613.1657654481,0.2751648098001169
PHEO_red_63_cutoff_7.5.inp.out,258.48736783689196,-0.2354,0.1975,21.7426,55.0,-1306.0246908215,64.00759392893326,125.48775703091742,-5763.4248106407,0.2759561197008224
PHEO_red_64_cutoff_7.5.inp.out,254.12315760265528,-0.232,0.1948,30.1021,53.0,-1306.9861128214,284.55283140370653,225.4903666556996,-5613.24247603,0.276840880799682
PHEO_red_65_cutoff_7.5.inp.out,260.4602383810225,-0.2443,0.1902,30.2788,56.0,-1305.7776690347,159.73637237020748,62.929473681951606,-5838.7427240494,0.2853488448999997
PHEO_red_66_cutoff_7.5.inp.out,253.8295303699045,-0.2439,0.1981,23.3381,55.0,-1305.6329112021,141.16287275263733,17.889185842251294,-5763.0438001238,0.2844257628003106
PHEO_red_67_cutoff_7.5.inp.out,258.46457319980095,-0.2271,0.1991,26.5212,52.0,-1306.6698093824,66.15075124038042,42.78760930226542,-5537.4550451102,0.2729462413999499
PHEO_red_68_cutoff_7.5.inp.out,256.9471518251492,-0.2186,0.2124,35.7102,52.0,-1307.1576978164,200.4901664260092,111.52396193970588,-5537.9464304117,0.2701093442001365
PHEO_red_69_cutoff_7.5.inp.out,254.46695453450064,-0.2561,0.1852,24.6484,53.0,-1306.8895538842,255.05482225841595,40.76686887365655,-5613.2274658167,0.2932842869004162
PHEO_red_6_cutoff_7.5.inp.out,255.41925744802623,-0.2594,0.1631,8.6693,56.0,-1306.0835597301,-78.67741874411263,-165.93961252734096,-5838.9869610456,0.2981974181993791
PHEO_red_70_cutoff_7.5.inp.out,258.0869080542122,-0.2329,0.1986,19.3496,53.0,-1306.7461731995,72.07360117015705,-47.97898880261989,-5613.0497679205,0.2763948000001619
PHEO_red_71_cutoff_7.5.inp.out,255.6393236836791,-0.2283,0.2019,15.3023,54.0,-1306.2428800683,106.5412472012619,82.42739553431907,-5688.1012121525,0.2837668480997308
PHEO_red_72_cutoff_7.5.inp.out,257.18920233385353,-0.2486,0.1872,21.069,56.0,-1305.8353146265,-262.0896110458062,-323.90556587392547,-5838.7889182871,0.2924946320999879
PHEO_red_73_cutoff_7.5.inp.out,258.2755287463848,-0.2285,0.2023,17.2644,53.0,-1306.4432343978,-106.7472449914554,-240.09244444421543,-5612.7173945554,0.2733317202000762
PHEO_red_74_cutoff_7.5.inp.out,257.08998323098433,-0.216,0.2209,19.1029,54.0,-1306.3946663699,316.58271692807665,6.005254271318929,-5688.1884194133,0.2563838713003861
PHEO_red_75_cutoff_7.5.inp.out,259.8890408328956,-0.2423,0.188,17.7107,54.0,-1306.1327548211,-229.79959139987355,-117.16291096330131,-5688.0005552454,0.2875923266001337
PHEO_red_76_cutoff_7.5.inp.out,253.78285372513773,-0.2289,0.1913,16.1788,55.0,-1305.6702985288,47.38583625041,41.7608225864763,-5763.0741336645,0.2769903406006051
PHEO_red_77_cutoff_7.5.inp.out,261.48166617052647,-0.2341,0.1956,19.374,57.0,-1305.0509334326,122.64214223364536,86.6617764293338,-5913.5539454299,0.2791590467995775
PHEO_red_78_cutoff_7.5.inp.out,253.7552504799407,-0.2253,0.189,17.5159,56.0,-1306.0022781385,100.02936142190784,9.034324721363868,-5838.9300824739,0.2744480374994964
PHEO_red_79_cutoff_7.5.inp.out,260.4958938304154,-0.2322,0.209,18.2056,56.0,-1306.0178639973,11.337636463950522,-148.80070966244153,-5838.9982523363,0.2742929737996746
PHEO_red_7_cutoff_7.5.inp.out,256.9199715037947,-0.2395,0.2047,11.1247,57.0,-1305.2180008593,209.72160907046737,102.76983098353509,-5913.5765118583,0.276549989900559
PHEO_red_80_cutoff_7.5.inp.out,255.28159016167967,-0.2243,0.2021,15.8259,57.0,-1305.1836080555,226.47816164598603,-3.857894444495949,-5913.6986180653,0.2638503612997738
PHEO_red_81_cutoff_7.5.inp.out,260.78361507118376,-0.2513,0.2105,12.3919,60.0,-1304.4636799663,-44.43201893120677,-179.79895169026372,-6139.5450467699,0.2904271650995724
PHEO_red_82_cutoff_7.5.inp.out,258.13247337414833,-0.255,0.1724,23.6541,55.0,-1306.4353473957,44.64063876596476,-207.14109274800296,-5763.8617110395,0.2926542988998335
PHEO_red_83_cutoff_7.5.inp.out,259.9648803534716,-0.2378,0.2079,24.278,58.0,-1304.9239369214,79.20664190698423,18.46752930056593,-5988.8388784062,0.2750524902003235
PHEO_red_84_cutoff_7.5.inp.out,257.43518407474795,-0.287,0.1634,15.9514,55.0,-1306.1291764525,51.25652950126971,-117.60032868880668,-5763.4881660219,0.3198555030003263
PHEO_red_85_cutoff_7.5.inp.out,259.4840919610348,-0.2664,0.1761,15.1922,56.0,-1305.4616127559,98.29033175881294,223.1582970615113,-5838.3793821658,0.2994153457993889
PHEO_red_86_cutoff_7.5.inp.out,256.2618165571387,-0.2688,0.1633,17.2914,56.0,-1305.7210963523,194.71187200080777,308.90485800899114,-5838.6263145451,0.3013632250003866
PHEO_red_87_cutoff_7.5.inp.out,257.4576451889433,-0.2556,0.1711,22.2146,56.0,-1305.7990640995,195.75118590558503,249.20286707288284,-5838.614204474,0.30139370139932
PHEO_red_88_cutoff_7.5.inp.out,253.3891532821664,-0.2318,0.197,16.9718,57.0,-1305.0868082273,90.783144904572,150.15809691495198,-5913.4823587407,0.2774903542003812
PHEO_red_89_cutoff_7.5.inp.out,255.7882905983483,-0.2534,0.179,19.872,59.0,-1305.2207829715,409.4286718483622,390.8161858109218,-6064.6423814919,0.2884167497995804
PHEO_red_8_cutoff_7.5.inp.out,255.42383345525096,-0.2465,0.1955,18.2652,58.0,-1305.0482057268,-96.1556614519066,-246.92998542137735,-5988.9633734152,0.2858990915992763
PHEO_red_90_cutoff_7.5.inp.out,257.96291285491543,-0.2708,0.1649,46.8444,56.0,-1305.7152785709,216.74585813697357,176.19933072585664,-5838.6857554482,0.3078774004998195
PHEO_red_91_cutoff_7.5.inp.out,257.4856591660792,-0.2202,0.1995,35.6223,54.0,-1306.960096369,414.07648271347693,403.41526550587673,-5688.7705014554,0.2700056609000967
PHEO_red_92_cutoff_7.5.inp.out,259.0605738329229,-0.261,0.1851,44.9044,54.0,-1306.483744234,265.63196693796056,367.6658700705913,-5688.3400874248,0.2995418709006117
PHEO_red_93_cutoff_7.5.inp.out,256.16011368261434,-0.2185,0.2013,39.9686,53.0,-1307.2247233535,153.6579761073045,44.03656227793788,-5613.5160817663,0.2705933010001899
PHEO_red_94_cutoff_7.5.inp.out,258.0459241913352,-0.255,0.1876,35.0382,53.0,-1307.0127008912,-180.20034080657197,-164.80539545222132,-5613.2885971585,0.2964164861004974
PHEO_red_95_cutoff_7.5.inp.out,256.6088537327039,-0.2383,0.1929,35.6858,54.0,-1306.6808911322,-19.49646400001695,-210.6196443181445,-5688.4471999438,0.2773819845997423
PHEO_red_96_cutoff_7.5.inp.out,256.522614671099,-0.2406,0.195,28.3548,54.0,-1306.4394403114,-94.87921610255378,-36.45323705744568,-5688.2563068986,0.2883190180000383
PHEO_red_97_cutoff_7.5.inp.out,255.21666851773577,-0.2789,0.1658,25.5676,54.0,-1306.4846685703,-142.18965940116925,-106.18201045510952,-5688.3013850545,0.3096542308003336
PHEO_red_98_cutoff_7.5.inp.out,257.5988930617864,-0.2259,0.2065,25.1111,52.0,-1306.9946471213,71.44800343454355,-30.910706539725865,-5537.7602304772,0.2737203968999893
PHEO_red_99_cutoff_7.5.inp.out,257.2851309067286,-0.2729,0.1774,24.2379,54.0,-1306.2489246169,-123.87988567332783,-160.9276245361065,-5688.0727548035,0.3130362145002436
PHEO_red_9_cutoff_7.5.inp.out,258.6802430229529,-0.2799,0.1555,18.4598,58.0,-1304.8317456617,-192.40972534111685,-287.86241118931355,-5988.8442866619,0.3141239481001321
