file_name,NRE,HOMO,LUMO,Dipole_mom,Num_waters,chg_chg,elec5,elec10,delE_hf,delE_dft
PHEO_red_0_cutoff_7.5.inp.out,256.75561045656065,-0.2924,0.0744,10.3907,56.0,-1305.3738280234,145.19318084598999,59.159296038580415,-5868.5339036628,0.27732684209968284
PHEO_red_100_cutoff_7.5.inp.out,255.48838273051845,-0.3223,0.0661,29.3037,55.0,-1306.0245832240,-139.98194108282428,-223.22492717609845,-5793.2218073352,0.30376918010006193
PHEO_red_101_cutoff_7.5.inp.out,258.45965755044847,-0.3077,0.0656,29.9496,53.0,-1306.4661440137,-102.5264863394647,-314.4098920895194,-5641.6006075219,0.2886196422005014
PHEO_red_102_cutoff_7.5.inp.out,252.42876492916554,-0.2991,0.0622,37.4787,54.0,-1306.2381704524,-244.69052819570587,-500.88437952286677,-5717.4673730169,0.2864500458008479
PHEO_red_103_cutoff_7.5.inp.out,258.8410538518534,-0.3026,0.0709,33.6302,53.0,-1306.4749237353,-289.00670644762357,-424.50759533728126,-5641.703627817,0.2857003399003588
PHEO_red_104_cutoff_7.5.inp.out,255.002136857652,-0.3251,0.0734,34.0089,57.0,-1305.1343589438,-75.18525096721048,42.13826691064353,-5944.3633538839,0.3060820037999292
PHEO_red_105_cutoff_7.5.inp.out,257.49118949527514,-0.2881,0.0752,36.8442,59.0,-1304.0619392006,278.91880923126814,172.23264609939537,-6095.3997499996,0.271943766700133
PHEO_red_106_cutoff_7.5.inp.out,258.57819758004104,-0.3131,0.0477,27.1185,55.0,-1305.9117047789,-32.8158481993319,24.841958392078052,-5793.0657895735,0.2903205144002641
PHEO_red_107_cutoff_7.5.inp.out,253.3288076963395,-0.3009,0.0826,24.1813,54.0,-1306.1646861273,194.73904224615382,164.9216818748784,-5717.2770552982,0.2835523858993838
PHEO_red_108_cutoff_7.5.inp.out,261.3518434967831,-0.3165,0.0675,24.1941,53.0,-1306.5212056790,177.92310839661695,152.5753384929353,-5641.5782422034,0.29646995160055667
PHEO_red_109_cutoff_7.5.inp.out,252.38144206942275,-0.2982,0.0834,31.3014,55.0,-1306.2059317985,404.9695105974542,520.8194164968583,-5793.3781952608,0.2766757632998633
PHEO_red_10_cutoff_7.5.inp.out,257.5094138080596,-0.2981,0.0786,20.5392,56.0,-1305.8101993205,28.460509798029356,-70.07594585260911,-5869.063442664,0.28212974929920165
PHEO_red_110_cutoff_7.5.inp.out,260.3463152751482,-0.2886,0.0707,28.7502,53.0,-1306.8984169352,390.71017775957955,417.65849671190364,-5641.982610414,0.2729197872995428
PHEO_red_111_cutoff_7.5.inp.out,253.29223960736408,-0.2928,0.0853,30.1624,54.0,-1306.3808920515,101.1928908524148,204.4007671655674,-5717.6053484875,0.27416527430068527
PHEO_red_112_cutoff_7.5.inp.out,257.53618548796027,-0.2858,0.0791,37.5487,53.0,-1306.7676383583,10.597341643044984,-59.38623066977648,-5641.8617629497,0.26766317900001013
PHEO_red_113_cutoff_7.5.inp.out,253.89724928172703,-0.2972,0.0532,47.2079,52.0,-1307.2414584861,-167.03781515644644,-318.5719079875254,-5566.3155762659,0.27907085429978906
PHEO_red_114_cutoff_7.5.inp.out,257.899272624383,-0.2841,0.0692,47.4513,56.0,-1305.7124111083,151.370885521948,-11.376534047197117,-5868.9598864022,0.27050343560040346
PHEO_red_115_cutoff_7.5.inp.out,254.9712406598413,-0.3248,0.0661,41.3999,57.0,-1305.2742227897,142.99257628891115,227.07695249994288,-5944.5214572584,0.3044328084006338
PHEO_red_116_cutoff_7.5.inp.out,257.1992151896746,-0.3081,0.0774,38.9442,59.0,-1304.5805787698,149.0647772749825,203.76412082102985,-6095.8613883347,0.28893705049995333
PHEO_red_117_cutoff_7.5.inp.out,260.65958646347895,-0.3022,0.0682,28.4631,57.0,-1305.3465865121,210.38569321328788,355.8025386393777,-5944.5354169668,0.2879519109001194
PHEO_red_118_cutoff_7.5.inp.out,256.33686384741276,-0.3132,0.0732,27.2391,58.0,-1304.7875145060,-14.217637106897998,89.70911062349457,-6020.0202637358,0.2971904391006319
PHEO_red_119_cutoff_7.5.inp.out,257.72573057486244,-0.3102,0.0814,34.6621,53.0,-1306.9371766321,434.8400503467248,399.2362266950609,-5642.0251191361,0.2897497852000015
PHEO_red_11_cutoff_7.5.inp.out,256.2984349749558,-0.3165,0.0692,10.5909,57.0,-1305.3307991165,-180.11777946449376,-213.68822172598624,-5944.5321726673,0.29741491460026737
PHEO_red_120_cutoff_7.5.inp.out,257.5898065703383,-0.3137,0.0617,37.6978,56.0,-1305.6284774994,122.07069581163748,248.119868324228,-5868.9022751061,0.29798844200013264
PHEO_red_121_cutoff_7.5.inp.out,255.1569398710627,-0.2972,0.0745,39.1218,57.0,-1305.0963803951,315.87293578307845,346.49497017032104,-5944.3410974965,0.28257696950004174
PHEO_red_122_cutoff_7.5.inp.out,256.87723688192705,-0.2960,0.0677,33.6832,59.0,-1304.3640018620,332.96644696435453,398.79458428704373,-6095.6520135395,0.2782860035003978
PHEO_red_123_cutoff_7.5.inp.out,255.36593424108446,-0.3148,0.0776,26.9753,58.0,-1305.1232279306,415.7855332353508,508.03721073482586,-6020.339001214,0.2968093817007684
PHEO_red_124_cutoff_7.5.inp.out,255.14592498534495,-0.2987,0.0805,26.4969,62.0,-1303.8490542835,164.24836384864057,379.6735755327388,-6323.2614586937,0.28083748900007777
PHEO_red_125_cutoff_7.5.inp.out,256.4524750377142,-0.2935,0.0859,46.2528,62.0,-1303.4316080238,343.42402048535416,691.1821160454714,-6322.9072147462,0.27996357760002866
PHEO_red_126_cutoff_7.5.inp.out,256.7552954505333,-0.3240,0.0766,41.9124,58.0,-1305.0289432681,556.994542088001,800.2140955393371,-6020.3012198956,0.30320616199969663
PHEO_red_127_cutoff_7.5.inp.out,256.53958161837636,-0.3053,0.0764,35.2073,58.0,-1304.8950776195,282.4580418977394,564.0138011509204,-6020.1679525203,0.29061112299950764
PHEO_red_128_cutoff_7.5.inp.out,256.12998510655297,-0.3054,0.0762,34.0382,53.0,-1307.1035337530,161.0078170455663,368.13288231983717,-5642.1660489941,0.28886348369996995
PHEO_red_129_cutoff_7.5.inp.out,258.7354039755069,-0.3131,0.0807,40.0665,60.0,-1304.4277773997,177.45005024268272,231.78276773925597,-6171.7588937846,0.2940589937998084
PHEO_red_12_cutoff_7.5.inp.out,260.1842674522332,-0.3023,0.0797,20.0614,57.0,-1305.1695330730,-46.40502016155474,-101.71930755419952,-5944.362577596,0.28497959050037025
PHEO_red_130_cutoff_7.5.inp.out,253.60603511625166,-0.3101,0.0891,28.9753,55.0,-1306.1346984669,206.81500101055167,205.24222054052214,-5793.2935045589,0.291806443700807
PHEO_red_131_cutoff_7.5.inp.out,258.85877720180747,-0.3019,0.0804,32.2128,56.0,-1305.8957276843,171.45448045114733,171.4871472002641,-5869.0785768543,0.2864270398995359
PHEO_red_132_cutoff_7.5.inp.out,255.9868442426112,-0.3210,0.0714,33.5789,53.0,-1306.4094246312,114.17078836468555,315.2550103262342,-5641.5247368202,0.30330569580019073
PHEO_red_133_cutoff_7.5.inp.out,257.06134390123395,-0.3128,0.0698,33.9105,57.0,-1305.2832481109,-60.303645153945446,44.490656375921894,-5944.5588018764,0.29584585429984145
PHEO_red_134_cutoff_7.5.inp.out,256.450973364817,-0.2977,0.0753,41.0850,60.0,-1304.1705848618,167.68536581849025,58.597386925649765,-6171.5127681065,0.283768268300264
PHEO_red_135_cutoff_7.5.inp.out,257.76903347338987,-0.3199,0.0707,40.0265,61.0,-1303.5627894199,-49.90405197794036,121.30498784449938,-6246.9363082627,0.3023818047995519
PHEO_red_136_cutoff_7.5.inp.out,257.1538811593862,-0.2962,0.0714,37.3500,58.0,-1304.7845440299,159.6123183517867,356.9116637891679,-6020.1015077459,0.28037366930038843
PHEO_red_137_cutoff_7.5.inp.out,257.35777569120233,-0.2844,0.0755,41.6142,54.0,-1306.2099505573,170.17656892061956,205.3307082703489,-5717.4049502526,0.2710094656004003
PHEO_red_138_cutoff_7.5.inp.out,256.00193968292876,-0.2818,0.0773,30.5505,54.0,-1306.1224343698,155.68341726639852,197.31143205424615,-5717.3350568704,0.26995022230039467
PHEO_red_139_cutoff_7.5.inp.out,257.05346824430717,-0.3127,0.0717,32.5461,54.0,-1306.6081559806,82.19616337342681,141.2155410107782,-5717.7934840448,0.2964067940001769
PHEO_red_13_cutoff_7.5.inp.out,252.92275641024418,-0.3148,0.0702,10.4436,58.0,-1304.7197022904,-208.5123423652278,-307.1510466957887,-6020.0184605141,0.29808179429983284
PHEO_red_140_cutoff_7.5.inp.out,254.94977134898932,-0.3201,0.0682,32.6133,54.0,-1306.3189332924,-62.228503340790205,12.444042793869691,-5717.5658594431,0.29979667980023805
PHEO_red_141_cutoff_7.5.inp.out,257.51501086707697,-0.3056,0.0638,37.7698,61.0,-1304.2854532808,37.79415071173644,136.165017671645,-6247.7527713858,0.2883134602006976
PHEO_red_142_cutoff_7.5.inp.out,254.03007457867085,-0.3243,0.0806,27.1302,62.0,-1303.6760595022,71.4803191998033,179.69588789468202,-6323.1398858021,0.30471841969938396
PHEO_red_143_cutoff_7.5.inp.out,257.2287091383367,-0.3051,0.0598,35.3391,57.0,-1305.4932174110,32.67303289581014,54.148995699252566,-5944.7623701261,0.28890074850005476
PHEO_red_144_cutoff_7.5.inp.out,256.8152799250582,-0.3448,0.0623,31.4815,56.0,-1306.5048372507,80.94664756269972,97.73597244675965,-5869.7606594134,0.3238335381993238
PHEO_red_145_cutoff_7.5.inp.out,255.5212620395722,-0.3079,0.0658,36.4258,59.0,-1304.9692148557,-55.250367488087285,9.311942262893195,-6096.2966231288,0.29360892180011433
PHEO_red_146_cutoff_7.5.inp.out,258.92830994977385,-0.3138,0.0723,26.4462,57.0,-1305.4980266343,209.6024545339415,317.70583527384133,-5944.7893484057,0.29467214410033193
PHEO_red_147_cutoff_7.5.inp.out,256.238126985406,-0.2963,0.0768,35.6207,56.0,-1305.3691122479,525.4153929950171,308.73023959991457,-5868.5811399086,0.28237273919967265
PHEO_red_148_cutoff_7.5.inp.out,258.6466320672669,-0.3152,0.0788,32.6937,60.0,-1304.5231581706,215.97566796544655,128.73296448439322,-6171.9118024274,0.2931118996002624
PHEO_red_149_cutoff_7.5.inp.out,255.78085923477636,-0.2985,0.0845,28.9758,63.0,-1303.2062919993,475.48823199774534,129.30271560946372,-6398.6842364495,0.2822798089000571
PHEO_red_14_cutoff_7.5.inp.out,258.61034845066746,-0.2810,0.0752,16.7464,49.0,-1308.0529113182,28.57321651103847,-245.64564134348635,-5338.9766360561,0.268761196000014
PHEO_red_150_cutoff_7.5.inp.out,257.9430534635602,-0.3333,0.0655,17.2069,58.0,-1304.9351209216,-16.27011042457753,-4.447967947144886,-6020.1755264512,0.314939948600113
PHEO_red_151_cutoff_7.5.inp.out,256.1976009118474,-0.3200,0.0705,19.9142,57.0,-1305.2888315927,234.23284134887285,306.94373816804284,-5944.5774515934,0.3010418782996567
PHEO_red_152_cutoff_7.5.inp.out,255.84298346341535,-0.2992,0.0744,31.4394,56.0,-1305.9022064621,260.5183201460838,329.7322041885287,-5869.1019908542,0.28236967510019895
PHEO_red_153_cutoff_7.5.inp.out,255.13775568431228,-0.3099,0.0609,41.4583,56.0,-1305.7647946806,-117.22640364772916,17.54423355293564,-5869.01662402,0.29288794779949967
PHEO_red_154_cutoff_7.5.inp.out,258.5649651114118,-0.3026,0.0731,47.6024,57.0,-1305.4115108395,39.38496327944964,-9.300501360003103,-5944.7021362675,0.2840914406997399
PHEO_red_155_cutoff_7.5.inp.out,255.61681037372418,-0.2974,0.0797,34.5424,53.0,-1306.8490667566,72.08199978794467,29.537205887561615,-5642.0576424061,0.2813633464002123
PHEO_red_156_cutoff_7.5.inp.out,258.7356093160646,-0.3109,0.0726,37.0175,52.0,-1307.0814693506,25.96774747887615,-24.88093037851836,-5566.1976022188,0.2937602287993286
PHEO_red_157_cutoff_7.5.inp.out,254.39725682544832,-0.3290,0.0676,33.6551,52.0,-1307.4478229567,-169.7827102486823,-58.769714203628915,-5566.594473792,0.3088107723997382
PHEO_red_158_cutoff_7.5.inp.out,259.12393588167544,-0.3038,0.0646,38.8342,50.0,-1308.4630076916,63.44078920885003,28.939811055757993,-5415.4688477795,0.2883229304998167
PHEO_red_159_cutoff_7.5.inp.out,256.5481524716259,-0.3045,0.0716,39.4506,53.0,-1306.8163565143,-19.338096283152687,82.3093030605691,-5642.0059628507,0.2866543226000431
PHEO_red_15_cutoff_7.5.inp.out,254.76763206428416,-0.2759,0.0782,29.1917,52.0,-1306.9333569508,-184.3420122836424,-376.279915481186,-5565.9549851532,0.26164108850025514
PHEO_red_160_cutoff_7.5.inp.out,256.80133827387175,-0.3162,0.0597,46.8827,50.0,-1308.6040190158,-20.506992945195197,54.325575651760076,-5415.679479855,0.30056594720008434
PHEO_red_161_cutoff_7.5.inp.out,258.2041992580256,-0.3057,0.0744,43.9650,56.0,-1306.0641111949,-255.3209196938288,-516.418340911996,-5869.2821099593,0.2893281217002368
PHEO_red_162_cutoff_7.5.inp.out,255.62378898255452,-0.3159,0.0648,40.5236,53.0,-1307.3308896166,-498.75266150945305,-456.221275550166,-5642.4696865761,0.29617360419979377
PHEO_red_163_cutoff_7.5.inp.out,254.95885889266134,-0.3024,0.0796,48.5278,56.0,-1306.3319955341,-13.30360377375866,72.05264353816355,-5869.6469008772,0.2851073459996769
PHEO_red_164_cutoff_7.5.inp.out,258.17301237767333,-0.2988,0.0785,39.8037,53.0,-1307.0374555970,89.2006518646574,194.6534459293134,-5642.1932152194,0.2819778799002961
PHEO_red_165_cutoff_7.5.inp.out,253.91577300323047,-0.3071,0.0751,34.8241,51.0,-1307.4454393195,69.53504890296256,128.05559094926625,-5490.5684597532,0.2908598700996663
PHEO_red_166_cutoff_7.5.inp.out,258.2512928067022,-0.3025,0.0725,35.0541,54.0,-1306.4969277738,107.21879597168231,161.23293006402852,-5717.7069205622,0.28430363239931467
PHEO_red_167_cutoff_7.5.inp.out,256.25198838611897,-0.2955,0.0863,39.3275,53.0,-1306.6870457134,115.98406157130029,194.97341421103428,-5641.844827032,0.27564115730001504
PHEO_red_168_cutoff_7.5.inp.out,260.0437317206875,-0.3031,0.0782,36.2760,58.0,-1304.7910334454,357.72323059026115,278.01507852526413,-6020.1374584582,0.283760914299819
PHEO_red_169_cutoff_7.5.inp.out,256.715361522621,-0.3074,0.0725,35.5015,54.0,-1306.2559562902,121.48011434046985,52.812500439743665,-5717.4587329994,0.2864448057998743
PHEO_red_16_cutoff_7.5.inp.out,257.3273869999309,-0.2957,0.0681,14.8655,54.0,-1306.5360789842,-323.43512859436385,-339.6380404500403,-5717.6720119433,0.2788100575999124
PHEO_red_170_cutoff_7.5.inp.out,260.49644512811716,-0.3004,0.0727,28.2043,55.0,-1305.8328132926,202.82058913326074,266.6884163076698,-5793.029547225,0.2842254300994682
PHEO_red_171_cutoff_7.5.inp.out,257.7310936434763,-0.3011,0.0862,17.9217,52.0,-1306.7997338767,174.38528934909317,284.17835383064505,-5565.8546544483,0.28163638370006083
PHEO_red_172_cutoff_7.5.inp.out,258.5638074849383,-0.2884,0.0813,15.8217,56.0,-1305.2392579586,371.47443116457265,406.20510568982655,-5868.4159742143,0.2715113416998065
PHEO_red_173_cutoff_7.5.inp.out,257.3718261593739,-0.2909,0.0900,9.5667,52.0,-1307.0460999408,735.2192143039491,507.8458698765002,-5566.1306751853,0.2744639954999002
PHEO_red_174_cutoff_7.5.inp.out,258.16251641440846,-0.3033,0.0713,8.3185,52.0,-1306.7784823862,101.04760797013427,78.84585181511146,-5565.848023868,0.28786282550026954
PHEO_red_175_cutoff_7.5.inp.out,256.5042668273954,-0.3247,0.0659,14.2702,56.0,-1304.7604119886,106.39252322855107,141.37740969611764,-5868.0261464685,0.3044373229995472
PHEO_red_176_cutoff_7.5.inp.out,256.91894181127975,-0.3201,0.0547,11.9668,53.0,-1306.4618570894,54.42162639416907,145.21117474640363,-5641.6734178626,0.3050469092995627
PHEO_red_177_cutoff_7.5.inp.out,256.62776293947,-0.3006,0.0700,11.3721,54.0,-1305.9860238146,440.2326716862508,213.96151841838247,-5717.2332589458,0.28567751809987385
PHEO_red_178_cutoff_7.5.inp.out,256.084898809515,-0.3126,0.0630,8.4525,50.0,-1307.6883813758,134.0899154365924,5.903971690815998,-5414.7778417387,0.2988694369996665
PHEO_red_179_cutoff_7.5.inp.out,254.68341724455405,-0.3068,0.0716,9.0014,56.0,-1305.1364142221,207.86846670406328,209.06850402910962,-5868.3918433279,0.28831863309915207
PHEO_red_17_cutoff_7.5.inp.out,258.33784703827206,-0.2989,0.0541,25.3316,58.0,-1304.7901420461,-33.97851347925434,-236.17481697210758,-6020.0296195832,0.2858880533995034
PHEO_red_180_cutoff_7.5.inp.out,255.5390944346795,-0.3022,0.0810,9.6634,56.0,-1305.8339834083,373.01342776838976,232.6603952166061,-5869.0357616745,0.28580655209952965
PHEO_red_181_cutoff_7.5.inp.out,255.7653958763167,-0.3003,0.0801,13.4161,52.0,-1306.6944294738,301.5441426891555,166.14399133085163,-5565.7455584219,0.28497245170001406
PHEO_red_182_cutoff_7.5.inp.out,255.59866080860655,-0.2994,0.0844,4.1709,51.0,-1307.5268609579,445.65215683479124,172.94552049299642,-5490.4872910309,0.2830684768005085
PHEO_red_183_cutoff_7.5.inp.out,257.1363978427766,-0.2993,0.0775,12.7609,54.0,-1306.4889019188,-2.134266620969139,-135.05534459503824,-5717.6107475538,0.27990311029952863
PHEO_red_184_cutoff_7.5.inp.out,258.2022746377536,-0.3011,0.0729,18.5432,53.0,-1306.8420520594,3.9007431665270773,12.269086101408213,-5641.8891758385,0.2861228857000242
PHEO_red_185_cutoff_7.5.inp.out,257.40319141969997,-0.2828,0.0847,13.4480,50.0,-1307.7099361369,167.2937053523584,95.98108126752456,-5414.66962034,0.2669989526993959
PHEO_red_186_cutoff_7.5.inp.out,256.4662583637334,-0.3037,0.0765,9.0828,53.0,-1306.9341111931,165.9932372648768,137.15550768710708,-5641.9516176608,0.2866999341003975
PHEO_red_187_cutoff_7.5.inp.out,258.1592206585706,-0.3311,0.0784,21.1006,58.0,-1305.3287824718,-97.63342266481636,-47.83873228045972,-6020.5294813566,0.30818253210054536
PHEO_red_188_cutoff_7.5.inp.out,255.5573549977962,-0.2986,0.0815,19.6502,59.0,-1304.9714941677,186.72588633940595,196.98138215538623,-6096.1987400503,0.2808754809993843
PHEO_red_189_cutoff_7.5.inp.out,257.3518524670755,-0.3054,0.0709,16.6334,60.0,-1304.3496532175,176.3642455209656,104.58294136585751,-6171.6633827166,0.28981860949988913
PHEO_red_18_cutoff_7.5.inp.out,256.9205600192337,-0.2934,0.0751,19.2952,54.0,-1305.8946096806,-51.788539915866465,-347.18931153814793,-5717.0093430839,0.27904044019942376
PHEO_red_190_cutoff_7.5.inp.out,255.68838748780996,-0.2977,0.0804,12.9987,60.0,-1304.6013641473,445.5093600593396,439.3357745668195,-6171.9027438802,0.2790373642001214
PHEO_red_191_cutoff_7.5.inp.out,255.1619299311329,-0.3069,0.0687,16.7981,60.0,-1304.8633464355,101.91309626648719,233.75194972288043,-6172.1959143597,0.2901420017997225
PHEO_red_192_cutoff_7.5.inp.out,258.30686656869045,-0.2922,0.0793,15.9820,61.0,-1304.4532294742,179.1831734515803,206.5011305188289,-6247.8495488517,0.2776585014999
PHEO_red_193_cutoff_7.5.inp.out,255.99531111888172,-0.2918,0.0843,18.4157,61.0,-1304.4544511101,536.0511260904561,223.73296438165974,-6247.7901438472,0.27666644629971415
PHEO_red_194_cutoff_7.5.inp.out,258.30796794551634,-0.3105,0.0688,10.9502,57.0,-1305.8627489034,56.96154018609483,69.78630254266626,-5945.0555935243,0.2895256393003365
PHEO_red_195_cutoff_7.5.inp.out,255.40101511105706,-0.3194,0.0747,14.6243,59.0,-1304.6213068309,70.82254334705627,103.90006084949447,-6095.9034123055,0.29962600999988354
PHEO_red_196_cutoff_7.5.inp.out,260.31426733971557,-0.2920,0.0789,19.1014,56.0,-1305.9927206790,214.8705196433939,154.56021423228222,-5869.1283526005,0.2744644560998495
PHEO_red_197_cutoff_7.5.inp.out,256.09989300141257,-0.3198,0.0760,19.6666,58.0,-1305.4835124562,268.72603586961185,308.8749698031049,-6020.7003674824,0.2955508277000263
PHEO_red_198_cutoff_7.5.inp.out,257.402893507676,-0.3158,0.0771,25.9894,55.0,-1306.3464674273,203.54477564861952,-71.41161984162754,-5793.4915776256,0.2952704522995191
PHEO_red_199_cutoff_7.5.inp.out,255.91502066356972,-0.3296,0.0657,16.9993,54.0,-1306.9361707103,102.98302858258211,33.66183330202241,-5717.9039667164,0.31247015179997106
PHEO_red_19_cutoff_7.5.inp.out,259.2916633330917,-0.3191,0.0662,17.8330,52.0,-1306.7609369404,52.16314396039164,-33.35714681152036,-5565.8122449243,0.2988653329994122
PHEO_red_1_cutoff_7.5.inp.out,257.8761208212133,-0.3132,0.0732,15.7312,55.0,-1306.0163116681,155.40966315663292,108.8719567893006,-5793.1092966048,0.29606281189990113
PHEO_red_200_cutoff_7.5.inp.out,254.31846950505314,-0.3008,0.0828,19.9186,55.0,-1306.3360817952,563.3536305571247,207.35349582631102,-5793.4334812388,0.28473522780041094
PHEO_red_201_cutoff_7.5.inp.out,257.66282755164144,-0.3020,0.0917,18.1812,54.0,-1306.4326010567,324.923074888427,3.912519554745483,-5717.5243195121,0.28610516549997556
PHEO_red_202_cutoff_7.5.inp.out,255.63181204004093,-0.2810,0.0870,23.5872,51.0,-1307.2332235869,192.98973126511547,-20.197545908202414,-5490.2084022153,0.26734671570011415
PHEO_red_203_cutoff_7.5.inp.out,258.1752642702648,-0.2963,0.0736,14.9173,52.0,-1307.2362476580,473.20226171926686,390.1855067820644,-5566.2606359736,0.2784149829994931
PHEO_red_204_cutoff_7.5.inp.out,255.63977165944388,-0.2993,0.0726,19.3959,49.0,-1308.3480983340,273.37670132935796,187.86199928387055,-5339.2355099702,0.28315205390026676
PHEO_red_205_cutoff_7.5.inp.out,255.96221946901,-0.2976,0.0774,11.8875,53.0,-1306.9791655306,145.95110102248017,212.82512904711484,-5642.0874193812,0.281996933600567
PHEO_red_206_cutoff_7.5.inp.out,255.58665223035914,-0.2969,0.0752,20.4758,53.0,-1307.1045864454,238.4755307335834,222.03398394211106,-5642.1733279623,0.28162083989991515
PHEO_red_207_cutoff_7.5.inp.out,256.74380881334355,-0.2928,0.0794,30.5229,54.0,-1306.8136276350,251.09471193156963,268.04359405809953,-5717.9087816361,0.2762400604005961
PHEO_red_208_cutoff_7.5.inp.out,256.61149088826335,-0.3256,0.0719,32.1863,53.0,-1306.8086466697,134.97041186863194,272.61069703012544,-5641.9412803319,0.30354756159977114
PHEO_red_209_cutoff_7.5.inp.out,256.66525613885364,-0.2799,0.0794,30.8826,55.0,-1305.9023331600,117.10122496512454,179.4558090687584,-5793.1032609471,0.26591593499961164
PHEO_red_20_cutoff_7.5.inp.out,254.28158336669057,-0.2857,0.0906,22.5040,51.0,-1307.6351656798,133.6623792030853,217.58090558635527,-5490.7068034873,0.26996287380006834
PHEO_red_210_cutoff_7.5.inp.out,258.5290516801306,-0.3075,0.0858,27.8171,55.0,-1306.2438515995,138.26512410322928,210.40839365276284,-5793.3389952583,0.2913704926004357
PHEO_red_211_cutoff_7.5.inp.out,255.64108199611195,-0.2814,0.0827,18.9269,54.0,-1306.5002080345,220.86129649556193,128.61235680954698,-5717.6188573741,0.26393016380006884
PHEO_red_212_cutoff_7.5.inp.out,255.8411357207885,-0.2764,0.0834,12.1456,55.0,-1306.1531186135,333.0451306253688,142.44650598794104,-5793.2620645651,0.2613963395006067
PHEO_red_213_cutoff_7.5.inp.out,256.4950655492074,-0.2978,0.0666,19.1023,55.0,-1306.1720338025,104.79079863093642,304.294198360035,-5793.3698514734,0.28153017689965054
PHEO_red_214_cutoff_7.5.inp.out,258.7204883243411,-0.2853,0.0823,11.0157,53.0,-1306.5849604653,450.62200316469045,211.4768421765689,-5641.7432646047,0.27011312510057905
PHEO_red_215_cutoff_7.5.inp.out,256.5138150067816,-0.3143,0.0644,17.0686,55.0,-1305.9209951595,232.09323474791435,296.0955021062766,-5793.0422788116,0.2946176638997713
PHEO_red_216_cutoff_7.5.inp.out,259.689531408782,-0.3354,0.0511,14.9055,54.0,-1305.9907778645,-48.40663418127703,126.8436633445577,-5717.1279277673,0.3156876202001513
PHEO_red_217_cutoff_7.5.inp.out,256.125484949379,-0.3152,0.0721,11.5576,51.0,-1306.9571185402,313.4726081046342,429.6888928029049,-5489.9513464341,0.2990861545004009
PHEO_red_218_cutoff_7.5.inp.out,258.24935242712354,-0.3045,0.0692,15.6457,53.0,-1306.6594891857,996.4435361480894,346.7890665748845,-5641.7157937232,0.2888044624005488
PHEO_red_219_cutoff_7.5.inp.out,254.29714567857124,-0.3082,0.0773,8.7489,55.0,-1305.7897594352,167.84976967929862,291.38297643323835,-5792.9167635524,0.29177582080046705
PHEO_red_21_cutoff_7.5.inp.out,258.57512794076945,-0.2910,0.0778,27.2630,53.0,-1306.4341434850,297.6198529312486,112.81089302361868,-5641.5875034932,0.2761606752001171
PHEO_red_220_cutoff_7.5.inp.out,257.52138809682714,-0.3065,0.0726,25.6310,54.0,-1305.9651520518,150.10396863987145,241.26638893214997,-5717.0733392607,0.2896692643998904
PHEO_red_221_cutoff_7.5.inp.out,254.4269794560841,-0.2958,0.0802,13.1392,54.0,-1306.0413869027,240.98178499166258,232.23034460352116,-5717.1895529276,0.27955967059915565
PHEO_red_222_cutoff_7.5.inp.out,257.2781890787039,-0.3098,0.0605,19.6733,54.0,-1306.0865680124,-292.81440305673425,-250.81766859288263,-5717.2081905149,0.29307186830010323
PHEO_red_223_cutoff_7.5.inp.out,255.92808150172726,-0.3140,0.0585,16.8651,57.0,-1304.6937380982,109.02055405162666,184.35639947875234,-5944.0056295081,0.2962893856001756
PHEO_red_224_cutoff_7.5.inp.out,256.96204628069125,-0.2816,0.0794,13.7968,60.0,-1303.4108493742,176.46721963023083,120.57881090724207,-6170.8763654909,0.268798314000378
PHEO_red_225_cutoff_7.5.inp.out,255.28255906242953,-0.2893,0.0801,13.5439,58.0,-1304.2821029158,-28.440878712012136,-92.76776861420456,-6019.6569813622,0.2734288783994998
PHEO_red_226_cutoff_7.5.inp.out,256.10544136684337,-0.3087,0.0708,16.6709,58.0,-1304.2802032985,-95.18008392493371,-224.9439308724312,-6019.6216822194,0.29271369490015786
PHEO_red_227_cutoff_7.5.inp.out,256.22298922880555,-0.3099,0.0613,13.6987,58.0,-1304.4913262119,-49.509796685215406,-111.73352117264393,-6019.8568069352,0.29378908069975296
PHEO_red_228_cutoff_7.5.inp.out,255.31792227939266,-0.3092,0.0836,21.8620,60.0,-1303.7228278903,195.6982396012877,67.75065761184733,-6171.1402063619,0.2889905017000274
PHEO_red_229_cutoff_7.5.inp.out,258.25220372194576,-0.3016,0.0795,27.8081,55.0,-1305.5460499110,-116.79072148968896,28.7122422390591,-5792.8288394774,0.28570804499941005
PHEO_red_22_cutoff_7.5.inp.out,254.6449891788344,-0.3076,0.0632,27.3465,50.0,-1307.4399858042,16.65027688956475,-13.850189568363316,-5414.4984249308,0.29210232259993063
PHEO_red_230_cutoff_7.5.inp.out,256.6673062284311,-0.3215,0.0690,27.9056,60.0,-1304.1648984044,-19.623436832389423,148.10400983460653,-6171.5539872552,0.30320625080003083
PHEO_red_231_cutoff_7.5.inp.out,257.5040332457273,-0.3211,0.0808,25.4652,57.0,-1304.5433237231,-87.71071331839067,-418.31895761886227,-5943.8086442417,0.299732460100131
PHEO_red_232_cutoff_7.5.inp.out,256.3971722136206,-0.2849,0.0983,33.8377,56.0,-1305.3579138569,598.0954969267088,395.5662919344785,-5868.5928829266,0.2654420624003251
PHEO_red_233_cutoff_7.5.inp.out,255.7616624549874,-0.2926,0.0795,28.3796,57.0,-1304.8633118431,631.6865700898836,627.1281957481376,-5944.1437961631,0.27777309710018017
PHEO_red_234_cutoff_7.5.inp.out,255.34437815140095,-0.3192,0.0793,21.5275,60.0,-1303.9532057065,166.521141354941,313.19144392685024,-6171.2486747128,0.30142482849987573
PHEO_red_235_cutoff_7.5.inp.out,254.04310720902492,-0.3076,0.0734,22.0579,54.0,-1306.1709730197,31.124672309328265,13.461209361422965,-5717.3522396263,0.289712976100418
PHEO_red_236_cutoff_7.5.inp.out,257.63765951046656,-0.3010,0.0804,28.9227,56.0,-1305.5335501669,88.54087907650565,209.41895337193142,-5868.7752478622,0.2822238210992509
PHEO_red_237_cutoff_7.5.inp.out,255.25153022452565,-0.2939,0.0798,37.5602,51.0,-1307.2931009118,433.09167501330165,387.4269506740686,-5490.3024366686,0.27765259410080034
PHEO_red_238_cutoff_7.5.inp.out,259.08910033444937,-0.2986,0.0747,23.0797,53.0,-1306.2105652775,-0.6176023393963599,39.97033792917561,-5641.2894042596,0.2843107674998464
PHEO_red_239_cutoff_7.5.inp.out,256.37311417354204,-0.3145,0.0798,20.3677,54.0,-1306.1196040189,-43.394005796356716,-41.28165724077415,-5717.2751392558,0.29525566089978383
PHEO_red_23_cutoff_7.5.inp.out,257.8237427013767,-0.3009,0.0730,34.6733,54.0,-1306.2311736728,72.72565591946221,54.16188792470872,-5717.429358586,0.2845811731995127
PHEO_red_240_cutoff_7.5.inp.out,258.309412572539,-0.2696,0.1011,14.3929,55.0,-1305.8118206693,534.6621990203918,214.7988904573623,-5792.9704359576,0.2544140669997432
PHEO_red_241_cutoff_7.5.inp.out,255.30250185458738,-0.3216,0.0619,21.4855,53.0,-1306.4000011809,-198.59844091602108,-102.33353131441629,-5641.6003516933,0.3050988786999369
PHEO_red_242_cutoff_7.5.inp.out,257.9501130117477,-0.3046,0.0746,32.5404,57.0,-1305.3638943765,41.90676698087761,-201.93214189744614,-5944.6907693839,0.2827755221996995
PHEO_red_243_cutoff_7.5.inp.out,254.3246427606094,-0.3203,0.0446,29.2535,59.0,-1304.1114249402,-258.91469616154154,-438.1366667908892,-6095.5029819888,0.3034840398995584
PHEO_red_244_cutoff_7.5.inp.out,258.6445034994842,-0.3056,0.0709,37.4587,58.0,-1305.1101721624,-41.95347604910378,-206.20547073314515,-6020.4639384221,0.2882216967000204
PHEO_red_245_cutoff_7.5.inp.out,255.98245401141537,-0.3291,0.0640,47.5291,59.0,-1304.3693811497,-19.46010304949459,-79.34175183239192,-6095.6841933981,0.30986009720072616
PHEO_red_246_cutoff_7.5.inp.out,259.5161768532274,-0.3286,0.0672,46.8994,61.0,-1303.5421346082,260.50600641632224,-93.08242580592545,-6246.880562193,0.30997329779984284
PHEO_red_247_cutoff_7.5.inp.out,256.46047273894237,-0.3140,0.0688,41.6509,61.0,-1303.4250935057,-164.45058340491914,-178.43613051721786,-6246.8556633433,0.2942283847005456
PHEO_red_248_cutoff_7.5.inp.out,260.4565234165663,-0.3199,0.0699,39.9966,57.0,-1304.8305308557,49.741859597223744,142.22730908365222,-5944.17555179,0.3015417519000039
PHEO_red_249_cutoff_7.5.inp.out,255.74593384371585,-0.3072,0.0718,42.9233,59.0,-1304.1879302204,1.8202608885167781,147.08928830136628,-6095.6171441559,0.2872377405001316
PHEO_red_24_cutoff_7.5.inp.out,256.00725081520227,-0.2989,0.0797,28.2681,55.0,-1305.5933109311,170.9095980713286,-58.55286169159775,-5792.820000967,0.2818810997996479
PHEO_red_250_cutoff_7.5.inp.out,253.42485930331662,-0.2908,0.0802,16.1850,60.0,-1304.2612139748,427.3392822131672,302.618311791275,-6171.6977725356,0.2747007866000786
PHEO_red_251_cutoff_7.5.inp.out,255.55014829023796,-0.2959,0.0832,11.8332,58.0,-1304.9943240533,303.98277436372643,425.1319113746248,-6020.3586565959,0.28056492770065233
PHEO_red_252_cutoff_7.5.inp.out,256.31550845639833,-0.3130,0.0821,3.1394,57.0,-1305.1947605221,235.52613431948697,315.9136908927733,-5944.5083324598,0.29505641979994834
PHEO_red_253_cutoff_7.5.inp.out,254.63489840438712,-0.3454,0.0660,12.3556,53.0,-1306.5324891049,130.33444475053915,374.0222615760713,-5641.6594179054,0.32457888379940414
PHEO_red_254_cutoff_7.5.inp.out,256.2115703759953,-0.3282,0.0611,5.6012,53.0,-1306.7469790824,41.193128827145706,140.986262851118,-5641.8570580896,0.309589085600237
PHEO_red_255_cutoff_7.5.inp.out,257.0020262475692,-0.2753,0.0848,6.0171,56.0,-1305.6425676330,383.3692523575006,367.3290278393091,-5868.9267970779,0.2622638775001178
PHEO_red_256_cutoff_7.5.inp.out,256.63491753662447,-0.3167,0.0771,11.9115,57.0,-1304.9877052870,395.4740157964862,259.1388269924626,-5944.3376932747,0.2978098482999485
PHEO_red_257_cutoff_7.5.inp.out,256.4608655575196,-0.3051,0.0698,17.5420,55.0,-1305.8818707676,104.74593724196296,251.5024402180786,-5793.0917464713,0.28633357220041944
PHEO_red_258_cutoff_7.5.inp.out,256.4806645223234,-0.3143,0.0702,8.0022,51.0,-1307.2038029422,31.220036078634088,103.6362422504047,-5490.2856513004,0.2964393395996012
PHEO_red_259_cutoff_7.5.inp.out,256.39215211140527,-0.2961,0.0762,15.4313,51.0,-1307.4789624388,160.60024920514624,159.47377130986277,-5490.6428614881,0.27989511199939443
PHEO_red_25_cutoff_7.5.inp.out,256.9969361515775,-0.2902,0.0704,29.6710,58.0,-1304.9417658664,225.81234073272938,-26.47803261381454,-6020.2789796362,0.27596477919996687
PHEO_red_260_cutoff_7.5.inp.out,255.6067415164925,-0.3186,0.0688,9.6845,54.0,-1305.8496235407,249.53856526911164,298.7054529938072,-5716.9469949444,0.30171501810036716
PHEO_red_261_cutoff_7.5.inp.out,259.7126492852879,-0.3003,0.0760,11.8068,53.0,-1306.7400837092,322.2215247763695,315.73037986680487,-5641.7920319994,0.28315054880022217
PHEO_red_262_cutoff_7.5.inp.out,258.83439666728947,-0.3019,0.0672,14.3587,53.0,-1306.3350313392,130.4820172443448,236.94701835075983,-5641.4608780725,0.28787805600040883
PHEO_red_263_cutoff_7.5.inp.out,256.3797850976202,-0.3090,0.0783,12.7590,52.0,-1306.9479251641,178.47480306715212,200.17286830432627,-5566.0059625562,0.2921549419997973
PHEO_red_264_cutoff_7.5.inp.out,259.68237332397104,-0.3135,0.0722,17.1185,54.0,-1305.9095258732,331.6211292789144,389.64895968011996,-5717.0003163015,0.29829927300033887
PHEO_red_265_cutoff_7.5.inp.out,254.96122657541417,-0.3131,0.0685,5.4203,54.0,-1305.7084619608,121.81548893130454,286.02031355978096,-5716.8676860718,0.29930756270005077
PHEO_red_266_cutoff_7.5.inp.out,256.6687706560614,-0.3015,0.0773,7.1194,55.0,-1305.3794899381,515.6982873415477,712.892017476619,-5792.6099788046,0.28538896800000657
PHEO_red_267_cutoff_7.5.inp.out,255.7652133044618,-0.3035,0.0797,21.5015,56.0,-1305.0773618846,371.7062123406344,378.9350939857261,-5868.3174882391,0.2850422424999124
PHEO_red_268_cutoff_7.5.inp.out,253.94550519292918,-0.2742,0.0859,27.6965,53.0,-1306.4688473745,83.16328685296278,41.0083634050282,-5641.5973965908,0.2617090705998635
PHEO_red_269_cutoff_7.5.inp.out,256.715966734448,-0.2716,0.0720,27.3631,50.0,-1307.0351754922,-5.381768463246221,-58.804421438144935,-5414.0279049757,0.2596057444998223
PHEO_red_26_cutoff_7.5.inp.out,258.08650967505855,-0.3191,0.0721,26.2265,55.0,-1306.5377915584,32.791186673192854,-149.09702062637888,-5793.6837084849,0.30005726059971494
PHEO_red_270_cutoff_7.5.inp.out,255.2697691188688,-0.2710,0.0834,25.7554,53.0,-1306.0890692821,116.29990702914941,54.98159321647312,-5641.2312691542,0.259004779800307
PHEO_red_271_cutoff_7.5.inp.out,255.67037325086056,-0.3031,0.0763,18.6194,52.0,-1306.5643383421,29.803307336411898,-66.64237220030529,-5565.5986095225,0.2865406963001078
PHEO_red_272_cutoff_7.5.inp.out,256.69111114543614,-0.2897,0.0806,18.2974,53.0,-1306.4932260630,100.96450127195907,77.20150881181175,-5641.663284292,0.27547644510013924
PHEO_red_273_cutoff_7.5.inp.out,256.18386165918827,-0.2884,0.0861,26.2770,54.0,-1306.3755780044,239.57604092987233,189.41963841154902,-5717.5479270849,0.2751652931001445
PHEO_red_274_cutoff_7.5.inp.out,258.42765645362346,-0.2996,0.0776,29.2828,49.0,-1308.1861616817,197.9534595927716,206.4307968872636,-5339.162165254,0.2845701269998244
PHEO_red_275_cutoff_7.5.inp.out,258.6766996256087,-0.2983,0.0747,21.3575,51.0,-1307.2756019843,233.0536961365965,256.61927125011334,-5490.3335020652,0.2824734145997354
PHEO_red_276_cutoff_7.5.inp.out,256.0415150182596,-0.3145,0.0669,20.8354,52.0,-1306.6608680925,227.37974618556407,86.63267754356409,-5565.7287728693,0.2992465049001112
PHEO_red_277_cutoff_7.5.inp.out,255.25955862026615,-0.2975,0.0791,27.9866,50.0,-1307.6410092301,467.02834604403125,268.05975926863215,-5414.6323287648,0.2827164009004264
PHEO_red_278_cutoff_7.5.inp.out,256.1987639864396,-0.2791,0.0776,25.8304,52.0,-1306.4964539553,336.0118180791307,378.29212558343363,-5565.5785201432,0.2665655176997461
PHEO_red_279_cutoff_7.5.inp.out,256.35655154842516,-0.3300,0.0650,22.9814,52.0,-1306.6538244548,105.19759515267651,131.722494345265,-5565.803762693,0.31009162919963273
PHEO_red_27_cutoff_7.5.inp.out,256.50114158644107,-0.3005,0.0768,14.1520,57.0,-1305.1612935857,57.88781401893102,-78.85060669960636,-5944.4174982229,0.28463213150007505
PHEO_red_280_cutoff_7.5.inp.out,257.19633214852433,-0.3134,0.0739,25.2401,55.0,-1305.9966085875,157.79409326126407,352.58423611593895,-5793.1297547313,0.29706975069984765
PHEO_red_281_cutoff_7.5.inp.out,259.77293343620494,-0.3078,0.0736,24.3324,57.0,-1305.5287475210,391.5409642523397,452.93571215976795,-5944.8455634178,0.2903689723998468
PHEO_red_282_cutoff_7.5.inp.out,258.5715449868844,-0.3157,0.0733,18.7900,56.0,-1305.3382408363,226.54200339567058,335.61023003895184,-5868.6731718854,0.2976556164003341
PHEO_red_283_cutoff_7.5.inp.out,257.4887658207246,-0.3184,0.0642,18.4526,56.0,-1305.7258460535,171.46090997511072,265.1343174618791,-5869.0179850597,0.3023676370003159
PHEO_red_284_cutoff_7.5.inp.out,258.4514397197725,-0.3146,0.0575,28.2882,54.0,-1305.7914160796,69.78463070679503,205.53158969861158,-5717.0797697451,0.2993005856005766
PHEO_red_285_cutoff_7.5.inp.out,259.7727484232954,-0.3157,0.0734,25.2410,59.0,-1304.5326716811,216.313207276917,255.34712300181283,-6095.9764172236,0.29561724250015686
PHEO_red_286_cutoff_7.5.inp.out,258.22611608359335,-0.3008,0.0814,23.3381,58.0,-1304.9207537668,147.89908692824667,438.26316394460156,-6020.2531288118,0.2814095437006472
PHEO_red_287_cutoff_7.5.inp.out,259.6568014596291,-0.3056,0.0788,26.5235,56.0,-1305.3329095577,338.001041523384,355.256322723959,-5868.597911886,0.28814135729953705
PHEO_red_288_cutoff_7.5.inp.out,258.7893619325377,-0.3116,0.0687,12.3610,58.0,-1304.8252283913,-65.15150351501981,176.43081280304364,-6020.0851342075,0.2943358814000021
PHEO_red_289_cutoff_7.5.inp.out,257.12113628555295,-0.3208,0.0628,15.1491,62.0,-1303.9552887902,112.50171051180799,232.97238922201078,-6323.3989117756,0.3027847313996972
PHEO_red_28_cutoff_7.5.inp.out,256.71399313325963,-0.2941,0.0710,20.8483,55.0,-1306.3106054512,386.80266923118745,267.8577225054777,-5793.518574751,0.27585667069979536
PHEO_red_290_cutoff_7.5.inp.out,258.52046106238987,-0.3129,0.0687,23.3941,63.0,-1303.1377045519,220.18737579040535,241.77111651423988,-6398.6044385545,0.2950149527996473
PHEO_red_291_cutoff_7.5.inp.out,257.84373025637876,-0.3033,0.0731,20.0503,55.0,-1306.1777808091,237.69449226193464,546.4640932092686,-5793.3319847341,0.28709366980001505
PHEO_red_292_cutoff_7.5.inp.out,255.17834336228023,-0.3038,0.0700,25.6176,55.0,-1306.2320040836,186.12386558022558,351.822169245751,-5793.4610810161,0.2865007046993924
PHEO_red_293_cutoff_7.5.inp.out,256.81377862636043,-0.2930,0.0824,23.8454,53.0,-1306.4699296296,289.76267539105544,330.677068833498,-5641.5417190328,0.2772202430996913
PHEO_red_294_cutoff_7.5.inp.out,255.0187929278938,-0.2826,0.1010,15.4229,56.0,-1305.7633767841,501.69611504722536,383.7882606473674,-5868.9056052167,0.2652721663998818
PHEO_red_295_cutoff_7.5.inp.out,255.78879195228728,-0.2655,0.0928,24.5383,57.0,-1305.3016792941,513.7012497365268,314.0021371975898,-5944.5881009973,0.25183834259951254
PHEO_red_296_cutoff_7.5.inp.out,255.41811052640878,-0.2777,0.0935,27.6213,54.0,-1306.3533927983,523.3781817434792,562.3398395072419,-5717.5191340282,0.26267339490004815
PHEO_red_297_cutoff_7.5.inp.out,256.0578556942206,-0.2816,0.0935,28.2475,56.0,-1306.0224960602,356.37447784306346,432.13095371432206,-5869.4050263625,0.2636548718000995
PHEO_red_298_cutoff_7.5.inp.out,259.3273909646458,-0.2857,0.0829,33.2094,56.0,-1305.8674227579,251.16318704191042,234.35525572751393,-5869.1484036748,0.2708249467996211
PHEO_red_299_cutoff_7.5.inp.out,258.74200701429163,-0.2987,0.0792,31.1175,55.0,-1306.2702219627,168.66999856031543,270.26800015516255,-5793.5074580062,0.2794569377001608
PHEO_red_29_cutoff_7.5.inp.out,254.88847160041726,-0.2999,0.0594,18.5612,58.0,-1305.2621247869,217.21524469068655,270.4879044025091,-6020.6226354016,0.2853738751000492
PHEO_red_2_cutoff_7.5.inp.out,259.82226100860015,-0.2983,0.0756,19.6766,53.0,-1306.5738355864,-62.797539831882496,-163.5266566945279,-5641.6162083334,0.2808469402998526
PHEO_red_300_cutoff_7.5.inp.out,256.58437062082885,-0.2950,0.0757,9.7928,56.0,-1305.9590875593,424.5124662527538,752.8180879597088,-5869.0886685058,0.28024536579960113
PHEO_red_301_cutoff_7.5.inp.out,257.59442029143725,-0.2985,0.0785,18.6144,55.0,-1306.2134178887,721.3393590125995,556.7091088812116,-5793.3130293558,0.2814087606002431
PHEO_red_302_cutoff_7.5.inp.out,258.73058887108635,-0.3144,0.0613,7.0581,51.0,-1307.6101873945,252.87039931530234,468.92487863687427,-5490.6378863867,0.298381697599325
PHEO_red_303_cutoff_7.5.inp.out,256.57335185222047,-0.3329,0.0585,4.8727,52.0,-1307.1295900038,215.09501142600038,432.426870965581,-5566.1339881861,0.31288129369931994
PHEO_red_304_cutoff_7.5.inp.out,257.9647800466959,-0.2858,0.0799,15.8445,52.0,-1307.3031322387,197.90679964790644,231.79055629451898,-5566.3783678119,0.27182578119936807
PHEO_red_305_cutoff_7.5.inp.out,257.4056521778406,-0.2957,0.0631,14.7069,53.0,-1307.0845600434,124.05536040804998,70.42576721442468,-5642.1665278566,0.27997384650007007
PHEO_red_306_cutoff_7.5.inp.out,255.6160631624239,-0.2947,0.0708,18.0614,56.0,-1305.8335542017,261.98273720752564,249.8854596854244,-5868.9861885529,0.2762232752002092
PHEO_red_307_cutoff_7.5.inp.out,257.0447169742499,-0.2935,0.0755,11.0798,58.0,-1305.6199401285,474.4305544821828,153.68223082715366,-6020.8253167575,0.2770676967002146
PHEO_red_308_cutoff_7.5.inp.out,255.34745983680597,-0.3177,0.0663,9.5317,54.0,-1306.6044158708,-26.511086571343114,25.986882700451382,-5717.698066146,0.29993199379987345
PHEO_red_309_cutoff_7.5.inp.out,257.7373839473555,-0.3171,0.0690,5.2953,55.0,-1305.7682513080,-81.63155499564847,-49.99270137537567,-5792.9787861682,0.2998505216000922
PHEO_red_30_cutoff_7.5.inp.out,257.3550863815545,-0.3100,0.0716,31.6682,57.0,-1305.1745318324,-96.80902957259008,-103.50566489812623,-5944.5220535581,0.2929077573999166
PHEO_red_310_cutoff_7.5.inp.out,256.80754189941126,-0.2843,0.0806,14.0930,54.0,-1306.8459792944,203.98264150945016,165.0501319639694,-5717.9574121671,0.26867289770052594
PHEO_red_311_cutoff_7.5.inp.out,253.47750701995813,-0.2853,0.0736,14.5279,56.0,-1305.8153881933,68.64551234519462,-57.689877113385904,-5869.0142276487,0.2722001594001995
PHEO_red_312_cutoff_7.5.inp.out,257.9811258365124,-0.2972,0.0608,7.9886,54.0,-1306.4221134167,-94.70813657309492,-148.96339897313948,-5717.5259812243,0.2823809079000057
PHEO_red_313_cutoff_7.5.inp.out,256.39348673691285,-0.2919,0.0715,12.6449,53.0,-1306.8502644988,25.349444967810435,-41.177369803052045,-5641.9952486365,0.2759398025000337
PHEO_red_314_cutoff_7.5.inp.out,257.22376770966264,-0.3152,0.0639,20.6854,49.0,-1308.2674534201,32.746049954705825,25.555899131516288,-5339.2127750124,0.2986608683004306
PHEO_red_315_cutoff_7.5.inp.out,259.6309178127038,-0.2983,0.0605,8.5797,51.0,-1307.3767478237,-70.90464566313413,-177.9716598406018,-5490.3764787377,0.28409385200029647
PHEO_red_316_cutoff_7.5.inp.out,258.142540608301,-0.3044,0.0705,8.2773,52.0,-1306.9143762735,-167.9383880413421,-380.3961608130036,-5565.9446785634,0.2871580847004225
PHEO_red_317_cutoff_7.5.inp.out,258.63667918242754,-0.2944,0.0649,11.0437,51.0,-1307.5079870793,89.66835907512716,33.9566688867385,-5490.4430842641,0.27815695160006726
PHEO_red_318_cutoff_7.5.inp.out,256.4965923424765,-0.3052,0.0548,20.2033,52.0,-1306.9157032582,-66.11017933904232,-2.140778314658352,-5565.9659251759,0.28867253480075306
PHEO_red_319_cutoff_7.5.inp.out,259.7392726653937,-0.3025,0.0686,12.2357,49.0,-1308.5326681526,207.60023182068682,251.41652867483575,-5339.4890287997,0.28623433289976674
PHEO_red_31_cutoff_7.5.inp.out,256.4558887233579,-0.3013,0.0800,26.5001,55.0,-1306.1164639691,239.6892067636132,64.95421006291396,-5793.3451966757,0.2864123674999064
PHEO_red_320_cutoff_7.5.inp.out,258.67778620137034,-0.2847,0.0852,4.2019,51.0,-1307.7884373597,300.1970115639577,324.0251408718252,-5490.7139341997,0.2690111327001432
PHEO_red_321_cutoff_7.5.inp.out,256.5074529640634,-0.2907,0.0797,17.4028,52.0,-1307.3377073991,132.66693385702658,158.4212048637486,-5566.3730274862,0.27523892960016383
PHEO_red_322_cutoff_7.5.inp.out,256.10123581516416,-0.2928,0.0822,23.7576,53.0,-1306.8494186481,162.59865284063403,162.08381126339827,-5641.9697029795,0.27665032379991317
PHEO_red_323_cutoff_7.5.inp.out,257.8127233305237,-0.2857,0.0837,22.0113,52.0,-1307.2491815037,136.71247396221534,162.88301722863406,-5566.283984957,0.26974995199998375
PHEO_red_324_cutoff_7.5.inp.out,255.4815887329525,-0.3315,0.0695,22.4087,54.0,-1306.5827588207,-26.035177262899648,-118.89247992869245,-5717.6853876839,0.3112965042000724
PHEO_red_325_cutoff_7.5.inp.out,256.47848129391446,-0.3117,0.0776,16.9330,56.0,-1306.2621292287,37.396468288141016,12.866906324703182,-5869.3572777433,0.29218802450031944
PHEO_red_326_cutoff_7.5.inp.out,258.5830180229804,-0.3084,0.0755,21.6221,57.0,-1305.6288640745,75.68984373505748,84.5280314642413,-5944.84225234,0.29024603069956356
PHEO_red_327_cutoff_7.5.inp.out,257.4873022445449,-0.3034,0.0653,28.2287,57.0,-1305.6880526397,-107.08308110063005,-52.31275914179633,-5944.8342099186,0.2900113354999121
PHEO_red_328_cutoff_7.5.inp.out,257.8531145226528,-0.3095,0.0823,36.5056,56.0,-1305.6223242424,81.53977059085777,121.53008696883884,-5868.8384978315,0.28804093670078146
PHEO_red_329_cutoff_7.5.inp.out,256.87971901460213,-0.3009,0.0701,30.2569,58.0,-1305.5544092489,36.83522974921342,63.803283438154736,-6020.8371754679,0.28492854819978675
PHEO_red_32_cutoff_7.5.inp.out,255.66600491533603,-0.3109,0.0689,20.3338,55.0,-1305.9178442341,27.596647438962886,136.8430586616255,-5793.1114208557,0.2953015327993853
PHEO_red_330_cutoff_7.5.inp.out,258.1597647227786,-0.2984,0.0685,34.0886,56.0,-1305.6796463792,81.99769239535665,34.97978939969298,-5868.9355322785,0.28348409659975005
PHEO_red_331_cutoff_7.5.inp.out,257.83832487850214,-0.3027,0.0776,22.9923,53.0,-1306.8216443525,57.86391684481929,118.19488340423396,-5642.0204581918,0.28791449760046817
PHEO_red_332_cutoff_7.5.inp.out,258.8073272961452,-0.3109,0.0623,20.6622,57.0,-1305.6595805504,-37.579889708944215,26.43547090937187,-5944.9081501835,0.29112119970068306
PHEO_red_333_cutoff_7.5.inp.out,258.82267019086663,-0.3262,0.0604,21.0190,54.0,-1306.3738605857,-152.93623511563663,-136.07080736404578,-5717.5271247078,0.3097340135000195
PHEO_red_334_cutoff_7.5.inp.out,254.87695602756835,-0.3143,0.0866,17.3368,54.0,-1306.8718001947,74.10552181417302,17.836006334758086,-5717.9810621521,0.29833845470056986
PHEO_red_335_cutoff_7.5.inp.out,258.26211186197713,-0.3137,0.0801,18.3592,55.0,-1305.9091084528,56.46484972744786,-13.716288182173532,-5792.9912282421,0.29813085370005865
PHEO_red_336_cutoff_7.5.inp.out,256.0633997712679,-0.3172,0.0690,5.7723,50.0,-1308.0190482208,21.80180491131612,9.111961163599378,-5415.0197243405,0.2983960596002362
PHEO_red_337_cutoff_7.5.inp.out,256.03428250815654,-0.3073,0.0752,17.0292,50.0,-1307.4232629108,-25.58778791149552,-146.8100234707009,-5414.4970065688,0.2909328233999986
PHEO_red_338_cutoff_7.5.inp.out,258.09825355899125,-0.2768,0.0891,15.4630,52.0,-1307.1278502506,48.403937377185954,-66.13300998470889,-5566.2793419156,0.2629139998998653
PHEO_red_339_cutoff_7.5.inp.out,253.2024882230975,-0.2847,0.0844,15.5980,48.0,-1308.3840629425,84.97178339784134,-9.314928386019174,-5263.3767773062,0.27152934429977904
PHEO_red_33_cutoff_7.5.inp.out,258.83605562306064,-0.3006,0.0723,29.2026,53.0,-1307.0406553252,230.41086129986905,250.79985634744338,-5642.2276856215,0.2860795763999704
PHEO_red_340_cutoff_7.5.inp.out,258.9132161255321,-0.3147,0.0670,16.3676,56.0,-1305.8360831429,250.0513487695825,234.63126383269133,-5869.0548747316,0.297214269899996
PHEO_red_341_cutoff_7.5.inp.out,256.7179617375451,-0.3135,0.0589,10.9171,54.0,-1306.6805589677,227.7219605616761,309.39727489792676,-5717.9285347355,0.2964025006003794
PHEO_red_342_cutoff_7.5.inp.out,257.44286483680764,-0.3063,0.0480,15.0184,51.0,-1307.0982483164,396.3755755445983,476.11040454213787,-5490.2413431009,0.29056272329944477
PHEO_red_343_cutoff_7.5.inp.out,258.0120295063171,-0.3014,0.0620,8.4430,52.0,-1307.1158845378,457.71668939297257,577.3658250555172,-5566.2703929878,0.28583418679954775
PHEO_red_344_cutoff_7.5.inp.out,255.47895611321817,-0.2886,0.0828,6.5577,50.0,-1307.6937390539,567.2627725768632,415.7617295389931,-5414.7020538313,0.27389915759977157
PHEO_red_345_cutoff_7.5.inp.out,258.34724573303913,-0.3075,0.0538,5.6510,55.0,-1306.1028446347,61.314419291355364,-20.30148602893706,-5793.3386309041,0.28864042419991165
PHEO_red_346_cutoff_7.5.inp.out,257.30009214420886,-0.3039,0.0585,10.8190,56.0,-1305.6528515014,138.91431119243572,-57.249956552875645,-5868.9232376557,0.2861565008997786
PHEO_red_347_cutoff_7.5.inp.out,257.89994735130057,-0.3093,0.0613,22.2962,54.0,-1306.2707835986,63.97537768891534,68.69119275081037,-5717.3383782946,0.2927249148997362
PHEO_red_348_cutoff_7.5.inp.out,257.04338133609605,-0.3106,0.0725,11.7261,55.0,-1306.2932337478,-131.3573284963963,-159.11105868637716,-5793.4898787465,0.2908475123003882
PHEO_red_349_cutoff_7.5.inp.out,257.5587671226663,-0.2782,0.0849,22.8426,54.0,-1306.2882769010,284.17133585364684,233.15238467882213,-5717.4671075788,0.26127001299937547
PHEO_red_34_cutoff_7.5.inp.out,256.58681105312235,-0.3231,0.0588,34.3944,57.0,-1305.1828392047,-3.5716164092275493,39.37699861195858,-5944.4248291663,0.30356123380079225
PHEO_red_350_cutoff_7.5.inp.out,255.17166975721037,-0.2881,0.0807,32.0299,54.0,-1306.3446259611,32.41950655983033,206.0707271361498,-5717.5554788103,0.27241143570063286
PHEO_red_351_cutoff_7.5.inp.out,257.30565133477796,-0.2820,0.0763,45.7914,54.0,-1306.2588268217,362.16493843659146,535.1770593545743,-5717.4784088648,0.2665288825000971
PHEO_red_352_cutoff_7.5.inp.out,256.4893280081769,-0.2978,0.0776,30.0596,51.0,-1307.2361590644,444.4648103056782,504.4080876563943,-5490.2964912051,0.28110981450026884
PHEO_red_353_cutoff_7.5.inp.out,256.2639784262211,-0.3039,0.0678,27.9953,50.0,-1307.4879286467,271.77203727146673,400.10280399179015,-5414.5265159508,0.2873542101997373
PHEO_red_354_cutoff_7.5.inp.out,258.5560962824825,-0.2826,0.0751,30.1324,53.0,-1306.7804133955,351.7618720154141,470.30022427518657,-5641.8525224355,0.2693143736005368
PHEO_red_355_cutoff_7.5.inp.out,254.3503818201541,-0.2907,0.0730,36.0717,53.0,-1306.4771498348,256.2618258644605,358.4678664409167,-5641.530998085,0.27495036619984603
PHEO_red_356_cutoff_7.5.inp.out,255.5314586969428,-0.3032,0.0598,42.2406,57.0,-1305.2072465506,-11.69695289054835,142.38605765675857,-5944.4529874324,0.28553289489991585
PHEO_red_357_cutoff_7.5.inp.out,253.23109964528194,-0.2977,0.0581,47.3590,55.0,-1306.0613751302,-170.55008689501287,-81.83132359085867,-5793.2616504764,0.2835337401002107
PHEO_red_358_cutoff_7.5.inp.out,253.5666735028109,-0.2978,0.0500,45.6148,55.0,-1305.7705916026,-216.59733634308685,-213.50741859485169,-5792.9850467745,0.2827490020999903
PHEO_red_359_cutoff_7.5.inp.out,254.396713009374,-0.2922,0.0774,41.3430,51.0,-1307.3574825429,-4.459628011811102,72.38359072138606,-5490.4411898832,0.2731050904003496
PHEO_red_35_cutoff_7.5.inp.out,257.6419085896296,-0.2979,0.0794,34.1085,57.0,-1305.5797857600,263.9488091698106,209.83135451133265,-5944.8496384429,0.2829619732001447
PHEO_red_360_cutoff_7.5.inp.out,254.75119232611067,-0.3073,0.0692,41.7156,49.0,-1308.0397032478,-324.4300150751537,-329.3306313022746,-5339.0182480452,0.2905687633001435
PHEO_red_361_cutoff_7.5.inp.out,255.10974257785108,-0.3104,0.0673,33.8837,53.0,-1306.3222694893,-191.74365931545313,-446.9961949778529,-5641.4164594063,0.2950134644997888
PHEO_red_362_cutoff_7.5.inp.out,256.51056790721015,-0.3196,0.0719,26.6299,56.0,-1305.7157589096,-118.12472732711633,-218.13405871478253,-5868.9920651073,0.30202160210046713
PHEO_red_363_cutoff_7.5.inp.out,254.24976085906385,-0.3231,0.0755,30.2029,55.0,-1305.7507530521,-39.63793505999043,-55.99712688305258,-5792.9351764416,0.30322001930016995
PHEO_red_364_cutoff_7.5.inp.out,255.69404574508943,-0.3071,0.0638,33.6684,55.0,-1306.3152426327,137.44336748865973,-53.66513812693656,-5793.5692729764,0.29003812149949226
PHEO_red_365_cutoff_7.5.inp.out,255.96982923574436,-0.3009,0.0818,28.1953,54.0,-1305.7933360346,-50.325432429387135,-169.19921493644418,-5717.002835041,0.28601310849990114
PHEO_red_366_cutoff_7.5.inp.out,256.0273126048242,-0.3290,0.0674,30.5272,55.0,-1306.0325442560,-148.79665518787846,-331.71089324186136,-5793.2492302723,0.3100529067996831
PHEO_red_367_cutoff_7.5.inp.out,258.32858172969145,-0.3140,0.0677,22.3768,58.0,-1304.5501679334,-289.5911859241685,-278.48200323737973,-6019.9052748529,0.29701607590050116
PHEO_red_368_cutoff_7.5.inp.out,257.3097404596996,-0.2952,0.0748,28.9026,58.0,-1304.7969193511,-6.82076092692467,-331.78783207664316,-6020.1574554375,0.2790392142997007
PHEO_red_369_cutoff_7.5.inp.out,257.39578356201616,-0.2985,0.0800,38.6773,58.0,-1304.7802754443,413.05430717739375,143.09640032146316,-6020.0957253678,0.28113721620047727
PHEO_red_36_cutoff_7.5.inp.out,256.2521224753797,-0.2871,0.0832,29.5196,56.0,-1306.1528687815,416.32653679344025,298.17906935466306,-5869.37590307,0.2693125215000691
PHEO_red_370_cutoff_7.5.inp.out,259.5132041296578,-0.2967,0.0725,35.4186,58.0,-1304.4648651680,593.4527321276839,278.0115490169733,-6019.7438263855,0.27781945419974363
PHEO_red_371_cutoff_7.5.inp.out,258.71555966976416,-0.3110,0.0660,35.7109,56.0,-1305.4612262113,183.0810746318986,487.8560519469651,-5868.6880164145,0.2908053454993933
PHEO_red_372_cutoff_7.5.inp.out,258.6419579445625,-0.2925,0.0661,41.7552,56.0,-1305.3751857531,115.83637099285545,169.2755970579691,-5868.5506512983,0.2780841629000861
PHEO_red_373_cutoff_7.5.inp.out,258.54492488524784,-0.3004,0.0786,24.5690,59.0,-1304.2376940891,214.178931417733,339.23683528891024,-6095.5576616884,0.2844256354001118
PHEO_red_374_cutoff_7.5.inp.out,255.97594361719416,-0.3054,0.0785,9.7968,59.0,-1304.2794101649,221.64139571362966,759.8498579381082,-6095.5638851007,0.2894475990997307
PHEO_red_375_cutoff_7.5.inp.out,256.0132328107641,-0.3270,0.0681,16.3150,53.0,-1306.1242922198,213.99629873656434,522.6012839654243,-5641.1831640662,0.30470504169989
PHEO_red_376_cutoff_7.5.inp.out,256.1261673478487,-0.3054,0.0553,10.3821,48.0,-1307.7862896086,55.795219860693514,421.8357635908139,-5262.7602095419,0.29090838610045466
PHEO_red_377_cutoff_7.5.inp.out,257.8662411749466,-0.3003,0.0715,16.7380,51.0,-1306.5974872298,245.48475144844932,335.1937613547714,-5489.6507049548,0.2874217059006696
PHEO_red_378_cutoff_7.5.inp.out,257.3550947670725,-0.2956,0.0705,22.4185,51.0,-1306.6718812457,122.52468226635635,259.363979828691,-5489.7656665813,0.2798844735007151
PHEO_red_379_cutoff_7.5.inp.out,256.53726437773827,-0.3138,0.0686,15.9364,49.0,-1307.6665320591,364.6634944189922,254.83256270758173,-5338.7163092485,0.2921918690999519
PHEO_red_37_cutoff_7.5.inp.out,256.7704499073825,-0.2872,0.0861,35.2038,57.0,-1305.2199724358,294.16939605713145,140.11500619634998,-5944.4541942545,0.2726205488997948
PHEO_red_380_cutoff_7.5.inp.out,258.09009295422095,-0.3234,0.0522,8.3058,58.0,-1305.0649609734,152.09674072016242,196.94297234411385,-6020.3097540679,0.3046371629998248
PHEO_red_381_cutoff_7.5.inp.out,254.6417058049551,-0.3031,0.0790,6.9854,56.0,-1305.6041433947,289.4320435863121,237.50590817393612,-5868.7979737607,0.2888089427997329
PHEO_red_382_cutoff_7.5.inp.out,255.44908606754254,-0.2950,0.0737,10.8074,56.0,-1305.5924929636,590.2320792634772,447.76553250956766,-5868.7518995767,0.2794968168000196
PHEO_red_383_cutoff_7.5.inp.out,255.32206519612248,-0.3163,0.0709,15.3425,57.0,-1305.3629093531,415.54635914874257,411.86383884072706,-5944.6734681441,0.2991277988994625
PHEO_red_384_cutoff_7.5.inp.out,257.3759371409598,-0.2935,0.0837,9.3143,55.0,-1306.2300849143,422.6121699543297,443.12292536411803,-5793.4307709673,0.27455072320026375
PHEO_red_385_cutoff_7.5.inp.out,255.35411895999317,-0.3120,0.0790,6.8456,53.0,-1306.6814740939,115.98348385547766,149.18252516983102,-5641.743871893,0.29473674349992507
PHEO_red_386_cutoff_7.5.inp.out,258.62743747579265,-0.2827,0.0849,23.3858,55.0,-1306.0270057655,106.72343297530792,192.46317642171758,-5793.1889176621,0.26960908569981257
PHEO_red_387_cutoff_7.5.inp.out,257.22056425692926,-0.2903,0.0836,11.0674,56.0,-1305.6180331507,319.26393142425945,340.54221154341695,-5868.8722679925,0.27543805799996335
PHEO_red_388_cutoff_7.5.inp.out,256.33918693714213,-0.3090,0.0745,18.6353,56.0,-1305.5476124530,255.7867796236082,471.3791179432879,-5868.7944686807,0.28778202759986016
PHEO_red_389_cutoff_7.5.inp.out,255.67964473302928,-0.2940,0.0812,25.8506,56.0,-1305.1930294012,109.3408869562829,201.1808813125761,-5868.4401288096,0.2768525295996369
PHEO_red_38_cutoff_7.5.inp.out,257.30255497762084,-0.3121,0.0575,43.2265,56.0,-1305.7787413404,25.18743319220213,196.2819162819346,-5868.9832063117,0.29320538619958825
PHEO_red_390_cutoff_7.5.inp.out,257.1030277792209,-0.3066,0.0770,18.5376,52.0,-1306.9161957891,120.44789182132813,259.76563564584427,-5565.9958353908,0.29174945859995205
PHEO_red_391_cutoff_7.5.inp.out,256.41257155207717,-0.3082,0.0865,8.8394,54.0,-1305.5733623357,228.54209077576493,152.49817627684249,-5716.7728109079,0.2920537943000454
PHEO_red_392_cutoff_7.5.inp.out,256.3865451271758,-0.3107,0.0746,7.8264,57.0,-1304.9613159315,405.8962006986708,280.0627734606376,-5944.2355048366,0.28946310199989966
PHEO_red_393_cutoff_7.5.inp.out,258.78942489710295,-0.2860,0.0761,4.5251,56.0,-1305.2480020094,299.3988835295566,301.62805296785433,-5868.5226952905,0.2683611288002794
PHEO_red_394_cutoff_7.5.inp.out,257.6173647428177,-0.3115,0.0738,15.2323,58.0,-1304.6517106601,107.67011048437136,80.29313489095605,-6020.0023218468,0.2934548330003963
PHEO_red_395_cutoff_7.5.inp.out,255.8500241765464,-0.3044,0.0751,14.4024,56.0,-1305.2696762032,78.50535011188644,17.61804978597553,-5868.4473024305,0.28634071329997823
PHEO_red_396_cutoff_7.5.inp.out,254.6708820572134,-0.3136,0.0669,19.3336,59.0,-1303.9856132540,-84.3072499070276,-31.127184543003008,-6095.2481635712,0.29873504979968857
PHEO_red_397_cutoff_7.5.inp.out,255.67512387555988,-0.3054,0.0897,22.2545,57.0,-1304.7459775805,295.1901614208912,284.60079488201666,-5943.9145561913,0.2886166640000738
PHEO_red_398_cutoff_7.5.inp.out,256.40195096407916,-0.3044,0.0840,26.3154,58.0,-1304.6847008223,181.78027601012977,44.56471293283292,-6019.8722212046,0.28445661830028257
PHEO_red_399_cutoff_7.5.inp.out,256.1306377247394,-0.3207,0.0844,27.0676,57.0,-1304.8310696457,401.4477639305578,284.37953472272204,-5944.0456543971,0.2992101554000328
PHEO_red_39_cutoff_7.5.inp.out,255.59898881153956,-0.3089,0.0722,48.0156,58.0,-1304.9489241144,142.14606642570553,107.63558857545621,-6020.2259871036,0.2925339505000011
PHEO_red_3_cutoff_7.5.inp.out,253.53050929300082,-0.3208,0.0673,18.4238,54.0,-1306.4763940167,-17.74177806906271,-233.85335904060315,-5717.5891556778,0.3017454616992836
PHEO_red_400_cutoff_7.5.inp.out,256.788055371979,-0.3261,0.0676,21.2419,57.0,-1304.9164188605,-70.71054390563832,-270.99206515498713,-5944.0582427172,0.3089971556000819
PHEO_red_401_cutoff_7.5.inp.out,255.06105009598812,-0.3156,0.0700,24.3074,56.0,-1305.1660187068,-373.28983213096865,-232.02762104366838,-5868.3784279908,0.29853635339986795
PHEO_red_402_cutoff_7.5.inp.out,257.4928964242792,-0.3200,0.0671,21.0093,56.0,-1305.2470065941,-145.33736681117085,-130.99031675502258,-5868.4161743317,0.30212172499977896
PHEO_red_403_cutoff_7.5.inp.out,256.8463416226287,-0.3119,0.0777,24.8491,56.0,-1305.4793673453,-27.222120577970166,-139.87053305853814,-5868.6847878959,0.29480679580046854
PHEO_red_404_cutoff_7.5.inp.out,257.6145724415574,-0.2982,0.0857,19.6584,55.0,-1305.4951085257,97.43329051205133,44.59375678392867,-5792.6130185531,0.2798046872003397
PHEO_red_405_cutoff_7.5.inp.out,258.55318054139457,-0.3067,0.0914,13.4180,61.0,-1303.8153267023,133.9683338223405,71.68188991306724,-6247.2229111672,0.287277451099726
PHEO_red_406_cutoff_7.5.inp.out,257.6242494412565,-0.2990,0.0765,19.0431,59.0,-1304.2596557616,-67.81851384087233,171.50692539444572,-6095.6231616599,0.28361800239963486
PHEO_red_407_cutoff_7.5.inp.out,259.72321131327703,-0.2953,0.0768,12.6226,61.0,-1303.5553219844,41.303535198763875,109.05951714501228,-6246.936928637,0.2803482036997593
PHEO_red_408_cutoff_7.5.inp.out,257.9714718943052,-0.3148,0.0730,14.9155,60.0,-1304.0742681140,-162.69285457306898,34.942991408904184,-6171.4267405787,0.2971814047004955
PHEO_red_409_cutoff_7.5.inp.out,255.73092242011074,-0.2910,0.0756,20.2673,58.0,-1304.8274091077,-154.7644360257003,-104.37683006788758,-6020.1695023804,0.2755619694999041
PHEO_red_40_cutoff_7.5.inp.out,259.16033489608367,-0.3292,0.0631,37.8173,58.0,-1304.6759477633,-70.37979939396371,-26.655715864496415,-6020.0372718183,0.3111106585993184
PHEO_red_410_cutoff_7.5.inp.out,257.11228462833617,-0.2889,0.0798,25.1647,59.0,-1304.3842081257,258.2584892202801,252.51170145478798,-6095.7152304984,0.2722361681999246
PHEO_red_411_cutoff_7.5.inp.out,258.59214773665286,-0.2949,0.0827,24.2653,59.0,-1304.3211762621,219.23904064762664,6.3935075791935345,-6095.6595704156,0.27683405820062035
PHEO_red_412_cutoff_7.5.inp.out,257.71817235599343,-0.3013,0.0805,10.5307,54.0,-1306.2561318275,117.77291044797224,220.23114171359288,-5717.4580247366,0.28529710190014157
PHEO_red_413_cutoff_7.5.inp.out,259.97862244704277,-0.2939,0.0860,13.3682,60.0,-1304.3883546190,370.3423753449555,276.61106573863157,-6171.7434485039,0.27731024229979084
PHEO_red_414_cutoff_7.5.inp.out,258.1518940028117,-0.2853,0.0887,25.5619,59.0,-1304.9892770064,176.52184245401466,76.82933159820045,-6096.2986466892,0.26925410570038366
PHEO_red_415_cutoff_7.5.inp.out,258.9527199339673,-0.2929,0.0941,26.5890,58.0,-1304.9625957300,121.51766344054597,7.289489838918885,-6020.2779775006,0.2746323246992688
PHEO_red_416_cutoff_7.5.inp.out,258.44604339832796,-0.2849,0.0984,23.0528,59.0,-1304.6394126850,155.39524855866014,185.97675173767593,-6095.8885537799,0.2670869848998336
PHEO_red_417_cutoff_7.5.inp.out,260.9553316187446,-0.2927,0.0764,20.4716,59.0,-1304.3969570919,-71.23140253507246,-147.26230389574093,-6095.6935738812,0.27550652450008783
PHEO_red_418_cutoff_7.5.inp.out,259.7969783607615,-0.3082,0.0748,21.8703,57.0,-1305.6444443553,68.35149463966617,-43.40239798488198,-5944.8597588524,0.289770302800207
PHEO_red_419_cutoff_7.5.inp.out,256.68933140661517,-0.3153,0.0651,34.9446,54.0,-1306.3166449047,-122.41793749272534,-178.17292971333524,-5717.4831005684,0.29534530759974587
PHEO_red_41_cutoff_7.5.inp.out,257.6812630551124,-0.3205,0.0601,35.7511,59.0,-1304.0511652589,-156.00452764956086,-189.9772834603833,-6095.4430530135,0.30358137550047104
PHEO_red_420_cutoff_7.5.inp.out,258.0329746316924,-0.3121,0.0668,21.4969,49.0,-1308.1844278692,240.98598794104169,318.1048512034496,-5339.1326295799,0.2933508656997219
PHEO_red_421_cutoff_7.5.inp.out,257.31147862522744,-0.3131,0.0753,14.8983,54.0,-1306.3687598646,214.6126212755116,245.23245895412745,-5717.5378177448,0.29393220110068796
PHEO_red_422_cutoff_7.5.inp.out,259.732382393755,-0.2851,0.0854,20.8370,56.0,-1305.4058561824,248.76489096179122,150.26704245962642,-5868.6600513498,0.27132486699974834
PHEO_red_423_cutoff_7.5.inp.out,255.53792250786557,-0.3023,0.0758,23.0769,53.0,-1306.9109550544,161.67978197345568,150.58830523720474,-5642.0293370944,0.2850127923002219
PHEO_red_424_cutoff_7.5.inp.out,255.66507125456795,-0.2879,0.0839,3.6768,57.0,-1305.4473849505,330.8245313235246,194.00089492839606,-5944.6490714998,0.2718914422002854
PHEO_red_425_cutoff_7.5.inp.out,257.36323730839626,-0.2994,0.0775,10.7707,54.0,-1306.2311303414,196.63094238170095,225.56737724813814,-5717.4068325413,0.2836784945002364
PHEO_red_426_cutoff_7.5.inp.out,255.07077673588532,-0.2988,0.0692,13.7715,53.0,-1306.5054144016,307.53442986713657,179.01110208769882,-5641.5368820159,0.2823920064001868
PHEO_red_427_cutoff_7.5.inp.out,256.7419782039074,-0.3134,0.0735,16.7088,54.0,-1306.4470290275,-1.4153964788442213,4.930916796751742,-5717.5543566015,0.2941326677992038
PHEO_red_428_cutoff_7.5.inp.out,253.17829154616427,-0.3076,0.0675,19.8825,52.0,-1306.7691809259,252.868753654506,240.64607725589545,-5565.804303644,0.2893086335998305
PHEO_red_429_cutoff_7.5.inp.out,256.2272431116378,-0.3104,0.0620,17.8143,50.0,-1307.6024407063,264.3229301875471,368.11372650597235,-5414.5158552705,0.29636356480023096
PHEO_red_42_cutoff_7.5.inp.out,255.1170927661154,-0.3172,0.0610,39.8031,59.0,-1304.2113161067,-105.40918511714136,-61.99152317479444,-6095.5065324549,0.29926165500000934
PHEO_red_430_cutoff_7.5.inp.out,254.41344020043937,-0.2999,0.0600,11.2124,50.0,-1307.5396341216,71.46069814769162,91.94706782537155,-5414.5250218032,0.28487272819984355
PHEO_red_431_cutoff_7.5.inp.out,256.1474305860807,-0.3215,0.0491,6.1572,51.0,-1307.1269873653,-12.912195693336104,3.879433408265141,-5490.0917623278,0.302602805099923
PHEO_red_432_cutoff_7.5.inp.out,259.76009998719263,-0.3084,0.0824,12.6191,54.0,-1306.1930009214,43.42592645281621,46.29818642972028,-5717.3461010143,0.28893418589996145
PHEO_red_433_cutoff_7.5.inp.out,256.26409874739414,-0.2841,0.0867,4.4235,51.0,-1307.4489083630,-32.43429759714872,-135.09933134944504,-5490.5654774939,0.2717960916997981
PHEO_red_434_cutoff_7.5.inp.out,258.4837184791593,-0.2887,0.0753,10.2770,54.0,-1306.3032578138,309.6320497871979,340.31257035885346,-5717.5023249085,0.27333155979977164
PHEO_red_435_cutoff_7.5.inp.out,259.3671145334079,-0.2885,0.0769,17.3611,55.0,-1306.2951017994,181.1170936818058,442.314782536587,-5793.5014050709,0.273027221400298
PHEO_red_436_cutoff_7.5.inp.out,257.28956549009905,-0.3057,0.0867,7.8799,51.0,-1306.8955926813,254.13029253917793,468.6924980164747,-5489.9392075638,0.285190699800296
PHEO_red_437_cutoff_7.5.inp.out,255.74635447922637,-0.2949,0.0881,3.6655,55.0,-1305.9686508702,451.2459697951495,561.4629349870588,-5793.0967426753,0.2792646368006899
PHEO_red_438_cutoff_7.5.inp.out,254.05233596662305,-0.3075,0.0666,10.3857,53.0,-1306.6140658851,261.7540307948546,545.2055795507499,-5641.7316989547,0.2932882321001671
PHEO_red_439_cutoff_7.5.inp.out,256.2642785206552,-0.2930,0.0821,8.8433,55.0,-1305.5104875302,314.76387562987094,505.39145829730916,-5792.6492797773,0.2779463276001479
PHEO_red_43_cutoff_7.5.inp.out,257.2415539075868,-0.3094,0.0600,53.5582,60.0,-1304.1842221280,-308.6697736519549,-316.7680342161105,-6171.4917375136,0.2930637052995735
PHEO_red_440_cutoff_7.5.inp.out,253.54445049816798,-0.2917,0.0924,10.3628,54.0,-1306.1272646274,581.7162260474483,840.7873935088761,-5717.2652668351,0.2757973174993822
PHEO_red_441_cutoff_7.5.inp.out,255.6337168662017,-0.2942,0.0842,15.0637,55.0,-1305.9964312202,-79.23702058573924,50.094815985030955,-5793.1593896974,0.27759055189926585
PHEO_red_442_cutoff_7.5.inp.out,257.2586861935284,-0.2962,0.0824,14.9224,54.0,-1305.8249767111,408.0185969930064,384.8039194354923,-5716.9942563423,0.2804729376002797
PHEO_red_443_cutoff_7.5.inp.out,255.0438675281683,-0.3150,0.0676,22.4667,54.0,-1306.2812555812,200.67925727690115,259.63918386245547,-5717.5321556592,0.29744170799949643
PHEO_red_444_cutoff_7.5.inp.out,259.06198327345976,-0.3017,0.0773,22.9973,56.0,-1305.6797267944,255.76477414533554,396.23702626459396,-5868.9118604528,0.2858974102000502
PHEO_red_445_cutoff_7.5.inp.out,256.72850328255754,-0.2944,0.0796,20.0911,58.0,-1304.8068399768,226.89438741172557,415.33710937906557,-6020.0786120013,0.27854417219987226
PHEO_red_446_cutoff_7.5.inp.out,258.2378349587545,-0.3091,0.0708,10.8383,57.0,-1305.2209812586,309.2654710801836,499.3516627233003,-5944.4746751461,0.2900792194996029
PHEO_red_447_cutoff_7.5.inp.out,258.03615712590073,-0.2951,0.0850,22.0657,54.0,-1305.8337723221,396.2484650763327,717.8203457873734,-5717.0196620831,0.2792854442996031
PHEO_red_448_cutoff_7.5.inp.out,256.9257358601035,-0.3234,0.0669,9.6916,54.0,-1306.2859130739,253.60577335666272,517.3060211119479,-5717.4075724999,0.30628104290008196
PHEO_red_449_cutoff_7.5.inp.out,255.45235777391753,-0.3043,0.0823,11.6020,52.0,-1306.6605278990,483.70092074076825,678.6387773266421,-5565.7349576698,0.2874756888004413
PHEO_red_44_cutoff_7.5.inp.out,256.44248094700936,-0.3012,0.0733,52.7783,59.0,-1304.8352840081,-140.4565894779899,-126.9040228600362,-6096.1763625023,0.28572222700040584
PHEO_red_450_cutoff_7.5.inp.out,255.41797062995283,-0.3038,0.0802,10.5983,55.0,-1305.5670395252,189.03281117334535,328.76670949462215,-5792.7206534152,0.28783595339973544
PHEO_red_451_cutoff_7.5.inp.out,254.23315894124588,-0.2921,0.0867,14.6980,57.0,-1305.0393600752,60.422062913896475,76.98808346912313,-5944.330473003,0.27859002799959853
PHEO_red_452_cutoff_7.5.inp.out,256.72556239631393,-0.2882,0.0761,12.8515,51.0,-1307.1971850973,-3.135606626565457,-22.753946483126565,-5490.2348564331,0.2727456839002116
PHEO_red_453_cutoff_7.5.inp.out,258.9964982933341,-0.3092,0.0743,18.6446,50.0,-1307.4479356488,115.68427345008593,171.96489161189024,-5414.3855110343,0.291666408799756
PHEO_red_454_cutoff_7.5.inp.out,260.4018309941134,-0.2988,0.0707,21.5993,51.0,-1307.2578745828,255.8421229885136,310.68521226682765,-5490.3158083039,0.28112911579955835
PHEO_red_455_cutoff_7.5.inp.out,259.64950730291145,-0.2866,0.0772,27.7494,51.0,-1307.3931728064,371.9777307966972,240.2889665382433,-5490.4656262789,0.27265521889967204
PHEO_red_456_cutoff_7.5.inp.out,255.82278263535727,-0.3011,0.0629,19.1494,54.0,-1306.1433089775,24.697414892657978,10.064775590273632,-5717.2484991385,0.2866551751994848
PHEO_red_457_cutoff_7.5.inp.out,256.9882730856274,-0.2884,0.0865,22.4607,55.0,-1305.8287644365,210.66408094946735,91.82583082336438,-5792.923123596,0.27123170499999105
PHEO_red_458_cutoff_7.5.inp.out,255.34800431433231,-0.2933,0.0687,18.7039,53.0,-1306.7123346891,-11.605226789798493,-89.40392471938935,-5641.8259471699,0.27770985519964597
PHEO_red_459_cutoff_7.5.inp.out,255.74252520298245,-0.2751,0.0802,16.4176,52.0,-1307.0200393106,-13.706039073840826,-158.92191963322097,-5566.1054211851,0.2599551524999697
PHEO_red_45_cutoff_7.5.inp.out,256.36232334487426,-0.3064,0.0670,40.7904,56.0,-1305.7718669438,134.29998430469306,51.27382534095288,-5868.9708493321,0.290204552799878
PHEO_red_460_cutoff_7.5.inp.out,257.21203280978466,-0.2921,0.0723,14.6298,53.0,-1306.9384531041,369.6723431834123,489.05477724838886,-5641.9596909694,0.2759757757994521
PHEO_red_461_cutoff_7.5.inp.out,258.3802231948578,-0.3031,0.0774,13.6799,57.0,-1305.3424541346,87.01206206510312,323.4586252156621,-5944.6493748974,0.2855867586004024
PHEO_red_462_cutoff_7.5.inp.out,256.419829897242,-0.2855,0.0880,13.3964,56.0,-1305.3869063658,500.68982004645267,508.46311204644235,-5868.6566299694,0.2679107592002765
PHEO_red_463_cutoff_7.5.inp.out,259.2334972477707,-0.2904,0.0838,10.8274,58.0,-1304.8596665552,-39.55316357557915,373.7883705370696,-6020.1763809859,0.2750951251000515
PHEO_red_464_cutoff_7.5.inp.out,256.757672166476,-0.3359,0.0567,21.2512,56.0,-1306.1358720853,97.9001513214827,249.27703709052943,-5869.4291579184,0.3158715554000082
PHEO_red_465_cutoff_7.5.inp.out,256.1385152892088,-0.3176,0.0657,24.2125,55.0,-1306.0540974793,-16.241066843827838,153.52682521120806,-5793.2967636286,0.30078814500029694
PHEO_red_466_cutoff_7.5.inp.out,258.6126081130942,-0.3077,0.0776,18.6734,53.0,-1306.8598279744,195.6084458137366,229.1147903276319,-5642.0420269492,0.2891883765996681
PHEO_red_467_cutoff_7.5.inp.out,256.9659035039113,-0.3141,0.0712,20.4725,56.0,-1305.6275611030,114.49194887547289,307.2286609309633,-5868.8349911579,0.2952749156002028
PHEO_red_468_cutoff_7.5.inp.out,260.2194187968512,-0.2778,0.0958,24.0312,59.0,-1304.5772019911,566.3999844284488,458.67163270159443,-6095.9198953173,0.2630146486999365
PHEO_red_469_cutoff_7.5.inp.out,259.2222566971872,-0.3181,0.0644,28.1682,58.0,-1304.8901296488,240.4521119613866,475.97623882361216,-6020.2061948016,0.30388760230016487
PHEO_red_46_cutoff_7.5.inp.out,258.63319919488305,-0.2856,0.0825,42.9728,58.0,-1304.9184278458,243.87167064063803,81.78448099141069,-6020.250516249,0.26690654489993904
PHEO_red_470_cutoff_7.5.inp.out,258.7798763381812,-0.3131,0.0643,29.7067,58.0,-1304.8443110054,415.98838646174676,733.8140400443499,-6020.2417549502,0.29490932219960087
PHEO_red_471_cutoff_7.5.inp.out,259.95697778414166,-0.3334,0.0646,17.1569,61.0,-1303.9688794422,500.52785170726423,586.6169157727686,-6247.4884849062,0.31371725289955066
PHEO_red_472_cutoff_7.5.inp.out,260.90199312238076,-0.2992,0.0781,20.5919,57.0,-1305.5507580821,228.62095137789598,526.2947256782288,-5944.8952948126,0.28367636959956144
PHEO_red_473_cutoff_7.5.inp.out,259.26409774359655,-0.3262,0.0550,22.7378,56.0,-1306.0278940392,-60.693363025943405,107.720052905286,-5869.2708540194,0.30770105379997403
PHEO_red_474_cutoff_7.5.inp.out,259.9361387244024,-0.3100,0.0623,21.1782,55.0,-1306.1739822567,66.03405581483737,133.810953874403,-5793.4960525222,0.29132389100050204
PHEO_red_475_cutoff_7.5.inp.out,256.50895618652584,-0.3012,0.0673,28.0589,56.0,-1305.6758013032,-3.152701825105401,-37.46626835254836,-5868.9945225406,0.2846541795997837
PHEO_red_476_cutoff_7.5.inp.out,254.77438181884193,-0.3123,0.0776,23.0835,58.0,-1305.3906126187,11.476237628649923,-66.97678053477023,-6020.7557256793,0.2940232710998316
PHEO_red_477_cutoff_7.5.inp.out,256.32755288025515,-0.3119,0.0675,21.6067,58.0,-1304.7256076337,11.000098207703957,48.09100135964603,-6020.080944022,0.2945701785993151
PHEO_red_478_cutoff_7.5.inp.out,258.0125761128332,-0.3152,0.0720,23.5414,57.0,-1305.5876586849,-55.06454685271803,-57.88651952065273,-5944.901799901,0.298888059899582
PHEO_red_479_cutoff_7.5.inp.out,255.03945651423606,-0.2959,0.0824,20.7494,53.0,-1306.6149704331,96.20901507598361,109.53248155869343,-5641.7842893401,0.28084863889944245
PHEO_red_47_cutoff_7.5.inp.out,255.67277917382972,-0.2720,0.0816,36.0410,55.0,-1305.8607797171,170.1957797411424,17.679319131543593,-5793.0821066763,0.25810149680000904
PHEO_red_480_cutoff_7.5.inp.out,255.96545632108837,-0.3201,0.0751,18.0301,55.0,-1305.9898090024,-45.702791807187445,86.19725291057581,-5793.2496722047,0.3008075862999249
PHEO_red_481_cutoff_7.5.inp.out,255.75500388112687,-0.3064,0.0707,21.8345,59.0,-1304.9484949434,-131.7618537336603,-119.00595041573571,-6096.3485972451,0.290374809500463
PHEO_red_482_cutoff_7.5.inp.out,257.81285138072946,-0.3112,0.0671,7.8294,54.0,-1306.2839083415,-69.0685606830279,90.8325862666936,-5717.5706474562,0.29368201840043184
PHEO_red_483_cutoff_7.5.inp.out,254.95542288880108,-0.3128,0.0680,15.7874,54.0,-1306.4933395332,91.39057168135791,160.9545010299071,-5717.6513892364,0.2942063462005535
PHEO_red_484_cutoff_7.5.inp.out,257.2373311496519,-0.3035,0.0699,26.4195,55.0,-1306.0468473462,-40.21771315829896,-165.02917251873555,-5793.2904448569,0.2868954075001966
PHEO_red_485_cutoff_7.5.inp.out,258.9976786276862,-0.2998,0.0761,19.7035,53.0,-1307.2658319466,-18.838035532773617,-91.26331487645591,-5642.450389135,0.2832891934995132
PHEO_red_486_cutoff_7.5.inp.out,259.0061548626963,-0.2881,0.0797,31.2022,51.0,-1307.9273191120,135.4724805400645,192.65253388221328,-5490.9653710139,0.27305617820002226
PHEO_red_487_cutoff_7.5.inp.out,258.5686897558311,-0.3013,0.0689,33.6607,54.0,-1306.3453784932,3.2135903564356214,4.608558500350447,-5717.5579328278,0.281556829299916
PHEO_red_488_cutoff_7.5.inp.out,257.7353619132468,-0.2855,0.0671,27.6493,53.0,-1307.0047282257,-93.04477611309977,-88.63754238838301,-5642.1032956018,0.27041068030030146
PHEO_red_489_cutoff_7.5.inp.out,259.7991037314335,-0.3124,0.0630,32.4703,55.0,-1306.7224807449,-187.74248206917696,30.68543671215353,-5793.9557695636,0.29741352229939366
PHEO_red_48_cutoff_7.5.inp.out,259.39193654146334,-0.2732,0.0948,26.4098,58.0,-1304.8103506073,468.9036011522557,300.2735795110338,-6020.1468625963,0.2589011791997109
PHEO_red_490_cutoff_7.5.inp.out,258.166094108241,-0.3101,0.0628,32.7758,54.0,-1306.7762777498,-443.26396189849856,-274.73818411587,-5717.9945111061,0.2946706773000187
PHEO_red_491_cutoff_7.5.inp.out,258.1114762398333,-0.3128,0.0675,37.1178,54.0,-1306.5038825365,21.18264218478434,26.1585978872388,-5717.6879767907,0.29571330130056594
PHEO_red_492_cutoff_7.5.inp.out,258.1523296808418,-0.2997,0.0847,35.8404,56.0,-1306.1481743124,184.75260775952626,27.357789947509364,-5869.4197751204,0.2816985281997404
PHEO_red_493_cutoff_7.5.inp.out,256.40659031628127,-0.3154,0.0797,23.8564,55.0,-1306.1432098768,202.08452917123012,58.48087528987675,-5793.2671761453,0.2995211603001735
PHEO_red_494_cutoff_7.5.inp.out,256.6038899392893,-0.3274,0.0592,39.3288,58.0,-1305.5134886297,-34.255477635461965,-70.48020584276334,-6020.8720794906,0.3102471233005417
PHEO_red_495_cutoff_7.5.inp.out,258.4985452063842,-0.2938,0.0681,37.7982,56.0,-1305.8969934468,-14.804587206159658,-25.325647365114577,-5869.2256425462,0.28012523830057035
PHEO_red_496_cutoff_7.5.inp.out,256.3909892900445,-0.3067,0.0693,32.4872,54.0,-1306.7247657704,78.50691495488942,-18.632850641307922,-5717.9794016667,0.2878680116000396
PHEO_red_497_cutoff_7.5.inp.out,254.83928812562283,-0.2957,0.0799,32.6267,53.0,-1307.4018833128,111.83023725984201,31.1267542849956,-5642.5836914571,0.2804287099997964
PHEO_red_498_cutoff_7.5.inp.out,253.8388221504751,-0.2920,0.0832,30.3482,51.0,-1308.0004125461,120.66460674580247,-57.16647464203786,-5491.0649532145,0.27904097179998644
PHEO_red_499_cutoff_7.5.inp.out,257.41820392585015,-0.2929,0.0725,31.7524,50.0,-1308.2587084046,-19.298549877209165,-150.43596339214724,-5415.3282667975,0.28087854529985634
PHEO_red_49_cutoff_7.5.inp.out,256.3292779896749,-0.2953,0.0746,21.0238,56.0,-1305.8085009910,93.22782281969329,230.04566865471125,-5869.0376571796,0.28072787529981724
PHEO_red_4_cutoff_7.5.inp.out,258.9207306888042,-0.3196,0.0620,14.0972,57.0,-1305.8316904222,-372.7760510047946,-312.77713418552514,-5945.1346111514,0.3031295950995627
PHEO_red_500_cutoff_7.5.inp.out,256.9405545476258,-0.3168,0.0663,8.9719,57.0,-1305.1963619162,260.9893684928411,437.85743368326933,-5944.4974639402,0.2990830446997279
PHEO_red_501_cutoff_7.5.inp.out,255.35110580209593,-0.3003,0.0709,18.3845,58.0,-1305.4635178980,509.84291715121134,348.2706646844047,-6020.8247223839,0.28522468370010756
PHEO_red_502_cutoff_7.5.inp.out,259.9458594237863,-0.3022,0.0669,16.6344,57.0,-1305.5875665972,375.2128714353971,250.12496163088474,-5944.8499808165,0.28720750019965635
PHEO_red_503_cutoff_7.5.inp.out,257.5882871749836,-0.3083,0.0610,16.0537,51.0,-1308.0122767289,57.50678156213229,127.43946423016692,-5491.0879739401,0.29183847770036664
PHEO_red_504_cutoff_7.5.inp.out,256.3715247213034,-0.3037,0.0675,18.2949,53.0,-1307.3455257108,76.17974225511944,149.37497651118542,-5642.4906569049,0.28739211230004
PHEO_red_505_cutoff_7.5.inp.out,258.063460972521,-0.3085,0.0796,38.9268,57.0,-1306.2441216796,113.12622598055485,70.84657203740554,-5945.4789108705,0.29313543119951646
PHEO_red_506_cutoff_7.5.inp.out,254.80010875229186,-0.3122,0.0738,41.0702,55.0,-1306.5783417391,112.70169980249244,-0.4342008249425734,-5793.7535473577,0.2954276544005552
PHEO_red_507_cutoff_7.5.inp.out,255.357537165909,-0.3001,0.0901,37.1702,57.0,-1305.7999393993,370.71994022211567,287.3554513021302,-5945.0999293593,0.280885406100424
PHEO_red_508_cutoff_7.5.inp.out,254.46507674416102,-0.3206,0.0705,30.3165,57.0,-1305.9982403042,115.80926769376134,46.22805217135965,-5945.2798170476,0.3027512651997313
PHEO_red_509_cutoff_7.5.inp.out,255.59068911361283,-0.3004,0.0822,29.3433,55.0,-1306.2262511190,121.44392977320597,196.91413425060443,-5793.4006977664,0.2872955828997874
PHEO_red_50_cutoff_7.5.inp.out,258.5291508812882,-0.3013,0.0656,24.4736,58.0,-1304.9838413711,124.40902722873253,250.67451065856716,-6020.2671690862,0.28394959650086093
PHEO_red_510_cutoff_7.5.inp.out,255.91857791943116,-0.2946,0.0815,26.2112,57.0,-1305.9167216686,248.1624872131225,194.4967811531566,-5945.1677841689,0.27860589800002344
PHEO_red_511_cutoff_7.5.inp.out,258.6415943390891,-0.3006,0.0721,24.7062,57.0,-1305.5979916831,137.22596004764912,311.637766323741,-5944.8538767398,0.28346731799956615
PHEO_red_512_cutoff_7.5.inp.out,258.7452301065949,-0.3019,0.0722,16.6093,54.0,-1306.2524407618,294.9003167806814,460.96027143841815,-5717.4539715496,0.2873178525005642
PHEO_red_513_cutoff_7.5.inp.out,258.2592954844191,-0.2891,0.0716,8.2697,59.0,-1304.9089552849,212.5956231930079,418.1832387274265,-6096.2392051559,0.2761284229991361
PHEO_red_514_cutoff_7.5.inp.out,258.5446042674329,-0.2974,0.0842,12.7020,57.0,-1305.4086788006,523.1326308237536,473.99423760037763,-5944.7282343041,0.28046995349995996
PHEO_red_515_cutoff_7.5.inp.out,255.50956458346104,-0.2963,0.0858,25.9017,59.0,-1304.7132881872,669.82995459591,387.2083210354828,-6096.0662534622,0.2762257777994819
PHEO_red_516_cutoff_7.5.inp.out,258.8878277078341,-0.3174,0.0594,35.2029,56.0,-1305.7885414190,113.44177098888512,232.77310574746375,-5869.0185478136,0.30147213819964236
PHEO_red_517_cutoff_7.5.inp.out,258.79411565581466,-0.3047,0.0538,36.0754,59.0,-1304.2439974850,325.05381594653255,426.3940582599742,-6095.6595376567,0.28966219169979013
PHEO_red_518_cutoff_7.5.inp.out,257.14446501394457,-0.3217,0.0674,20.6733,59.0,-1304.3354914772,141.53709542987446,405.33290222965707,-6095.6776528288,0.3025849855002889
PHEO_red_519_cutoff_7.5.inp.out,260.04066235878355,-0.3076,0.0744,25.9600,59.0,-1304.2834807089,375.9522326660554,527.7207622288364,-6095.6847466977,0.290062290700007
PHEO_red_51_cutoff_7.5.inp.out,256.25490262951723,-0.2993,0.0713,25.9826,54.0,-1306.3336153144,154.28673405139466,214.7001215095908,-5717.4204869987,0.2840385977997357
PHEO_red_520_cutoff_7.5.inp.out,256.50417315830754,-0.2862,0.0756,20.9284,56.0,-1305.2371617836,262.4724331519189,509.7103191456156,-5868.4700471592,0.27075321529991925
PHEO_red_521_cutoff_7.5.inp.out,258.25139039703606,-0.2918,0.0749,22.9100,57.0,-1304.8336135005,183.5873520462506,229.74656849974681,-5944.0905695846,0.27483559289976256
PHEO_red_522_cutoff_7.5.inp.out,256.06932382699256,-0.2815,0.0854,32.3113,59.0,-1304.2444143011,63.84189884476684,63.98627930557594,-6095.572170045,0.2628327114998683
PHEO_red_523_cutoff_7.5.inp.out,256.86437954084977,-0.3132,0.0660,24.4131,58.0,-1304.6957221895,-214.08853644940274,-268.5538184048837,-6019.9727569867,0.2945193160994677
PHEO_red_524_cutoff_7.5.inp.out,258.18438336756725,-0.3150,0.0665,25.1871,55.0,-1305.8469899754,-252.28640178031566,43.48873512664392,-5793.057343356,0.3002735741001743
PHEO_red_525_cutoff_7.5.inp.out,258.03201612410817,-0.2979,0.0696,39.0020,57.0,-1305.1246428379,232.67099840959526,221.9930100370153,-5944.385375657,0.27991863359966374
PHEO_red_526_cutoff_7.5.inp.out,257.4597191513363,-0.3053,0.0885,31.1691,60.0,-1304.1231493659,176.80192195039066,185.91361411602486,-6171.4961252458,0.28622073520000413
PHEO_red_527_cutoff_7.5.inp.out,256.8534939464661,-0.2868,0.0838,25.3871,59.0,-1304.6714677628,298.63686244486405,326.5453260044329,-6096.0010205684,0.2704499791998387
PHEO_red_528_cutoff_7.5.inp.out,259.4382501203242,-0.2983,0.0635,22.3575,57.0,-1305.2648824162,99.60481935916329,239.0250994154224,-5944.6425095402,0.28366806669964717
PHEO_red_529_cutoff_7.5.inp.out,257.5272270864946,-0.3315,0.0647,21.4063,57.0,-1305.2593852434,199.98979326063045,199.82829285804965,-5944.5432706645,0.3091514183997788
PHEO_red_52_cutoff_7.5.inp.out,258.7808969588642,-0.2774,0.0746,26.3418,54.0,-1306.1820107917,307.15966342945006,256.72899421345636,-5717.3534290513,0.2631150297993372
PHEO_red_530_cutoff_7.5.inp.out,260.00109186750115,-0.3281,0.0649,26.2261,59.0,-1304.6639789390,102.04568266218233,516.284658585175,-6096.0251873038,0.3083037730993965
PHEO_red_531_cutoff_7.5.inp.out,257.73065536360434,-0.3008,0.0762,19.3063,60.0,-1304.1022684168,356.82531582307865,470.76513543042233,-6171.4947442305,0.28113402979943203
PHEO_red_532_cutoff_7.5.inp.out,260.2189127088742,-0.3096,0.0682,12.5202,63.0,-1303.2975308968,98.430188041512,238.03244796011577,-6398.8009209197,0.29221759049960383
PHEO_red_533_cutoff_7.5.inp.out,256.3658147888641,-0.3093,0.0827,9.9848,60.0,-1304.3017736151,451.53689060343504,189.4953921708605,-6171.6624824535,0.28826135999952385
PHEO_red_534_cutoff_7.5.inp.out,260.55259486188123,-0.3067,0.0682,4.2840,62.0,-1303.8362050041,264.764091009468,293.43560157898514,-6323.2852193992,0.287799739100592
PHEO_red_535_cutoff_7.5.inp.out,259.1203658711641,-0.2981,0.0736,9.1692,61.0,-1303.9296363113,159.5549915232989,121.40767096236628,-6247.3558748736,0.2809169494003072
PHEO_red_536_cutoff_7.5.inp.out,258.9032973901463,-0.3010,0.0800,3.1011,54.0,-1306.4740509966,210.77671667759824,312.3327363434501,-5717.5738783539,0.2812324731994522
PHEO_red_537_cutoff_7.5.inp.out,258.2255696124531,-0.2787,0.0866,7.3390,55.0,-1306.0361438483,194.60495024503675,321.28661327113804,-5793.3369641206,0.2640849386998525
PHEO_red_538_cutoff_7.5.inp.out,258.3462760531775,-0.2978,0.0609,6.4932,55.0,-1306.2629421287,137.36558935855433,235.56367228680577,-5793.479646036,0.2808456398997805
PHEO_red_539_cutoff_7.5.inp.out,258.9570925997468,-0.2949,0.0697,15.8339,53.0,-1306.9231502444,39.493482128362984,58.690400617665475,-5642.0843809165,0.28030892580045474
PHEO_red_53_cutoff_7.5.inp.out,257.57987979819774,-0.3176,0.0504,14.1123,53.0,-1306.4070992585,-80.42015365119983,-28.902622312326685,-5641.5229852149,0.3019408479003687
PHEO_red_54_cutoff_7.5.inp.out,257.7522486718643,-0.2969,0.0777,15.9528,52.0,-1307.0187476071,105.27487014730178,110.6645079288357,-5566.0848525424,0.2806255441000758
PHEO_red_55_cutoff_7.5.inp.out,257.5372586674789,-0.2937,0.0736,15.4903,48.0,-1308.2244248921,-141.72475291244288,-225.52003086940036,-5263.1767808795,0.2799861517005411
PHEO_red_56_cutoff_7.5.inp.out,257.4841274206528,-0.2945,0.0842,13.0382,54.0,-1306.0424982698,230.38714583240468,45.29632132839185,-5717.169651801,0.27903518620041723
PHEO_red_57_cutoff_7.5.inp.out,256.224624302203,-0.3067,0.0775,9.6827,55.0,-1305.6377361406,96.5679354904782,40.05685808202197,-5792.7600567318,0.2879288091999115
PHEO_red_58_cutoff_7.5.inp.out,258.165171990531,-0.2858,0.0856,6.6116,52.0,-1306.7460754835,246.6145757856158,302.9073327246335,-5565.858860479,0.26958648660001927
PHEO_red_59_cutoff_7.5.inp.out,255.2082519236684,-0.2794,0.0859,9.2479,55.0,-1306.0548580652,203.3302862917711,265.7221626353029,-5793.1999927799,0.2676629703000799
PHEO_red_5_cutoff_7.5.inp.out,256.0997473968463,-0.3182,0.0723,17.9457,54.0,-1306.4118654478,23.09364950870756,-18.25606428994017,-5717.5449399806,0.30061849059984525
PHEO_red_60_cutoff_7.5.inp.out,257.5754191517766,-0.2822,0.0785,16.5578,54.0,-1305.8588722135,427.4573416456869,658.2813423577971,-5716.9890050302,0.2677170884999214
PHEO_red_61_cutoff_7.5.inp.out,255.7355269007112,-0.3075,0.0774,15.4050,55.0,-1305.8327302168,88.5904567332542,181.8946267317068,-5792.98667918,0.29005344130018784
PHEO_red_62_cutoff_7.5.inp.out,255.62508016270334,-0.2887,0.0705,16.3809,53.0,-1306.8746382725,229.9281948541729,285.377795134055,-5641.9889717291,0.2751648098001169
PHEO_red_63_cutoff_7.5.inp.out,258.48736783689196,-0.2884,0.0773,22.6214,55.0,-1306.0246908215,36.76184364493457,132.74849486846512,-5793.2575522499,0.27595611970082246
PHEO_red_64_cutoff_7.5.inp.out,254.12315760265528,-0.2951,0.0873,32.2240,53.0,-1306.9861128214,315.40200037745905,237.57843193380802,-5642.0453707705,0.27684088079968205
PHEO_red_65_cutoff_7.5.inp.out,260.4602383810225,-0.3036,0.0732,33.0052,56.0,-1305.7776690347,134.89845887520073,45.51461570411892,-5869.0809120902,0.2853488448999997
PHEO_red_66_cutoff_7.5.inp.out,253.82953036990446,-0.2978,0.0716,24.7820,55.0,-1305.6329112021,161.9853452496693,43.55125242047699,-5792.8721233951,0.2844257628003106
PHEO_red_67_cutoff_7.5.inp.out,258.46457319980095,-0.2881,0.0761,28.6944,52.0,-1306.6698093824,62.925374477724105,51.087140939688084,-5565.7933915201,0.27294624139994994
PHEO_red_68_cutoff_7.5.inp.out,256.9471518251492,-0.2849,0.0645,38.0567,52.0,-1307.1576978164,228.54992759252116,136.24243229963858,-5566.2861232342,0.27010934420013655
PHEO_red_69_cutoff_7.5.inp.out,254.46695453450064,-0.3087,0.0814,26.0921,53.0,-1306.8895538842,298.62031188883907,42.50521120795526,-5642.0540785406,0.2932842869004162
PHEO_red_6_cutoff_7.5.inp.out,255.41925744802623,-0.3136,0.0737,10.0657,56.0,-1306.0835597301,-110.90615135829677,-183.40687406227195,-5869.3236702847,0.29819741819937917
PHEO_red_70_cutoff_7.5.inp.out,258.0869080542122,-0.2907,0.0732,19.4162,53.0,-1306.7461731995,67.91387810150282,-45.03168323816585,-5641.866821565,0.2763948000001619
PHEO_red_71_cutoff_7.5.inp.out,255.6393236836791,-0.3004,0.0734,16.7060,54.0,-1306.2428800683,122.1014012451967,87.08086306570218,-5717.4535791016,0.28376684809973085
PHEO_red_72_cutoff_7.5.inp.out,257.18920233385353,-0.3060,0.0518,21.9909,56.0,-1305.8353146265,-278.4119682914175,-326.76896995278264,-5869.1311860107,0.29249463209998794
PHEO_red_73_cutoff_7.5.inp.out,258.2755287463848,-0.2919,0.0706,19.3992,53.0,-1306.4432343978,-121.39459582783452,-220.67249868254746,-5641.5480946222,0.27333172020007623
PHEO_red_74_cutoff_7.5.inp.out,257.08998323098433,-0.2729,0.0972,20.3972,54.0,-1306.3946663699,381.41680641834165,6.627446174156987,-5717.5075602346,0.2563838713003861
PHEO_red_75_cutoff_7.5.inp.out,259.8890408328956,-0.3091,0.0707,18.4578,54.0,-1306.1327548211,-336.31590106680983,-119.30528076621145,-5717.3456501701,0.2875923266001337
PHEO_red_76_cutoff_7.5.inp.out,253.78285372513773,-0.2895,0.0740,17.4768,55.0,-1305.6702985288,56.28785592365404,45.0202826407996,-5792.922138035,0.2769903406006051
PHEO_red_77_cutoff_7.5.inp.out,261.48166617052647,-0.2974,0.0826,21.1000,57.0,-1305.0509334326,150.06204798512027,98.70574168898825,-5944.4326656328,0.2791590467995775
PHEO_red_78_cutoff_7.5.inp.out,253.75525047994074,-0.2935,0.0815,18.2667,56.0,-1306.0022781385,93.61799274817047,-12.624969900442427,-5869.2771796495,0.2744480374994964
PHEO_red_79_cutoff_7.5.inp.out,260.4958938304154,-0.2916,0.0770,19.3651,56.0,-1306.0178639973,31.78927961588555,-149.41388901719958,-5869.339185353,0.27429297379967466
PHEO_red_7_cutoff_7.5.inp.out,256.9199715037947,-0.2931,0.0786,12.9534,57.0,-1305.2180008593,223.75830126097839,69.23904180748417,-5944.406527181,0.276549989900559
PHEO_red_80_cutoff_7.5.inp.out,255.28159016167967,-0.2783,0.0880,16.1793,57.0,-1305.1836080555,268.77345641268147,-20.04806742922786,-5944.515080671,0.2638503612997738
PHEO_red_81_cutoff_7.5.inp.out,260.78361507118376,-0.3077,0.0828,11.7969,60.0,-1304.4636799663,-58.839169878961755,-200.05694699275722,-6171.879059707,0.29042716509957245
PHEO_red_82_cutoff_7.5.inp.out,258.13247337414833,-0.3116,0.0716,24.8908,55.0,-1306.4353473957,66.93845312724547,-214.4715944771487,-5793.705617988,0.2926542988998335
PHEO_red_83_cutoff_7.5.inp.out,259.9648803534716,-0.2918,0.0738,26.2794,58.0,-1304.9239369214,87.67348976811451,26.193416491154366,-6020.1718194522,0.2750524902003235
PHEO_red_84_cutoff_7.5.inp.out,257.43518407474795,-0.3389,0.0627,18.3737,55.0,-1306.1291764525,72.8126344061778,-120.5108565388103,-5793.3104688884,0.3198555030003263
PHEO_red_85_cutoff_7.5.inp.out,259.4840919610348,-0.3161,0.0725,16.4471,56.0,-1305.4616127559,69.69170391111318,223.12697844201114,-5868.7148210925,0.2994153457993889
PHEO_red_86_cutoff_7.5.inp.out,256.2618165571387,-0.3224,0.0595,17.5112,56.0,-1305.7210963523,198.82828989812438,313.496993464488,-5868.942026093,0.3013632250003866
PHEO_red_87_cutoff_7.5.inp.out,257.4576451889433,-0.3215,0.0431,23.2708,56.0,-1305.7990640995,277.0045280036249,273.04616859082495,-5868.9277796888,0.30139370139932
PHEO_red_88_cutoff_7.5.inp.out,253.3891532821664,-0.2943,0.0521,17.7434,57.0,-1305.0868082273,56.02796703351391,143.72578176184743,-5944.3134459528,0.27749035420038126
PHEO_red_89_cutoff_7.5.inp.out,255.78829059834834,-0.3076,0.0766,21.2062,59.0,-1305.2207829715,464.74101268025174,378.185632636065,-6096.4714756989,0.28841674979958043
PHEO_red_8_cutoff_7.5.inp.out,255.42383345525096,-0.3021,0.0762,20.5874,58.0,-1305.0482057268,-118.05295449712486,-269.8035740535448,-6020.276102077,0.2858990915992763
PHEO_red_90_cutoff_7.5.inp.out,257.96291285491543,-0.3280,0.0714,51.7697,56.0,-1305.7152785709,157.69314865232008,-10.10634154901046,-5869.0111528273,0.3078774004998195
PHEO_red_91_cutoff_7.5.inp.out,257.4856591660792,-0.2817,0.0766,40.4232,54.0,-1306.9600963690,400.6788736216083,279.95493116878777,-5718.0837696568,0.2700056609000967
PHEO_red_92_cutoff_7.5.inp.out,259.0605738329229,-0.3197,0.0727,49.5132,54.0,-1306.4837442340,272.94311136004853,324.5410094365756,-5717.6764992229,0.2995418709006117
PHEO_red_93_cutoff_7.5.inp.out,256.16011368261434,-0.2880,0.0797,44.8833,53.0,-1307.2247233535,164.16064099916022,7.954563265815647,-5642.362839071,0.27059330100018997
PHEO_red_94_cutoff_7.5.inp.out,258.0459241913352,-0.3135,0.0644,38.2396,53.0,-1307.0127008912,-269.8258934511705,-215.5933187893601,-5642.1121349612,0.2964164861004974
PHEO_red_95_cutoff_7.5.inp.out,256.6088537327039,-0.2906,0.0854,39.9750,54.0,-1306.6808911322,-19.890836208831054,-228.95644427210712,-5717.7576552579,0.2773819845997423
PHEO_red_96_cutoff_7.5.inp.out,256.522614671099,-0.3054,0.0699,32.7732,54.0,-1306.4394403114,-140.88488515830363,-55.68517647121819,-5717.5933337015,0.28831901800003834
PHEO_red_97_cutoff_7.5.inp.out,255.21666851773577,-0.3281,0.0712,27.8915,54.0,-1306.4846685703,-203.50680725670242,-166.82696969811371,-5717.620792292,0.3096542308003336
PHEO_red_98_cutoff_7.5.inp.out,257.5988930617864,-0.2896,0.0811,29.3116,52.0,-1306.9946471213,73.92848595992017,-115.97013491125763,-5566.0736292207,0.2737203968999893
PHEO_red_99_cutoff_7.5.inp.out,257.2851309067286,-0.3310,0.0589,27.7078,54.0,-1306.2489246169,-130.5945144029208,-174.8402408656665,-5717.3974156452,0.31303621450024366
PHEO_red_9_cutoff_7.5.inp.out,258.6802430229529,-0.3312,0.0552,20.2071,58.0,-1304.8317456617,-177.02747607059948,-253.18916673430485,-6020.1747901279,0.3141239481001321
