file_name,NRE,HOMO,LUMO,Dipole_mom,Num_waters,chg_chg,elec5,elec10,delE_hf,delE_dft
PHEO_red_0_cutoff_0.0.inp.out,256.75561045656065,-0.2742,0.0938,11.4457,0.0,-1324.6345094374,99.17870024588767,43.54025824433099,-1629.8730320112,0.26923366270011684
PHEO_red_100_cutoff_0.0.inp.out,255.48838273051845,-0.2973,0.0773,11.2336,0.0,-1324.9883778265,-97.31098279708942,-190.9914804725085,-1630.2460188023,0.2898224876000768
PHEO_red_101_cutoff_0.0.inp.out,258.45965755044847,-0.2859,0.0800,9.9843,0.0,-1324.7807127908,-19.768801799362627,-233.04093197920665,-1629.9943556552,0.27720842610006
PHEO_red_102_cutoff_0.0.inp.out,252.42876492916554,-0.2738,0.0833,11.0179,0.0,-1324.9642841718,-227.9769934719945,-395.1607378383844,-1630.1890588435,0.27117757130008613
PHEO_red_103_cutoff_0.0.inp.out,258.8410538518534,-0.2837,0.0800,10.9553,0.0,-1324.8379832399,-232.50247325706013,-358.1292044026031,-1630.0640348822,0.27782083459987916
PHEO_red_104_cutoff_0.0.inp.out,255.002136857652,-0.3009,0.0772,11.8331,0.0,-1324.8121136889,118.69433954891404,197.63283490168175,-1630.0595349544,0.29604257560004044
PHEO_red_105_cutoff_0.0.inp.out,257.49118949527514,-0.2617,0.1005,10.8455,0.0,-1324.4456286336,273.57639336391685,374.37447156470944,-1629.6454680109,0.2556974154999807
PHEO_red_106_cutoff_0.0.inp.out,258.57819758004104,-0.2957,0.0603,10.5163,0.0,-1324.8504945782,-15.446243956411928,77.34910939983888,-1630.0650842319,0.28411692420013424
PHEO_red_107_cutoff_0.0.inp.out,253.3288076963395,-0.2838,0.0845,11.5162,0.0,-1324.7606165041,172.7975685322626,191.74751568155608,-1629.9806766651,0.2779941250000775
PHEO_red_108_cutoff_0.0.inp.out,261.3518434967831,-0.2897,0.0740,10.0587,0.0,-1324.7572027751,115.04529923503024,133.54978439986584,-1629.9815180421,0.28105486949993974
PHEO_red_109_cutoff_0.0.inp.out,252.38144206942275,-0.2834,0.0814,11.5290,0.0,-1325.1797749134,443.3204819908078,580.3053942143259,-1630.3779459661,0.2743477199001063
PHEO_red_10_cutoff_0.0.inp.out,257.5094138080596,-0.2753,0.0915,11.1607,0.0,-1325.1307342657,-15.84318495590265,-110.34418399764544,-1630.3586944644,0.27072686240012445
PHEO_red_110_cutoff_0.0.inp.out,260.3463152751482,-0.2680,0.0832,11.8613,0.0,-1325.1421594825,265.98609923883623,419.08413297714964,-1630.3742459213,0.2630533786000342
PHEO_red_111_cutoff_0.0.inp.out,253.29223960736408,-0.2675,0.0923,12.3887,0.0,-1325.0569092578,268.99165920145083,256.6364927538387,-1630.2620630408,0.2587730710001779
PHEO_red_112_cutoff_0.0.inp.out,257.53618548796027,-0.2700,0.0956,11.3782,0.0,-1325.0308748383,77.64315574678803,51.23529892071453,-1630.2320732262,0.2624133808001261
PHEO_red_113_cutoff_0.0.inp.out,253.89724928172703,-0.2769,0.0784,12.0289,0.0,-1325.1722492093,-150.90809955166472,-137.2855959464721,-1630.3803844396,0.2694141624999702
PHEO_red_114_cutoff_0.0.inp.out,257.899272624383,-0.2686,0.0862,11.3459,0.0,-1324.9909176735,191.7828197862874,107.34910288655176,-1630.2189958389,0.2655661558999327
PHEO_red_115_cutoff_0.0.inp.out,254.9712406598413,-0.3079,0.0705,11.7887,0.0,-1324.9021892623,155.1680413713655,351.31493107055775,-1630.1536253912,0.3006082572999276
PHEO_red_116_cutoff_0.0.inp.out,257.1992151896746,-0.2871,0.0982,12.4564,0.0,-1324.8922748244,296.6267752918106,287.0957052072985,-1630.1422733612,0.2791833704000055
PHEO_red_117_cutoff_0.0.inp.out,260.65958646347895,-0.2866,0.0786,11.3074,0.0,-1324.9598576677,237.50759776876689,381.02731161717855,-1630.2112250538,0.28462028770013603
PHEO_red_118_cutoff_0.0.inp.out,256.33686384741276,-0.2956,0.0772,13.4204,0.0,-1324.7055629269,163.88137273184682,211.35810464724565,-1629.987673508,0.29232738780001455
PHEO_red_119_cutoff_0.0.inp.out,257.72573057486244,-0.2915,0.0800,12.1894,0.0,-1325.1746937746,325.12280666118505,423.7739338546085,-1630.4133686085,0.2832774444000279
PHEO_red_11_cutoff_0.0.inp.out,256.2984349749558,-0.2983,0.0704,11.2258,0.0,-1324.9203142461,-155.55332099957047,-239.27825267563247,-1630.1660584541,0.2909765937999964
PHEO_red_120_cutoff_0.0.inp.out,257.5898065703383,-0.2915,0.0629,11.8887,0.0,-1324.9993785934,132.45823587374824,241.1596315709429,-1630.2511579292,0.28741503709989047
PHEO_red_121_cutoff_0.0.inp.out,255.1569398710627,-0.2759,0.0923,12.0356,0.0,-1324.7617921038,288.9648691523162,374.3091130323746,-1629.9893991003,0.27213894140004413
PHEO_red_122_cutoff_0.0.inp.out,256.87723688192705,-0.2737,0.0790,11.0926,0.0,-1324.6907528993,255.7579216521363,365.4347285398965,-1629.910920364,0.2668273478000174
PHEO_red_123_cutoff_0.0.inp.out,255.36593424108446,-0.2933,0.0871,12.1488,0.0,-1325.0577165675,284.50682941102497,437.5916585847381,-1630.3133415922,0.2864750469000228
PHEO_red_124_cutoff_0.0.inp.out,255.14592498534495,-0.2771,0.0864,11.0792,0.0,-1325.2551359356,338.41583599708036,383.97341541928154,-1630.4728252417,0.2708624884000983
PHEO_red_125_cutoff_0.0.inp.out,256.4524750377142,-0.2698,0.0873,11.6960,0.0,-1324.8389328834,483.4733963482436,591.5303339347391,-1630.0827511527,0.267342506599789
PHEO_red_126_cutoff_0.0.inp.out,256.7552954505333,-0.3033,0.0768,11.6220,0.0,-1325.0003481978,355.32295521385373,492.6681254038828,-1630.2569547609,0.2953076906001115
PHEO_red_127_cutoff_0.0.inp.out,256.53958161837636,-0.2786,0.0980,11.5940,0.0,-1324.8746730044,242.19698839997116,243.87308288822666,-1630.1293549821,0.27533554210003786
PHEO_red_128_cutoff_0.0.inp.out,256.12998510655297,-0.2850,0.0894,11.1885,0.0,-1325.3472922437,233.47655182514023,413.7242106800643,-1630.5953458117,0.28160489049992066
PHEO_red_129_cutoff_0.0.inp.out,258.7354039755069,-0.2960,0.0795,10.5698,0.0,-1325.1317757751,106.11418964063567,170.09063892854445,-1630.3764032678,0.28976865150002595
PHEO_red_12_cutoff_0.0.inp.out,260.1842674522332,-0.2792,0.0883,11.0394,0.0,-1324.7790467375,-126.56298440372949,-277.0113447553087,-1630.0146715833,0.27273915599994325
PHEO_red_130_cutoff_0.0.inp.out,253.60603511625166,-0.2896,0.0932,11.9758,0.0,-1325.0677318278,188.1333316304922,141.50996531751434,-1630.3206571524,0.28430801690001317
PHEO_red_131_cutoff_0.0.inp.out,258.85877720180747,-0.2821,0.0891,10.6425,0.0,-1325.1633054120,44.36967036638957,95.00271754732869,-1630.4190572407,0.27974806280008124
PHEO_red_132_cutoff_0.0.inp.out,255.9868442426112,-0.2981,0.0754,11.7761,0.0,-1324.6962238407,61.9698998226824,168.91262002900376,-1629.9412085299,0.29246065210008965
PHEO_red_133_cutoff_0.0.inp.out,257.06134390123395,-0.2943,0.0729,13.0605,0.0,-1324.8976729610,-24.064339321717142,-5.278355913159807,-1630.1593386813,0.28911428270021133
PHEO_red_134_cutoff_0.0.inp.out,256.450973364817,-0.2743,0.0924,11.6428,0.0,-1324.8600404201,124.62488658234992,85.19946267628654,-1630.0970791409,0.27189250470019033
PHEO_red_135_cutoff_0.0.inp.out,257.76903347338987,-0.2970,0.0763,11.4639,0.0,-1324.6348273847,-98.7371897588548,-78.07051316472179,-1629.8940961575,0.29296828370002004
PHEO_red_136_cutoff_0.0.inp.out,257.1538811593862,-0.2756,0.0797,11.0288,0.0,-1324.8191657081,32.18653332803992,70.9597447057154,-1630.0520323102,0.2715636718000951
PHEO_red_137_cutoff_0.0.inp.out,257.35777569120233,-0.2616,0.1037,11.8779,0.0,-1324.9061843858,159.10928425066692,59.09321214384095,-1630.1359659633,0.2591753188999064
PHEO_red_138_cutoff_0.0.inp.out,256.00193968292876,-0.2641,0.0894,10.8533,0.0,-1324.8045081528,128.11592095823275,128.187742541478,-1630.0308479808,0.26346123519988396
PHEO_red_139_cutoff_0.0.inp.out,257.05346824430717,-0.2892,0.0826,12.9862,0.0,-1325.2876911816,34.956969192509355,-2.0102721515152524,-1630.5516732043,0.2839698206998946
PHEO_red_13_cutoff_0.0.inp.out,252.92275641024418,-0.2911,0.0790,11.6606,0.0,-1324.7245086843,-178.9562505625181,-309.6392115038752,-1629.9536867837,0.2847426778000681
PHEO_red_140_cutoff_0.0.inp.out,254.94977134898932,-0.3021,0.0797,13.1280,0.0,-1325.0131603284,-54.1378094410571,-8.49993969879991,-1630.2678729439,0.2933878351000203
PHEO_red_141_cutoff_0.0.inp.out,257.51501086707697,-0.2875,0.0894,12.0220,0.0,-1325.3971857704,1.723361174527279,51.547767509512944,-1630.6353342879,0.2819185610999284
PHEO_red_142_cutoff_0.0.inp.out,254.03007457867085,-0.3086,0.0807,11.8276,0.0,-1325.1164407216,60.155801879979904,145.6144797998919,-1630.3717852418,0.3030198947999452
PHEO_red_143_cutoff_0.0.inp.out,257.2287091383367,-0.2880,0.0659,10.3975,0.0,-1325.2025352316,-12.57235963090361,76.83827331723518,-1630.4304726026,0.28354893429991535
PHEO_red_144_cutoff_0.0.inp.out,256.8152799250582,-0.3217,0.0616,12.0523,0.0,-1325.8106468543,34.34489226290951,54.452793318330585,-1631.0834482482,0.3143128747001356
PHEO_red_145_cutoff_0.0.inp.out,255.5212620395722,-0.2915,0.0783,12.7074,0.0,-1325.3151306190,-48.421978822195264,12.092312486633888,-1630.5825033259,0.28930323569989014
PHEO_red_146_cutoff_0.0.inp.out,258.92830994977385,-0.2977,0.0782,11.9844,0.0,-1325.1481822292,92.89041255378025,159.47827478545415,-1630.3943472735,0.29046639529997265
PHEO_red_147_cutoff_0.0.inp.out,256.238126985406,-0.2775,0.0924,11.8930,0.0,-1324.6634011765,245.25507076303322,317.1576806716186,-1629.9073645907,0.27551970330000586
PHEO_red_148_cutoff_0.0.inp.out,258.6466320672669,-0.2997,0.0844,11.3390,0.0,-1325.2494028860,144.8476147004194,144.1510292799121,-1630.4840014645,0.2909115566001219
PHEO_red_149_cutoff_0.0.inp.out,255.78085923477636,-0.2778,0.0926,12.0190,0.0,-1324.9303042850,288.6408652040287,181.3941402640399,-1630.172650575,0.27409606099990924
PHEO_red_14_cutoff_0.0.inp.out,258.61034845066746,-0.2596,0.0903,9.9928,0.0,-1324.9120549979,10.864553575741084,-252.66062542741247,-1630.12068188,0.256044719800002
PHEO_red_150_cutoff_0.0.inp.out,257.9430534635602,-0.3136,0.0750,13.2016,0.0,-1324.8920005207,-6.9816880062415505,16.494243108746073,-1630.1787369558,0.30872973719988295
PHEO_red_151_cutoff_0.0.inp.out,256.1976009118474,-0.3002,0.0727,12.2967,0.0,-1324.9589118050,223.86835021351402,311.84490548740143,-1630.2123213009,0.2930860003000362
PHEO_red_152_cutoff_0.0.inp.out,255.84298346341535,-0.2813,0.0843,11.8691,0.0,-1325.1904364160,291.7670288014167,350.1817673061553,-1630.434498274,0.27547660749996794
PHEO_red_153_cutoff_0.0.inp.out,255.13775568431228,-0.2952,0.0659,11.7580,0.0,-1325.0681718605,-101.09603255252209,-1.9885571480911501,-1630.3099936759,0.29067402469991066
PHEO_red_154_cutoff_0.0.inp.out,258.5649651114118,-0.2858,0.0831,11.7268,0.0,-1325.0968380459,-7.478132935641022,30.87619526811003,-1630.3339002968,0.2792342902000655
PHEO_red_155_cutoff_0.0.inp.out,255.61681037372418,-0.2813,0.0821,10.9234,0.0,-1325.1868277245,53.76725049841805,86.43682427840545,-1630.4189803412,0.27672367000013764
PHEO_red_156_cutoff_0.0.inp.out,258.7356093160646,-0.2938,0.0887,11.7195,0.0,-1325.0123753346,18.12676793213282,25.332072942435605,-1630.2890015081,0.2886672746999466
PHEO_red_157_cutoff_0.0.inp.out,254.39725682544832,-0.3172,0.0650,12.5283,0.0,-1325.3956898775,-104.69408521782177,6.281108573146964,-1630.6518117711,0.3100617705001696
PHEO_red_158_cutoff_0.0.inp.out,259.12393588167544,-0.2797,0.0801,11.6001,0.0,-1325.7068748404,62.567290855600746,76.72369668760331,-1630.958545497,0.27537012729999333
PHEO_red_159_cutoff_0.0.inp.out,256.5481524716259,-0.2875,0.0822,11.9479,0.0,-1325.1187875098,69.97344715583414,167.25141527730753,-1630.3625692492,0.28094711580001785
PHEO_red_15_cutoff_0.0.inp.out,254.76763206428416,-0.2593,0.0914,9.6139,0.0,-1324.8036196621,-110.44084050580159,-298.82968166927037,-1629.9926487852,0.25359176750021106
PHEO_red_160_cutoff_0.0.inp.out,256.80133827387175,-0.2969,0.0768,12.2180,0.0,-1325.8236898335,-27.696664831679904,86.65917206629481,-1631.0933115982,0.29332638560003943
PHEO_red_161_cutoff_0.0.inp.out,258.2041992580256,-0.2884,0.0755,11.9630,0.0,-1325.4292006401,-202.82061438635446,-340.8042938775719,-1630.6873936105,0.28540105520005454
PHEO_red_162_cutoff_0.0.inp.out,255.62378898255452,-0.3016,0.0788,12.9900,0.0,-1325.6270095471,-285.31379505989065,-493.2378219666145,-1630.8924974265,0.29479961140009436
PHEO_red_163_cutoff_0.0.inp.out,254.95885889266134,-0.2884,0.0904,12.8601,0.0,-1325.7036539823,-20.804291331102494,-27.460216486764054,-1630.9651577949,0.2845348651999302
PHEO_red_164_cutoff_0.0.inp.out,258.17301237767333,-0.2833,0.0852,12.6004,0.0,-1325.2874960055,107.57408300854831,196.24073321500384,-1630.5359004451,0.2796448729000076
PHEO_red_165_cutoff_0.0.inp.out,253.91577300323047,-0.2894,0.0831,12.4986,0.0,-1325.0417753516,90.97709554531903,151.53733307481713,-1630.2793529211,0.2848230598999635
PHEO_red_166_cutoff_0.0.inp.out,258.2512928067022,-0.2898,0.0766,10.2900,0.0,-1325.1516835634,78.337254702432,133.47141136856015,-1630.3971084677,0.2841461158000129
PHEO_red_167_cutoff_0.0.inp.out,256.25198838611897,-0.2820,0.0888,11.4585,0.0,-1325.0228512319,146.78911763292086,211.88006148632556,-1630.2515639735,0.27445993449987327
PHEO_red_168_cutoff_0.0.inp.out,260.0437317206875,-0.2889,0.0816,10.0787,0.0,-1324.8282483330,254.97655578564311,277.58829473083455,-1630.0625046319,0.2828774995000458
PHEO_red_169_cutoff_0.0.inp.out,256.715361522621,-0.2932,0.0762,11.7160,0.0,-1324.9165802824,109.53336756943625,20.646876753835617,-1630.1451724849,0.28476628840007834
PHEO_red_16_cutoff_0.0.inp.out,257.3273869999309,-0.2782,0.0718,11.2607,0.0,-1325.1264709138,-277.27270062415903,-337.1816098849225,-1630.3529715055,0.2714193655001509
PHEO_red_170_cutoff_0.0.inp.out,260.49644512811716,-0.2840,0.0725,10.5831,0.0,-1324.7779494910,169.62605747318838,291.3958479400382,-1630.0334639137,0.281287740200014
PHEO_red_171_cutoff_0.0.inp.out,257.7310936434763,-0.2865,0.0901,12.9423,0.0,-1324.7453555995,242.75624661943618,336.32712532400336,-1629.9810081049,0.27932618430008915
PHEO_red_172_cutoff_0.0.inp.out,258.5638074849383,-0.2714,0.0903,11.8338,0.0,-1324.5447573407,272.571306887946,402.6230378545476,-1629.781327021,0.26602296290002414
PHEO_red_173_cutoff_0.0.inp.out,257.3718261593739,-0.2683,0.0931,12.3539,0.0,-1324.9932527786,348.15098870232447,519.5005607004621,-1630.2146139304,0.2622940258002018
PHEO_red_174_cutoff_0.0.inp.out,258.16251641440846,-0.2854,0.0846,11.3965,0.0,-1324.7009108479,115.41307338233443,126.07067856837892,-1629.9591410797,0.2817620179998812
PHEO_red_175_cutoff_0.0.inp.out,256.5042668273954,-0.3075,0.0641,11.8751,0.0,-1324.0907040904,62.93333871074806,155.4349641353425,-1629.3357490499,0.29919177469992064
PHEO_red_176_cutoff_0.0.inp.out,256.91894181127975,-0.3014,0.0613,12.5938,0.0,-1324.7772177567,1.3279892364636412,116.09212138229579,-1630.0541032117,0.2970274311999219
PHEO_red_177_cutoff_0.0.inp.out,256.62776293947,-0.2783,0.0840,12.2720,0.0,-1324.6425033677,185.67565559907257,240.6720403402599,-1629.8928204157,0.2738520885000071
PHEO_red_178_cutoff_0.0.inp.out,256.084898809515,-0.2922,0.0771,12.1648,0.0,-1324.9467624908,66.10650876725272,79.47899352401713,-1630.2158402057,0.28894424299983257
PHEO_red_179_cutoff_0.0.inp.out,254.68341724455405,-0.2873,0.0833,12.7286,0.0,-1324.4350549048,95.81649744840252,224.11734517863832,-1629.6772209216,0.2803497370000514
PHEO_red_17_cutoff_0.0.inp.out,258.33784703827206,-0.2767,0.0755,11.6054,0.0,-1324.7332144751,-138.50457248269444,-325.4431053333451,-1629.97378044,0.27319313759994657
PHEO_red_180_cutoff_0.0.inp.out,255.5390944346795,-0.2804,0.0961,12.0787,0.0,-1325.1203664174,234.5796033052729,234.85058712351537,-1630.3471805816,0.2748795350000819
PHEO_red_181_cutoff_0.0.inp.out,255.7653958763167,-0.2777,0.0913,11.9206,0.0,-1324.5900368481,144.2946593124762,153.21690015642517,-1629.829546682,0.2738123834999442
PHEO_red_182_cutoff_0.0.inp.out,255.59866080860655,-0.2758,0.0989,12.2295,0.0,-1325.0505688375,287.289077556234,195.59221193002222,-1630.2792639234,0.2702482713000336
PHEO_red_183_cutoff_0.0.inp.out,257.1363978427766,-0.2754,0.0768,11.2365,0.0,-1325.0514432233,35.91005103092981,-96.73128351775307,-1630.2600024941,0.26678568860006635
PHEO_red_184_cutoff_0.0.inp.out,258.2022746377536,-0.2802,0.0852,11.4063,0.0,-1325.0345521898,24.589402737379785,4.142101191109097,-1630.2751916582,0.2762162953999905
PHEO_red_185_cutoff_0.0.inp.out,257.40319141969997,-0.2678,0.0889,11.4193,0.0,-1324.9060855839,134.70986581724145,120.08572238749461,-1630.1179912835,0.2626399811999818
PHEO_red_186_cutoff_0.0.inp.out,256.4662583637334,-0.2881,0.0789,13.0241,0.0,-1325.1343032794,108.26265875732504,156.90686335590686,-1630.386951613,0.2833287533001112
PHEO_red_187_cutoff_0.0.inp.out,258.1592206585706,-0.3123,0.0856,12.1674,0.0,-1325.2870614998,-38.42562249104527,-8.024537146490557,-1630.5548953245,0.3015730738000002
PHEO_red_188_cutoff_0.0.inp.out,255.5573549977962,-0.2797,0.0927,11.8376,0.0,-1325.2654212205,164.63850769755027,223.4262437485134,-1630.4862018684,0.27275656400001935
PHEO_red_189_cutoff_0.0.inp.out,257.3518524670755,-0.2922,0.0729,11.1237,0.0,-1324.9999569039,70.16940817340567,142.7058108947984,-1630.2576619778,0.2903873463999389
PHEO_red_18_cutoff_0.0.inp.out,256.9205600192337,-0.2750,0.0968,11.3420,0.0,-1324.4576992245,-57.164438450041835,-318.5230108471788,-1629.6867000279,0.2708458569998129
PHEO_red_190_cutoff_0.0.inp.out,255.68838748780996,-0.2812,0.0991,12.0678,0.0,-1325.2318743774,359.52846955231075,462.0240340257173,-1630.4760923993,0.2750380738000331
PHEO_red_191_cutoff_0.0.inp.out,255.1619299311329,-0.2857,0.0740,12.0896,0.0,-1325.5208810638,62.69698787161909,184.3189523897473,-1630.7650345655,0.28088943519992426
PHEO_red_192_cutoff_0.0.inp.out,258.30686656869045,-0.2749,0.0929,12.5867,0.0,-1325.4806239930,110.40233313426127,156.75016284943118,-1630.7271478272,0.2722772879999411
PHEO_red_193_cutoff_0.0.inp.out,255.99531111888172,-0.2734,0.0926,11.9315,0.0,-1325.4331383878,173.34653955208427,201.02287353261462,-1630.6680778593,0.2705951020000157
PHEO_red_194_cutoff_0.0.inp.out,258.30796794551634,-0.2897,0.0812,13.3982,0.0,-1325.4854921967,11.358965309382715,25.227623380525003,-1630.7210419847,0.27955297959988457
PHEO_red_195_cutoff_0.0.inp.out,255.40101511105706,-0.3036,0.0752,12.5079,0.0,-1324.8712192920,3.7983558609676416,39.90301468733496,-1630.128437302,0.29696476279991657
PHEO_red_196_cutoff_0.0.inp.out,260.31426733971557,-0.2728,0.0814,11.6842,0.0,-1325.2589219271,123.3216027297007,127.30075682227839,-1630.4766916846,0.26659933109999656
PHEO_red_197_cutoff_0.0.inp.out,256.09989300141257,-0.2950,0.0892,12.4733,0.0,-1325.4326685159,206.85899862579006,202.95685877807807,-1630.6563709392,0.2831396895001035
PHEO_red_198_cutoff_0.0.inp.out,257.402893507676,-0.2933,0.0817,11.3297,0.0,-1325.2693006951,149.32304391284396,7.206972982288219,-1630.50264799,0.28545215190001727
PHEO_red_199_cutoff_0.0.inp.out,255.91502066356972,-0.3084,0.0636,12.4494,0.0,-1325.4066703072,82.09243061107664,96.77362073601654,-1630.6790489,0.3052474139001333
PHEO_red_19_cutoff_0.0.inp.out,259.2916633330917,-0.3079,0.0568,10.6351,0.0,-1324.6610295032,-71.55122576621567,-120.79788249420078,-1629.9044006051,0.299652318499966
PHEO_red_1_cutoff_0.0.inp.out,257.8761208212133,-0.2940,0.0748,10.7403,0.0,-1324.8975135348,75.59720162668725,74.42656867857903,-1630.1467642382,0.2885444964999806
PHEO_red_200_cutoff_0.0.inp.out,254.31846950505314,-0.2823,0.1030,12.6637,0.0,-1325.1867479032,326.1401030898143,257.84063971423166,-1630.4371682734,0.2774236386001121
PHEO_red_201_cutoff_0.0.inp.out,257.66282755164144,-0.2754,0.1012,11.6218,0.0,-1325.0223419884,212.07912242597737,84.79058356712251,-1630.2637670238,0.27107044379999934
PHEO_red_202_cutoff_0.0.inp.out,255.63181204004093,-0.2582,0.1010,10.8175,0.0,-1324.7739385357,180.7682706357153,18.703697521776153,-1629.9893354783,0.25480759879997095
PHEO_red_203_cutoff_0.0.inp.out,258.1752642702648,-0.2728,0.0974,11.8327,0.0,-1325.1048446221,311.76146393497146,283.0345982998915,-1630.3395260495,0.26581443279997075
PHEO_red_204_cutoff_0.0.inp.out,255.63977165944388,-0.2781,0.0877,11.9171,0.0,-1325.1820526565,118.7722233989197,103.82345468208638,-1630.4033891512,0.2726095015000283
PHEO_red_205_cutoff_0.0.inp.out,255.96221946901,-0.2818,0.0772,11.4690,0.0,-1325.2134265031,100.0630807885629,189.75570512577931,-1630.4449178112,0.27829788150006607
PHEO_red_206_cutoff_0.0.inp.out,255.58665223035914,-0.2786,0.0889,11.5197,0.0,-1325.3407398596,173.3687311861899,243.59063905756244,-1630.5608184219,0.2737996413000019
PHEO_red_207_cutoff_0.0.inp.out,256.74380881334355,-0.2752,0.0928,10.5337,0.0,-1325.3891951785,142.4574737600266,263.3707740011553,-1630.6114159511,0.2708341902000484
PHEO_red_208_cutoff_0.0.inp.out,256.61149088826335,-0.3085,0.0796,12.2748,0.0,-1325.0492475533,125.45287849800326,250.2450863463341,-1630.3024990874,0.300026002300001
PHEO_red_209_cutoff_0.0.inp.out,256.66525613885364,-0.2641,0.0793,10.2097,0.0,-1324.8817937020,62.58821732840423,168.7819062062185,-1630.0957797933,0.26089232270010143
PHEO_red_20_cutoff_0.0.inp.out,254.28158336669057,-0.2667,0.0967,12.0396,0.0,-1325.2446067129,141.64073795327354,195.80102871831068,-1630.4600222756,0.25994116449987814
PHEO_red_210_cutoff_0.0.inp.out,258.5290516801306,-0.2870,0.0846,11.5229,0.0,-1325.1749187751,87.26633373799439,160.0724088075198,-1630.4267164937,0.2830312164001043
PHEO_red_211_cutoff_0.0.inp.out,255.64108199611195,-0.2672,0.0917,12.2929,0.0,-1325.1093831996,213.413616897793,175.42488055507883,-1630.3230807359,0.26160144789992046
PHEO_red_212_cutoff_0.0.inp.out,255.8411357207885,-0.2551,0.1015,11.7522,0.0,-1325.1227080950,215.6666233265001,127.54050098180693,-1630.320006891,0.25001993739988393
PHEO_red_213_cutoff_0.0.inp.out,256.4950655492074,-0.2778,0.0779,11.8426,0.0,-1325.1225167476,148.55146633403834,255.35239828805294,-1630.3521851532,0.27257374140003776
PHEO_red_214_cutoff_0.0.inp.out,258.7204883243411,-0.2684,0.0952,12.2053,0.0,-1324.8694175848,211.04487382012047,223.8921816218795,-1630.0990605655,0.26384191900001497
PHEO_red_215_cutoff_0.0.inp.out,256.5138150067816,-0.2947,0.0787,12.2355,0.0,-1324.8584849874,170.63154148528,260.98896100178274,-1630.0999688524,0.28775998850005635
PHEO_red_216_cutoff_0.0.inp.out,259.689531408782,-0.3165,0.0642,11.6007,0.0,-1324.5795575695,-104.88970212015619,96.83177477981056,-1629.849978911,0.3081077965998702
PHEO_red_217_cutoff_0.0.inp.out,256.125484949379,-0.2920,0.0837,12.2611,0.0,-1324.4735010982,222.7035433633442,383.1040156813625,-1629.7359712424,0.2877185162999467
PHEO_red_218_cutoff_0.0.inp.out,258.24935242712354,-0.2866,0.0843,11.7163,0.0,-1324.8147772797,170.47063604854915,266.13356775543684,-1630.0686862858,0.2824257487000068
PHEO_red_219_cutoff_0.0.inp.out,254.29714567857124,-0.2880,0.0926,12.9953,0.0,-1324.7206964308,137.9398862678277,234.50338540851527,-1629.9776502888,0.2828582395000012
PHEO_red_21_cutoff_0.0.inp.out,258.57512794076945,-0.2709,0.0899,11.3637,0.0,-1324.7068880755,316.0705704404415,34.03514125640891,-1629.9455738614,0.26703384090001236
PHEO_red_220_cutoff_0.0.inp.out,257.52138809682714,-0.2877,0.0727,10.7352,0.0,-1324.5791081327,178.3191102663723,222.90934381071168,-1629.8224479149,0.2834738871999889
PHEO_red_221_cutoff_0.0.inp.out,254.4269794560841,-0.2798,0.0860,11.3684,0.0,-1324.6607312044,211.62678947110618,217.99296708844193,-1629.8910707595,0.2750529882000592
PHEO_red_222_cutoff_0.0.inp.out,257.2781890787039,-0.2988,0.0741,11.9571,0.0,-1324.6502932476,-258.4219247751156,-321.99662623276396,-1629.920205373,0.2951603638000506
PHEO_red_223_cutoff_0.0.inp.out,255.92808150172726,-0.2920,0.0816,12.4596,0.0,-1324.3889393313,69.76072180210356,143.0780673458117,-1629.6367362723,0.28516952959989794
PHEO_red_224_cutoff_0.0.inp.out,256.96204628069125,-0.2584,0.1002,11.3258,0.0,-1324.2361966347,124.85699645196404,135.4180192979346,-1629.4636829878,0.25624552849990323
PHEO_red_225_cutoff_0.0.inp.out,255.28255906242953,-0.2693,0.0894,10.9362,0.0,-1324.3914885854,21.422099620781445,-93.28241996152751,-1629.6002749734,0.2650740637998297
PHEO_red_226_cutoff_0.0.inp.out,256.10544136684337,-0.2877,0.0804,10.8432,0.0,-1324.3220748793,-103.7074923325638,-239.6069016173521,-1629.5708386696,0.28382856279995394
PHEO_red_227_cutoff_0.0.inp.out,256.22298922880555,-0.2880,0.0695,12.1917,0.0,-1324.5212668259,-101.54252355308229,-122.97262967389457,-1629.780069739,0.2841872551000506
PHEO_red_228_cutoff_0.0.inp.out,255.31792227939266,-0.2889,0.0884,11.3801,0.0,-1324.4805091644,198.85348062033154,54.89049778346071,-1629.7125046652,0.28136217220003346
PHEO_red_229_cutoff_0.0.inp.out,258.25220372194576,-0.2781,0.0943,12.1659,0.0,-1324.6079913717,8.94071706279204,59.623295774887616,-1629.846577251,0.27265498910014685
PHEO_red_22_cutoff_0.0.inp.out,254.6449891788344,-0.2939,0.0638,11.1970,0.0,-1324.7016370354,5.330658610823655,-38.32203629394602,-1629.9393156114,0.2884836485000051
PHEO_red_230_cutoff_0.0.inp.out,256.6673062284311,-0.2997,0.0752,11.8176,0.0,-1324.9051116916,58.95462834287458,157.42062387577616,-1630.161000696,0.2934664008000709
PHEO_red_231_cutoff_0.0.inp.out,257.5040332457273,-0.2933,0.0951,11.6467,0.0,-1324.2130851936,-13.98755617298677,-313.5865776939562,-1629.4571740298,0.2842199695001
PHEO_red_232_cutoff_0.0.inp.out,256.3971722136206,-0.2709,0.0939,10.9920,0.0,-1324.7449254027,423.97055635014004,382.28166613201483,-1629.9550814575,0.26390334689995143
PHEO_red_233_cutoff_0.0.inp.out,255.7616624549874,-0.2775,0.0861,10.6213,0.0,-1324.5611275945,437.36755702936586,688.2311531472101,-1629.7863049877,0.2747073706000265
PHEO_red_234_cutoff_0.0.inp.out,255.34437815140095,-0.2965,0.0871,11.2330,0.0,-1324.6408298166,196.9674402797182,353.6268679105776,-1629.8963713811,0.29298416689994156
PHEO_red_235_cutoff_0.0.inp.out,254.04310720902492,-0.2857,0.0725,11.8845,0.0,-1324.7912268134,155.44977882404606,167.38632268141322,-1630.0238217787,0.27984411109991925
PHEO_red_236_cutoff_0.0.inp.out,257.63765951046656,-0.2870,0.0792,11.2893,0.0,-1324.8428010238,93.66977320195161,195.24320157748718,-1630.0863880675,0.2812824136999552
PHEO_red_237_cutoff_0.0.inp.out,255.25153022452565,-0.2762,0.0871,11.1123,0.0,-1324.8603280518,349.7558577103137,412.22562508277207,-1630.0804977371,0.2712355198998466
PHEO_red_238_cutoff_0.0.inp.out,259.08910033444937,-0.2867,0.0766,11.3273,0.0,-1324.4254457585,6.303155570022245,47.97843458902611,-1629.6864478824,0.2844064508001338
PHEO_red_239_cutoff_0.0.inp.out,256.37311417354204,-0.2944,0.0854,12.1686,0.0,-1324.7269781526,-15.032284706098366,-54.898048074986846,-1629.9763214781,0.28703844639994713
PHEO_red_23_cutoff_0.0.inp.out,257.8237427013767,-0.2846,0.0678,10.5444,0.0,-1324.8749796044,80.3064743297773,95.92355149085674,-1630.1154428264,0.2799826096002107
PHEO_red_240_cutoff_0.0.inp.out,258.309412572539,-0.2435,0.1172,12.2247,0.0,-1324.7708719309,321.32575045806385,175.66641236746975,-1629.9686364421,0.23825300089993107
PHEO_red_241_cutoff_0.0.inp.out,255.30250185458738,-0.3066,0.0655,12.0686,0.0,-1324.6800169458,-154.31791612073852,-82.68166591487753,-1629.9414541563,0.3024603810999906
PHEO_red_242_cutoff_0.0.inp.out,257.9501130117477,-0.2886,0.0847,11.5358,0.0,-1325.0910771674,-24.641089976256747,-86.31790432640067,-1630.3146379652,0.2782639892000134
PHEO_red_243_cutoff_0.0.inp.out,254.3246427606094,-0.3022,0.0596,11.4659,0.0,-1324.5059660760,-205.85611663487217,-326.2264247583329,-1629.7629967334,0.2981860093998421
PHEO_red_244_cutoff_0.0.inp.out,258.6445034994842,-0.2891,0.0812,11.3055,0.0,-1325.1355878670,-59.02960530358081,-100.00959450495068,-1630.3688715911,0.2834525195999049
PHEO_red_245_cutoff_0.0.inp.out,255.98245401141537,-0.3081,0.0721,10.9904,0.0,-1324.7375922750,22.87783598611556,76.31844367533274,-1629.9950263571,0.30205731589990137
PHEO_red_246_cutoff_0.0.inp.out,259.5161768532274,-0.3046,0.0808,11.4818,0.0,-1324.5637809197,30.210501480237742,-61.81794264651652,-1629.824729784,0.2985512300001574
PHEO_red_247_cutoff_0.0.inp.out,256.46047273894237,-0.2951,0.0730,11.4745,0.0,-1324.4888238795,-81.04726865902332,-178.54279336234924,-1629.7175213132,0.2882238303000122
PHEO_red_248_cutoff_0.0.inp.out,260.4565234165663,-0.2988,0.0734,11.0387,0.0,-1324.5416840418,13.12633038526635,58.966340205995884,-1629.807575186,0.2942703495000387
PHEO_red_249_cutoff_0.0.inp.out,255.74593384371585,-0.2896,0.0736,10.9580,0.0,-1324.6267195835,9.012589700679598,83.78089639015035,-1629.8504406676,0.2817857111001558
PHEO_red_24_cutoff_0.0.inp.out,256.00725081520227,-0.2814,0.0849,11.4387,0.0,-1324.5841885427,166.52215769293838,-3.4479345881943977,-1629.8139029589,0.27539470529995924
PHEO_red_250_cutoff_0.0.inp.out,253.42485930331662,-0.2746,0.0849,10.6108,0.0,-1325.0018519048,240.74402818737659,291.4896690547021,-1630.2167909822,0.2696820043001935
PHEO_red_251_cutoff_0.0.inp.out,255.55014829023796,-0.2787,0.0857,11.1934,0.0,-1325.0950782487,271.5555479946131,423.99177758858417,-1630.3278362622,0.2751424496998425
PHEO_red_252_cutoff_0.0.inp.out,256.31550845639833,-0.3001,0.0714,11.9579,0.0,-1324.8607392337,201.81669849777316,296.92198973509494,-1630.1228316079,0.2953555297999628
PHEO_red_253_cutoff_0.0.inp.out,254.63489840438712,-0.3237,0.0719,12.4133,0.0,-1324.7978478604,108.03160644290384,350.20098916992083,-1630.0614095489,0.31503148060005515
PHEO_red_254_cutoff_0.0.inp.out,256.2115703759953,-0.3088,0.0631,11.3050,0.0,-1324.9812845446,-10.338846513477199,97.23639071072095,-1630.2394467054,0.302334551299964
PHEO_red_255_cutoff_0.0.inp.out,257.0020262475692,-0.2600,0.0824,9.6948,0.0,-1324.9893456362,242.06278695426658,304.04056107376846,-1630.2016830215,0.25749836930003767
PHEO_red_256_cutoff_0.0.inp.out,256.63491753662447,-0.2908,0.0839,11.3576,0.0,-1324.7211087820,227.3362309125439,261.07367740134885,-1629.955209071,0.2828563445000327
PHEO_red_257_cutoff_0.0.inp.out,256.4608655575196,-0.2885,0.0706,9.8416,0.0,-1324.8631695580,80.42908991291081,223.91895554466203,-1630.0814103647,0.2808381203001318
PHEO_red_258_cutoff_0.0.inp.out,256.4806645223234,-0.2947,0.0682,10.5437,0.0,-1324.8047174291,-1.080705986555222,93.87608737264603,-1630.0399236817,0.28754398620003485
PHEO_red_259_cutoff_0.0.inp.out,256.39215211140527,-0.2782,0.0793,10.1261,0.0,-1325.1649004166,91.53407338324278,140.3351729420062,-1630.3738449801,0.2724906605999422
PHEO_red_25_cutoff_0.0.inp.out,256.9969361515775,-0.2688,0.0843,11.3767,0.0,-1324.9604374724,209.02399636407904,53.8428031976219,-1630.1865873971,0.26538548899998204
PHEO_red_260_cutoff_0.0.inp.out,255.6067415164925,-0.3035,0.0660,11.7180,0.0,-1324.3963596340,160.6068406057441,183.1018688256998,-1629.6619546046,0.29986007970001083
PHEO_red_261_cutoff_0.0.inp.out,259.7126492852879,-0.2850,0.0741,10.6115,0.0,-1324.9693699048,208.7079067912784,275.36447112121317,-1630.1939863175,0.2798101494001912
PHEO_red_262_cutoff_0.0.inp.out,258.83439666728947,-0.2824,0.0742,10.5698,0.0,-1324.5584252191,98.77878182563464,196.23623030075524,-1629.7960031546,0.2793346275998374
PHEO_red_263_cutoff_0.0.inp.out,256.3797850976202,-0.2853,0.0849,11.5763,0.0,-1324.8194708721,93.87926976682763,139.7874103000747,-1630.0556880921,0.27916270919990893
PHEO_red_264_cutoff_0.0.inp.out,259.68237332397104,-0.2902,0.0765,10.6936,0.0,-1324.4456122285,189.58269876045054,355.45124321147273,-1629.7094760614,0.2875526162999904
PHEO_red_265_cutoff_0.0.inp.out,254.96122657541417,-0.2892,0.0781,10.8414,0.0,-1324.3264203715,77.91601382826482,250.1592570273413,-1629.5656759992,0.2865921633999733
PHEO_red_266_cutoff_0.0.inp.out,256.6687706560614,-0.2851,0.0743,10.7986,0.0,-1324.3369183358,322.61189023499463,673.5853895743471,-1629.5841896778,0.2813145497998448
PHEO_red_267_cutoff_0.0.inp.out,255.7652133044618,-0.2807,0.0941,11.4398,0.0,-1324.4102158290,232.25985498738243,368.49755747257154,-1629.6337369629,0.27147086040008617
PHEO_red_268_cutoff_0.0.inp.out,253.94550519292918,-0.2559,0.0907,11.3093,0.0,-1324.7270225734,56.59530803411498,10.772380467155875,-1629.9312414805,0.25346724839982926
PHEO_red_269_cutoff_0.0.inp.out,256.715966734448,-0.2510,0.0824,10.6346,0.0,-1324.2291037820,-9.659637697022216,-49.88185679326511,-1629.4131204333,0.24797392379991834
PHEO_red_26_cutoff_0.0.inp.out,258.08650967505855,-0.3007,0.0706,10.9146,0.0,-1325.4704167364,141.9304815634735,23.962024429402433,-1630.7165559968,0.29324661360010396
PHEO_red_270_cutoff_0.0.inp.out,255.2697691188688,-0.2496,0.0934,11.4172,0.0,-1324.4201365715,66.97786176977634,78.95330390882967,-1629.6234251367,0.24701291229985145
PHEO_red_271_cutoff_0.0.inp.out,255.67037325086056,-0.2772,0.0885,11.7220,0.0,-1324.4612386944,-5.077535117979335,-44.86593193872663,-1629.677083914,0.27052509129998725
PHEO_red_272_cutoff_0.0.inp.out,256.69111114543614,-0.2706,0.0915,10.5147,0.0,-1324.8078190263,104.8153445672546,26.21158179224259,-1630.0303578795,0.26671299560007355
PHEO_red_273_cutoff_0.0.inp.out,256.18386165918827,-0.2693,0.0931,11.6104,0.0,-1325.0336399091,160.06108745296385,198.2143966763857,-1630.2749403721,0.26795361180006694
PHEO_red_274_cutoff_0.0.inp.out,258.42765645362346,-0.2722,0.0978,11.5305,0.0,-1325.1060495350,158.00121522735606,181.35521895441386,-1630.3391728836,0.2678029538001283
PHEO_red_275_cutoff_0.0.inp.out,258.6766996256087,-0.2781,0.0910,12.1292,0.0,-1324.8693054564,183.43094401614383,253.7186561273669,-1630.1181335743,0.27288789959993665
PHEO_red_276_cutoff_0.0.inp.out,256.0415150182596,-0.2952,0.0717,11.7403,0.0,-1324.5822881788,86.0124453811997,70.33259493222153,-1629.8427110529,0.29178310699990107
PHEO_red_277_cutoff_0.0.inp.out,255.25955862026615,-0.2823,0.0909,11.2917,0.0,-1324.8664167531,262.7323998381216,269.8297949155246,-1630.1110444402,0.27973352540016094
PHEO_red_278_cutoff_0.0.inp.out,256.1987639864396,-0.2628,0.0853,10.4668,0.0,-1324.4370865315,289.9492923722596,382.26568868156625,-1629.6474748237,0.2613918258000467
PHEO_red_279_cutoff_0.0.inp.out,256.35655154842516,-0.3171,0.0604,10.6979,0.0,-1324.6361816709,109.33921821301,196.90941870802845,-1629.8972853233,0.31081903409994993
PHEO_red_27_cutoff_0.0.inp.out,256.50114158644107,-0.2826,0.0851,10.4450,0.0,-1324.8231298933,42.0986168798921,-46.71902205243047,-1630.0667861519,0.2789055727998857
PHEO_red_280_cutoff_0.0.inp.out,257.19633214852433,-0.2952,0.0770,11.3433,0.0,-1324.9640538695,147.69113405797987,335.9101267727565,-1630.1979687696,0.29118557720016724
PHEO_red_281_cutoff_0.0.inp.out,259.77293343620494,-0.2918,0.0803,11.9638,0.0,-1325.2332147875,263.22575165137226,424.7497786493334,-1630.484579126,0.28654441699995914
PHEO_red_282_cutoff_0.0.inp.out,258.5715449868844,-0.3006,0.0824,12.2070,0.0,-1324.6954216170,185.85197157700483,356.7712408563098,-1629.9555483074,0.29457319430002826
PHEO_red_283_cutoff_0.0.inp.out,257.4887658207246,-0.3045,0.0668,10.8627,0.0,-1325.0923692071,55.45792372656966,266.4847992791925,-1630.3451024161,0.30006588940000256
PHEO_red_284_cutoff_0.0.inp.out,258.4514397197725,-0.2922,0.0721,11.2720,0.0,-1324.4446324927,68.81988271255402,217.5856530759961,-1629.7121668097,0.288515630999882
PHEO_red_285_cutoff_0.0.inp.out,259.7727484232954,-0.2964,0.0885,12.1011,0.0,-1324.9327638638,271.139607431767,313.3568411654352,-1630.1783438934,0.28854683090003164
PHEO_red_286_cutoff_0.0.inp.out,258.22611608359335,-0.2843,0.0829,11.4856,0.0,-1324.9452624711,274.5061348299392,472.18883883420114,-1630.1694772854,0.276573478399996
PHEO_red_287_cutoff_0.0.inp.out,259.6568014596291,-0.2872,0.0801,11.5955,0.0,-1324.6814238841,281.11769667833863,436.8407406125634,-1629.9275070987,0.2819644492999487
PHEO_red_288_cutoff_0.0.inp.out,258.7893619325377,-0.2880,0.0837,11.4019,0.0,-1324.8212880913,12.629937051947035,142.60365465489397,-1630.0681775631,0.2822917327000596
PHEO_red_289_cutoff_0.0.inp.out,257.12113628555295,-0.2963,0.0656,10.6905,0.0,-1325.3789491490,36.18644412556133,206.67290509964985,-1630.6160331459,0.2902093027000774
PHEO_red_28_cutoff_0.0.inp.out,256.71399313325963,-0.2791,0.0673,11.8987,0.0,-1325.2834157801,241.99903756408003,260.89805056761094,-1630.5126711019,0.2721915757001625
PHEO_red_290_cutoff_0.0.inp.out,258.52046106238987,-0.2881,0.0763,10.8112,0.0,-1324.8761760452,138.57215088102933,228.63532058808974,-1630.1071850965,0.2827954445999694
PHEO_red_291_cutoff_0.0.inp.out,257.84373025637876,-0.2838,0.0739,9.8011,0.0,-1325.1231607233,219.0714775098535,486.0952168685328,-1630.3461538835,0.2799251414999162
PHEO_red_292_cutoff_0.0.inp.out,255.17834336228023,-0.2846,0.0800,10.8050,0.0,-1325.2430819903,195.51289016297983,419.51848184791544,-1630.4773685793,0.27984978200015576
PHEO_red_293_cutoff_0.0.inp.out,256.81377862636043,-0.2695,0.0943,11.6852,0.0,-1324.7218067195,191.22828415823648,302.81948576466266,-1629.9479078096,0.2648957934000009
PHEO_red_294_cutoff_0.0.inp.out,255.0187929278938,-0.2651,0.1092,11.8934,0.0,-1324.9923878785,372.8359830529486,387.7748129654789,-1630.2189077169,0.2601022122998984
PHEO_red_295_cutoff_0.0.inp.out,255.78879195228728,-0.2481,0.0924,10.6432,0.0,-1324.9710176673,320.5072091517398,347.7671159837338,-1630.1788580092,0.2448475731000599
PHEO_red_296_cutoff_0.0.inp.out,255.41811052640878,-0.2608,0.1053,11.2316,0.0,-1325.0174171703,405.44836021879894,567.5738450424693,-1630.2269858912,0.2558804773000247
PHEO_red_297_cutoff_0.0.inp.out,256.0578556942206,-0.2563,0.1078,11.7092,0.0,-1325.4693153807,289.3480910671447,453.71276769702126,-1630.6661131913,0.24833629649992872
PHEO_red_298_cutoff_0.0.inp.out,259.3273909646458,-0.2700,0.0924,11.4617,0.0,-1325.2124165607,140.3731600776381,283.46596743255657,-1630.4401968608,0.2653870443998585
PHEO_red_299_cutoff_0.0.inp.out,258.74200701429163,-0.2861,0.0759,11.0792,0.0,-1325.2767385444,113.08209098733573,235.7488296535388,-1630.5038316003,0.27864076359992396
PHEO_red_29_cutoff_0.0.inp.out,254.88847160041726,-0.2816,0.0682,10.3398,0.0,-1325.3258667018,167.8836593763518,310.4164556121303,-1630.5556155165,0.2782897058000344
PHEO_red_2_cutoff_0.0.inp.out,259.82226100860015,-0.2780,0.0829,10.6882,0.0,-1324.7877255464,-41.42683513301479,-157.11802680659267,-1630.0071924048,0.27114823269994304
PHEO_red_300_cutoff_0.0.inp.out,256.58437062082885,-0.2723,0.0876,11.7255,0.0,-1325.2073051906,501.9832903384306,796.8664460629485,-1630.4483507314,0.26836539079999966
PHEO_red_301_cutoff_0.0.inp.out,257.59442029143725,-0.2737,0.0913,11.2791,0.0,-1325.0798719680,407.25197753153884,557.4331804936838,-1630.3058443858,0.26631058020007004
PHEO_red_302_cutoff_0.0.inp.out,258.73058887108635,-0.2983,0.0645,11.3786,0.0,-1325.1200808704,182.11314979429127,457.1179374730991,-1630.3839109143,0.2932036728998355
PHEO_red_303_cutoff_0.0.inp.out,256.57335185222047,-0.3132,0.0673,11.1591,0.0,-1324.9812179522,204.52954292656423,418.2385274189903,-1630.243583944,0.30433663009989687
PHEO_red_304_cutoff_0.0.inp.out,257.9647800466959,-0.2693,0.0863,11.6897,0.0,-1325.1960576159,201.31223586057314,263.29127155024815,-1630.4340985735,0.2656837071999689
PHEO_red_305_cutoff_0.0.inp.out,257.4056521778406,-0.2785,0.0644,10.3539,0.0,-1325.3246531337,76.31277226534517,74.8908264144198,-1630.5674319183,0.27465906199995516
PHEO_red_306_cutoff_0.0.inp.out,255.6160631624239,-0.2845,0.0723,10.7000,0.0,-1325.1027870341,227.31621629504258,268.94496558282174,-1630.3344204841,0.2776978167000834
PHEO_red_307_cutoff_0.0.inp.out,257.0447169742499,-0.2738,0.0867,11.4601,0.0,-1325.5461501993,187.06824081384718,163.17116516898508,-1630.7709895656,0.26895638099995267
PHEO_red_308_cutoff_0.0.inp.out,255.34745983680597,-0.2980,0.0723,12.1169,0.0,-1325.1931466471,-44.49644719250081,15.3853569125536,-1630.4516973696,0.29204042190008295
PHEO_red_309_cutoff_0.0.inp.out,257.7373839473555,-0.2992,0.0753,11.6506,0.0,-1324.7505375662,-8.284984494608695,-35.57386448098933,-1630.0134847967,0.293831758099941
PHEO_red_30_cutoff_0.0.inp.out,257.3550863815545,-0.2924,0.0759,11.7427,0.0,-1324.8998758954,37.22340242959458,28.95832435169285,-1630.1646407422,0.28809695819995795
PHEO_red_310_cutoff_0.0.inp.out,256.80754189941126,-0.2665,0.0945,11.0763,0.0,-1325.3965119886,183.19372128644156,163.31115867000364,-1630.610323874,0.261365685400051
PHEO_red_311_cutoff_0.0.inp.out,253.47750701995813,-0.2709,0.0829,10.3750,0.0,-1325.1126887272,24.576380700211725,-54.46801659878518,-1630.3266978008,0.2681721162998656
PHEO_red_312_cutoff_0.0.inp.out,257.9811258365124,-0.2771,0.0637,10.2808,0.0,-1324.9894885202,-137.3926577825584,-155.0207454608515,-1630.2173513791,0.2719679554998038
PHEO_red_313_cutoff_0.0.inp.out,256.39348673691285,-0.2726,0.0892,11.3095,0.0,-1325.1519771885,42.1579583070892,-33.02033107062477,-1630.3683481715,0.26515333719999035
PHEO_red_314_cutoff_0.0.inp.out,257.22376770966264,-0.2912,0.0832,11.6479,0.0,-1325.1330580553,56.698634166762545,33.75617567053294,-1630.3720498777,0.2849589724000907
PHEO_red_315_cutoff_0.0.inp.out,259.6309178127038,-0.2738,0.0780,11.2064,0.0,-1324.9045614243,-140.17766079692484,-199.32528383412944,-1630.1378032502,0.2690131635999933
PHEO_red_316_cutoff_0.0.inp.out,258.142540608301,-0.2878,0.0792,9.7492,0.0,-1324.7716979624,-223.01474302114823,-377.7244135652172,-1629.9985379408,0.2811859518001256
PHEO_red_317_cutoff_0.0.inp.out,258.63667918242754,-0.2764,0.0831,10.2618,0.0,-1325.0362024857,29.084609890865384,-12.577445291414474,-1630.2573700996,0.27015938700014885
PHEO_red_318_cutoff_0.0.inp.out,256.4965923424765,-0.2923,0.0677,10.0113,0.0,-1324.8437563300,-61.50409869283941,-42.41323061299779,-1630.0736222591,0.28625041320015043
PHEO_red_319_cutoff_0.0.inp.out,259.7392726653937,-0.2807,0.0757,10.7009,0.0,-1325.3911708046,164.64468902231053,239.52354327235227,-1630.6300066811,0.2766085085997929
PHEO_red_31_cutoff_0.0.inp.out,256.4558887233579,-0.2787,0.0899,11.8259,0.0,-1325.1227757901,171.65161762050545,89.2801887322422,-1630.3664274401,0.27598765500010813
PHEO_red_320_cutoff_0.0.inp.out,258.67778620137034,-0.2613,0.1015,10.2997,0.0,-1325.3139637737,272.52279863121777,264.5005254510879,-1630.5261457774,0.2559757573999377
PHEO_red_321_cutoff_0.0.inp.out,256.5074529640634,-0.2732,0.0834,10.2434,0.0,-1325.2322300500,92.16342625909122,123.83888134359577,-1630.4425227488,0.2685561139001038
PHEO_red_322_cutoff_0.0.inp.out,256.10123581516416,-0.2720,0.0902,10.4700,0.0,-1325.1556553670,78.78367077828253,100.61619483171931,-1630.3717828699,0.2670692187998611
PHEO_red_323_cutoff_0.0.inp.out,257.8127233305237,-0.2710,0.0905,10.3114,0.0,-1325.1465508920,149.66535844745022,167.1093510855705,-1630.3653498777,0.26709413589992437
PHEO_red_324_cutoff_0.0.inp.out,255.4815887329525,-0.3058,0.0724,11.3405,0.0,-1325.1501071184,-70.96121271167803,-154.69022474626553,-1630.4016142913,0.2976346288999139
PHEO_red_325_cutoff_0.0.inp.out,256.47848129391446,-0.2975,0.0755,10.7672,0.0,-1325.4977477118,-13.339902918428434,-6.182990934275896,-1630.7298972405,0.29017783890003557
PHEO_red_326_cutoff_0.0.inp.out,258.5830180229804,-0.2933,0.0737,10.5739,0.0,-1325.2045527366,44.484302536400556,81.55638715229485,-1630.4512947512,0.28752728599988586
PHEO_red_327_cutoff_0.0.inp.out,257.4873022445449,-0.2862,0.0705,10.6270,0.0,-1325.2438993647,-80.65448841420275,-70.62437299479468,-1630.4797373877,0.2850479539999924
PHEO_red_328_cutoff_0.0.inp.out,257.8531145226528,-0.2984,0.0863,11.7085,0.0,-1324.9279478699,50.109697966727566,62.66125277605206,-1630.1731119952,0.2904637593001098
PHEO_red_329_cutoff_0.0.inp.out,256.87971901460213,-0.2887,0.0799,10.2138,0.0,-1325.5628948971,33.949400987953574,66.50554419131056,-1630.7941859182,0.28503249649997997
PHEO_red_32_cutoff_0.0.inp.out,255.66600491533603,-0.2892,0.0761,11.2292,0.0,-1324.9060042687,54.24355033007196,161.82477667841724,-1630.1395034876,0.28601970740010074
PHEO_red_330_cutoff_0.0.inp.out,258.1597647227786,-0.2829,0.0779,10.1436,0.0,-1325.0345733262,14.60736818970632,-16.324231217163426,-1630.2664770026,0.2803816004998225
PHEO_red_331_cutoff_0.0.inp.out,257.83832487850214,-0.2817,0.0868,11.1243,0.0,-1325.1620307396,49.19043180344668,94.35740633129143,-1630.4066718479,0.2795643378999557
PHEO_red_332_cutoff_0.0.inp.out,258.8073272961452,-0.2926,0.0673,11.2785,0.0,-1325.2867561024,-75.61223720355007,-5.078687104074009,-1630.5257432993,0.28506652890018813
PHEO_red_333_cutoff_0.0.inp.out,258.82267019086663,-0.3037,0.0615,11.5513,0.0,-1324.9582580766,-192.73421764539455,-153.26931560878924,-1630.2304846692,0.2999847441001293
PHEO_red_334_cutoff_0.0.inp.out,254.87695602756835,-0.2972,0.0824,11.5327,0.0,-1325.4699349793,74.43171097868247,12.376735285611325,-1630.7210921962,0.29427321790012684
PHEO_red_335_cutoff_0.0.inp.out,258.26211186197713,-0.2969,0.0758,12.0398,0.0,-1324.7888894922,30.032100908294694,10.088682767219082,-1630.0755427294,0.29473171650010954
PHEO_red_336_cutoff_0.0.inp.out,256.0633997712679,-0.3003,0.0749,13.4764,0.0,-1325.1976649734,25.565568885709823,8.878838479776334,-1630.4623945344,0.29289510219996373
PHEO_red_337_cutoff_0.0.inp.out,256.03428250815654,-0.2844,0.0897,12.0134,0.0,-1324.6729481260,-41.20557441933984,-104.52968845541832,-1629.9256445148,0.27890982700000677
PHEO_red_338_cutoff_0.0.inp.out,258.09825355899125,-0.2643,0.0900,10.3126,0.0,-1325.1152475598,103.46810668213669,12.68687892519162,-1630.3278648779,0.26173351419993196
PHEO_red_339_cutoff_0.0.inp.out,253.2024882230975,-0.2627,0.1047,11.1721,0.0,-1324.9795932718,93.56489618621956,61.868493844061774,-1630.1933397719,0.2588197212999148
PHEO_red_33_cutoff_0.0.inp.out,258.83605562306064,-0.2796,0.0767,11.8418,0.0,-1325.3310166166,218.14820226377938,341.97385084939845,-1630.5772363427,0.27641887850018065
PHEO_red_340_cutoff_0.0.inp.out,258.9132161255321,-0.2902,0.0867,10.9151,0.0,-1325.1447738495,185.04153565407137,281.8891441982221,-1630.3939105613,0.28493930369995724
PHEO_red_341_cutoff_0.0.inp.out,256.7179617375451,-0.2912,0.0807,11.6762,0.0,-1325.3617545758,242.9536145157482,343.021407030121,-1630.6061287521,0.2844932212999538
PHEO_red_342_cutoff_0.0.inp.out,257.44286483680764,-0.2840,0.0642,10.7071,0.0,-1324.7583934628,333.71882386569257,449.0259310681114,-1629.9897966416,0.27862280559998
PHEO_red_343_cutoff_0.0.inp.out,258.0120295063171,-0.2759,0.0770,10.8906,0.0,-1325.1050265718,376.2850825338422,616.5845224901542,-1630.3287898634,0.269560544199976
PHEO_red_344_cutoff_0.0.inp.out,255.47895611321817,-0.2703,0.0975,11.2665,0.0,-1324.9801914929,310.4090129674223,453.53917827634194,-1630.1895883244,0.2641995410999698
PHEO_red_345_cutoff_0.0.inp.out,258.34724573303913,-0.2834,0.0712,10.8370,0.0,-1325.1116731575,-15.690077988848893,-23.88034292913545,-1630.3320532924,0.2761493669001993
PHEO_red_346_cutoff_0.0.inp.out,257.30009214420886,-0.2837,0.0709,10.5073,0.0,-1324.9785301323,48.979524407791,-53.081328316522665,-1630.2000068107,0.2782874484998956
PHEO_red_347_cutoff_0.0.inp.out,257.89994735130057,-0.2879,0.0750,10.6461,0.0,-1324.8436403376,22.51047470228451,10.55278351691263,-1630.0781870927,0.28347605630006
PHEO_red_348_cutoff_0.0.inp.out,257.04338133609605,-0.2907,0.0781,10.9457,0.0,-1325.2573957046,-128.73330957449826,-167.13680495995334,-1630.4874040845,0.2831508307999684
PHEO_red_349_cutoff_0.0.inp.out,257.5587671226663,-0.2558,0.0974,9.6522,0.0,-1324.9551425264,183.0054951968012,160.4650925765032,-1630.1426894671,0.24957383870014382
PHEO_red_34_cutoff_0.0.inp.out,256.58681105312235,-0.3025,0.0762,12.0547,0.0,-1324.8318621121,6.806461212327553,87.34442826184724,-1630.0702158559,0.2943217634001485
PHEO_red_350_cutoff_0.0.inp.out,255.17166975721037,-0.2690,0.0913,9.3833,0.0,-1325.0253431118,-10.828929610071366,94.65819915411193,-1630.2403266424,0.2640868638000029
PHEO_red_351_cutoff_0.0.inp.out,257.30565133477796,-0.2623,0.0863,10.3275,0.0,-1324.9281688673,260.3485410525813,317.3730911031123,-1630.1394391497,0.25806306769982257
PHEO_red_352_cutoff_0.0.inp.out,256.4893280081769,-0.2775,0.0819,11.3953,0.0,-1324.8153833708,298.936171009421,452.4419849664093,-1630.035300142,0.27054865249988325
PHEO_red_353_cutoff_0.0.inp.out,256.2639784262211,-0.2832,0.0792,10.6883,0.0,-1324.7788252841,165.95465471470047,266.67656473890116,-1629.9958874684,0.27724147920002906
PHEO_red_354_cutoff_0.0.inp.out,258.5560962824825,-0.2666,0.0844,9.6294,0.0,-1325.0523624200,264.70827096838406,321.8664487613471,-1630.2607426338,0.2644192027998997
PHEO_red_355_cutoff_0.0.inp.out,254.3503818201541,-0.2668,0.0846,10.3544,0.0,-1324.7386026800,189.30032624673117,234.1875312203478,-1629.9236097684,0.2611959351002042
PHEO_red_356_cutoff_0.0.inp.out,255.5314586969428,-0.2849,0.0680,10.7781,0.0,-1324.8622001572,-17.99074830257191,-57.830583636495966,-1630.0676862243,0.2781175842999346
PHEO_red_357_cutoff_0.0.inp.out,253.23109964528194,-0.2869,0.0629,10.0381,0.0,-1325.0607649790,-129.7048038620307,-104.65146688984771,-1630.2741214804,0.2836042726000869
PHEO_red_358_cutoff_0.0.inp.out,253.5666735028109,-0.2847,0.0534,9.9257,0.0,-1324.7435969163,-162.71539723075165,-163.19146537797067,-1629.9479448935,0.28011912979991394
PHEO_red_359_cutoff_0.0.inp.out,254.396713009374,-0.2753,0.0814,11.3109,0.0,-1324.9861254041,8.887751108381348,64.34362901611503,-1630.1850840346,0.26667106919990147
PHEO_red_35_cutoff_0.0.inp.out,257.6419085896296,-0.2800,0.0861,10.7896,0.0,-1325.2286693487,259.77609328898626,314.0523641272464,-1630.4650562459,0.2771658181998191
PHEO_red_360_cutoff_0.0.inp.out,254.75119232611067,-0.2873,0.0762,10.2907,0.0,-1324.9239719031,-208.4139450530026,-357.4626763875052,-1630.1374914451,0.28128614220008785
PHEO_red_361_cutoff_0.0.inp.out,255.10974257785108,-0.2917,0.0726,10.7551,0.0,-1324.5709941278,-253.34175407303152,-464.3080316135723,-1629.8248766378,0.28848883509999723
PHEO_red_362_cutoff_0.0.inp.out,256.51056790721015,-0.3006,0.0748,11.4251,0.0,-1325.0488962281,-106.42626881021489,-168.54186808995718,-1630.3094222253,0.2960350604000723
PHEO_red_363_cutoff_0.0.inp.out,254.24976085906385,-0.3032,0.0807,11.7070,0.0,-1324.6799901266,-21.009670774828557,2.538689736921389,-1629.9255972104,0.29520844179978667
PHEO_red_364_cutoff_0.0.inp.out,255.69404574508943,-0.2934,0.0711,10.1239,0.0,-1325.3231139512,92.04165500654986,58.63024371809249,-1630.5631385781,0.28895906150000883
PHEO_red_365_cutoff_0.0.inp.out,255.96982923574436,-0.2849,0.0855,11.2555,0.0,-1324.4339287708,-22.801082556259676,-55.94640176862149,-1629.6833026062,0.282744565899975
PHEO_red_366_cutoff_0.0.inp.out,256.0273126048242,-0.3069,0.0699,10.8367,0.0,-1325.0306455833,-118.9649800046799,-286.53064772901314,-1630.2779416507,0.3012518086
PHEO_red_367_cutoff_0.0.inp.out,258.32858172969145,-0.2887,0.0757,10.0571,0.0,-1324.6339986980,-124.30827303546951,-260.30682218103846,-1629.8642772528,0.2822329496000293
PHEO_red_368_cutoff_0.0.inp.out,257.3097404596996,-0.2707,0.0917,9.7555,0.0,-1324.8801690946,-67.05849581323615,-275.90492858268715,-1630.078629545,0.26487015470002007
PHEO_red_369_cutoff_0.0.inp.out,257.39578356201616,-0.2753,0.0846,9.9048,0.0,-1324.8529845820,223.41902907461184,207.41731956359087,-1630.0624505137,0.26898179110003184
PHEO_red_36_cutoff_0.0.inp.out,256.2521224753797,-0.2665,0.1012,11.8822,0.0,-1325.4609535507,381.57511792193753,430.1062834879374,-1630.6768784678,0.2602832273000786
PHEO_red_370_cutoff_0.0.inp.out,259.5132041296578,-0.2755,0.0871,10.5874,0.0,-1324.4662203501,270.65657150505774,265.9942134128309,-1629.6800510466,0.26866312640004253
PHEO_red_371_cutoff_0.0.inp.out,258.71555966976416,-0.2901,0.0820,10.3228,0.0,-1324.8237232631,309.8870230464048,430.76367405154406,-1630.0486679107,0.28201696090013684
PHEO_red_372_cutoff_0.0.inp.out,258.6419579445625,-0.2746,0.0850,10.6441,0.0,-1324.6644588143,146.86059796030216,202.20528815226263,-1629.9083946924,0.27227580060002765
PHEO_red_373_cutoff_0.0.inp.out,258.54492488524784,-0.2785,0.0868,11.1670,0.0,-1324.6097064275,162.58809247303145,283.86943854604755,-1629.8338561132,0.27433315590019447
PHEO_red_374_cutoff_0.0.inp.out,255.97594361719416,-0.2852,0.0783,11.1040,0.0,-1324.6077719354,352.108735796927,699.4210671496108,-1629.8517174155,0.2812790746997962
PHEO_red_375_cutoff_0.0.inp.out,256.0132328107641,-0.3055,0.0792,11.5114,0.0,-1324.4053787894,298.8179412384984,512.9126081935597,-1629.6354967841,0.29342962949999674
PHEO_red_376_cutoff_0.0.inp.out,256.1261673478487,-0.2908,0.0567,9.7729,0.0,-1324.3297075000,118.16590596370249,438.0983872958234,-1629.5545001232,0.2868763151998337
PHEO_red_377_cutoff_0.0.inp.out,257.8662411749466,-0.2789,0.0770,9.9387,0.0,-1324.1999490946,175.80950409466743,319.3361760103334,-1629.4334735643,0.27657748609999544
PHEO_red_378_cutoff_0.0.inp.out,257.3550947670725,-0.2757,0.0829,10.8205,0.0,-1324.2860663876,101.20466670995731,176.55150956489354,-1629.4894757557,0.2699719186000493
PHEO_red_379_cutoff_0.0.inp.out,256.53726437773827,-0.2938,0.0707,10.6797,0.0,-1324.6312339408,221.25276889444734,243.16275606997885,-1629.8458900966,0.28244460010000694
PHEO_red_37_cutoff_0.0.inp.out,256.7704499073825,-0.2640,0.1034,11.0392,0.0,-1324.8787798649,330.9841694688042,276.7803162459727,-1630.0829545439,0.26017896970006404
PHEO_red_380_cutoff_0.0.inp.out,258.09009295422095,-0.2960,0.0513,10.3572,0.0,-1325.0549455350,96.20928536441161,154.67415756592658,-1630.2893215504,0.28935252159999436
PHEO_red_381_cutoff_0.0.inp.out,254.6417058049551,-0.2776,0.0808,10.9802,0.0,-1324.9221738487,256.2725008276532,263.89429309192104,-1630.1558693191,0.27438657619995865
PHEO_red_382_cutoff_0.0.inp.out,255.44908606754254,-0.2782,0.0852,11.0032,0.0,-1324.9208256842,338.63498719960836,435.2209651047283,-1630.1492641236,0.27431618919990797
PHEO_red_383_cutoff_0.0.inp.out,255.32206519612248,-0.3010,0.0675,11.0519,0.0,-1325.0436494060,255.08779620605108,418.38257793114667,-1630.2926006038,0.29679293179992783
PHEO_red_384_cutoff_0.0.inp.out,257.3759371409598,-0.2808,0.0780,10.5711,0.0,-1325.2055952393,425.1702383085229,505.53885993116967,-1630.4333058817,0.27358093749990076
PHEO_red_385_cutoff_0.0.inp.out,255.35411895999317,-0.2904,0.0813,11.3600,0.0,-1324.8972056913,118.3479130797952,98.26222693299684,-1630.1432625774,0.2841771798998707
PHEO_red_386_cutoff_0.0.inp.out,258.62743747579265,-0.2664,0.0859,9.0120,0.0,-1325.0112847244,159.32277386754114,155.56308677324057,-1630.2095794427,0.2636850183000661
PHEO_red_387_cutoff_0.0.inp.out,257.22056425692926,-0.2703,0.0892,9.3622,0.0,-1325.0052083676,309.57551901473687,305.0704962624713,-1630.2253906355,0.26701757550017646
PHEO_red_388_cutoff_0.0.inp.out,256.33918693714213,-0.2912,0.0848,12.6746,0.0,-1324.8625557763,308.77691955937416,474.74860456931276,-1630.0911004038,0.2816559538000547
PHEO_red_389_cutoff_0.0.inp.out,255.67964473302928,-0.2806,0.0821,11.1739,0.0,-1324.5069329952,165.04005282571018,315.93144658938576,-1629.7299825879,0.27531482129984397
PHEO_red_38_cutoff_0.0.inp.out,257.30255497762084,-0.2939,0.0678,11.8078,0.0,-1325.0720791352,182.58044263702686,409.9448360143733,-1630.3006640366,0.2870610810000471
PHEO_red_390_cutoff_0.0.inp.out,257.1030277792209,-0.2894,0.0777,10.5384,0.0,-1324.8325580544,140.2349000846374,301.14070075213255,-1630.0832193253,0.287312947600185
PHEO_red_391_cutoff_0.0.inp.out,256.41257155207717,-0.2883,0.0882,11.1752,0.0,-1324.2337698897,173.844948134504,152.6398162457839,-1629.4853095907,0.28424933379983486
PHEO_red_392_cutoff_0.0.inp.out,256.3865451271758,-0.2904,0.0791,12.0219,0.0,-1324.5686164993,200.6604581651742,285.66519349559957,-1629.7981804241,0.28048541889984335
PHEO_red_393_cutoff_0.0.inp.out,258.78942489710295,-0.2704,0.0902,12.0211,0.0,-1324.5815032968,261.03014140606865,350.7132853376987,-1629.8057794702,0.26475901549997616
PHEO_red_394_cutoff_0.0.inp.out,257.6173647428177,-0.2986,0.0730,11.3815,0.0,-1324.6556240709,74.71117730229805,130.32058260575207,-1629.8923810876,0.2924573917998714
PHEO_red_395_cutoff_0.0.inp.out,255.8500241765464,-0.2922,0.0702,9.8036,0.0,-1324.5535735572,105.45076110900821,103.12359831603123,-1629.7683684731,0.2857431900999927
PHEO_red_396_cutoff_0.0.inp.out,254.6708820572134,-0.2974,0.0743,10.3970,0.0,-1324.2906693796,-1.6072005297063825,60.05019090819306,-1629.5365785034,0.2944985320000342
PHEO_red_397_cutoff_0.0.inp.out,255.67512387555988,-0.2904,0.0914,12.7566,0.0,-1324.3387512225,281.0608691061097,321.08266339921414,-1629.6050228698,0.28544351419986924
PHEO_red_398_cutoff_0.0.inp.out,256.40195096407916,-0.2957,0.0870,12.2181,0.0,-1324.6184867071,95.16863919515815,15.469715075483348,-1629.8476363512,0.28655353079989254
PHEO_red_399_cutoff_0.0.inp.out,256.1306377247394,-0.2970,0.0968,12.7721,0.0,-1324.4921564037,197.88492898171927,307.1127773072455,-1629.7424913486,0.2870996935000676
PHEO_red_39_cutoff_0.0.inp.out,255.59898881153956,-0.2877,0.0817,11.3382,0.0,-1324.9762148690,244.97314371684146,410.5656391365939,-1630.2117484854,0.2839334217999294
PHEO_red_3_cutoff_0.0.inp.out,253.53050929300082,-0.3033,0.0663,11.5453,0.0,-1325.0589091866,-82.74189909002504,-237.50769304672428,-1630.2959354531,0.2954512715000419
PHEO_red_400_cutoff_0.0.inp.out,256.788055371979,-0.3102,0.0672,13.7050,0.0,-1324.4613149129,-171.23401834595924,-167.51994983123254,-1629.7433280107,0.3051449506001518
PHEO_red_401_cutoff_0.0.inp.out,255.06105009598812,-0.3019,0.0712,11.6364,0.0,-1324.4213917501,-229.51911030999293,-148.81021238961395,-1629.6791448123,0.2971228173998952
PHEO_red_402_cutoff_0.0.inp.out,257.4928964242792,-0.3023,0.0637,11.0134,0.0,-1324.4873531201,-124.81739718090061,-63.20691865676153,-1629.7529198916,0.29726805179984694
PHEO_red_403_cutoff_0.0.inp.out,256.8463416226287,-0.2941,0.0795,11.0784,0.0,-1324.7848976657,37.97888751519953,44.70721216774804,-1630.0330594373,0.2900796206999985
PHEO_red_404_cutoff_0.0.inp.out,257.6145724415574,-0.2739,0.0928,10.5571,0.0,-1324.5100710067,177.03346872416856,255.15735421940627,-1629.734075626,0.2672354813998936
PHEO_red_405_cutoff_0.0.inp.out,258.55318054139457,-0.2845,0.0944,11.3669,0.0,-1324.8416738933,135.21539559686437,225.3501068854242,-1630.0753210461,0.27823454869985653
PHEO_red_406_cutoff_0.0.inp.out,257.6242494412565,-0.2844,0.0788,12.2035,0.0,-1324.6652512340,1.2449281176231963,190.9417203381603,-1629.9155262085,0.2803148415000578
PHEO_red_407_cutoff_0.0.inp.out,259.72321131327703,-0.2751,0.0866,12.1480,0.0,-1324.5865631095,-3.387775476009404,48.526664882028875,-1629.8312543894,0.27191667569991296
PHEO_red_408_cutoff_0.0.inp.out,257.9714718943052,-0.2959,0.0755,12.7182,0.0,-1324.7793973033,-52.446618130215974,192.87665592885045,-1630.0472466869,0.29122052790012276
PHEO_red_409_cutoff_0.0.inp.out,255.73092242011074,-0.2675,0.0872,11.4435,0.0,-1324.9243812166,-25.929646124747396,7.0623586410538906,-1630.1408736755,0.2629123453000375
PHEO_red_40_cutoff_0.0.inp.out,259.16033489608367,-0.3139,0.0586,11.4678,0.0,-1324.6543648206,-151.34551173122728,-50.93355929498066,-1629.9359687998,0.3096411306000846
PHEO_red_410_cutoff_0.0.inp.out,257.11228462833617,-0.2627,0.1031,11.8690,0.0,-1324.7717297387,182.48515188915167,302.5534479556208,-1629.9818499251,0.25636991009992016
PHEO_red_411_cutoff_0.0.inp.out,258.59214773665286,-0.2740,0.0886,11.4984,0.0,-1324.7071072680,84.68535174092914,108.84860629457592,-1629.9214192853,0.2671625136001694
PHEO_red_412_cutoff_0.0.inp.out,257.71817235599343,-0.2812,0.0818,11.2867,0.0,-1324.9225754609,72.30911745827784,195.5001680147513,-1630.1554490557,0.27741633129994625
PHEO_red_413_cutoff_0.0.inp.out,259.97862244704277,-0.2690,0.0900,11.8965,0.0,-1325.0842439819,210.69211699097923,290.01988803877595,-1630.3151450289,0.2639219588998003
PHEO_red_414_cutoff_0.0.inp.out,258.1518940028117,-0.2578,0.1024,10.9712,0.0,-1325.3962146705,109.35250933374132,150.86268942707972,-1630.5983362521,0.25251627080001526
PHEO_red_415_cutoff_0.0.inp.out,258.9527199339673,-0.2728,0.0934,10.9832,0.0,-1324.9732101761,78.0493788077073,57.29572463110614,-1630.1942219368,0.2672714391999307
PHEO_red_416_cutoff_0.0.inp.out,258.44604339832796,-0.2669,0.0947,10.4387,0.0,-1324.9754728420,163.87044031779865,229.78516015726797,-1630.1892664666,0.26216481889991883
PHEO_red_417_cutoff_0.0.inp.out,260.9553316187446,-0.2753,0.0823,10.6858,0.0,-1324.7129743282,-26.638748269836373,-142.04288806563343,-1629.9357322018,0.2701045809999414
PHEO_red_418_cutoff_0.0.inp.out,259.7969783607615,-0.2896,0.0735,10.6776,0.0,-1325.2653054271,41.79346182418027,-53.935415281415025,-1630.4973422217,0.28300415169996995
PHEO_red_419_cutoff_0.0.inp.out,256.68933140661517,-0.2992,0.0645,10.8819,0.0,-1324.9657346067,-97.36862467758881,-183.12051548113837,-1630.1880213082,0.2914461203999963
PHEO_red_41_cutoff_0.0.inp.out,257.6812630551124,-0.3008,0.0629,10.0806,0.0,-1324.4529563224,-115.68218741534882,-205.98650189541692,-1629.6944933178,0.2961132370000996
PHEO_red_420_cutoff_0.0.inp.out,258.0329746316924,-0.2882,0.0758,10.0712,0.0,-1325.0485602618,206.26601342445488,263.9500810279969,-1630.2869389403,0.28079882160000125
PHEO_red_421_cutoff_0.0.inp.out,257.31147862522744,-0.2904,0.0783,10.6492,0.0,-1325.0028104380,170.29263826482006,188.8129373652304,-1630.2287608176,0.2824580651999895
PHEO_red_422_cutoff_0.0.inp.out,259.732382393755,-0.2604,0.0976,10.6255,0.0,-1324.7157647954,187.06375758410195,72.13306282858544,-1629.9232591929,0.2573208564001561
PHEO_red_423_cutoff_0.0.inp.out,255.53792250786557,-0.2813,0.0852,10.6211,0.0,-1325.1809243553,181.6457654343656,200.63694874120873,-1630.4090124796,0.27561233179994815
PHEO_red_424_cutoff_0.0.inp.out,255.66507125456795,-0.2643,0.1015,11.1222,0.0,-1325.0698281889,331.1094812869405,253.2770182561266,-1630.2788494506,0.25946680750007545
PHEO_red_425_cutoff_0.0.inp.out,257.36323730839626,-0.2801,0.0843,11.1593,0.0,-1324.8400735325,313.90387931369105,342.46784605541313,-1630.0791495876,0.2773127230998398
PHEO_red_426_cutoff_0.0.inp.out,255.07077673588532,-0.2851,0.0731,10.0998,0.0,-1324.7329630745,241.07356058888467,183.05854273402673,-1629.9456580385,0.28123521930001516
PHEO_red_427_cutoff_0.0.inp.out,256.7419782039074,-0.2892,0.0742,11.3360,0.0,-1325.0253105735,-37.46843424867847,22.327674851992615,-1630.244915452,0.2814507309999499
PHEO_red_428_cutoff_0.0.inp.out,253.17829154616427,-0.2887,0.0715,11.8407,0.0,-1324.6854685850,166.58904883666875,203.9480836478196,-1629.9003005582,0.2820572187001744
PHEO_red_429_cutoff_0.0.inp.out,256.2272431116378,-0.2951,0.0627,10.2638,0.0,-1324.7639332853,135.1120685279077,296.68522970206465,-1630.011654316,0.29413002380010767
PHEO_red_42_cutoff_0.0.inp.out,255.1170927661154,-0.3031,0.0661,11.2062,0.0,-1324.5379665970,-130.4134994624861,-17.103647736869213,-1629.7826452552,0.29738951669992275
PHEO_red_430_cutoff_0.0.inp.out,254.41344020043937,-0.2854,0.0743,10.3635,0.0,-1324.7709385567,94.08015555665466,109.5964193522457,-1629.9871658315,0.2821642144999714
PHEO_red_431_cutoff_0.0.inp.out,256.1474305860807,-0.3017,0.0594,11.4329,0.0,-1324.6663934988,12.02914716910847,21.640480553782123,-1629.9180582454,0.2950535003001278
PHEO_red_432_cutoff_0.0.inp.out,259.76009998719263,-0.2903,0.0720,11.3461,0.0,-1324.8301519472,79.41107534892679,108.45351802434402,-1630.0697361264,0.2831723573999625
PHEO_red_433_cutoff_0.0.inp.out,256.26409874739414,-0.2659,0.0884,10.8455,0.0,-1325.1317334473,-1.7845245071404303,-101.43345899031733,-1630.3472867208,0.2636956013998315
PHEO_red_434_cutoff_0.0.inp.out,258.4837184791593,-0.2626,0.0804,10.7614,0.0,-1325.0249129463,235.03022972636046,289.313416163422,-1630.2295251532,0.25812522370006263
PHEO_red_435_cutoff_0.0.inp.out,259.3671145334079,-0.2687,0.0855,10.9317,0.0,-1325.3029464307,219.47319430189674,415.631373431052,-1630.5144017919,0.26517788339992876
PHEO_red_436_cutoff_0.0.inp.out,257.28956549009905,-0.2867,0.0849,11.4764,0.0,-1324.5004798368,290.6465418846695,504.41857413220066,-1629.7130566381,0.27966004979998615
PHEO_red_437_cutoff_0.0.inp.out,255.74635447922637,-0.2749,0.0838,10.6522,0.0,-1324.9573077270,435.53682471610995,562.0809798722833,-1630.18128038,0.27244078799981253
PHEO_red_438_cutoff_0.0.inp.out,254.05233596662305,-0.2852,0.0735,11.0884,0.0,-1324.9442713372,220.18011401038996,525.1307366576261,-1630.1731347066,0.28235592690020894
PHEO_red_439_cutoff_0.0.inp.out,256.2642785206552,-0.2766,0.0788,11.6703,0.0,-1324.4689295438,233.5708298665325,509.35931115359244,-1629.6888213317,0.2734591983999053
PHEO_red_43_cutoff_0.0.inp.out,257.2415539075868,-0.2918,0.0641,10.4822,0.0,-1324.8413900830,-186.9769930283587,-305.1312860755914,-1630.0883307253,0.2875283107998712
PHEO_red_440_cutoff_0.0.inp.out,253.54445049816798,-0.2694,0.0960,11.0097,0.0,-1324.7299538897,570.4645708304057,830.140896399233,-1629.9509069045,0.26609213219990124
PHEO_red_441_cutoff_0.0.inp.out,255.6337168662017,-0.2737,0.0932,11.7916,0.0,-1324.9882771562,13.908529730122345,34.553700302715036,-1630.2146946191,0.26849036980001983
PHEO_red_442_cutoff_0.0.inp.out,257.2586861935284,-0.2735,0.0950,11.3671,0.0,-1324.4618512452,322.0624561729131,367.69493696317807,-1629.6906432332,0.26921707069982403
PHEO_red_443_cutoff_0.0.inp.out,255.0438675281683,-0.2972,0.0692,11.2038,0.0,-1324.9251991601,137.4585049787709,258.7918425990646,-1630.1662980233,0.29238430110012814
PHEO_red_444_cutoff_0.0.inp.out,259.06198327345976,-0.2805,0.0826,10.8696,0.0,-1324.9884044462,256.8835357389366,334.09140594540924,-1630.2184709809,0.2763730509998368
PHEO_red_445_cutoff_0.0.inp.out,256.72850328255754,-0.2757,0.0845,10.7431,0.0,-1324.8195002340,187.08604842450276,305.2847170912172,-1630.0334910641,0.2712422273998527
PHEO_red_446_cutoff_0.0.inp.out,258.2378349587545,-0.2884,0.0769,11.2057,0.0,-1324.8990158820,224.16829413830615,452.0449591769674,-1630.1372674947,0.28133329249999406
PHEO_red_447_cutoff_0.0.inp.out,258.03615712590073,-0.2733,0.0963,12.3261,0.0,-1324.5019635007,349.2515193409768,714.6700564270435,-1629.7370464944,0.26821973609980887
PHEO_red_448_cutoff_0.0.inp.out,256.9257358601035,-0.3058,0.0654,11.0620,0.0,-1324.8927894617,249.46040464361562,481.2571784512369,-1630.1467362152,0.30091546230005406
PHEO_red_449_cutoff_0.0.inp.out,255.45235777391753,-0.2803,0.0900,11.8752,0.0,-1324.5992970437,374.8677970003604,616.6127409884602,-1629.8300559767,0.27516174100014723
PHEO_red_44_cutoff_0.0.inp.out,256.44248094700936,-0.2870,0.0726,10.0569,0.0,-1325.2053432702,-12.578661446487278,-38.76183487816136,-1630.4340315456,0.2830982604998553
PHEO_red_450_cutoff_0.0.inp.out,255.41797062995283,-0.2796,0.0966,12.6053,0.0,-1324.5285750450,156.59709639168318,260.51039661240185,-1629.7730024405,0.27588664149993747
PHEO_red_451_cutoff_0.0.inp.out,254.23315894124588,-0.2695,0.1021,10.8787,0.0,-1324.7506386891,43.80059918780433,-11.77902023204479,-1629.973116178,0.2661378108000463
PHEO_red_452_cutoff_0.0.inp.out,256.72556239631393,-0.2687,0.0922,10.8422,0.0,-1324.7746776383,-34.15828574000804,-54.726964767438965,-1629.9846534633,0.26233935339996606
PHEO_red_453_cutoff_0.0.inp.out,258.9964982933341,-0.2891,0.0840,11.6115,0.0,-1324.5911520758,123.05769057019114,201.63255062504305,-1629.82384592,0.28113285990002623
PHEO_red_454_cutoff_0.0.inp.out,260.4018309941134,-0.2836,0.0877,11.2218,0.0,-1324.8465238270,170.35048751127675,278.7676582169519,-1630.066510609,0.27604775350005184
PHEO_red_455_cutoff_0.0.inp.out,259.64950730291145,-0.2686,0.0926,11.8888,0.0,-1325.0039259336,237.43268261429344,220.3707683628628,-1630.2413270477,0.26460805900001105
PHEO_red_456_cutoff_0.0.inp.out,255.82278263535727,-0.2850,0.0833,11.4659,0.0,-1324.6917520252,-20.20485307406065,-24.228865884948313,-1629.9402025266,0.2817245307999201
PHEO_red_457_cutoff_0.0.inp.out,256.9882730856274,-0.2654,0.1077,12.8339,0.0,-1324.7117192871,147.73920405061,68.67840831889826,-1629.9289228123,0.2580200392999359
PHEO_red_458_cutoff_0.0.inp.out,255.34800431433231,-0.2771,0.0751,11.0628,0.0,-1324.9599619219,-36.19846036066548,-108.8663028127044,-1630.1756441934,0.272595786300144
PHEO_red_459_cutoff_0.0.inp.out,255.74252520298245,-0.2588,0.0885,10.9312,0.0,-1324.9629949665,-10.649772340792937,-166.69827125798975,-1630.158256249,0.25429475990017636
PHEO_red_45_cutoff_0.0.inp.out,256.36232334487426,-0.2845,0.0720,10.1982,0.0,-1325.0925180597,90.53913972146296,26.081756800901992,-1630.320794897,0.28083449569999175
PHEO_red_460_cutoff_0.0.inp.out,257.21203280978466,-0.2750,0.0908,11.8131,0.0,-1325.1566547963,310.72451224241007,455.5740284289548,-1630.3812205659,0.2694333692998043
PHEO_red_461_cutoff_0.0.inp.out,258.3802231948578,-0.2827,0.0840,11.6630,0.0,-1325.0306085386,206.44371296109216,333.8032374581446,-1630.2778369195,0.277458573100148
PHEO_red_462_cutoff_0.0.inp.out,256.419829897242,-0.2746,0.0945,12.3009,0.0,-1324.7363812271,398.3935363345655,489.4886416206819,-1629.9538487142,0.2684352277999551
PHEO_red_463_cutoff_0.0.inp.out,259.2334972477707,-0.2757,0.0770,10.8941,0.0,-1324.9134841990,264.3536974708339,427.5362543827164,-1630.1469540316,0.27214763990014035
PHEO_red_464_cutoff_0.0.inp.out,256.757672166476,-0.3163,0.0571,12.5767,0.0,-1325.4525191304,30.80583370238149,176.90195670789754,-1630.71410705,0.307900559600057
PHEO_red_465_cutoff_0.0.inp.out,256.1385152892088,-0.3072,0.0597,10.4907,0.0,-1325.0512528053,-21.523682495470002,50.96993177341328,-1630.2971200699,0.3025767318999897
PHEO_red_466_cutoff_0.0.inp.out,258.6126081130942,-0.2913,0.0854,11.6182,0.0,-1325.1410979922,136.58746687836668,169.17581567553395,-1630.3851784649,0.28394447469986517
PHEO_red_467_cutoff_0.0.inp.out,256.9659035039113,-0.2909,0.0841,11.4718,0.0,-1324.9012848492,129.5016610023729,251.01951113651637,-1630.1375275067,0.2843896613001107
PHEO_red_468_cutoff_0.0.inp.out,260.2194187968512,-0.2561,0.1067,10.5812,0.0,-1324.9950809977,258.9649191786437,326.0081493395296,-1630.2161078288,0.25278735439997035
PHEO_red_469_cutoff_0.0.inp.out,259.2222566971872,-0.2928,0.0606,11.0748,0.0,-1324.9278232583,144.8088525479119,398.3906349839086,-1630.1883891973,0.2906885325000985
PHEO_red_46_cutoff_0.0.inp.out,258.63319919488305,-0.2646,0.0848,9.9976,0.0,-1324.9752928793,228.40509999120064,117.61936003069263,-1630.1804258106,0.25742396469991036
PHEO_red_470_cutoff_0.0.inp.out,258.7798763381812,-0.2917,0.0844,12.4712,0.0,-1324.9467792425,321.9224935441338,685.2191678077303,-1630.1960351193,0.28502448170002026
PHEO_red_471_cutoff_0.0.inp.out,259.95697778414166,-0.3098,0.0731,11.5533,0.0,-1325.0805231574,372.6697744599272,641.2130233179357,-1630.3486890091,0.30311820520000765
PHEO_red_472_cutoff_0.0.inp.out,260.90199312238076,-0.2765,0.0887,11.2212,0.0,-1325.2631539726,316.6832349071614,509.2993335572335,-1630.5112641469,0.2726268897999944
PHEO_red_473_cutoff_0.0.inp.out,259.26409774359655,-0.3043,0.0732,11.8655,0.0,-1325.3866124446,-3.1377222698730245,101.20144317520274,-1630.6370604407,0.29666472560006696
PHEO_red_474_cutoff_0.0.inp.out,259.9361387244024,-0.2937,0.0694,10.5384,0.0,-1325.2081288810,58.761880528139656,170.25076197666917,-1630.4604935273,0.2885813648999829
PHEO_red_475_cutoff_0.0.inp.out,256.50895618652584,-0.2829,0.0715,10.9542,0.0,-1325.0560775992,-54.4100305124837,-59.20418101519726,-1630.2789413173,0.27719118029995116
PHEO_red_476_cutoff_0.0.inp.out,254.77438181884193,-0.2889,0.0878,12.0744,0.0,-1325.4611092219,3.7827166915616424,2.2298064182605475,-1630.695812528,0.281557435600007
PHEO_red_477_cutoff_0.0.inp.out,256.32755288025515,-0.2946,0.0679,11.2250,0.0,-1324.7627460734,19.553255782225857,66.23700084350946,-1630.0008991331,0.2893216689001292
PHEO_red_478_cutoff_0.0.inp.out,258.0125761128332,-0.2901,0.0756,11.0962,0.0,-1325.3080119971,-16.52360606840542,20.40996553568614,-1630.5597527176,0.28499253540007885
PHEO_red_479_cutoff_0.0.inp.out,255.03945651423606,-0.2772,0.0852,11.2210,0.0,-1324.9498861071,74.46070783596187,147.1479727198928,-1630.1661406885,0.27370062709997
PHEO_red_47_cutoff_0.0.inp.out,255.67277917382972,-0.2521,0.0914,10.8142,0.0,-1324.8977144378,155.51086681356728,-5.243283822384088,-1630.0980072235,0.2487898162999045
PHEO_red_480_cutoff_0.0.inp.out,255.96545632108837,-0.3066,0.0660,11.5287,0.0,-1324.9759247126,-5.527814550256781,74.64916611494189,-1630.2312570309,0.30104463610018684
PHEO_red_481_cutoff_0.0.inp.out,255.75500388112687,-0.2859,0.0789,11.6692,0.0,-1325.3876965830,-63.43399392982976,-95.1251006321895,-1630.6320483878,0.28103636559990264
PHEO_red_482_cutoff_0.0.inp.out,257.81285138072946,-0.2884,0.0607,10.8559,0.0,-1325.0092995429,23.813820831721127,140.8710528838839,-1630.2508736866,0.28301037810001617
PHEO_red_483_cutoff_0.0.inp.out,254.95542288880108,-0.2972,0.0774,11.5234,0.0,-1325.1036011385,96.89586456793515,151.03471049608916,-1630.3424962496,0.2914780426001471
PHEO_red_484_cutoff_0.0.inp.out,257.2373311496519,-0.2794,0.0906,12.2068,0.0,-1325.0248911774,-77.08352321680279,-232.42190357839303,-1630.2596254914,0.27386562649985535
PHEO_red_485_cutoff_0.0.inp.out,258.9976786276862,-0.2823,0.0898,12.1957,0.0,-1325.5657859813,-94.99908662801414,-186.5453949712105,-1630.8093813215,0.27665133370010153
PHEO_red_486_cutoff_0.0.inp.out,259.0061548626963,-0.2682,0.0848,10.3090,0.0,-1325.4942946766,35.536662217413735,62.3603724507663,-1630.7189097505,0.26333953180005665
PHEO_red_487_cutoff_0.0.inp.out,258.5686897558311,-0.2845,0.0786,11.5596,0.0,-1325.0136877381,-69.18157243379089,-96.9187442307134,-1630.2414176836,0.27470349219993295
PHEO_red_488_cutoff_0.0.inp.out,257.7353619132468,-0.2683,0.0746,10.3795,0.0,-1325.2722648835,-120.25097559482296,-134.60073243193742,-1630.4845520349,0.2628381685999557
PHEO_red_489_cutoff_0.0.inp.out,259.7991037314335,-0.2900,0.0716,10.7861,0.0,-1325.6833031453,-144.24896676221076,-76.94402348130274,-1630.9559371317,0.285974285400016
PHEO_red_48_cutoff_0.0.inp.out,259.39193654146334,-0.2546,0.1087,11.7561,0.0,-1324.8636046621,325.68408494036015,240.36500111257766,-1630.0834167389,0.2509783544999209
PHEO_red_490_cutoff_0.0.inp.out,258.166094108241,-0.2906,0.0806,12.0669,0.0,-1325.3883044191,-337.02847853061985,-348.4344185452318,-1630.6458532289,0.2853262290998373
PHEO_red_491_cutoff_0.0.inp.out,258.1114762398333,-0.2908,0.0824,13.0881,0.0,-1325.1521938610,38.93155135608583,6.952386911665333,-1630.4011390543,0.2833039760998872
PHEO_red_492_cutoff_0.0.inp.out,258.1523296808418,-0.2827,0.0979,12.0203,0.0,-1325.5122786048,155.01777883991306,97.4418914499379,-1630.753049184,0.2766976295999939
PHEO_red_493_cutoff_0.0.inp.out,256.40659031628127,-0.2903,0.0845,11.4507,0.0,-1325.1195834522,146.2511768869602,108.90296260676138,-1630.3735355603,0.2867601861998992
PHEO_red_494_cutoff_0.0.inp.out,256.6038899392893,-0.3076,0.0630,10.9008,0.0,-1325.5574359928,-95.19455560900865,-9.865188958884783,-1630.8197012124,0.3024934057000337
PHEO_red_495_cutoff_0.0.inp.out,258.4985452063842,-0.2760,0.0818,10.6519,0.0,-1325.2746045014,11.59954356027362,0.8620213177894781,-1630.5208209302,0.273114272300063
PHEO_red_496_cutoff_0.0.inp.out,256.3909892900445,-0.2900,0.0811,12.6613,0.0,-1325.3993232855,-28.976666876690764,-50.96322928770294,-1630.6363340867,0.2812432010998691
PHEO_red_497_cutoff_0.0.inp.out,254.83928812562283,-0.2749,0.0964,12.6895,0.0,-1325.6944290193,6.337100554806912,-96.24302035554564,-1630.9262956433,0.2689921641001547
PHEO_red_498_cutoff_0.0.inp.out,253.8388221504751,-0.2748,0.1016,12.8422,0.0,-1325.6151217685,-94.14016464201299,-151.99068850718106,-1630.8648769466,0.2713422568999704
PHEO_red_499_cutoff_0.0.inp.out,257.41820392585015,-0.2702,0.0844,12.2181,0.0,-1325.5586394383,-51.69889138681147,-200.51648449801556,-1630.8078518225,0.2686610266000571
PHEO_red_49_cutoff_0.0.inp.out,256.3292779896749,-0.2765,0.0743,10.8236,0.0,-1325.1315501567,58.07120349701322,220.28157048178613,-1630.344478359,0.2731725288999769
PHEO_red_4_cutoff_0.0.inp.out,258.9207306888042,-0.3065,0.0559,11.2094,0.0,-1325.4991618962,-276.0033153464787,-306.1019467803375,-1630.7645782899,0.30257465459999366
PHEO_red_500_cutoff_0.0.inp.out,256.9405545476258,-0.2952,0.0666,11.0415,0.0,-1324.8503963659,202.48339046932958,434.4285955714882,-1630.0901737196,0.2890847800999836
PHEO_red_501_cutoff_0.0.inp.out,255.35110580209593,-0.2787,0.0791,12.1626,0.0,-1325.5107046857,353.3167639355189,436.11858585250803,-1630.7575476807,0.27443984759997875
PHEO_red_502_cutoff_0.0.inp.out,259.9458594237863,-0.2847,0.0729,11.3683,0.0,-1325.2724078634,178.5051534998391,240.3459247292476,-1630.5242059734,0.28282292359995154
PHEO_red_503_cutoff_0.0.inp.out,257.5882871749836,-0.2955,0.0676,12.0003,0.0,-1325.5725999919,6.961168080295956,118.18159740694394,-1630.8219292732,0.2895384128000842
PHEO_red_504_cutoff_0.0.inp.out,256.3715247213034,-0.2831,0.0733,10.9482,0.0,-1325.6423253765,40.131660724409436,130.84560590057035,-1630.8771497959,0.27756030049999936
PHEO_red_505_cutoff_0.0.inp.out,258.063460972521,-0.2840,0.0819,11.5770,0.0,-1325.8588703518,113.18439548741584,99.33124989814233,-1631.1111996507,0.281204201600076
PHEO_red_506_cutoff_0.0.inp.out,254.80010875229186,-0.2935,0.0751,10.8829,0.0,-1325.5413727441,105.38572128120846,70.93659540258972,-1630.7716091565,0.28852547489987046
PHEO_red_507_cutoff_0.0.inp.out,255.357537165909,-0.2843,0.0947,12.8672,0.0,-1325.4685334994,301.8581923846871,363.797834937884,-1630.7065791384,0.27722714130004533
PHEO_red_508_cutoff_0.0.inp.out,254.46507674416102,-0.3000,0.0766,11.7785,0.0,-1325.6700929185,108.5667779955806,94.66248228144768,-1630.9199137349,0.2951991760000965
PHEO_red_509_cutoff_0.0.inp.out,255.59068911361283,-0.2830,0.0823,12.9213,0.0,-1325.1961771538,111.85964772356019,209.64748114477518,-1630.4472543336,0.28228494209997734
PHEO_red_50_cutoff_0.0.inp.out,258.5291508812882,-0.2806,0.0756,10.9959,0.0,-1325.0224089840,135.67280001012165,311.3867647446714,-1630.2388550173,0.27449250559993743
PHEO_red_510_cutoff_0.0.inp.out,255.91857791943116,-0.2763,0.0878,11.0226,0.0,-1325.5917882080,183.59281955829667,202.57367523295912,-1630.8142490018,0.2725671174000581
PHEO_red_511_cutoff_0.0.inp.out,258.6415943390891,-0.2876,0.0714,10.3238,0.0,-1325.2691172916,179.67417595958884,313.4060882552497,-1630.4994301895,0.28320619720011564
PHEO_red_512_cutoff_0.0.inp.out,258.7452301065949,-0.2807,0.0896,10.9170,0.0,-1324.9157416738,300.45873453522523,483.35112906780193,-1630.1467343801,0.2771255568000015
PHEO_red_513_cutoff_0.0.inp.out,258.2592954844191,-0.2735,0.0822,10.4294,0.0,-1325.2771214793,227.88424020552978,397.01735839132306,-1630.5208101699,0.2722691167998619
PHEO_red_514_cutoff_0.0.inp.out,258.5446042674329,-0.2767,0.0925,11.5223,0.0,-1325.1182413239,352.38024327778237,467.9742556639397,-1630.3538939253,0.2703972041999805
PHEO_red_515_cutoff_0.0.inp.out,255.50956458346104,-0.2766,0.0997,11.7215,0.0,-1325.1101997615,358.64430562267694,397.5336098042204,-1630.326442113,0.2668889768999634
PHEO_red_516_cutoff_0.0.inp.out,258.8878277078341,-0.2973,0.0686,11.4083,0.0,-1325.1122827383,110.74308750837956,257.62733575309005,-1630.3685167242,0.2918901211000957
PHEO_red_517_cutoff_0.0.inp.out,258.79411565581466,-0.2869,0.0707,10.4254,0.0,-1324.6412538254,215.96350674946387,375.83348880112794,-1629.8849650877,0.28288385630003177
PHEO_red_518_cutoff_0.0.inp.out,257.14446501394457,-0.3011,0.0799,12.0613,0.0,-1324.7177941278,152.79329860099742,356.912771420797,-1629.9716235994,0.29248519060001854
PHEO_red_519_cutoff_0.0.inp.out,260.04066235878355,-0.2883,0.0813,10.5057,0.0,-1324.7349454351,257.8865277049092,445.5910997521477,-1629.9731360483,0.2828533547999541
PHEO_red_51_cutoff_0.0.inp.out,256.25490262951723,-0.2833,0.0689,9.3232,0.0,-1324.9173342475,137.45387035878414,187.67927475537613,-1630.1281303734,0.28059298350012796
PHEO_red_520_cutoff_0.0.inp.out,256.50417315830754,-0.2719,0.0765,11.4419,0.0,-1324.5869440308,312.7641721176673,460.7996365335706,-1629.8140836188,0.26698769680001533
PHEO_red_521_cutoff_0.0.inp.out,258.25139039703606,-0.2810,0.0735,10.8079,0.0,-1324.4962522369,120.34383654030657,246.17561353338442,-1629.7308500438,0.27598792089997914
PHEO_red_522_cutoff_0.0.inp.out,256.06932382699256,-0.2665,0.1050,12.0744,0.0,-1324.6006058387,40.97553366905846,-24.041648929994246,-1629.8224743891,0.25921679859993674
PHEO_red_523_cutoff_0.0.inp.out,256.86437954084977,-0.2992,0.0761,12.2243,0.0,-1324.6565834508,-234.22195413496723,-221.73729295510154,-1629.9123306002,0.292508215899943
PHEO_red_524_cutoff_0.0.inp.out,258.18438336756725,-0.3001,0.0638,11.6417,0.0,-1324.8254286403,-58.6050074844258,129.21667249607677,-1630.0971269236,0.29798647529992195
PHEO_red_525_cutoff_0.0.inp.out,258.03201612410817,-0.2836,0.0709,11.1567,0.0,-1324.8457020108,199.862463316342,461.24691673482147,-1630.0643951529,0.27713412689990946
PHEO_red_526_cutoff_0.0.inp.out,257.4597191513363,-0.2875,0.0912,12.7183,0.0,-1324.8116340768,220.81924183997236,443.6312116374823,-1630.0525581703,0.2803507250000621
PHEO_red_527_cutoff_0.0.inp.out,256.8534939464661,-0.2737,0.0933,10.9714,0.0,-1325.0046187243,398.35078087512693,600.6366120126276,-1630.2222974295,0.26895003359982184
PHEO_red_528_cutoff_0.0.inp.out,259.4382501203242,-0.2797,0.0719,9.5794,0.0,-1324.9924418354,117.67180212690496,336.6087820162151,-1630.2227779748,0.27740377479995004
PHEO_red_529_cutoff_0.0.inp.out,257.5272270864946,-0.3127,0.0659,10.9090,0.0,-1324.9241013466,143.2164905625699,290.5517596222513,-1630.1665758145,0.3033553110999492
PHEO_red_52_cutoff_0.0.inp.out,258.7808969588642,-0.2512,0.0980,11.0126,0.0,-1324.8079542699,213.97079945426518,193.46312098169602,-1630.0028380034,0.24592089660018246
PHEO_red_530_cutoff_0.0.inp.out,260.00109186750115,-0.3094,0.0652,10.7655,0.0,-1325.0318279736,198.89196094283795,529.9581379546316,-1630.3012832481,0.3025600398000279
PHEO_red_531_cutoff_0.0.inp.out,257.73065536360434,-0.2836,0.0769,10.5185,0.0,-1324.8649983667,275.671996570117,497.85668420207594,-1630.080792602,0.275829075999809
PHEO_red_532_cutoff_0.0.inp.out,260.2189127088742,-0.2900,0.0666,11.6492,0.0,-1325.0220418293,87.65133535725822,246.77085312009046,-1630.2767539623,0.28533338239981276
PHEO_red_533_cutoff_0.0.inp.out,256.3658147888641,-0.2883,0.0842,11.5275,0.0,-1324.9920676096,224.92898606957417,227.51635948323528,-1630.2044888518,0.27786426519992347
PHEO_red_534_cutoff_0.0.inp.out,260.55259486188123,-0.2865,0.0708,9.9037,0.0,-1325.1932017777,204.66459406331703,358.27231625806223,-1630.4229958721,0.28098526589997164
PHEO_red_535_cutoff_0.0.inp.out,259.1203658711641,-0.2788,0.0835,11.5095,0.0,-1324.9869790062,134.78477164228462,144.31072734544912,-1630.2088306824,0.2727765586998885
PHEO_red_536_cutoff_0.0.inp.out,258.9032973901463,-0.2850,0.0863,12.4864,0.0,-1325.0552901508,178.8607336997645,325.56308353480154,-1630.2798128585,0.27564221839998027
PHEO_red_537_cutoff_0.0.inp.out,258.2255696124531,-0.2604,0.0970,10.2776,0.0,-1325.0608569269,243.00188388154024,359.7982609315115,-1630.2570710582,0.25678574240009766
PHEO_red_538_cutoff_0.0.inp.out,258.3462760531775,-0.2805,0.0646,10.9512,0.0,-1325.2679048309,131.31636429322535,280.6578911814633,-1630.4841531012,0.2745649015998879
PHEO_red_539_cutoff_0.0.inp.out,258.9570925997468,-0.2739,0.0743,10.6837,0.0,-1325.2502727844,27.19845072289255,81.43472889639342,-1630.467866842,0.2692289356998572
PHEO_red_53_cutoff_0.0.inp.out,257.57987979819774,-0.2923,0.0639,11.0556,0.0,-1324.6987156755,-99.30009407123418,-24.312081852887218,-1629.943517664,0.2876084187998913
PHEO_red_54_cutoff_0.0.inp.out,257.7522486718643,-0.2763,0.0878,11.3334,0.0,-1324.9133485593,82.35581641806542,121.0636232443587,-1630.1300631373,0.2707092691998696
PHEO_red_55_cutoff_0.0.inp.out,257.5372586674789,-0.2750,0.0797,11.3768,0.0,-1324.7771660359,-39.85740313159952,-176.8603945128919,-1630.002692306,0.271478709999883
PHEO_red_56_cutoff_0.0.inp.out,257.4841274206528,-0.2710,0.0921,11.4796,0.0,-1324.6146121298,118.8715412516207,80.95001952581903,-1629.8459466215,0.26606845509991217
PHEO_red_57_cutoff_0.0.inp.out,256.224624302203,-0.2839,0.0774,11.8470,0.0,-1324.5694981336,74.33296044885923,58.12053889206893,-1629.800057785,0.27606174289985574
PHEO_red_58_cutoff_0.0.inp.out,258.165171990531,-0.2664,0.0872,11.2655,0.0,-1324.6761073961,219.7407657766747,323.8459976835321,-1629.8990497694,0.26045978020010807
PHEO_red_59_cutoff_0.0.inp.out,255.2082519236684,-0.2510,0.1088,11.0620,0.0,-1324.9674560630,213.9747899396388,195.08113845572296,-1630.1808551466,0.24914073700006156
PHEO_red_5_cutoff_0.0.inp.out,256.0997473968463,-0.2973,0.0758,10.9072,0.0,-1324.9993291272,-9.33101126246783,-32.57565565654,-1630.2497332404,0.29158098709990554
PHEO_red_60_cutoff_0.0.inp.out,257.5754191517766,-0.2599,0.0904,10.0935,0.0,-1324.4455555807,395.849000683538,494.79329276649565,-1629.6566596841,0.2564699746999395
PHEO_red_61_cutoff_0.0.inp.out,255.7355269007112,-0.2854,0.0851,10.6115,0.0,-1324.7919514072,125.6538449763584,107.97553806891177,-1630.0300010797,0.2795850044999497
PHEO_red_62_cutoff_0.0.inp.out,255.62508016270334,-0.2628,0.0770,9.3321,0.0,-1325.1641792210,164.00404286565606,211.84930410528614,-1630.3713796225,0.2586176768002133
PHEO_red_63_cutoff_0.0.inp.out,258.48736783689196,-0.2697,0.0853,9.6555,0.0,-1325.0204224744,82.75134221626656,111.9810559132939,-1630.2551729414,0.26817481970010704
PHEO_red_64_cutoff_0.0.inp.out,254.12315760265528,-0.2776,0.0852,9.8095,0.0,-1325.2985923511,216.0718954666747,188.09383540286413,-1630.5095846844,0.2697552531999463
PHEO_red_65_cutoff_0.0.inp.out,260.4602383810225,-0.2770,0.0925,11.2943,0.0,-1325.1740832399,145.99583547848232,66.81744402927627,-1630.413972659,0.27026254900010827
PHEO_red_66_cutoff_0.0.inp.out,253.82953036990446,-0.2767,0.0860,12.5956,0.0,-1324.6430735865,69.45111291922224,-18.10656444051839,-1629.8886400718,0.27374336089997087
PHEO_red_67_cutoff_0.0.inp.out,258.46457319980095,-0.2711,0.0872,10.7777,0.0,-1324.5860185066,54.02545618852372,26.801545288115285,-1629.8201497752,0.26730058959992675
PHEO_red_68_cutoff_0.0.inp.out,256.9471518251492,-0.2620,0.0846,11.7032,0.0,-1325.1283346409,154.2778502004891,75.45692331410203,-1630.3484218013,0.2568903043998034
PHEO_red_69_cutoff_0.0.inp.out,254.46695453450064,-0.2831,0.0954,12.4305,0.0,-1325.1848663717,168.92175552185932,33.312125717514334,-1630.4427594742,0.27897734869998203
PHEO_red_6_cutoff_0.0.inp.out,255.41925744802623,-0.2912,0.0784,11.4792,0.0,-1325.3644805133,-56.13185618443308,-165.75596451339047,-1630.6204066681,0.2872009669001727
PHEO_red_70_cutoff_0.0.inp.out,258.0869080542122,-0.2693,0.0849,10.9018,0.0,-1325.0380602808,46.15936026883928,-64.05606624788192,-1630.2665900766,0.2655369956000868
PHEO_red_71_cutoff_0.0.inp.out,255.6393236836791,-0.2738,0.0909,10.5740,0.0,-1324.8899671335,88.1490767987506,79.96217193292318,-1630.1015899119,0.26713422619991434
PHEO_red_72_cutoff_0.0.inp.out,257.18920233385353,-0.2801,0.0624,9.8371,0.0,-1325.2300577401,-229.78765769110527,-312.430303774363,-1630.4605529154,0.2777902891998565
PHEO_red_73_cutoff_0.0.inp.out,258.2755287463848,-0.2720,0.0803,11.2802,0.0,-1324.6894733090,-91.03202702407009,-242.81700597015353,-1629.9121626523,0.26396086120007567
PHEO_red_74_cutoff_0.0.inp.out,257.08998323098433,-0.2542,0.1031,10.3166,0.0,-1325.0274045958,233.17265851901766,6.623765414434811,-1630.2265047733,0.2488363381999079
PHEO_red_75_cutoff_0.0.inp.out,259.8890408328956,-0.2942,0.0651,10.9021,0.0,-1324.7796361553,-91.52549616133068,-106.63563778678879,-1630.0002213229,0.28405174640010955
PHEO_red_76_cutoff_0.0.inp.out,253.78285372513773,-0.2758,0.0774,9.9985,0.0,-1324.6857310882,36.509807617602874,37.447232206122905,-1629.8939854394,0.2746928909000417
PHEO_red_77_cutoff_0.0.inp.out,261.48166617052647,-0.2812,0.0817,10.1966,0.0,-1324.7824174973,99.68176681642092,76.22509471024594,-1629.9975324337,0.27545975970019754
PHEO_red_78_cutoff_0.0.inp.out,253.75525047994074,-0.2738,0.0943,11.0254,0.0,-1325.3779364595,85.98512433668748,18.195571153287084,-1630.5726892637,0.26665724269992097
PHEO_red_79_cutoff_0.0.inp.out,260.4958938304154,-0.2705,0.0950,10.9274,0.0,-1325.4311750256,-33.1463049972953,-140.41085619240934,-1630.6600559933,0.26378017249999175
PHEO_red_7_cutoff_0.0.inp.out,256.9199715037947,-0.2761,0.0877,12.2005,0.0,-1324.8042979135,168.89590830275276,125.18884369681044,-1630.0348581938,0.27057469249984933
PHEO_red_80_cutoff_0.0.inp.out,255.28159016167967,-0.2608,0.0888,10.4687,0.0,-1324.9987592303,178.30374316056972,23.050302673312856,-1630.2018123447,0.2588869855999292
PHEO_red_81_cutoff_0.0.inp.out,260.78361507118376,-0.2876,0.0862,11.6266,0.0,-1325.2348669271,-25.702647335716744,-137.3389360045965,-1630.4777596975,0.2820412050000414
PHEO_red_82_cutoff_0.0.inp.out,258.13247337414833,-0.2881,0.0862,10.9197,0.0,-1325.4589165740,32.403181875696525,-171.26773715143312,-1630.6860693081,0.2806007634001162
PHEO_red_83_cutoff_0.0.inp.out,259.9648803534716,-0.2759,0.0872,11.2219,0.0,-1324.8756351197,68.00411345833805,6.512869800713735,-1630.0973788025,0.27092667619990607
PHEO_red_84_cutoff_0.0.inp.out,257.43518407474795,-0.3144,0.0692,12.5246,0.0,-1325.0619214847,0.5790582075498838,-127.98819531184135,-1630.325430634,0.3078848033999293
PHEO_red_85_cutoff_0.0.inp.out,259.4840919610348,-0.3002,0.0731,10.7534,0.0,-1324.7558734259,111.88873952236321,198.81840075992432,-1630.0121784259,0.29754647310005566
PHEO_red_86_cutoff_0.0.inp.out,256.2618165571387,-0.3010,0.0528,10.9284,0.0,-1325.0496764096,201.64452391591476,298.57299958477046,-1630.2770443914,0.2924344999000823
PHEO_red_87_cutoff_0.0.inp.out,257.4576451889433,-0.3022,0.0445,8.5201,0.0,-1325.0592244603,107.28152795903284,229.77502122429047,-1630.2740733811,0.2944982663000246
PHEO_red_88_cutoff_0.0.inp.out,253.3891532821664,-0.2806,0.0641,10.2262,0.0,-1324.7557931606,117.50691942337015,164.2760754957134,-1629.9515796195,0.27530122450002636
PHEO_red_89_cutoff_0.0.inp.out,255.78829059834834,-0.2820,0.0840,11.4146,0.0,-1325.5573957443,341.0364038036154,398.63911261236575,-1630.7823014514,0.2743952511000316
PHEO_red_8_cutoff_0.0.inp.out,255.42383345525096,-0.2824,0.0769,11.2682,0.0,-1325.0210359803,-69.04024663400067,-200.10664621399687,-1630.248322288,0.2775659376998192
PHEO_red_90_cutoff_0.0.inp.out,257.96291285491543,-0.3053,0.0704,12.3396,0.0,-1325.0991289298,237.26667509182016,333.3052528216362,-1630.3403728765,0.29863626609994753
PHEO_red_91_cutoff_0.0.inp.out,257.4856591660792,-0.2532,0.0988,10.5306,0.0,-1325.5810906703,407.73508445077647,506.9877025904307,-1630.7889658029,0.2517509716001314
PHEO_red_92_cutoff_0.0.inp.out,259.0605738329229,-0.2946,0.0849,11.7955,0.0,-1325.1168760633,249.9916684278859,426.6759190807994,-1630.35837083,0.2867276941999535
PHEO_red_93_cutoff_0.0.inp.out,256.16011368261434,-0.2622,0.1027,11.4507,0.0,-1325.5307397830,143.6569946334098,118.39342499388684,-1630.7315324869,0.25551615009999296
PHEO_red_94_cutoff_0.0.inp.out,258.0459241913352,-0.2910,0.0752,11.2491,0.0,-1325.2661117448,-135.88128371014395,-150.62068472429414,-1630.5115208798,0.2847502792999421
PHEO_red_95_cutoff_0.0.inp.out,256.6088537327039,-0.2652,0.1042,12.1514,0.0,-1325.2417288039,-15.504443589025621,-170.45174962604986,-1630.4819405741,0.2632246693999605
PHEO_red_96_cutoff_0.0.inp.out,256.522614671099,-0.2848,0.0789,11.7672,0.0,-1325.0331504105,-67.20043392319053,-49.08487784535706,-1630.2670744003,0.2786663960000624
PHEO_red_97_cutoff_0.0.inp.out,255.21666851773577,-0.3073,0.0749,12.3438,0.0,-1325.0551661767,-114.07707103753621,-76.04368409729781,-1630.3129200955,0.30146695960002035
PHEO_red_98_cutoff_0.0.inp.out,257.5988930617864,-0.2692,0.0885,9.7081,0.0,-1324.9511608825,59.97186535943998,61.98347522055792,-1630.1678297316,0.2643691451999075
PHEO_red_99_cutoff_0.0.inp.out,257.2851309067286,-0.3117,0.0711,11.3313,0.0,-1324.8516849647,-144.62285681498733,-188.82074271501327,-1630.1022201779,0.305507417400122
PHEO_red_9_cutoff_0.0.inp.out,258.6802430229529,-0.3125,0.0559,11.8149,0.0,-1324.8637877917,-209.98308088485695,-336.71189098303057,-1630.1367663352,0.3084515148000264
