file_name,NRE,HOMO,LUMO,Dipole_mom,Num_waters,chg_chg,elec5,elec10,SCF_E,delE_dft
PHER_red_0_cutoff_0.0.inp.out,261.7745035826375,-0.0464,0.3852,7.4996,0.0,-1324.3612472404,-16.958674517090223,-53.96381881684,-1627.3392990058,0.1284469846996216
PHER_red_100_cutoff_0.0.inp.out,258.88374886607545,-0.028,0.3847,7.8704,0.0,-1325.1261386205,15.227975301598676,-99.57950265158682,-1628.0728350957,0.1190980475994365
PHER_red_101_cutoff_0.0.inp.out,256.1494510348068,-0.0514,0.3604,7.7573,0.0,-1325.0905207877,-223.7391529445725,-174.51470975448578,-1628.0645766764,0.1366547446004915
PHER_red_102_cutoff_0.0.inp.out,258.41984823298765,-0.0401,0.3876,7.001,0.0,-1324.5315924594,-191.15137500696412,-84.73762006550479,-1627.4995757727,0.1261005163005393
PHER_red_103_cutoff_0.0.inp.out,257.9300119387272,-0.0446,0.3758,7.3628,0.0,-1324.6580547328,65.20502476274946,-11.205782498335385,-1627.6120777896,0.1307487510994178
PHER_red_104_cutoff_0.0.inp.out,257.51197036706105,-0.0096,0.3962,7.3235,0.0,-1324.6989166929,-5.009073469428051,-30.339543907547384,-1627.6263220725,0.1006364744007441
PHER_red_105_cutoff_0.0.inp.out,258.3488100323358,-0.0118,0.4048,6.7025,0.0,-1324.9099584286,-35.696070832586706,-85.65912577836686,-1627.8357554365,0.09863720750036
PHER_red_106_cutoff_0.0.inp.out,257.2562030169131,-0.0147,0.4054,7.3116,0.0,-1324.7182150348,-179.94998083167002,-256.09115363674925,-1627.6527894794,0.1051379155996983
PHER_red_107_cutoff_0.0.inp.out,258.62203063188736,-0.0096,0.4013,7.462,0.0,-1324.5920804209,-82.16251699306689,-183.94086477800013,-1627.5192446586,0.1016507458998603
PHER_red_108_cutoff_0.0.inp.out,256.45309236390716,-0.0252,0.3905,6.9366,0.0,-1324.8030242412,7.835966744895204,-20.52276731368562,-1627.7541168566,0.1110077422999893
PHER_red_109_cutoff_0.0.inp.out,256.2641941905645,-0.0088,0.4144,7.0437,0.0,-1325.4042442931,43.952311730903794,82.00959068958413,-1628.3396869016,0.0954461103001449
PHER_red_10_cutoff_0.0.inp.out,256.78059310285624,-0.0374,0.3706,6.9338,0.0,-1325.2120791145,195.03823239156145,310.46240637669894,-1628.1616593486,0.1253771241999857
PHER_red_110_cutoff_0.0.inp.out,257.78686720133317,-0.016,0.4059,7.578,0.0,-1324.8860429161,1.602811683152792,-21.8850919064214,-1627.8282826706,0.1009196181994411
PHER_red_111_cutoff_0.0.inp.out,258.1841432012045,-0.0161,0.3984,7.604,0.0,-1324.8690345378,212.233731220089,237.5387563559516,-1627.8149400949,0.1053152592994592
PHER_red_112_cutoff_0.0.inp.out,256.74984650690027,-0.0055,0.4051,6.608,0.0,-1324.7477854393,8.248344986109633,74.51865617897877,-1627.6707704534,0.0924424292006733
PHER_red_113_cutoff_0.0.inp.out,258.5634010292311,-0.0324,0.3873,7.1412,0.0,-1324.556962933,92.88744680991115,203.1714860039583,-1627.5119708045,0.1130629992003378
PHER_red_114_cutoff_0.0.inp.out,255.85974159773372,-0.0466,0.3831,7.9365,0.0,-1324.6136534716,181.7657860950479,262.4802177092086,-1627.5705422441,0.127750081400336
PHER_red_115_cutoff_0.0.inp.out,256.1644509157945,-0.0167,0.3941,7.0052,0.0,-1324.5997147117,-167.01577160615017,-216.1713304455103,-1627.5349681661,0.0990912359993672
PHER_red_116_cutoff_0.0.inp.out,259.8641086302788,-0.031,0.3732,7.4026,0.0,-1324.8089735632,123.7618060827326,106.59259424484796,-1627.7438714965,0.1127826298006766
PHER_red_117_cutoff_0.0.inp.out,258.10309906507996,-0.0283,0.4001,7.3306,0.0,-1325.0212870804,-99.20710860797556,-242.51143490637773,-1627.9696082818,0.1114532608007721
PHER_red_118_cutoff_0.0.inp.out,257.03848739710696,-0.0247,0.3937,7.6827,0.0,-1324.6269311393,6.623323956625881,-78.25404291646689,-1627.56370313,0.1085359034004795
PHER_red_119_cutoff_0.0.inp.out,260.80262385972037,-0.0074,0.4146,7.2949,0.0,-1324.9077603786,-82.64871683194815,-143.24467544749558,-1627.8353940809,0.094141980299355
PHER_red_11_cutoff_0.0.inp.out,255.84611372498296,-0.0326,0.3846,6.5076,0.0,-1324.5933587118,-18.637754386622767,58.136270429162714,-1627.5393725749,0.1243800726006156
PHER_red_120_cutoff_0.0.inp.out,261.40842946952137,-0.0163,0.3971,7.2017,0.0,-1324.784191,-70.20119061342726,-163.2550450621264,-1627.7127757538,0.1022978559994953
PHER_red_121_cutoff_0.0.inp.out,255.9590874722876,-0.0241,0.3902,7.2196,0.0,-1324.6026119252,-163.25116681371824,-127.22461046402886,-1627.5423370533,0.1084491632000208
PHER_red_122_cutoff_0.0.inp.out,254.9941473631476,0.0009,0.4129,7.1193,0.0,-1324.9874001553,66.86782893737826,-44.12678303872896,-1627.8865903879,0.0794502807002572
PHER_red_123_cutoff_0.0.inp.out,256.0467720315728,0.0052,0.4083,5.8622,0.0,-1324.8281967572,-63.051604678112966,-103.33301801835138,-1627.7257734398,0.0829342114002429
PHER_red_124_cutoff_0.0.inp.out,257.45562585437443,0.0053,0.3999,6.4157,0.0,-1324.7496609912,-110.9117682961858,-204.56316278931263,-1627.6455555206,0.0845329345002028
PHER_red_125_cutoff_0.0.inp.out,256.7188414206236,0.0086,0.4218,5.9898,0.0,-1324.8061018094,-130.8525116878145,-288.85356454917263,-1627.7033109257,0.0749314304002837
PHER_red_126_cutoff_0.0.inp.out,257.5055902994887,-0.0057,0.41,6.9044,0.0,-1325.0551359842,-66.9287204537521,-99.24153492456333,-1627.9808459431,0.0869102253000164
PHER_red_127_cutoff_0.0.inp.out,261.4667171877276,0.0033,0.4172,6.9718,0.0,-1324.9317338301,-13.57732801406118,-131.32399208545448,-1627.834837964,0.0794551924000188
PHER_red_128_cutoff_0.0.inp.out,260.9159554021056,-0.0006,0.4125,6.5202,0.0,-1325.298178291,-74.71903811020921,-62.61268935940157,-1628.1997422434,0.0822367805003523
PHER_red_129_cutoff_0.0.inp.out,259.08124133150204,-0.0062,0.4073,8.0845,0.0,-1324.7815154948,-167.47491443153515,-255.9863104692375,-1627.7154479237,0.0908667683997919
PHER_red_12_cutoff_0.0.inp.out,255.6305883143924,-0.0365,0.3714,7.605,0.0,-1324.7551289424,-50.995058263947314,-114.25323864925778,-1627.7109982115,0.1221920232001139
PHER_red_130_cutoff_0.0.inp.out,258.9540655164343,-0.033,0.4081,7.4637,0.0,-1324.9992420222,43.77580037050702,43.08333731511767,-1627.9635384813,0.1187127686007443
PHER_red_131_cutoff_0.0.inp.out,256.7442292793914,-0.0537,0.3601,7.7271,0.0,-1325.2306056156,40.330646857970606,67.80723300582375,-1628.2157779599,0.1379992579995814
PHER_red_132_cutoff_0.0.inp.out,256.54259895361406,-0.0489,0.3644,7.7186,0.0,-1324.8265821415,102.22620146727688,57.150467257169886,-1627.8056433289,0.1303735615992991
PHER_red_133_cutoff_0.0.inp.out,257.80188463842046,-0.0355,0.3857,8.0049,0.0,-1324.6822049832,218.3416103211,384.3589180079757,-1627.6483047597,0.1266444191005575
PHER_red_134_cutoff_0.0.inp.out,258.35374628362945,-0.0445,0.384,7.4204,0.0,-1324.6419490251,173.80156819344063,184.0862356164324,-1627.6260141858,0.1242612598998675
PHER_red_135_cutoff_0.0.inp.out,257.5688769959501,-0.0397,0.3905,7.7813,0.0,-1325.2501731788,116.67502282175045,82.14774982310122,-1628.2253391922,0.134467548399698
PHER_red_136_cutoff_0.0.inp.out,257.571171654422,-0.0411,0.3675,7.5733,0.0,-1324.6623647351,-175.79873752372012,-202.2461056820118,-1627.6284386525,0.1299533610999788
PHER_red_137_cutoff_0.0.inp.out,256.85487377709677,-0.0239,0.386,7.5169,0.0,-1324.7836315813,75.75913012560224,86.27034216368577,-1627.7236233949,0.1168050943997514
PHER_red_138_cutoff_0.0.inp.out,257.23122792897624,0.0117,0.4273,6.9231,0.0,-1325.0325131765,-61.651117491387105,-24.147392589904687,-1627.9486372933,0.0730232027999591
PHER_red_139_cutoff_0.0.inp.out,257.7631210257703,-0.0214,0.3909,7.7641,0.0,-1324.8769878268,111.8284865405908,1.3443215735011325,-1627.8277982065,0.1103739471000153
PHER_red_13_cutoff_0.0.inp.out,257.9469563245418,-0.0284,0.3873,7.4225,0.0,-1324.9421285837,-142.59482358487395,-292.43076348576386,-1627.9090037594,0.1171462419006275
PHER_red_140_cutoff_0.0.inp.out,258.53130280616983,-0.047,0.3729,8.468,0.0,-1325.1184783889,42.45274310812716,64.97658307947958,-1628.0944148969,0.1366589312001451
PHER_red_141_cutoff_0.0.inp.out,256.46587033643164,-0.0417,0.3809,8.2479,0.0,-1324.6663356213,-199.94508394128388,-285.814506203494,-1627.6497782908,0.1337617097997281
PHER_red_142_cutoff_0.0.inp.out,258.5872949762261,-0.0338,0.3819,8.3481,0.0,-1324.7190974466,-188.4047802431803,-388.946625591599,-1627.6953698996,0.1271228326995697
PHER_red_143_cutoff_0.0.inp.out,260.9685896469918,-0.0477,0.378,7.8254,0.0,-1324.5376129331,-75.27285540320975,-309.91826395733074,-1627.5244882948,0.1441176665002785
PHER_red_144_cutoff_0.0.inp.out,258.51943524039154,-0.0337,0.3968,7.7274,0.0,-1324.6948626709,4.59773664081822,-322.7437917763156,-1627.655763877,0.1244578328996794
PHER_red_145_cutoff_0.0.inp.out,260.4164664629443,-0.0197,0.3977,6.9449,0.0,-1324.6009772626,-10.131294045749389,-256.74012645329856,-1627.5414280672,0.1007267668992426
PHER_red_146_cutoff_0.0.inp.out,259.8155258012609,-0.0288,0.3804,7.4689,0.0,-1324.5150524993,-261.82364777763723,-410.00805144389966,-1627.4693233354,0.1235454243997082
PHER_red_147_cutoff_0.0.inp.out,258.86836732865754,-0.0226,0.3932,6.8069,0.0,-1325.007544978,-501.9462239382089,-698.766130234339,-1627.9551797227,0.1171299700999952
PHER_red_148_cutoff_0.0.inp.out,256.7914883010864,-0.0064,0.4169,6.5413,0.0,-1324.6482304588,-522.2922160725,-762.8560041286265,-1627.5787581815,0.0924098717005108
PHER_red_149_cutoff_0.0.inp.out,256.0778134971204,-0.0273,0.3856,7.7896,0.0,-1324.8638720626,-363.090850448516,-579.4586781587025,-1627.8142707594,0.1206429147996459
PHER_red_14_cutoff_0.0.inp.out,255.27979269319547,-0.0621,0.3573,7.6874,0.0,-1324.9444765475,82.30169775164153,13.607220331695697,-1627.9263519657,0.1503468545997748
PHER_red_150_cutoff_0.0.inp.out,254.16280788240636,-0.0192,0.3879,7.2017,0.0,-1324.7615166305,13.466552101621968,-47.7938017477753,-1627.6971074483,0.1069401723007104
PHER_red_151_cutoff_0.0.inp.out,256.90365735836735,-0.0281,0.384,7.7819,0.0,-1324.67455268,68.55075948570978,57.24320969895347,-1627.6199498156,0.111454134300402
PHER_red_152_cutoff_0.0.inp.out,258.9606160378603,-0.0231,0.3975,7.7194,0.0,-1324.7353199798,-143.18841969729527,-340.88529422018456,-1627.6852497028,0.11107544710012
PHER_red_153_cutoff_0.0.inp.out,257.4872363792002,-0.0262,0.3924,6.9801,0.0,-1324.9050337486,-72.42038863449137,-117.701467645487,-1627.8596675378,0.1158712158003254
PHER_red_154_cutoff_0.0.inp.out,260.3036859367197,-0.0322,0.396,7.7282,0.0,-1324.8549650794,-8.776131283893738,-160.16783492586669,-1627.8222960382,0.1202401520004059
PHER_red_155_cutoff_0.0.inp.out,259.05176122632173,-0.0418,0.3806,7.7789,0.0,-1325.2038375916,48.782521294817734,-106.87482069579764,-1628.1647011137,0.1297161440998024
PHER_red_156_cutoff_0.0.inp.out,259.4205786673542,-0.0081,0.406,7.1651,0.0,-1324.776212416,42.89391499315079,-69.88907420982095,-1627.7085617892,0.107033759699334
PHER_red_157_cutoff_0.0.inp.out,259.2957390177341,-0.037,0.3826,7.6826,0.0,-1324.8975539697,-210.70540854750905,-340.21083299465147,-1627.8591274613,0.1276279228004568
PHER_red_158_cutoff_0.0.inp.out,258.1275692269277,-0.0371,0.3924,7.2094,0.0,-1325.0104610639,-193.5906741427669,-372.8042480687029,-1627.9831053656,0.1276061359003506
PHER_red_159_cutoff_0.0.inp.out,258.3152984381251,-0.0111,0.4155,7.5533,0.0,-1324.7856692548,23.522492522792273,-119.89384728158122,-1627.7193642497,0.1038786484996308
PHER_red_15_cutoff_0.0.inp.out,256.91207551023905,-0.0449,0.3808,7.5339,0.0,-1325.0494543687,8.950216901518663,-85.35778033826767,-1628.0386211612,0.137923957699968
PHER_red_160_cutoff_0.0.inp.out,257.9907445482739,-0.0276,0.3778,6.538,0.0,-1324.599954314,-34.05028268676497,36.555219681448115,-1627.538966479,0.1125322534007864
PHER_red_161_cutoff_0.0.inp.out,256.41117977374313,0.0029,0.4178,6.8716,0.0,-1325.292672205,26.412945352112235,125.65828027374285,-1628.2081680924,0.0886240495992751
PHER_red_162_cutoff_0.0.inp.out,254.02866801596247,-0.0239,0.3999,6.8471,0.0,-1324.5127301038,241.24761703797537,376.5792222486605,-1627.4401430499,0.1088582043994392
PHER_red_163_cutoff_0.0.inp.out,259.9929723537778,-0.0055,0.4141,7.4569,0.0,-1324.7864770119,59.29389466016771,49.526491081638746,-1627.7267281822,0.0955616946994268
PHER_red_164_cutoff_0.0.inp.out,258.45516986023534,-0.0352,0.3876,7.0957,0.0,-1324.6193361532,52.33079973138487,87.80225747750654,-1627.564002965,0.1135425346001284
PHER_red_165_cutoff_0.0.inp.out,259.8117584662696,-0.0409,0.3816,6.9136,0.0,-1325.109251452,-3.866023976479652,24.431093394433947,-1628.0759366885,0.1266150566998476
PHER_red_166_cutoff_0.0.inp.out,255.77129649425893,-0.0344,0.3773,7.4665,0.0,-1325.0591289479,-108.06483635173628,-120.24088885978752,-1628.0191166057,0.1217586406992268
PHER_red_167_cutoff_0.0.inp.out,254.7960449838204,-0.0215,0.3841,7.0231,0.0,-1324.939436269,21.183799993982127,55.38053398093492,-1627.8715685632,0.1074865372002022
PHER_red_168_cutoff_0.0.inp.out,258.10414683763446,-0.0325,0.3829,7.5657,0.0,-1324.9672237224,-18.083244068631704,-117.10663641726585,-1627.9215491265,0.1223438328997872
PHER_red_169_cutoff_0.0.inp.out,254.944106753492,-0.0248,0.3898,6.9777,0.0,-1324.5811768412,57.552711144715005,34.67821563222968,-1627.5358500825,0.1166143258997181
PHER_red_16_cutoff_0.0.inp.out,260.64061469442606,-0.0379,0.3822,7.6833,0.0,-1324.4011704878,-14.702722090035698,-76.69897074081231,-1627.3731424695,0.1271951340995656
PHER_red_170_cutoff_0.0.inp.out,257.95189585950027,-0.0261,0.3903,6.8161,0.0,-1324.9972437482,6.780225881319819,-37.289011319307576,-1627.9464640209,0.1153207439001562
PHER_red_171_cutoff_0.0.inp.out,259.33873754345615,-0.0398,0.3837,8.2506,0.0,-1324.5486901644,17.154994538758263,-6.496449130720045,-1627.5290479128,0.131773821999559
PHER_red_172_cutoff_0.0.inp.out,257.61895463234544,-0.0302,0.3815,6.8741,0.0,-1324.9989850916,58.061282980820664,130.0726903809442,-1627.9349974841,0.1216356470004029
PHER_red_173_cutoff_0.0.inp.out,260.79932873549984,-0.0408,0.3843,7.7302,0.0,-1324.4528119079,138.69442242793482,265.6327506369615,-1627.4222667126,0.1290111448006428
PHER_red_174_cutoff_0.0.inp.out,256.4687785329094,-0.05,0.3651,7.1334,0.0,-1324.9982992533,202.11245735206072,226.60613746574643,-1627.9680062417,0.146746576499936
PHER_red_175_cutoff_0.0.inp.out,258.3718718723319,-0.0256,0.3915,7.1182,0.0,-1324.7487411945,147.21088325950777,192.836946966398,-1627.6959884065,0.1153728341005262
PHER_red_176_cutoff_0.0.inp.out,258.81981896894376,-0.0001,0.4241,7.1977,0.0,-1324.7453676899,-65.05521232789832,-151.02703334378842,-1627.6699718973,0.0901605182998537
PHER_red_177_cutoff_0.0.inp.out,257.68035437135586,-0.0323,0.3836,7.2653,0.0,-1324.7355896155,53.23142228877228,18.875204061947663,-1627.6872705803,0.123985457499657
PHER_red_178_cutoff_0.0.inp.out,259.27815541873713,-0.031,0.3804,7.4494,0.0,-1324.908676068,11.065965603510984,-186.99343550104297,-1627.8544407048,0.1196089548002419
PHER_red_179_cutoff_0.0.inp.out,258.75613988953944,-0.0151,0.4166,7.0084,0.0,-1324.8421290466,120.4099707459286,151.70703199484473,-1627.7801602416,0.1003364721000252
PHER_red_17_cutoff_0.0.inp.out,256.84987258506146,-0.0122,0.4076,7.3022,0.0,-1324.7890150579,-37.647185181945574,-217.83156161583383,-1627.7274451071,0.1069544464999125
PHER_red_180_cutoff_0.0.inp.out,257.20887312669146,-0.0006,0.4137,7.1365,0.0,-1324.9877865908,141.22795512726302,262.8198709396384,-1627.9042014264,0.0897186421007063
PHER_red_181_cutoff_0.0.inp.out,257.7576947500694,-0.0317,0.383,7.9786,0.0,-1324.6974974501,222.2672179141361,291.5144132291716,-1627.6518886315,0.1158015111004715
PHER_red_182_cutoff_0.0.inp.out,256.0063268282914,-0.0373,0.3742,8.2067,0.0,-1325.1335062627,22.83666709563757,99.63228209036647,-1628.0973627604,0.1259149777997663
PHER_red_183_cutoff_0.0.inp.out,257.3032542038276,-0.0119,0.4013,6.5297,0.0,-1325.0335408723,61.1546723229704,57.05620216888494,-1627.9642435557,0.0989129204999699
PHER_red_184_cutoff_0.0.inp.out,256.17503008757853,-0.0347,0.3826,7.934,0.0,-1324.9485530207,89.99993837057517,7.505386125593466,-1627.9066434206,0.126993211599256
PHER_red_185_cutoff_0.0.inp.out,255.4331002357426,-0.0247,0.3839,6.6156,0.0,-1325.2680882911,193.60316384038575,199.3330811282048,-1628.2016729554,0.1062174254993806
PHER_red_186_cutoff_0.0.inp.out,259.1344553466053,-0.0234,0.3837,7.2293,0.0,-1325.0146463294,-23.951897509745628,-32.24087799884629,-1627.954226145,0.1109369201994923
PHER_red_187_cutoff_0.0.inp.out,258.45595035486417,-0.0277,0.3917,7.5225,0.0,-1325.3811234391,-278.20729547239455,-215.5675753511285,-1628.3364255237,0.1151981057992088
PHER_red_188_cutoff_0.0.inp.out,259.1344547503576,-0.0246,0.4015,7.13,0.0,-1325.3101943368,-99.24419191976224,5.272936591939733,-1628.2499874685,0.1125185176997547
PHER_red_189_cutoff_0.0.inp.out,259.0472199340924,-0.0198,0.4067,6.9323,0.0,-1325.0212488084,55.727941050932,122.25761504609784,-1627.9745603975,0.103885142099898
PHER_red_18_cutoff_0.0.inp.out,259.1727895783774,-0.0276,0.4025,7.083,0.0,-1324.8003548503,-34.27951300197771,-72.82167058874508,-1627.7591041454,0.1150267408993386
PHER_red_190_cutoff_0.0.inp.out,257.944195449995,-0.015,0.3939,6.8238,0.0,-1324.8339435711,12.307742120105344,75.60187568795288,-1627.7798738668,0.1027242114996624
PHER_red_191_cutoff_0.0.inp.out,256.38875711992864,-0.0395,0.3728,7.5463,0.0,-1324.9021409213,-71.27566201092323,30.06704758508022,-1627.8666678885,0.1236225357997682
PHER_red_192_cutoff_0.0.inp.out,255.01315896509388,-0.0344,0.3795,6.8732,0.0,-1325.0506378988,-44.28935198695012,45.56034219091714,-1628.0136328359,0.121080138200341
PHER_red_193_cutoff_0.0.inp.out,256.1189970106577,-0.0168,0.3984,6.4557,0.0,-1324.7397584345,-66.16124323888182,-27.464304393879996,-1627.6762950583,0.1082735796999259
PHER_red_194_cutoff_0.0.inp.out,260.5075266337681,-0.0203,0.3976,7.4805,0.0,-1324.8888599974,-81.30342314531542,-36.66295477930995,-1627.8392697954,0.1068830137000986
PHER_red_195_cutoff_0.0.inp.out,254.8350448742961,-0.0393,0.3799,7.4149,0.0,-1325.1729461758,-151.82610000487426,-87.3200377053031,-1628.1325985715,0.124594600999444
PHER_red_196_cutoff_0.0.inp.out,255.8736904496616,-0.0091,0.3969,7.2902,0.0,-1324.8395071652,-144.85527430785407,-115.02294974187042,-1627.7589402879,0.0958155025000451
PHER_red_197_cutoff_0.0.inp.out,259.13463659390925,0.0005,0.424,7.636,0.0,-1325.3031553965,-166.96988183878935,-217.76701781942143,-1628.2255834155,0.0930632692998187
PHER_red_198_cutoff_0.0.inp.out,258.49967994117605,-0.0072,0.4094,6.6604,0.0,-1324.7408766813,87.83044770897403,52.548707865501896,-1627.6717370548,0.0976867619001495
PHER_red_199_cutoff_0.0.inp.out,259.5098604624384,-0.0074,0.4052,7.3053,0.0,-1324.8188075095,-37.94777212667733,36.84570912105179,-1627.7457308491,0.1053716749001978
PHER_red_19_cutoff_0.0.inp.out,260.4540349169978,-0.0338,0.3852,7.6537,0.0,-1324.4526585392,36.5682464869294,75.44611553271947,-1627.4107641176,0.1207434979005483
PHER_red_1_cutoff_0.0.inp.out,258.73213260532566,-0.0008,0.411,7.0586,0.0,-1324.6674240244,32.120243163312004,52.306875185388066,-1627.5844428682,0.0939305686997613
PHER_red_200_cutoff_0.0.inp.out,261.2295968557075,-0.02,0.4146,8.1821,0.0,-1325.1434270859,39.03045948618593,-43.65047965923699,-1628.0962628838,0.1072492103994591
PHER_red_201_cutoff_0.0.inp.out,257.122343850613,-0.0162,0.3944,7.2288,0.0,-1324.9608464299,18.00993818102816,-62.17227768991597,-1627.9005795722,0.1034461351000572
PHER_red_202_cutoff_0.0.inp.out,259.85658582403636,-0.0066,0.4194,7.7963,0.0,-1325.3873425186,40.57984184872779,-28.831811130718076,-1628.331134982,0.1001830190998589
PHER_red_203_cutoff_0.0.inp.out,257.2576944409814,-0.0046,0.4208,7.1034,0.0,-1324.976997956,-49.70171407757432,2.3490904228919347,-1627.9056565385,0.092828713700328
PHER_red_204_cutoff_0.0.inp.out,257.8336701104836,-0.0106,0.4049,8.0016,0.0,-1324.9801993581,93.39480606705776,41.977986523371534,-1627.9319232121,0.1045459151000613
PHER_red_205_cutoff_0.0.inp.out,259.58923264701144,-0.0358,0.3758,7.7003,0.0,-1325.0057600464,18.045707966387702,-151.37177049975375,-1627.9733123065,0.1236250279007435
PHER_red_206_cutoff_0.0.inp.out,255.8886202188831,-0.026,0.386,7.3779,0.0,-1325.1571739948,-65.27227926252517,-249.3906459410331,-1628.1026719889,0.1110991197001567
PHER_red_207_cutoff_0.0.inp.out,258.64306470174535,-0.0314,0.3928,7.7204,0.0,-1325.1048965277,-51.92073595189045,-121.71351084236508,-1628.080623264,0.1202605991002201
PHER_red_208_cutoff_0.0.inp.out,256.68134441160515,-0.0455,0.371,6.8246,0.0,-1324.6583021698,-83.01623033523985,-67.4188954317871,-1627.6233180803,0.1246680935992117
PHER_red_209_cutoff_0.0.inp.out,255.8219031221805,-0.0488,0.3597,7.6748,0.0,-1324.910000425,-14.482970582583594,-11.148784174707146,-1627.8899413373,0.1405002118999618
PHER_red_20_cutoff_0.0.inp.out,257.9574580984687,-0.0159,0.4014,7.3237,0.0,-1324.7920614105,11.095028587664926,76.6983986419601,-1627.7347674176,0.1065617656004178
PHER_red_210_cutoff_0.0.inp.out,257.4614558763646,-0.0409,0.3834,7.6102,0.0,-1325.0507592299,-3.920359963466078,-48.15232597163778,-1628.0320165831,0.1263702743999601
PHER_red_211_cutoff_0.0.inp.out,257.8802537452798,-0.0091,0.404,7.39,0.0,-1325.1977169406,-36.02707623006661,-77.88466079052975,-1628.1330528472,0.1054397676998633
PHER_red_212_cutoff_0.0.inp.out,259.3928483228696,-0.0466,0.3686,7.4825,0.0,-1325.1699667768,-72.6187650857157,-31.702397468649277,-1628.1513653775,0.1320625201997245
PHER_red_213_cutoff_0.0.inp.out,260.5515989815505,-0.0324,0.3907,7.2702,0.0,-1325.0565124249,138.17029657510753,93.78998464943678,-1628.0157434642,0.1190637469999273
PHER_red_214_cutoff_0.0.inp.out,258.6463465997966,-0.0233,0.3885,6.8827,0.0,-1325.2974324076,207.67612032711816,247.74443678550975,-1628.2420833642,0.1096358840004541
PHER_red_215_cutoff_0.0.inp.out,257.33741646712633,-0.0303,0.3904,7.3464,0.0,-1325.0074091543,-2.7634706172942964,-13.621154465601292,-1627.9653200333,0.1172293462996094
PHER_red_216_cutoff_0.0.inp.out,257.08302251340376,-0.0574,0.3498,7.5568,0.0,-1325.1723794841,-1.9654103117921564,55.21299759848046,-1628.1434144337,0.1415623463999509
PHER_red_217_cutoff_0.0.inp.out,255.25589711262597,-0.0425,0.3727,7.8083,0.0,-1324.8919166347,0.9019218659228924,16.155214261821797,-1627.8613682805,0.1324804988998948
PHER_red_218_cutoff_0.0.inp.out,258.6734771172779,-0.037,0.375,7.0563,0.0,-1324.8552877551,169.84561294866214,174.9032697033122,-1627.8050473709,0.1166569181004888
PHER_red_219_cutoff_0.0.inp.out,256.1283285375083,-0.0397,0.371,7.1263,0.0,-1324.9802780824,181.61194704945677,277.2207246162147,-1627.9324794328,0.1285377206004341
PHER_red_21_cutoff_0.0.inp.out,258.8230012770052,-0.0349,0.3872,8.6561,0.0,-1325.2527818449,140.6645041862067,263.2727649977729,-1628.2266627312,0.1226253171998905
PHER_red_220_cutoff_0.0.inp.out,257.233274375363,-0.0209,0.3921,7.1621,0.0,-1325.205509602,122.48831998279636,230.12635942162885,-1628.1436631692,0.1056463891000021
PHER_red_221_cutoff_0.0.inp.out,257.8341671078783,-0.0156,0.4029,8.1078,0.0,-1325.2363398441,-35.05670708416116,77.42424402750356,-1628.1742419824,0.1028093554996303
PHER_red_222_cutoff_0.0.inp.out,256.827056545061,-0.0184,0.3907,7.4062,0.0,-1324.5992956097,31.403452699835913,112.42339985472552,-1627.5379787098,0.1121724953000011
PHER_red_223_cutoff_0.0.inp.out,259.302493368932,-0.0226,0.3916,7.3801,0.0,-1325.2722121778,-97.54032414773724,-152.19264504898317,-1628.2276859556,0.1132160266997743
PHER_red_224_cutoff_0.0.inp.out,262.12342027403844,-0.0459,0.3815,7.6337,0.0,-1324.9724202304,5.318082088470624,140.46995037039162,-1627.9452017457,0.130509591000191
PHER_red_225_cutoff_0.0.inp.out,258.9634323162986,-0.0303,0.3875,6.7609,0.0,-1325.1296125836,74.17092107339353,254.4968916559702,-1628.086073865,0.1187575291005487
PHER_red_226_cutoff_0.0.inp.out,254.9356511980178,-0.0184,0.3912,7.6368,0.0,-1324.8250998969,129.96678900448325,379.72737892256794,-1627.7536328959,0.1134471032000874
PHER_red_227_cutoff_0.0.inp.out,256.3877778126418,-0.0353,0.3776,6.8702,0.0,-1324.6750912064,160.1012818408573,355.72282947164865,-1627.6389447196,0.1242831926001599
PHER_red_228_cutoff_0.0.inp.out,256.0148663813241,-0.0099,0.4088,7.0262,0.0,-1325.0084312348,108.1292203616064,39.3027347039208,-1627.9385903776,0.1066698729991912
PHER_red_229_cutoff_0.0.inp.out,254.66307881830036,-0.0275,0.3955,7.9326,0.0,-1324.8126289091,121.54324014959607,148.72566093995084,-1627.7694249284,0.1177333212999656
PHER_red_22_cutoff_0.0.inp.out,256.1474737095549,-0.0158,0.4068,7.6379,0.0,-1324.4448300298,254.05367900854733,203.0072413520488,-1627.3946634889,0.1036974895005187
PHER_red_230_cutoff_0.0.inp.out,254.4069848054185,-0.046,0.3751,8.5258,0.0,-1324.8600683494,33.6463867418479,-54.372960040394446,-1627.8430629693,0.13792516670037
PHER_red_231_cutoff_0.0.inp.out,255.0054736937668,-0.0453,0.3689,8.3818,0.0,-1325.1997376852,133.53859448543673,124.1765333915055,-1628.1842560994,0.1306446060998496
PHER_red_232_cutoff_0.0.inp.out,259.6800181810293,-0.0431,0.3803,7.8758,0.0,-1324.9653206785,251.78150928900337,408.2455303157182,-1627.9503796426,0.1234721650998835
PHER_red_233_cutoff_0.0.inp.out,258.25432845211276,-0.0311,0.403,8.5249,0.0,-1324.9778987616,266.8477250286987,408.3141180351256,-1627.9543554403,0.1170338350002566
PHER_red_234_cutoff_0.0.inp.out,258.70850787544595,-0.0293,0.3959,8.0708,0.0,-1324.903983872,101.0004804630131,260.9414917336864,-1627.8672893712,0.1176189901998441
PHER_red_235_cutoff_0.0.inp.out,260.4411827822123,-0.0458,0.3822,7.8344,0.0,-1324.8539487229,179.21848983541258,314.2835725570742,-1627.83943946,0.1313653113002146
PHER_red_236_cutoff_0.0.inp.out,260.06520690784276,-0.0278,0.3919,7.0648,0.0,-1324.5549618365,110.41377314674146,319.0496544488009,-1627.5015561095,0.1202727844993205
PHER_red_237_cutoff_0.0.inp.out,260.0487876267479,-0.0482,0.3737,7.7179,0.0,-1324.6635445197,187.69725845003117,379.4682621770395,-1627.6495947772,0.1359894166998856
PHER_red_238_cutoff_0.0.inp.out,257.00567375920804,-0.0517,0.3773,7.4824,0.0,-1324.8443809462,-75.28812853054117,-7.083003605097203,-1627.8256447585,0.1295136661001379
PHER_red_239_cutoff_0.0.inp.out,256.92225186564366,-0.0293,0.3842,7.0188,0.0,-1324.7143515139,164.4380092538509,204.1720688317653,-1627.6652697803,0.1188067869998121
PHER_red_23_cutoff_0.0.inp.out,254.4775360445837,-0.0137,0.3982,7.2541,0.0,-1324.7982162513,52.28348598513877,27.635084359012,-1627.7302622988,0.1115795756995794
PHER_red_240_cutoff_0.0.inp.out,257.7499927992285,-0.0179,0.3927,7.701,0.0,-1324.4234690289,251.1422013470705,352.0116405453667,-1627.3624934595,0.1009815121997235
PHER_red_241_cutoff_0.0.inp.out,256.8521656327107,-0.0247,0.3958,7.6897,0.0,-1324.6814275964,-10.533021781070609,56.499459738722024,-1627.6323903142,0.1104621344002225
PHER_red_242_cutoff_0.0.inp.out,256.3698068199864,-0.0303,0.3858,8.2447,0.0,-1324.7149669817,27.589722241595084,127.2739348831051,-1627.6619366792,0.1199125672992522
PHER_red_243_cutoff_0.0.inp.out,256.55339508322515,-0.026,0.3896,7.4419,0.0,-1324.2417827989,236.7060194699516,372.8177080354424,-1627.1923124413,0.1129667458008043
PHER_red_244_cutoff_0.0.inp.out,257.45892631825365,-0.0144,0.3928,7.6463,0.0,-1324.9154689668,202.33933490306188,453.79451187475377,-1627.8409137719,0.110201223700642
PHER_red_245_cutoff_0.0.inp.out,258.40777116170426,-0.0204,0.4035,7.0294,0.0,-1324.5278412036,269.06649630383924,488.100843481648,-1627.4687505304,0.1116890063995015
PHER_red_246_cutoff_0.0.inp.out,257.9332251297225,-0.0328,0.3917,7.9878,0.0,-1324.7195473675,47.89415791483445,323.15538140155354,-1627.6782793522,0.1249686088995076
PHER_red_247_cutoff_0.0.inp.out,259.4871003624408,-0.0288,0.3877,7.2803,0.0,-1324.228744268,78.80751475132159,235.1164117950015,-1627.1823525404,0.1146377228005803
PHER_red_248_cutoff_0.0.inp.out,260.0729460681699,-0.0091,0.4131,7.203,0.0,-1324.5752158455,113.28847916211409,88.01033178781893,-1627.5089547978,0.1040774727998723
PHER_red_249_cutoff_0.0.inp.out,260.9047933529532,-0.0148,0.4149,7.1348,0.0,-1324.6009107441,14.634182056173064,70.82729121203941,-1627.5442980241,0.1064061985998705
PHER_red_24_cutoff_0.0.inp.out,257.99770061938636,-0.0051,0.4028,6.0376,0.0,-1324.6824938783,47.00526673168513,-17.59512923796898,-1627.5990808609,0.087727663500118
PHER_red_250_cutoff_0.0.inp.out,259.3672712198806,-0.022,0.4054,7.9574,0.0,-1324.4030009441,44.52543749742364,139.38650339440295,-1627.3591018038,0.1144939313999202
PHER_red_251_cutoff_0.0.inp.out,258.0353574791524,-0.0399,0.3699,8.0308,0.0,-1324.5559603748,-0.3712940002395596,146.34127483149155,-1627.5232386214,0.13475247470069
PHER_red_252_cutoff_0.0.inp.out,258.7354927256882,-0.032,0.3874,7.2805,0.0,-1324.4182385224,183.228042690766,411.5590150279483,-1627.3838556153,0.1197449916999175
PHER_red_253_cutoff_0.0.inp.out,255.1453550933423,-0.018,0.4122,7.786,0.0,-1324.2684685203,-9.43620221159096,125.2105673957052,-1627.2082824907,0.110435338499883
PHER_red_254_cutoff_0.0.inp.out,255.57363546824695,-0.0171,0.3974,8.1519,0.0,-1324.1841018614,181.9468234766597,264.7655418852186,-1627.1232231704,0.1040671702003237
PHER_red_255_cutoff_0.0.inp.out,257.1673516221436,-0.0222,0.3757,7.2095,0.0,-1324.2055073677,158.19320771436134,189.7095890637492,-1627.1429358503,0.1127445378997435
PHER_red_256_cutoff_0.0.inp.out,259.0288237157272,-0.0256,0.4026,6.4965,0.0,-1324.5430580892,67.86867327198594,171.06173308804588,-1627.4903428406,0.1113356121995821
PHER_red_257_cutoff_0.0.inp.out,256.426146879746,-0.0429,0.3789,7.6538,0.0,-1324.3733090391,-77.0693380171167,-108.63316390394296,-1627.3281043838,0.1256464099997174
PHER_red_258_cutoff_0.0.inp.out,259.47186710261303,-0.0273,0.3792,6.7587,0.0,-1324.4527770163,33.375911603783834,41.68777554250501,-1627.4038973051,0.1179757048994361
PHER_red_259_cutoff_0.0.inp.out,261.46024082698887,-0.0223,0.4005,6.7464,0.0,-1325.06506832,39.5454247402899,80.34978981428783,-1628.0036270435,0.1159962807996635
PHER_red_25_cutoff_0.0.inp.out,259.7092266853766,-0.0142,0.4104,7.7497,0.0,-1324.8167989194,250.830311911183,376.2518264026565,-1627.7625816152,0.1060992380998868
PHER_red_260_cutoff_0.0.inp.out,259.50720426390865,-0.011,0.417,6.7058,0.0,-1324.4885869148,-207.15844170949543,-114.9539423989513,-1627.4294931579,0.1015360715000497
PHER_red_261_cutoff_0.0.inp.out,260.41274262702694,-0.0294,0.3856,7.1081,0.0,-1324.9878100408,-131.64354397117813,-95.9385161730228,-1627.945740406,0.1195247335999738
PHER_red_262_cutoff_0.0.inp.out,257.8616676242923,-0.0275,0.3901,7.4622,0.0,-1324.3432257193,-191.48447284553444,-153.49493271157758,-1627.2984596522,0.1199625340996135
PHER_red_263_cutoff_0.0.inp.out,259.0597430440479,-0.0023,0.4211,6.4432,0.0,-1325.2754914641,15.704265739004065,-165.4369835849263,-1628.20419172,0.0858764788999906
PHER_red_264_cutoff_0.0.inp.out,257.5019475908615,0.001,0.4125,7.0805,0.0,-1324.8329402011,-18.428437565229917,-123.95708679258333,-1627.7481355052,0.0989532836001672
PHER_red_265_cutoff_0.0.inp.out,259.9156632970178,-0.0372,0.3785,7.2237,0.0,-1325.1672902373,31.970666120135466,-14.852219964634658,-1628.1306784123,0.1239838480005346
PHER_red_266_cutoff_0.0.inp.out,260.2426333927426,-0.0138,0.4078,7.3477,0.0,-1325.0737972906,-39.09830477208121,-163.38847111627706,-1628.0054767656,0.1029361803002757
PHER_red_267_cutoff_0.0.inp.out,259.6265263804536,-0.0249,0.398,6.5881,0.0,-1324.9575399183,19.27897859558269,-92.59971994995948,-1627.9031189189,0.1074683859997094
PHER_red_268_cutoff_0.0.inp.out,256.9413759820683,-0.0142,0.3892,7.2321,0.0,-1325.2539311874,-111.03373684888436,-140.6563353601425,-1628.1867790638,0.1051222162004705
PHER_red_269_cutoff_0.0.inp.out,256.9713285536521,-0.037,0.3817,7.577,0.0,-1324.6949662258,99.03799879329868,158.34920132732668,-1627.6558644821,0.1262164424997536
PHER_red_26_cutoff_0.0.inp.out,259.5447698266041,-0.0285,0.39,7.937,0.0,-1325.0080187019,114.38111353582786,171.62030229922652,-1627.9675794451,0.1146080927001094
PHER_red_270_cutoff_0.0.inp.out,257.20498068480276,-0.0095,0.4116,6.3212,0.0,-1325.0394416144,-107.74686715445247,0.6352493519639056,-1627.9675962202,0.097025909799413
PHER_red_271_cutoff_0.0.inp.out,256.630467559325,-0.0372,0.3747,7.5042,0.0,-1324.6755626862,140.9222063645824,139.53536152551806,-1627.6432321967,0.1263337545997274
PHER_red_272_cutoff_0.0.inp.out,257.53512820644875,-0.0365,0.3815,7.3839,0.0,-1324.723846734,-99.99131904250852,-279.5435324290732,-1627.6936495833,0.1280863140000292
PHER_red_273_cutoff_0.0.inp.out,256.61553590868544,-0.0216,0.4015,7.4196,0.0,-1325.0026533337,-5.160268824909987,-169.56840970394447,-1627.95556963,0.1080827947998841
PHER_red_274_cutoff_0.0.inp.out,257.1269076492567,-0.0246,0.3992,6.8086,0.0,-1324.9834322959,112.24723988323296,74.26521027602797,-1627.9321128262,0.1086353420005252
PHER_red_275_cutoff_0.0.inp.out,258.47922620793923,-0.0317,0.3783,7.4433,0.0,-1324.9408016527,-34.28153732868286,-67.77456459583956,-1627.8953757296,0.1193943914995543
PHER_red_276_cutoff_0.0.inp.out,259.4320426546485,0.0054,0.4331,7.1921,0.0,-1324.9111145109,-46.12247769835906,-30.91823556716793,-1627.8319430533,0.0840296940996268
PHER_red_277_cutoff_0.0.inp.out,255.62897827441597,-0.0265,0.3931,7.3309,0.0,-1324.8960335146,65.15269767035008,-60.243031731615055,-1627.8490310068,0.1130193501994654
PHER_red_278_cutoff_0.0.inp.out,257.0080008546905,-0.0358,0.3748,7.0982,0.0,-1324.6660595164,88.8656606188667,77.01608634793823,-1627.6192743912,0.1273745372000121
PHER_red_279_cutoff_0.0.inp.out,258.29474042809557,-0.0093,0.4038,7.234,0.0,-1324.8241175945,15.610325727546678,-82.71782737303148,-1627.750907613,0.1043421786998806
PHER_red_27_cutoff_0.0.inp.out,256.9704687118008,-0.0322,0.3843,7.8943,0.0,-1325.2516394759,155.50575572998503,319.86887024897226,-1628.2023591599,0.1166919682991647
PHER_red_280_cutoff_0.0.inp.out,253.84631689494057,-0.0214,0.3959,6.8608,0.0,-1324.6476765687,-201.5516330796696,-165.72753681060152,-1627.5890962871,0.1108755431996542
PHER_red_281_cutoff_0.0.inp.out,255.79644911948807,-0.0151,0.3924,7.6567,0.0,-1324.9534621782,-67.86097607837435,-82.3434533180223,-1627.8897808047,0.1065182383999854
PHER_red_282_cutoff_0.0.inp.out,257.0528794635041,-0.0479,0.3578,7.6156,0.0,-1324.5600712129,-34.44601081199096,4.492016555700224,-1627.5297812286,0.1366148092001822
PHER_red_283_cutoff_0.0.inp.out,256.2786538320115,-0.0309,0.3861,6.9036,0.0,-1325.052425974,-86.76843257467972,-150.00901410746903,-1628.008323275,0.1165821202002916
PHER_red_284_cutoff_0.0.inp.out,258.90955918059564,-0.0267,0.3953,6.6634,0.0,-1324.9145748279,-95.6581008674042,-52.71672781556686,-1627.8494005059,0.1145458413993765
PHER_red_285_cutoff_0.0.inp.out,259.2126784378385,-0.0252,0.3916,6.6906,0.0,-1324.7430614081,-208.0029016968516,-110.13676041476852,-1627.690266062,0.108201556199674
PHER_red_286_cutoff_0.0.inp.out,257.63292883463464,-0.0225,0.3778,6.9942,0.0,-1325.0683876408,-130.20702111148128,-82.95943486056387,-1627.9992393251,0.1187428634002571
PHER_red_287_cutoff_0.0.inp.out,261.64432010317364,-0.0318,0.3937,6.3053,0.0,-1324.4356469208,138.14863846434832,162.67057967124853,-1627.391949797,0.1120025696000084
PHER_red_288_cutoff_0.0.inp.out,256.0276117512002,-0.0197,0.3914,7.5379,0.0,-1325.1208786287,489.4306621450885,646.5423929324402,-1628.0656764704,0.1114540913995369
PHER_red_289_cutoff_0.0.inp.out,257.0816134957603,-0.0172,0.3944,6.2196,0.0,-1324.3959174598,229.26119406191103,305.3110254767405,-1627.3381117872,0.1046989955002573
PHER_red_28_cutoff_0.0.inp.out,257.7547105284467,-0.0308,0.3882,7.2682,0.0,-1325.0855790905,88.12262098302395,242.55115225728383,-1628.0454617386,0.1218353414997182
PHER_red_290_cutoff_0.0.inp.out,259.0658024149978,-0.0452,0.3784,7.8569,0.0,-1325.0461377705,-36.01673672095063,70.71249532329253,-1628.0248425643,0.1278936232001797
PHER_red_291_cutoff_0.0.inp.out,258.008000941133,-0.0319,0.4014,7.9641,0.0,-1324.7683026039,26.907788972508747,75.18983935762807,-1627.7300720397,0.11635777579977
PHER_red_292_cutoff_0.0.inp.out,257.3546423566022,-0.0209,0.3925,7.6018,0.0,-1324.9199786934,118.7112408023525,332.6663139861492,-1627.865733088,0.1060948223994273
PHER_red_293_cutoff_0.0.inp.out,259.20469537028106,-0.0106,0.402,7.8823,0.0,-1324.9438845702,296.6433073509104,474.1542010651215,-1627.8775712969,0.0980303554006241
PHER_red_294_cutoff_0.0.inp.out,256.5614793063686,-0.0338,0.394,6.9246,0.0,-1324.6674516189,136.54632527122925,141.51127506530966,-1627.6154567031,0.1180650440001045
PHER_red_295_cutoff_0.0.inp.out,254.86820497437165,-0.0269,0.3884,7.7646,0.0,-1324.8480623157,-144.11960425345,-71.07074010038566,-1627.8022309909,0.1121144020999054
PHER_red_296_cutoff_0.0.inp.out,257.1250892950885,-0.0341,0.3754,7.7735,0.0,-1324.6531708113,91.99346456475804,204.4463630396452,-1627.6206925312,0.1193470493999484
PHER_red_297_cutoff_0.0.inp.out,256.7176376250213,-0.0163,0.39,7.1243,0.0,-1324.5721756974,272.35049362477406,476.43816802233385,-1627.5026474096,0.1038618313004917
PHER_red_298_cutoff_0.0.inp.out,256.45861203125276,-0.0153,0.4085,6.9031,0.0,-1324.6447351476,153.73204923847376,348.65736444797744,-1627.586649511,0.1019055387005209
PHER_red_299_cutoff_0.0.inp.out,256.0027994847806,-0.0199,0.3988,7.3668,0.0,-1324.7343743921,-14.884271530721811,168.84591535903792,-1627.6758012548,0.1076642594998702
PHER_red_29_cutoff_0.0.inp.out,260.2512765435833,-0.0261,0.3928,7.6863,0.0,-1325.32211246,210.03716691797703,456.2985833404453,-1628.2790000852,0.1175180898999315
PHER_red_2_cutoff_0.0.inp.out,263.05489878225814,-0.0297,0.3897,7.8252,0.0,-1324.2493355788,-41.74267005018993,-91.00278021385824,-1627.2163669569,0.125352008200025
PHER_red_300_cutoff_0.0.inp.out,257.68813238412804,-0.0129,0.3976,7.304,0.0,-1325.0047700028,195.27639836868224,235.35059106674152,-1627.9325132669,0.1107734125998831
PHER_red_301_cutoff_0.0.inp.out,258.2108274536572,-0.0325,0.3825,6.5146,0.0,-1324.7365951796,142.1891842097718,274.08109228997444,-1627.6964910878,0.1213985636004508
PHER_red_302_cutoff_0.0.inp.out,256.5918594763266,-0.0213,0.4067,7.5811,0.0,-1324.7225462905,10.039945584401195,74.82725255588626,-1627.6701430974,0.1108756596004241
PHER_red_303_cutoff_0.0.inp.out,256.7537552504186,-0.0154,0.4047,7.4071,0.0,-1325.1546268949,221.78816235776412,257.66165903388315,-1628.0996459918,0.1139988572995207
PHER_red_304_cutoff_0.0.inp.out,257.1114458907627,-0.035,0.371,7.3105,0.0,-1324.7523220436,132.41419809839385,127.11671666067532,-1627.7114812867,0.1265847510003368
PHER_red_305_cutoff_0.0.inp.out,257.89455513071897,-0.0389,0.3851,6.561,0.0,-1324.8349952795,147.64506107235118,201.2502339197634,-1627.8000611939,0.1274162683002941
PHER_red_306_cutoff_0.0.inp.out,258.8451823260955,-0.0283,0.3959,7.7045,0.0,-1324.9746886833,101.25079167003295,114.26052018295589,-1627.9373221802,0.1178459881002709
PHER_red_307_cutoff_0.0.inp.out,258.7834605177571,-0.0144,0.3978,7.0529,0.0,-1325.2618343157,110.34504979106694,106.71876392046336,-1628.1931922109,0.1040486696001607
PHER_red_308_cutoff_0.0.inp.out,258.2065746088077,-0.0356,0.3782,7.0653,0.0,-1324.8057718463,76.78231283766092,4.515577826922964,-1627.7617638298,0.1177983241004767
PHER_red_309_cutoff_0.0.inp.out,259.0298034186,-0.024,0.3916,7.0753,0.0,-1325.2640286811,-95.96816283221668,-145.55012975682635,-1628.2086774676,0.1154270150000229
PHER_red_30_cutoff_0.0.inp.out,258.30285817845134,-0.0336,0.3829,8.0362,0.0,-1325.1820963254,178.090625594088,285.3890681837004,-1628.145913913,0.1235648518995731
PHER_red_310_cutoff_0.0.inp.out,258.46487833392354,-0.0124,0.4068,6.6619,0.0,-1325.0511049481,-27.63266103168711,-62.90335862754938,-1627.9803341711,0.0986980818997835
PHER_red_311_cutoff_0.0.inp.out,256.8953020576808,-0.0274,0.3896,7.9318,0.0,-1324.9906424374,-93.21410170922944,-13.12412626227603,-1627.9460105615,0.1152212594006414
PHER_red_312_cutoff_0.0.inp.out,257.96333529730714,-0.0187,0.3966,7.2581,0.0,-1324.8751478795,-30.24279957068038,-136.80198040714896,-1627.822681766,0.1067339363999053
PHER_red_313_cutoff_0.0.inp.out,257.1148899709425,-0.0354,0.3881,8.0472,0.0,-1324.8560492529,20.883555637218016,-39.50647414102144,-1627.8213990885,0.136758914100028
PHER_red_314_cutoff_0.0.inp.out,256.3243077656737,-0.0272,0.3996,7.4498,0.0,-1324.956797044,163.4222671200229,122.74633626664462,-1627.9253594445,0.1220134241993946
PHER_red_315_cutoff_0.0.inp.out,255.5086601742927,-0.036,0.3836,8.0408,0.0,-1325.2762437466,93.3557106376846,55.23319054019562,-1628.2442020209,0.1295387220998236
PHER_red_316_cutoff_0.0.inp.out,257.9771978437068,-0.0354,0.3754,7.5095,0.0,-1324.8158259773,-74.50730868708058,27.128765791217063,-1627.7721820662,0.1278682011998171
PHER_red_317_cutoff_0.0.inp.out,257.3036840829393,-0.0256,0.3923,7.0162,0.0,-1325.0222553245,-70.85667273027953,-66.27899117487448,-1627.9772860556,0.1178438501001437
PHER_red_318_cutoff_0.0.inp.out,255.81001447410543,-0.0133,0.4113,7.318,0.0,-1324.6221826221,-37.94639528031815,-176.3243758724791,-1627.5545465883,0.1049485902995002
PHER_red_319_cutoff_0.0.inp.out,257.2706333670786,-0.0281,0.3873,7.3421,0.0,-1325.2708329939,-33.771698518886154,-49.06870084263685,-1628.2192559006,0.1149101325008814
PHER_red_31_cutoff_0.0.inp.out,257.40375413340536,-0.0407,0.3818,7.1888,0.0,-1325.4402699445,-45.30065576550845,5.052619101193731,-1628.4138060602,0.127853696699276
PHER_red_320_cutoff_0.0.inp.out,258.37222518810074,-0.0269,0.3854,7.8114,0.0,-1324.9762640129,46.413879244673794,-78.1867569769785,-1627.9319317537,0.1233910386999923
PHER_red_321_cutoff_0.0.inp.out,258.90914884131604,-0.0315,0.3978,6.8212,0.0,-1324.6930532429,-52.07749540569047,-194.81027972854477,-1627.6563237364,0.1145037365995449
PHER_red_322_cutoff_0.0.inp.out,258.9024667384432,-0.0368,0.3978,8.2404,0.0,-1324.8504984097,-114.47322542067316,-215.7197626903314,-1627.8250444727,0.1285626761000458
PHER_red_323_cutoff_0.0.inp.out,259.418988456063,-0.031,0.3881,7.4777,0.0,-1324.6360071033,-99.1422184426196,-70.95648850406265,-1627.5941569736,0.1230581869995148
PHER_red_324_cutoff_0.0.inp.out,259.30392210436196,-0.0296,0.3922,7.7888,0.0,-1325.1121925798,-77.53701626113006,-199.6503650852627,-1628.0647333736,0.1242395885001315
PHER_red_325_cutoff_0.0.inp.out,259.2949695815208,-0.0182,0.4032,7.1622,0.0,-1325.3012347439,166.77299052658415,305.12122606746095,-1628.2294189423,0.1069370337991131
PHER_red_326_cutoff_0.0.inp.out,258.6859500435711,-0.0447,0.3678,7.6471,0.0,-1324.5954087039,115.07670963183185,261.29490001079597,-1627.570602985,0.1307502168992869
PHER_red_327_cutoff_0.0.inp.out,257.99361814366756,-0.0497,0.3749,7.6351,0.0,-1325.3373718551,299.060347191488,478.5491678738743,-1628.3139619016,0.1412978207999913
PHER_red_328_cutoff_0.0.inp.out,259.40580309915924,-0.0296,0.394,7.481,0.0,-1325.2510477296,292.1747506072267,375.4264283313548,-1628.1985989973,0.113930000399705
PHER_red_329_cutoff_0.0.inp.out,257.447474863083,-0.0319,0.389,6.9215,0.0,-1324.9519889913,642.2668615562129,916.8996048455622,-1627.9044557846,0.123033787100212
PHER_red_32_cutoff_0.0.inp.out,256.8077556796334,-0.0374,0.3731,8.5264,0.0,-1325.4921740437,-159.44055290597984,-216.85966461752963,-1628.4645616023,0.131101864500124
PHER_red_330_cutoff_0.0.inp.out,258.76523357328375,-0.0306,0.3819,7.3583,0.0,-1324.8329413903,406.5835961831928,751.7222634112192,-1627.7890608338,0.121607274300004
PHER_red_331_cutoff_0.0.inp.out,258.79164327919625,-0.0321,0.3858,7.6238,0.0,-1325.3552962981,274.3179531897248,464.6283208663873,-1628.3014357081,0.1157152323003174
PHER_red_332_cutoff_0.0.inp.out,255.26072097488796,-0.0479,0.3661,7.163,0.0,-1324.7634069797,418.4477284195413,728.7205779823695,-1627.725816875,0.135561663199951
PHER_red_333_cutoff_0.0.inp.out,258.83597500447513,-0.0258,0.3961,7.2751,0.0,-1325.3346248943,130.73516289633974,210.68331730961964,-1628.2907273708,0.1160547526997106
PHER_red_334_cutoff_0.0.inp.out,258.71333875043393,-0.0135,0.3993,7.2318,0.0,-1325.0976639672,-54.4736847960646,-7.290304548914825,-1628.0273295576,0.1076241791997745
PHER_red_335_cutoff_0.0.inp.out,257.1526439348085,-0.0414,0.3809,7.8534,0.0,-1325.2055317711,-354.2852048581061,-492.55040196982577,-1628.1720453981,0.1234424438998758
PHER_red_336_cutoff_0.0.inp.out,258.2764666387552,-0.0161,0.412,7.5761,0.0,-1324.7398428819,-138.44101297155854,-216.14424332542316,-1627.6809927389,0.0954503025996018
PHER_red_337_cutoff_0.0.inp.out,258.1516083978797,-0.0206,0.3906,8.3359,0.0,-1324.8500069406,-121.63480179042064,-338.783932876127,-1627.7924828215,0.108937040499768
PHER_red_338_cutoff_0.0.inp.out,257.09731956103434,-0.0265,0.3892,7.8315,0.0,-1324.7375994736,-276.8969512623332,-475.21337109138824,-1627.6994507522,0.1150255133998143
PHER_red_339_cutoff_0.0.inp.out,255.9386234927887,-0.0377,0.3798,7.9911,0.0,-1324.801060353,-117.7139920354127,-342.2716833020099,-1627.7654812315,0.1192663332003576
PHER_red_33_cutoff_0.0.inp.out,259.23622236256915,-0.0232,0.4016,8.3314,0.0,-1324.9813684106,-57.810949941392046,-22.60773277578554,-1627.946756594,0.1162740759000371
PHER_red_340_cutoff_0.0.inp.out,258.86901677150934,-0.0375,0.3805,6.7712,0.0,-1324.670905412,-92.2720079639958,-234.72041605918,-1627.625398061,0.1216011477999927
PHER_red_341_cutoff_0.0.inp.out,258.64724324799937,-0.0229,0.386,6.9827,0.0,-1324.9927945752,-132.9241478257764,-265.47905236298516,-1627.9426326652,0.1089301470001373
PHER_red_342_cutoff_0.0.inp.out,256.9903075541002,-0.0269,0.4018,7.7571,0.0,-1325.0515130772,-134.47937017081074,-296.86161839817083,-1628.0094352954,0.1147006156998031
PHER_red_343_cutoff_0.0.inp.out,256.23708163808146,-0.0223,0.4111,7.8435,0.0,-1325.1761948517,-121.13842663623072,-208.21287413123397,-1628.1365393501,0.1096934259994668
PHER_red_344_cutoff_0.0.inp.out,257.81339490850553,-0.0285,0.3952,8.2264,0.0,-1324.6494475876,-146.4338065592282,-223.43557478277023,-1627.6015932332,0.1199770732000615
PHER_red_345_cutoff_0.0.inp.out,257.27609618326363,-0.0077,0.4008,8.0085,0.0,-1324.9394927699,-59.67321368193542,-68.86973483226534,-1627.8760542705,0.0954556694005077
PHER_red_346_cutoff_0.0.inp.out,255.3962756391192,-0.02,0.3988,7.4047,0.0,-1324.926407575,2.763443954776381,-8.269543299104898,-1627.8759091775,0.1052853286000754
PHER_red_347_cutoff_0.0.inp.out,258.2545092385365,-0.0318,0.3853,7.7367,0.0,-1324.8466473238,-108.34546998100896,-107.17786708807768,-1627.8050441118,0.1216733610999654
PHER_red_348_cutoff_0.0.inp.out,258.25904260081165,-0.0469,0.3679,7.0297,0.0,-1324.6580529999,-88.73937939585157,-99.26981417890188,-1627.6292281607,0.1284376450994386
PHER_red_349_cutoff_0.0.inp.out,257.65676501462207,-0.0495,0.372,6.7903,0.0,-1324.8490120548,36.03353468469379,176.41116306036832,-1627.8197018767,0.1338176448998638
PHER_red_34_cutoff_0.0.inp.out,258.10299588393616,-0.027,0.3929,7.4685,0.0,-1325.5717575013,22.068715854017555,-2.299232504890557,-1628.5318600809,0.1222693987001548
PHER_red_350_cutoff_0.0.inp.out,261.40565170158743,-0.0333,0.3949,7.4197,0.0,-1324.4259329991,-35.27305046126952,240.25567131765155,-1627.3895388836,0.1184071076995678
PHER_red_351_cutoff_0.0.inp.out,262.2193878659219,-0.0158,0.3967,7.7466,0.0,-1324.6932757202,165.42190663970666,312.9105440759604,-1627.6301341501,0.1011267912999756
PHER_red_352_cutoff_0.0.inp.out,255.98001843992597,-0.046,0.3657,7.2325,0.0,-1324.4524579291,64.25478758316363,191.51870234045757,-1627.417050664,0.1303209317002256
PHER_red_353_cutoff_0.0.inp.out,255.1866062605708,-0.0227,0.4118,7.6583,0.0,-1324.835719232,-139.69735319020225,-50.2786897231602,-1627.7905319118,0.1060987205992205
PHER_red_354_cutoff_0.0.inp.out,257.38474978436966,-0.0327,0.3844,8.1416,0.0,-1324.5948953348,-8.82303554240083,18.870902777487796,-1627.5507132403,0.12518130080025
PHER_red_355_cutoff_0.0.inp.out,255.8942108637623,0.0187,0.4214,6.7668,0.0,-1324.7188065399,194.2081515614638,322.90413175069693,-1627.6230461595,0.0741614069002025
PHER_red_356_cutoff_0.0.inp.out,256.7295232269772,0.0038,0.4201,7.8177,0.0,-1324.9501422659,280.62337635751703,429.2489979222479,-1627.8729515211,0.0886940609998419
PHER_red_357_cutoff_0.0.inp.out,257.7447398265788,-0.0174,0.4144,7.4955,0.0,-1324.8711471126,319.08777479648063,513.0809090891113,-1627.8318842459,0.1003070212000238
PHER_red_358_cutoff_0.0.inp.out,256.95273418183456,-0.039,0.3766,7.454,0.0,-1324.7889229033,245.6271993294198,464.2195394346957,-1627.7413656892,0.1293494076999195
PHER_red_359_cutoff_0.0.inp.out,259.71823068716526,-0.026,0.3895,7.7593,0.0,-1324.7752798592,128.3383887695462,317.9788378751179,-1627.7344596658,0.1154327030999411
PHER_red_35_cutoff_0.0.inp.out,258.41395853352384,-0.0207,0.3997,7.6359,0.0,-1324.7053834119,38.19063817797943,46.38740391112698,-1627.6518890265,0.115760076099832
PHER_red_360_cutoff_0.0.inp.out,258.9869107152479,-0.0154,0.4183,8.155,0.0,-1325.0359099317,63.64304681388208,339.2214277139132,-1627.995462848,0.1121162725003159
PHER_red_361_cutoff_0.0.inp.out,259.07447180262886,-0.0433,0.3847,7.4841,0.0,-1324.6325302703,121.02535422325263,352.3979873199707,-1627.6045986198,0.1369359919008275
PHER_red_362_cutoff_0.0.inp.out,258.79620812568083,-0.0342,0.3828,8.0086,0.0,-1324.724549303,160.56576462860434,474.9519999853469,-1627.7024196452,0.1215982761996201
PHER_red_363_cutoff_0.0.inp.out,256.6490378376207,-0.0286,0.3819,7.7911,0.0,-1324.4907771275,242.475837192825,331.42478304787613,-1627.4428409017,0.1259903909995046
PHER_red_364_cutoff_0.0.inp.out,259.12638080657837,-0.0356,0.4003,7.9218,0.0,-1324.6035029666,256.4315231720207,344.7702336866097,-1627.5837486838,0.1226991672001531
PHER_red_365_cutoff_0.0.inp.out,255.97637639988463,-0.0414,0.379,7.9702,0.0,-1324.8704635345,47.04784861639216,165.1279672438908,-1627.8419837281,0.1304716996992283
PHER_red_366_cutoff_0.0.inp.out,256.3414892472088,-0.0282,0.3748,7.4825,0.0,-1324.4518007686,-296.2257126763039,-427.32529570887215,-1627.4031577602,0.1217482679994645
PHER_red_367_cutoff_0.0.inp.out,258.69707425094794,-0.0166,0.3981,7.1113,0.0,-1324.792247835,-58.771656900345974,-217.45187045135543,-1627.7279701904,0.1045227573995362
PHER_red_368_cutoff_0.0.inp.out,254.82640643692457,-0.0113,0.4037,6.8762,0.0,-1324.7563548937,-135.92613965116624,-183.93997674373665,-1627.6849629975,0.0956596524001724
PHER_red_369_cutoff_0.0.inp.out,257.49574846863646,-0.0189,0.3966,7.6794,0.0,-1324.6566423159,-173.7469863762471,-319.26934764692396,-1627.611317216,0.1028940446994965
PHER_red_36_cutoff_0.0.inp.out,260.02361602620914,-0.0218,0.4083,7.3133,0.0,-1325.5901815266,-246.86949912862303,-384.63395327226215,-1628.5484222838,0.1167368903998067
PHER_red_370_cutoff_0.0.inp.out,258.70787898607267,-0.0132,0.4073,8.4287,0.0,-1325.3825601336,-15.282062781726063,-103.61012617205296,-1628.320739927,0.1074716614002682
PHER_red_371_cutoff_0.0.inp.out,255.7412804417963,-0.0213,0.3855,7.0633,0.0,-1324.89994392,82.39275361367261,34.08042183064029,-1627.8358048245,0.1009739947003254
PHER_red_372_cutoff_0.0.inp.out,259.8827089633505,-0.0364,0.3832,7.9926,0.0,-1325.1060014139,-225.70001648127817,-341.0006431404437,-1628.0689154817,0.1208678364000661
PHER_red_373_cutoff_0.0.inp.out,261.69631082925355,-0.0378,0.3875,6.8423,0.0,-1324.8402594411,-0.7245201952412077,-203.3692693796755,-1627.8018811286,0.1221485428995947
PHER_red_374_cutoff_0.0.inp.out,254.86597280773643,-0.0185,0.3747,7.3456,0.0,-1325.0527682011,-33.67585718636326,-87.82341874130235,-1627.9655699876,0.1140944441003739
PHER_red_375_cutoff_0.0.inp.out,252.5365783930761,-0.0171,0.3981,7.7966,0.0,-1324.9755153488,-40.64352047884248,66.71741213067139,-1627.9125367609,0.1120179455001562
PHER_red_376_cutoff_0.0.inp.out,256.6901835355497,-0.0241,0.3956,7.2128,0.0,-1324.3775113173,-22.74689737153696,-108.19670859951374,-1627.3267276629,0.1097393016998466
PHER_red_377_cutoff_0.0.inp.out,255.8730410023884,-0.0268,0.3882,7.4442,0.0,-1324.8208157078,38.356926652637746,-45.64555170368171,-1627.7815942587,0.1176346517995625
PHER_red_378_cutoff_0.0.inp.out,255.33155839530428,-0.0153,0.3895,7.582,0.0,-1324.8858004318,-68.33338099858987,-108.48127661123836,-1627.8266141299,0.1134877514004983
PHER_red_379_cutoff_0.0.inp.out,260.55647705125205,-0.0115,0.4149,7.0135,0.0,-1325.0733477223,-22.784603820818138,-86.86669321625567,-1628.0114881181,0.1019740215997444
PHER_red_37_cutoff_0.0.inp.out,257.9971059516558,-0.0247,0.3831,7.0426,0.0,-1324.7799497438,-248.7222203894761,-276.27075601021727,-1627.7216845261,0.1139647854997747
PHER_red_380_cutoff_0.0.inp.out,257.5962288358817,-0.0279,0.4007,8.0831,0.0,-1324.8314788481,-129.97569178393402,-126.38583837623568,-1627.7964726415,0.1177779870995436
PHER_red_381_cutoff_0.0.inp.out,258.8460704040557,-0.0223,0.4085,8.2289,0.0,-1324.9820593003,-102.50631304924164,-119.49200180083167,-1627.9456437169,0.1111158781004633
PHER_red_382_cutoff_0.0.inp.out,260.59008393469924,-0.0305,0.3913,8.2899,0.0,-1324.7837155464,177.97360679521424,188.35349119533333,-1627.7465738096,0.1216009089002909
PHER_red_383_cutoff_0.0.inp.out,256.770052266719,-0.0167,0.4035,7.2913,0.0,-1324.9618553471,155.7639203673786,90.53418540348892,-1627.9063486868,0.1041624064000643
PHER_red_384_cutoff_0.0.inp.out,258.0584672751921,-0.0293,0.3946,8.0232,0.0,-1324.8457726667,68.10179629460124,60.78588880277382,-1627.8053870028,0.1202262858005269
PHER_red_385_cutoff_0.0.inp.out,257.8682022931125,-0.0318,0.3906,7.6432,0.0,-1324.8908593152,100.5426176627944,116.93573517234056,-1627.8485280785,0.1233362381999541
PHER_red_386_cutoff_0.0.inp.out,256.4389429107503,-0.0418,0.3739,8.2028,0.0,-1325.1162127326,183.5447751444755,131.40051159563848,-1628.098153964,0.1291207051999663
PHER_red_387_cutoff_0.0.inp.out,258.44217883613163,-0.0234,0.4017,7.7546,0.0,-1324.6430148968,264.2091754262432,164.73155967413007,-1627.5891791286,0.1123803471000428
PHER_red_388_cutoff_0.0.inp.out,258.50548119127933,-0.0289,0.3963,7.3876,0.0,-1324.823858636,124.54027143735478,186.76506382839065,-1627.7899125988,0.1160418036997725
PHER_red_389_cutoff_0.0.inp.out,257.16722004749505,-0.0222,0.3935,7.2447,0.0,-1324.873641178,114.45288412605451,121.74716322659084,-1627.811814012,0.1153516984995803
PHER_red_38_cutoff_0.0.inp.out,257.08451498172656,-0.0163,0.4098,6.554,0.0,-1324.7870060446,-146.5397425749034,-157.74852624253978,-1627.7353412328,0.1018799162002324
PHER_red_390_cutoff_0.0.inp.out,260.8756077459674,-0.0015,0.4184,6.7986,0.0,-1324.9628228351,-50.639229769256026,-58.980285247384664,-1627.8851720071,0.0890795307004737
PHER_red_391_cutoff_0.0.inp.out,259.25689211313943,-0.0342,0.3891,7.5008,0.0,-1324.62795656,58.55555036801204,-9.48133493426154,-1627.5810290178,0.1202056764004737
PHER_red_392_cutoff_0.0.inp.out,259.6335305922784,-0.0252,0.3976,7.6703,0.0,-1324.5931187486,13.739500339154253,47.46069617404456,-1627.5383319339,0.1101782328996705
PHER_red_393_cutoff_0.0.inp.out,259.0960967229261,-0.0253,0.3944,7.3854,0.0,-1324.9848389298,61.12609028007612,16.472317883412803,-1627.9310494153,0.1058028724000905
PHER_red_394_cutoff_0.0.inp.out,257.04899914883566,-0.0167,0.3931,7.5352,0.0,-1324.6622714317,-167.06820710808205,-166.38046138761726,-1627.6033032336,0.1112900187999912
PHER_red_395_cutoff_0.0.inp.out,258.08847756337315,-0.024,0.3969,6.8386,0.0,-1324.8924795103,-159.88097767935386,-233.18526752455972,-1627.8390250679,0.1046669569004734
PHER_red_396_cutoff_0.0.inp.out,256.6106471674712,-0.0128,0.4066,6.9935,0.0,-1325.0457532997,-287.4316306993806,-403.7602951007496,-1627.9802372659,0.1002347551993807
PHER_red_397_cutoff_0.0.inp.out,256.1464102957882,-0.0136,0.3906,6.6541,0.0,-1324.9720138725,-163.52774666337996,-198.0368161384389,-1627.893006208,0.0987842429003649
PHER_red_398_cutoff_0.0.inp.out,257.68056606071116,-0.0202,0.3884,7.4979,0.0,-1325.0273608598,-212.72548165193697,-235.97199789846144,-1627.9604104196,0.1046878351007762
PHER_red_399_cutoff_0.0.inp.out,255.01146389914777,-0.0103,0.4048,7.6633,0.0,-1324.7824145201,-273.586378976408,-367.3703993339004,-1627.7096211508,0.1041013759004272
PHER_red_39_cutoff_0.0.inp.out,257.5127192463948,-0.0333,0.3818,7.9816,0.0,-1325.0773133414,-34.3045443351585,0.143845665654078,-1628.0333363477,0.1236218614994868
PHER_red_3_cutoff_0.0.inp.out,260.08812991382354,-0.0202,0.3998,7.3876,0.0,-1324.684566411,61.06681146861199,14.041040499636903,-1627.6163887591,0.1071597955997276
PHER_red_400_cutoff_0.0.inp.out,256.88052866434606,-0.023,0.4024,8.2219,0.0,-1324.9289440073,-60.37846783892385,-279.217058019253,-1627.8785586197,0.1124881550995269
PHER_red_401_cutoff_0.0.inp.out,257.3073441787548,-0.0383,0.3809,7.8772,0.0,-1324.8206408258,-215.29336672734516,-241.53608654114257,-1627.7923799019,0.1319853637005508
PHER_red_402_cutoff_0.0.inp.out,257.43098281962426,-0.0357,0.3868,7.383,0.0,-1325.1159433391,-158.1058968879621,-132.72732425852166,-1628.0704529651,0.1259207739994963
PHER_red_403_cutoff_0.0.inp.out,258.7847384015334,-0.0353,0.389,7.4293,0.0,-1324.4162040983,116.0594375753525,341.23779412409806,-1627.3800791575,0.1238314057000025
PHER_red_404_cutoff_0.0.inp.out,256.6320240591806,-0.0311,0.3736,7.8007,0.0,-1324.8349772581,160.6189963848693,360.77822479339926,-1627.775521232,0.126178677700409
PHER_red_405_cutoff_0.0.inp.out,257.961440575911,-0.0217,0.3949,7.5106,0.0,-1324.5484409134,203.73668613311844,477.21754722556216,-1627.487583117,0.1086469103001945
PHER_red_406_cutoff_0.0.inp.out,258.3395357504201,-0.0362,0.3767,7.718,0.0,-1324.9975392159,74.17117652143406,291.97925687126724,-1627.9445335937,0.1180423872001483
PHER_red_407_cutoff_0.0.inp.out,257.8139418452105,-0.0335,0.3819,6.9811,0.0,-1324.796656486,118.3138515309161,149.6921862943292,-1627.7447339871,0.1162514622001253
PHER_red_408_cutoff_0.0.inp.out,258.1789692347345,-0.0294,0.381,8.0131,0.0,-1324.8316490592,116.51717077705408,106.00639393788066,-1627.7740848128,0.1262086686001566
PHER_red_409_cutoff_0.0.inp.out,257.11305454415117,-0.0501,0.3758,7.6377,0.0,-1325.0220691191,-20.702535406577063,-90.476805855092,-1628.0039401149,0.1388189541003157
PHER_red_40_cutoff_0.0.inp.out,257.3517465934835,-0.0278,0.3869,7.6128,0.0,-1325.1777678691,-87.32114297094495,-97.76327587961885,-1628.1280115578,0.1180593728995518
PHER_red_410_cutoff_0.0.inp.out,258.8108222768306,-0.0125,0.4076,7.4778,0.0,-1324.4712807604,-32.6428735346581,-158.6228556442041,-1627.3990434168,0.104140515999461
PHER_red_411_cutoff_0.0.inp.out,258.74381562222635,-0.0362,0.3782,7.8576,0.0,-1324.8884486706,-52.20972525849926,-156.11251435070108,-1627.8547733001,0.1248757845996806
PHER_red_412_cutoff_0.0.inp.out,256.8271629560021,-0.0409,0.3589,7.5374,0.0,-1324.8418740717,88.83247647418473,-26.821511587271548,-1627.792356018,0.1265965053999025
PHER_red_413_cutoff_0.0.inp.out,256.9200961017237,-0.0358,0.3889,7.3732,0.0,-1324.6225550518,-82.13564331821135,-115.3521077555675,-1627.5717956493,0.1134817474003284
PHER_red_414_cutoff_0.0.inp.out,258.775860396288,-0.0261,0.3818,6.9708,0.0,-1324.7506072343,-11.454443902739254,-70.83292100363504,-1627.6881636715,0.1133733785000004
PHER_red_415_cutoff_0.0.inp.out,258.02029274408835,-0.0346,0.3793,6.4155,0.0,-1324.589735932,63.86245252384904,4.077790224265598,-1627.5190085831,0.1179654581001159
PHER_red_416_cutoff_0.0.inp.out,258.5129183393037,-0.0277,0.3763,7.2658,0.0,-1324.9297370105,-173.4350269800861,-105.99448760569058,-1627.8673098913,0.1066319175997705
PHER_red_417_cutoff_0.0.inp.out,254.57488045434985,-0.0306,0.3856,7.5313,0.0,-1324.9913333711,-68.27747050006482,-16.168808847420806,-1627.9201184004,0.1147028802997738
PHER_red_418_cutoff_0.0.inp.out,258.10696559935826,-0.0397,0.3868,7.6575,0.0,-1324.9180630467,38.523906886566294,1.0125929638303983,-1627.8812753672,0.1186364670002149
PHER_red_419_cutoff_0.0.inp.out,259.76787559403147,-0.0229,0.3896,6.8378,0.0,-1324.7444460093,-50.9501102327061,-48.40949917985767,-1627.6811509617,0.1050315206002778
PHER_red_41_cutoff_0.0.inp.out,255.34054934884537,-0.0311,0.3829,8.0239,0.0,-1324.7927557339,-66.12038926920907,-176.39807971960775,-1627.7384628553,0.1213858544997492
PHER_red_420_cutoff_0.0.inp.out,256.49963517677094,-0.0186,0.381,7.1504,0.0,-1325.0436452667,-66.69284415071783,-130.79958227516886,-1627.9616159793,0.1034953380003571
PHER_red_421_cutoff_0.0.inp.out,257.44575515368007,-0.0276,0.398,7.5226,0.0,-1324.9260775172,-157.80178574444153,-188.23032840704604,-1627.8724991079,0.1100454696997985
PHER_red_422_cutoff_0.0.inp.out,256.8920671930252,-0.0096,0.4067,6.7922,0.0,-1324.7999145137,-106.85884324948223,-165.62417002224112,-1627.7303808945,0.0993825465993722
PHER_red_423_cutoff_0.0.inp.out,255.9402247194474,-0.0075,0.3987,7.7678,0.0,-1324.680284799,-140.14833281035425,-182.05998368302457,-1627.6048077163,0.1003130095996311
PHER_red_424_cutoff_0.0.inp.out,257.63773595309857,-0.0211,0.3865,6.7036,0.0,-1325.2517528345,-73.46670251832431,-69.33587029959988,-1628.1802345307,0.1002332615998966
PHER_red_425_cutoff_0.0.inp.out,257.2470030402537,-0.016,0.401,7.4768,0.0,-1325.2556769912,11.088011424823264,-27.37978732781084,-1628.2052535409,0.1023784895996868
PHER_red_426_cutoff_0.0.inp.out,259.1477154852123,-0.0219,0.3978,7.6499,0.0,-1324.91393271,-33.145678698977036,-30.672120521090072,-1627.8707223481,0.1138424611999653
PHER_red_427_cutoff_0.0.inp.out,258.94195219634264,-0.0295,0.3914,7.3617,0.0,-1325.041369615,171.9090668929421,198.48591331790763,-1628.0030857676,0.1177086635998421
PHER_red_428_cutoff_0.0.inp.out,257.674810180186,-0.0198,0.4059,7.1679,0.0,-1324.7195538615,112.8756789373271,92.48881062103756,-1627.6602603969,0.1086748048001027
PHER_red_429_cutoff_0.0.inp.out,260.19646472675237,-0.0387,0.3843,7.3744,0.0,-1325.1806022908,56.30410809077458,226.67134586436148,-1628.1501992787,0.1269991608996861
PHER_red_42_cutoff_0.0.inp.out,258.4907809502532,-0.0347,0.3931,7.1429,0.0,-1325.1191743141,159.40948296149728,113.75898195996396,-1628.0634272426,0.1196722701997714
PHER_red_430_cutoff_0.0.inp.out,258.7047610163124,0.0002,0.4095,6.8963,0.0,-1324.9259105655,221.98687968502043,378.1358913604549,-1627.838953513,0.0993508521996773
PHER_red_431_cutoff_0.0.inp.out,258.1116369466787,-0.0428,0.381,7.7383,0.0,-1324.8785376484,122.52414800739638,323.5752747823401,-1627.8501271939,0.1352307477000067
PHER_red_432_cutoff_0.0.inp.out,256.7417089292304,-0.0141,0.4148,7.4261,0.0,-1324.8893348279,184.84043310280293,327.9165226432333,-1627.8315330799,0.1066151401000752
PHER_red_433_cutoff_0.0.inp.out,257.21173969294625,-0.0275,0.3826,6.9747,0.0,-1325.1227950479,158.99271529592778,314.88569157742273,-1628.0628434806,0.1164210837996506
PHER_red_434_cutoff_0.0.inp.out,257.8828291767562,-0.033,0.3796,7.3107,0.0,-1325.1559078109,109.34262543675943,142.16380821987613,-1628.1127222263,0.1203934097002275
PHER_red_435_cutoff_0.0.inp.out,255.4532349343228,-0.0437,0.3706,8.2241,0.0,-1325.2712141209,166.56927740688957,281.8791164463598,-1628.2400269235,0.1322340864999205
PHER_red_436_cutoff_0.0.inp.out,256.2248205919646,-0.03,0.381,7.7355,0.0,-1324.6437786518,135.64836027200815,143.34113881858462,-1627.6043916262,0.1245507048006402
PHER_red_437_cutoff_0.0.inp.out,259.6360393230706,-0.0518,0.3744,8.1688,0.0,-1325.3076620484,121.11691528398522,232.2654621061618,-1628.2894499831,0.1440879667006811
PHER_red_438_cutoff_0.0.inp.out,257.6270017652146,-0.0263,0.3979,7.3018,0.0,-1325.1025578569,205.30941728868405,257.5879713927862,-1628.0552325149,0.1148336566002399
PHER_red_439_cutoff_0.0.inp.out,257.101280735774,-0.0347,0.3811,7.1055,0.0,-1324.8144960533,65.33634419227398,106.66301872963062,-1627.7777692092,0.1257488555002055
PHER_red_43_cutoff_0.0.inp.out,254.8156717033979,-0.0437,0.3742,7.43,0.0,-1324.5598232431,85.41522601644805,0.8330337322870223,-1627.5223273325,0.1267046317998392
PHER_red_440_cutoff_0.0.inp.out,257.2079415785052,-0.0051,0.4126,8.3794,0.0,-1324.5194917307,23.316782595010395,58.104626079048835,-1627.4445751517,0.1036242793006749
PHER_red_441_cutoff_0.0.inp.out,255.00863115450468,-0.0125,0.402,7.7091,0.0,-1324.8294347327,0.7480654568248204,82.47673930337587,-1627.7728393322,0.1068089891996351
PHER_red_442_cutoff_0.0.inp.out,255.15708220464495,-0.0107,0.4043,7.4402,0.0,-1324.2953334824,-44.03227870945684,50.899519923830425,-1627.2238998281,0.1002862624000044
PHER_red_443_cutoff_0.0.inp.out,257.4534774124568,-0.01,0.4003,7.0469,0.0,-1324.7921957258,-14.0710868274691,-99.8016431225637,-1627.7200506094,0.0997756851002122
PHER_red_444_cutoff_0.0.inp.out,256.52274218500554,-0.0153,0.3895,7.5091,0.0,-1324.7103869765,-57.259816925606664,-139.05240882354775,-1627.6325504487,0.1131089692999012
PHER_red_445_cutoff_0.0.inp.out,260.0519158890039,-0.0271,0.3952,6.3873,0.0,-1324.577604443,5.361979777279026,-142.1396563476021,-1627.5304657014,0.1128554271008397
PHER_red_446_cutoff_0.0.inp.out,260.0569963390112,-0.0303,0.3958,7.2198,0.0,-1324.8752752709,-93.73951673411464,-213.77473786565744,-1627.818271267,0.1142298101003689
PHER_red_447_cutoff_0.0.inp.out,259.1627272060304,-0.0423,0.3741,6.3526,0.0,-1324.4517248528,35.54718408809106,73.2218238813687,-1627.4016523373,0.1236085134005406
PHER_red_448_cutoff_0.0.inp.out,258.19649587144636,-0.0183,0.3874,7.5141,0.0,-1325.0287562422,50.69914521158382,57.76812994910634,-1627.9709820753,0.1070816788997035
PHER_red_449_cutoff_0.0.inp.out,256.9355473011602,-0.0322,0.3827,7.2914,0.0,-1324.7694393776,308.0851956969443,326.6508575465503,-1627.7286476072,0.111894941299397
PHER_red_44_cutoff_0.0.inp.out,256.14135790278596,-0.037,0.3709,8.1521,0.0,-1324.9543958448,77.18854461416582,69.46386298687487,-1627.9110309823,0.1270767170999533
PHER_red_450_cutoff_0.0.inp.out,255.8852920563448,-0.0474,0.37,8.0041,0.0,-1324.5737204103,382.8161943782119,619.9428770920487,-1627.5512883992,0.131568335900738
PHER_red_451_cutoff_0.0.inp.out,256.66724011936503,-0.0166,0.3934,7.2323,0.0,-1324.5547893216,161.45617993896207,308.90136137600217,-1627.4893947938,0.1036900085000525
PHER_red_452_cutoff_0.0.inp.out,257.62976070907536,-0.0472,0.3584,6.9456,0.0,-1324.9207614677,-32.401503938032064,-112.64928713605744,-1627.8831972564,0.1215263247004259
PHER_red_453_cutoff_0.0.inp.out,255.7432117483234,-0.0333,0.3927,7.1268,0.0,-1324.8739542013,-171.32138489476526,-217.2796112748756,-1627.823888359,0.1223489475996757
PHER_red_454_cutoff_0.0.inp.out,259.14116595420364,-0.049,0.3773,7.2852,0.0,-1324.878321807,-7.202263384127594,-101.27272799827472,-1627.8613557707,0.1249707216002207
PHER_red_455_cutoff_0.0.inp.out,259.31075151433265,-0.0303,0.3798,7.1705,0.0,-1324.6020459172,98.19441135327594,165.39002080969675,-1627.5514080491,0.1188643219002187
PHER_red_456_cutoff_0.0.inp.out,261.10811198966513,-0.0378,0.3877,7.1144,0.0,-1324.6869056982,285.1505206477579,332.7071555534109,-1627.6555604861,0.1152225228997849
PHER_red_457_cutoff_0.0.inp.out,257.75616400752165,-0.029,0.387,7.0235,0.0,-1324.7500811713,-67.13520189016434,-57.80407880504538,-1627.6927418133,0.112698238500343
PHER_red_458_cutoff_0.0.inp.out,258.95507947639567,-0.0177,0.3995,7.6226,0.0,-1324.711901244,65.99782572869735,13.417094476247302,-1627.6564384613,0.1068833037998047
PHER_red_459_cutoff_0.0.inp.out,256.9423609657934,-0.0016,0.4142,7.28,0.0,-1325.1550728065,93.0098507082996,55.68167508814464,-1628.078124915,0.1007151333997171
PHER_red_45_cutoff_0.0.inp.out,259.58082584854196,-0.0478,0.3805,7.4766,0.0,-1324.8341132611,-18.057627395693316,1.3547354087697958,-1627.8124592973,0.130031450399656
PHER_red_460_cutoff_0.0.inp.out,255.80964571239903,-0.0272,0.3925,7.4075,0.0,-1325.0999533799,119.08222941080967,244.45985477218656,-1628.0554016179,0.1156687557004261
PHER_red_461_cutoff_0.0.inp.out,256.4585809890704,-0.0148,0.4056,7.0273,0.0,-1325.2486068365,77.24695834096656,209.5279368809565,-1628.1903378989,0.101483319500403
PHER_red_462_cutoff_0.0.inp.out,255.32239226861853,-0.0461,0.3599,7.6119,0.0,-1324.4551304957,170.64590045044423,364.6531736719614,-1627.4192178381,0.1312537173998862
PHER_red_463_cutoff_0.0.inp.out,258.3275798564257,-0.0257,0.3927,7.1415,0.0,-1324.7735804879,157.07147569511218,231.71279984646617,-1627.7232150525,0.1114254900003288
PHER_red_464_cutoff_0.0.inp.out,258.0619743648223,-0.0269,0.4026,7.0744,0.0,-1324.6834239338,-55.38507067355821,7.854849231212694,-1627.6318458965,0.1088846911998189
PHER_red_465_cutoff_0.0.inp.out,257.22659128977597,-0.0231,0.3925,7.2548,0.0,-1324.531889994,187.88151588839315,483.45664295828226,-1627.4750523115,0.1099413522997565
PHER_red_466_cutoff_0.0.inp.out,259.3118185298201,-0.0271,0.3853,7.1449,0.0,-1324.7605676909,354.05295836316367,485.7869001995586,-1627.6981794141,0.1072605281005962
PHER_red_467_cutoff_0.0.inp.out,258.14929091895914,-0.0322,0.3837,7.2385,0.0,-1324.5206210638,-19.27588780471523,49.34015179551252,-1627.4702558406,0.1206264888005534
PHER_red_468_cutoff_0.0.inp.out,258.2486145112175,-0.0207,0.4051,7.032,0.0,-1324.6264097012,-35.806121873025866,-96.26893688909864,-1627.5682002573,0.1037323498994737
PHER_red_469_cutoff_0.0.inp.out,255.8106039336602,-0.0409,0.3885,7.9764,0.0,-1324.8919451639,-246.1062759036608,-350.14755488912715,-1627.8657499864,0.1271712336001655
PHER_red_46_cutoff_0.0.inp.out,256.5067299783779,-0.0278,0.395,8.4879,0.0,-1324.384492808,-123.78152170386603,-270.3966886732586,-1627.3418189059,0.1174036014999728
PHER_red_470_cutoff_0.0.inp.out,253.43661456251937,-0.04,0.3712,8.0521,0.0,-1324.665608121,179.2785415038139,203.9539538612236,-1627.6355915754,0.1284280727995792
PHER_red_471_cutoff_0.0.inp.out,257.0323303876735,-0.0205,0.3932,8.5021,0.0,-1325.0233259283,52.983106838129366,219.1674063298803,-1627.970964397,0.1104858766002507
PHER_red_472_cutoff_0.0.inp.out,257.02953603518085,-0.0196,0.3974,7.1685,0.0,-1324.5439942312,69.66374118342381,174.03861167557093,-1627.4943612182,0.1085351791998618
PHER_red_473_cutoff_0.0.inp.out,254.94893660287013,-0.0249,0.3859,8.2663,0.0,-1324.5375031831,34.84803192911571,-9.63783498964603,-1627.4875776877,0.116668420499991
PHER_red_474_cutoff_0.0.inp.out,259.2822536393642,-0.0371,0.3849,7.9904,0.0,-1324.3454641439,178.1259614596426,232.93567716686533,-1627.3112202226,0.1206956938995063
PHER_red_475_cutoff_0.0.inp.out,257.813941595884,-0.0222,0.3959,7.5519,0.0,-1324.9833721721,-248.26453442343936,-160.33021646168586,-1627.9205609418,0.108587571499811
PHER_red_476_cutoff_0.0.inp.out,255.76730513797017,-0.0379,0.3796,6.2246,0.0,-1325.1897339104,-34.94224105940173,-90.61715279491732,-1628.1361374811,0.1211915947997113
PHER_red_477_cutoff_0.0.inp.out,257.0735141943895,-0.0325,0.3829,6.6325,0.0,-1325.2578354791,-113.99092509998688,-182.00289429805756,-1628.2054903462,0.1216171626001596
PHER_red_478_cutoff_0.0.inp.out,257.9559281231816,-0.0188,0.3947,6.429,0.0,-1324.9657394255,-19.23300138031909,-131.53206562672565,-1627.896491601,0.0962779557994508
PHER_red_479_cutoff_0.0.inp.out,255.94346905720255,-0.0164,0.3983,6.2471,0.0,-1324.8583808928,43.148923232752544,-125.2606360490434,-1627.7881579492,0.0988168607000261
PHER_red_47_cutoff_0.0.inp.out,261.3264836320256,-0.0262,0.4034,6.7995,0.0,-1324.4202964561,-365.7689856580084,-757.377362273491,-1627.3694796361,0.1135184716004005
PHER_red_480_cutoff_0.0.inp.out,259.5433891764398,-0.0189,0.4061,6.5903,0.0,-1325.2247556323,-45.530752631215755,-83.31784895687244,-1628.1577272269,0.0994285593997119
PHER_red_481_cutoff_0.0.inp.out,257.99395112002816,-0.0106,0.3945,6.3974,0.0,-1324.9781713709,31.18259109933789,87.60522179450447,-1627.9124723306,0.0896544891993471
PHER_red_482_cutoff_0.0.inp.out,256.0716038226515,-0.017,0.3958,7.5275,0.0,-1325.3113632316,-55.788546557130665,66.62835644785395,-1628.2417778535,0.1037870966993068
PHER_red_483_cutoff_0.0.inp.out,259.1929369832605,-0.0199,0.4013,6.9991,0.0,-1325.0280448386,44.92836813939715,90.54412115272112,-1627.9798841052,0.1055004436002491
PHER_red_484_cutoff_0.0.inp.out,257.07494213824054,-0.0289,0.391,7.3419,0.0,-1324.7142064499,116.69090778779588,164.80345975625667,-1627.6633968821,0.119674550000127
PHER_red_485_cutoff_0.0.inp.out,257.98917105243225,-0.0259,0.3875,7.2461,0.0,-1325.0237610472,236.74144414793864,292.0042825462956,-1627.9756070216,0.1113822758998139
PHER_red_486_cutoff_0.0.inp.out,258.57157741642646,-0.0247,0.3825,6.8181,0.0,-1324.9578343725,-35.681789549617115,-122.37973359458698,-1627.904038287,0.1134282781004003
PHER_red_487_cutoff_0.0.inp.out,257.3869913526378,-0.0206,0.4058,7.1473,0.0,-1324.9161889063,-56.70716453648287,-160.53874862231214,-1627.8745123198,0.1074795102003918
PHER_red_488_cutoff_0.0.inp.out,258.7928936717705,-0.0508,0.3673,7.2085,0.0,-1324.9357237759,-74.47893927363336,-118.29664227341158,-1627.9166361398,0.1301478213999871
PHER_red_489_cutoff_0.0.inp.out,256.8355900861286,-0.046,0.3696,7.1249,0.0,-1325.491480451,-26.84876803976131,-51.934636158489,-1628.4677932599,0.1296247730997493
PHER_red_48_cutoff_0.0.inp.out,260.30043647196754,-0.0204,0.3998,7.872,0.0,-1324.6103631051,-175.69403138565454,-349.2260940498201,-1627.5469367455,0.111434719200588
PHER_red_490_cutoff_0.0.inp.out,257.13522560902834,-0.0253,0.3817,7.4891,0.0,-1325.0633957743,67.1802325951255,120.8981963478271,-1628.0017362276,0.1108280581001963
PHER_red_491_cutoff_0.0.inp.out,256.64206166038326,-0.0461,0.3699,7.3501,0.0,-1325.1018548466,31.67068384311406,225.55298298410813,-1628.0763576817,0.1308090427992283
PHER_red_492_cutoff_0.0.inp.out,256.720385342473,-0.026,0.3905,7.03,0.0,-1325.0322814299,99.26890925487184,155.15438014157917,-1627.9877052441,0.1078974403999382
PHER_red_493_cutoff_0.0.inp.out,257.8706544337822,-0.0116,0.4019,7.671,0.0,-1324.9971566661,259.230867450611,318.1708825993048,-1627.9429578176,0.1080224854003972
PHER_red_494_cutoff_0.0.inp.out,255.3630142028352,-0.0469,0.3638,7.1675,0.0,-1324.951394775,32.72979010903209,150.6137531763911,-1627.9212166125,0.1348398176996852
PHER_red_495_cutoff_0.0.inp.out,256.81331725427845,-0.0468,0.3796,7.2393,0.0,-1324.9416786328,246.1863689628952,465.75738144496427,-1627.9194473967,0.1349144382993472
PHER_red_496_cutoff_0.0.inp.out,258.53318423326033,-0.0315,0.3878,7.5005,0.0,-1324.9828170698,214.55790677446905,470.2272975740314,-1627.9482967746,0.1258837049999783
PHER_red_497_cutoff_0.0.inp.out,257.0095614624342,-0.0387,0.3742,7.2854,0.0,-1324.940918668,246.59190799147865,409.0686427970009,-1627.9150508099,0.130872952199752
PHER_red_498_cutoff_0.0.inp.out,259.2801028828709,-0.0239,0.3948,7.1972,0.0,-1324.8362481847,256.7954022586022,346.14459048922754,-1627.7904501584,0.1163531516003786
PHER_red_499_cutoff_0.0.inp.out,258.4829703242268,-0.0374,0.3862,7.6902,0.0,-1325.0222772678,197.67571385225995,279.28576755711686,-1627.994560475,0.1243574656000419
PHER_red_49_cutoff_0.0.inp.out,257.6831987266407,-0.0209,0.3826,7.3516,0.0,-1325.0443588664,-100.75263908735582,-299.1977543976541,-1627.9790400105,0.1105781162996208
PHER_red_4_cutoff_0.0.inp.out,256.87154658852216,-0.0295,0.3994,7.319,0.0,-1324.286929222,-27.913561834762874,30.225090435896448,-1627.2416522512,0.1113301023005988
PHER_red_50_cutoff_0.0.inp.out,255.78820997783995,-0.0065,0.3954,6.3367,0.0,-1325.5699072742,-167.1363785208485,-153.25747211509045,-1628.4862103211,0.0940205967999645
PHER_red_51_cutoff_0.0.inp.out,258.8119160908743,-0.0363,0.3816,7.1308,0.0,-1325.8192830043,-45.82869233024327,-124.11786570804811,-1628.7817980396,0.1311857798000346
PHER_red_52_cutoff_0.0.inp.out,259.22668967565914,-0.039,0.3805,6.9904,0.0,-1325.5674539694,-135.2539523387847,-329.0989684806961,-1628.5267319651,0.1273813819998395
PHER_red_53_cutoff_0.0.inp.out,255.77075170779923,-0.0365,0.3763,7.2279,0.0,-1325.4858683779,-95.73983546370523,-194.67019864718972,-1628.4396545022,0.1237701353002194
PHER_red_54_cutoff_0.0.inp.out,259.7260988457219,-0.0341,0.3796,7.1112,0.0,-1325.5712090294,-81.33909511107545,-225.3892279616284,-1628.537485372,0.12198247140077
PHER_red_55_cutoff_0.0.inp.out,258.78050106069986,-0.0262,0.3879,7.2604,0.0,-1325.4406698924,-117.65496345263878,-231.95408028366612,-1628.3907317393,0.1110253861997989
PHER_red_56_cutoff_0.0.inp.out,257.1636252970159,-0.0051,0.4094,7.3396,0.0,-1325.455402989,-70.0138848929376,-264.24234035573875,-1628.386129659,0.0915395791998889
PHER_red_57_cutoff_0.0.inp.out,260.1857340282205,-0.031,0.3917,6.8072,0.0,-1325.4660078932,31.582184680898255,-25.27840253026712,-1628.4242353302,0.110059081500367
PHER_red_58_cutoff_0.0.inp.out,257.21128184688155,-0.0347,0.3884,7.5828,0.0,-1325.3754264247,-148.12993959707663,-176.03986259304833,-1628.3259389056,0.1249183420995905
PHER_red_59_cutoff_0.0.inp.out,258.2835880688074,-0.0196,0.3996,7.0234,0.0,-1325.2774169072,-33.31074645335907,120.7141483577122,-1628.2250412213,0.1121205053996163
PHER_red_5_cutoff_0.0.inp.out,261.4955731084042,-0.0374,0.3808,7.775,0.0,-1325.2070441838,65.07124917010435,85.18088513653966,-1628.1736391447,0.1255932542999289
PHER_red_60_cutoff_0.0.inp.out,257.1741293773739,-0.0114,0.4069,7.8668,0.0,-1325.2622932592,296.86526982093136,480.2701518774065,-1628.2040189604,0.1077192468992507
PHER_red_61_cutoff_0.0.inp.out,258.19986409029383,-0.0117,0.3991,7.6408,0.0,-1325.2349777597,341.0421009265804,453.16942554326073,-1628.1698359305,0.1009991260007154
PHER_red_62_cutoff_0.0.inp.out,257.9009568831755,-0.0203,0.3967,7.5031,0.0,-1324.9800264223,328.54986542976195,498.96669493203746,-1627.9164277176,0.108754879499429
PHER_red_63_cutoff_0.0.inp.out,258.7815741186325,-0.0419,0.3882,7.663,0.0,-1324.9014417578,63.618304741540875,249.127457018368,-1627.8854220005,0.1298624467999616
PHER_red_64_cutoff_0.0.inp.out,259.0806230862062,-0.0368,0.3856,8.1943,0.0,-1325.1745534052,93.85104714216102,164.04581924933194,-1628.140295572,0.1358509844003492
PHER_red_65_cutoff_0.0.inp.out,259.6774621505508,-0.0535,0.3608,7.4718,0.0,-1324.7922830772,86.6503183635945,118.4493672840643,-1627.7698882137,0.1408036434004316
PHER_red_66_cutoff_0.0.inp.out,258.0464188036194,-0.0318,0.4001,7.4,0.0,-1325.1114942359,-69.61076155902994,-84.90145496474045,-1628.0809303772,0.1183457961005842
PHER_red_67_cutoff_0.0.inp.out,256.6207489903259,-0.0186,0.4034,8.0295,0.0,-1324.7686414189,58.85976316891333,-69.38788802756694,-1627.7145173137,0.1179896817002372
PHER_red_68_cutoff_0.0.inp.out,256.3161512500848,-0.0245,0.3891,8.1805,0.0,-1324.8703802055,24.23336347155114,-169.88435428066913,-1627.8221877877,0.117218232399864
PHER_red_69_cutoff_0.0.inp.out,254.15957468122372,-0.0253,0.3736,7.144,0.0,-1324.9675983173,-115.64475640397764,-335.3541486901046,-1627.9008333124,0.1208047870995869
PHER_red_6_cutoff_0.0.inp.out,257.27614171551846,-0.0233,0.3952,8.0159,0.0,-1324.4612489552,-37.75347965189086,8.507500227617301,-1627.4205618709,0.1088175760996819
PHER_red_70_cutoff_0.0.inp.out,257.12675136101717,-0.0047,0.4131,6.2535,0.0,-1324.7356597455,-63.78818171109717,-64.70787073637399,-1627.6637076983,0.0939658592005798
PHER_red_71_cutoff_0.0.inp.out,257.01794314061954,-0.016,0.4121,7.7225,0.0,-1325.0236014985,-46.08234256245437,-141.65536855803526,-1627.9608246873,0.1066818918998251
PHER_red_72_cutoff_0.0.inp.out,255.77479575176025,-0.0185,0.3845,7.0357,0.0,-1325.2369873437,-35.613048784937824,-37.04371027575488,-1628.1657040667,0.1103183446002731
PHER_red_73_cutoff_0.0.inp.out,258.87630228038734,-0.0362,0.3835,7.5772,0.0,-1325.1510406169,-247.57407894738265,-175.69346645364928,-1628.1157676019,0.1219387486999039
PHER_red_74_cutoff_0.0.inp.out,259.7492142313085,-0.0097,0.4059,7.2758,0.0,-1325.198443147,-76.16598188216803,-97.19146969385952,-1628.1201543244,0.0984114703005616
PHER_red_75_cutoff_0.0.inp.out,256.67742489446954,-0.0302,0.3838,7.9069,0.0,-1325.059251054,122.65798563281432,276.78286211425814,-1628.0038650923,0.1190195172002859
PHER_red_76_cutoff_0.0.inp.out,259.3792015852438,-0.0274,0.3973,8.3965,0.0,-1325.0553442975,2.748152558828562,24.868090428589426,-1628.0178842191,0.1162027892996775
PHER_red_77_cutoff_0.0.inp.out,259.5384439500378,-0.0308,0.394,7.3322,0.0,-1324.9900094599,187.91236453043837,233.23641101476076,-1627.9524990807,0.1174722487994586
PHER_red_78_cutoff_0.0.inp.out,255.52432142051197,-0.0318,0.3892,7.66,0.0,-1324.9720190195,-50.20287750967627,-0.9482636368918458,-1627.9164505463,0.1204247873001804
PHER_red_79_cutoff_0.0.inp.out,258.95013202117303,-0.0198,0.3982,7.7099,0.0,-1324.6434654149,161.76763074574922,382.6335581322892,-1627.5831775983,0.1064782552002725
PHER_red_7_cutoff_0.0.inp.out,256.2948688343833,-0.0246,0.4055,7.3758,0.0,-1324.9916846032,-42.94960446424044,72.52707858544689,-1627.9440495462,0.1123839386000327
PHER_red_80_cutoff_0.0.inp.out,255.89185526391137,-0.0277,0.3834,8.5827,0.0,-1324.8118788532,102.18893014020772,222.6201494202324,-1627.7682995422,0.1233634868003719
PHER_red_81_cutoff_0.0.inp.out,255.46040091856725,-0.0292,0.3971,8.0878,0.0,-1324.849522849,39.56826482427997,60.61792967107939,-1627.8090696315,0.1204314474998682
PHER_red_82_cutoff_0.0.inp.out,258.35212924877254,-0.0201,0.4037,8.0264,0.0,-1324.8532867517,46.47883015727885,132.37759474809874,-1627.8034307922,0.1080028317001051
PHER_red_83_cutoff_0.0.inp.out,257.3348168261897,-0.0337,0.3891,8.1718,0.0,-1324.8786254018,10.19446533180062,82.89591361962577,-1627.8465072243,0.1209288943000501
PHER_red_84_cutoff_0.0.inp.out,258.89791714213294,-0.0301,0.4002,7.5646,0.0,-1325.0073428726,51.74170977994443,-14.787577638389994,-1627.9683107326,0.113779184300256
PHER_red_85_cutoff_0.0.inp.out,258.75122249954455,-0.0619,0.3584,8.0215,0.0,-1325.3344393131,159.1461458687656,190.30298148697727,-1628.319748255,0.1474658465995162
PHER_red_86_cutoff_0.0.inp.out,257.7636204903193,-0.0494,0.3661,7.2922,0.0,-1324.997819976,109.21168789304764,122.64888159949336,-1627.9734762447,0.1290131497007678
PHER_red_87_cutoff_0.0.inp.out,258.5591511671277,-0.0423,0.3817,7.8319,0.0,-1324.876671783,15.97008368752566,70.3269771881469,-1627.835943979,0.1315435264996267
PHER_red_88_cutoff_0.0.inp.out,257.26098733509093,-0.0217,0.3973,7.5761,0.0,-1325.2811680488,7.593400572038609,-33.69457718537245,-1628.2375789689,0.106715172099939
PHER_red_89_cutoff_0.0.inp.out,257.04644317294407,-0.0053,0.4145,8.2079,0.0,-1325.1474479744,110.03447851987424,30.643627912158397,-1628.0760233818,0.0901746524996269
PHER_red_8_cutoff_0.0.inp.out,256.20616486462853,-0.0241,0.3977,7.247,0.0,-1324.4322160909,252.42353312165068,428.3464235270724,-1627.3880410983,0.1108232420001513
PHER_red_90_cutoff_0.0.inp.out,256.7151187036946,-0.0348,0.3882,8.1871,0.0,-1325.0872368364,130.15167105767907,130.8881660695051,-1628.0443683457,0.1203589397000541
PHER_red_91_cutoff_0.0.inp.out,256.42938047852675,-0.0365,0.38,7.5401,0.0,-1324.9831297322,-45.552394959480694,-150.1732931691052,-1627.9490980527,0.1142415046997484
PHER_red_92_cutoff_0.0.inp.out,257.1776740396991,-0.0183,0.3993,8.2726,0.0,-1324.8251000082,37.47708799113405,-70.81087679641969,-1627.7640236627,0.1037822332000359
PHER_red_93_cutoff_0.0.inp.out,257.3620303348301,-0.0156,0.402,6.6404,0.0,-1325.416862189,-39.49846188311607,-172.72847695943986,-1628.3551967696,0.095247789199675
PHER_red_94_cutoff_0.0.inp.out,255.21264608000027,-0.0353,0.3713,7.3735,0.0,-1324.8295981831,-206.3337358393678,-325.3949390992741,-1627.7778192842,0.1212238361995332
PHER_red_95_cutoff_0.0.inp.out,260.4790036767697,-0.0185,0.3925,7.3275,0.0,-1324.7057606717,-66.03884021605671,-46.42379119166595,-1627.6484700872,0.0992220740999982
PHER_red_96_cutoff_0.0.inp.out,258.0105101383907,-0.0304,0.3972,6.8969,0.0,-1325.0810495335,93.14162312556807,-13.38918225014726,-1628.0244836203,0.1193346671998369
PHER_red_97_cutoff_0.0.inp.out,258.20668068121375,-0.0231,0.4026,6.72,0.0,-1324.8971878996,-57.706697475073895,-212.63958410461748,-1627.8372369593,0.1036439999998037
PHER_red_98_cutoff_0.0.inp.out,259.01614577883964,-0.0215,0.3873,7.7278,0.0,-1325.0720116318,-122.90580101561712,-238.29398019507585,-1628.0180125644,0.1158817399000327
PHER_red_99_cutoff_0.0.inp.out,258.89555476232255,-0.0237,0.384,6.7102,0.0,-1324.9056070245,-216.0408400823545,-286.75330372700444,-1627.8415062866,0.1074278809001043
PHER_red_9_cutoff_0.0.inp.out,254.95851075732332,-0.0319,0.3707,7.9949,0.0,-1324.530021089,144.31928394965556,271.8743714361812,-1627.476822064,0.1140728571999716
