file_name,NRE,HOMO,LUMO,Dipole_mom,Num_waters,chg_chg,elec5,elec10,SCF_E,delE_dft
PHER_red_0_cutoff_7.5.inp.out,261.7745035826375,-0.0691,0.3655,12.9736,56.0,-1305.0081934219,7.689363775229093,-44.8909223865749,-5837.8089975235,0.1284469846996216
PHER_red_100_cutoff_7.5.inp.out,258.88374886607545,-0.052,0.3665,24.2505,49.0,-1308.1085218927,7.978330336247583,-112.0367464788042,-5312.1959038054,0.1190980475994365
PHER_red_101_cutoff_7.5.inp.out,256.1494510348068,-0.0674,0.3473,24.6461,53.0,-1306.6938141225,-282.27540597296473,-185.37221795389848,-5612.9337592508,0.1366547446004915
PHER_red_102_cutoff_7.5.inp.out,258.41984823298765,-0.0615,0.3711,23.8373,56.0,-1305.0908395258,-239.7079569904839,-72.07352315424151,-5837.926232159,0.1261005163005393
PHER_red_103_cutoff_7.5.inp.out,257.9300119387272,-0.0622,0.3614,25.2729,55.0,-1305.5582609133,138.32557756325906,-7.327789588394594,-5762.8217206423,0.1307487510994178
PHER_red_104_cutoff_7.5.inp.out,257.51197036706105,-0.0298,0.3812,26.6814,57.0,-1304.8873404038,38.86271639621027,15.318826521797464,-5913.2187288679,0.1006364744007441
PHER_red_105_cutoff_7.5.inp.out,258.3488100323358,-0.0286,0.3907,28.5242,53.0,-1306.5403751014,-119.12938656776768,-89.22886661683273,-5612.7228868728,0.09863720750036
PHER_red_106_cutoff_7.5.inp.out,257.2562030169131,-0.0332,0.3906,26.3519,50.0,-1307.4418998751,-200.4772776149844,-236.11120072960645,-5386.9760064177,0.1051379155996983
PHER_red_107_cutoff_7.5.inp.out,258.62203063188736,-0.0329,0.3837,26.5277,51.0,-1306.992540115,-12.297696885117269,-143.0033565382466,-5462.0242483008,0.1016507458998603
PHER_red_108_cutoff_7.5.inp.out,256.45309236390716,-0.0462,0.3744,31.4608,52.0,-1306.8903600262,62.31834981224495,18.199871667349804,-5537.4708204363,0.1110077422999893
PHER_red_109_cutoff_7.5.inp.out,256.2641941905645,-0.0312,0.3957,27.0306,51.0,-1307.7361822232,82.61474167822703,79.46470357200145,-5462.8316441803,0.0954461103001449
PHER_red_10_cutoff_7.5.inp.out,256.78059310285624,-0.0539,0.3569,46.708,54.0,-1306.4879113248,214.30838456093687,299.54944274008903,-5688.2361494943,0.1253771241999857
PHER_red_110_cutoff_7.5.inp.out,257.78686720133317,-0.035,0.3911,27.295,53.0,-1306.5485199453,1.4620275363851376,-65.04688282055756,-5612.6933978968,0.1009196181994411
PHER_red_111_cutoff_7.5.inp.out,258.1841432012045,-0.0402,0.3817,26.355,50.0,-1307.5312678845,253.05374157125308,222.64957904154105,-5387.1452001296,0.1053152592994592
PHER_red_112_cutoff_7.5.inp.out,256.74984650690027,-0.0205,0.393,19.3727,50.0,-1307.4472294575,16.908841525591836,78.72989901933288,-5386.9803299044,0.0924424292006733
PHER_red_113_cutoff_7.5.inp.out,258.5634010292311,-0.0481,0.3747,25.9857,51.0,-1306.8702368889,91.99611679776304,199.04333099307175,-5462.0240571446,0.1130629992003378
PHER_red_114_cutoff_7.5.inp.out,255.85974159773372,-0.0623,0.3711,23.3713,53.0,-1306.2695828826,263.3571546698639,257.53392847753713,-5612.4425352554,0.127750081400336
PHER_red_115_cutoff_7.5.inp.out,256.1644509157945,-0.0347,0.3787,23.7384,52.0,-1306.5759946632,-165.66516151810674,-217.69358728653395,-5537.2168300212,0.0990912359993672
PHER_red_116_cutoff_7.5.inp.out,259.8641086302788,-0.0399,0.365,20.398,51.0,-1307.1342034488,158.61707720434174,93.51862822437292,-5462.2380685954,0.1127826298006766
PHER_red_117_cutoff_7.5.inp.out,258.10309906507996,-0.0422,0.388,14.9624,48.0,-1308.3457319171,-135.27160905948944,-251.31490119573303,-5236.9168450917,0.1114532608007721
PHER_red_118_cutoff_7.5.inp.out,257.03848739710696,-0.0415,0.3808,22.414,50.0,-1307.2957923108,20.425109173173784,-54.004551893740135,-5386.8743773824,0.1085359034004795
PHER_red_119_cutoff_7.5.inp.out,260.80262385972037,-0.024,0.401,18.4925,53.0,-1306.586315688,-98.3655261367416,-112.70380573457814,-5612.6719810593,0.094141980299355
PHER_red_11_cutoff_7.5.inp.out,255.84611372498296,-0.0582,0.3627,56.5646,54.0,-1305.9560755302,20.411199313250837,135.4569530770687,-5687.622594977,0.1243800726006156
PHER_red_120_cutoff_7.5.inp.out,261.40842946952137,-0.0344,0.3839,10.3698,51.0,-1307.1050306201,-90.42921359547375,-156.99785516488828,-5462.2106299663,0.1022978559994953
PHER_red_121_cutoff_7.5.inp.out,255.9590874722876,-0.0371,0.38,11.3302,53.0,-1306.2655046146,-214.3931101236502,-115.04253918043791,-5612.4197290747,0.1084491632000208
PHER_red_122_cutoff_7.5.inp.out,254.9941473631476,-0.0069,0.4065,12.6349,54.0,-1306.3020515136,70.07159556808092,-37.50751980506366,-5687.8781012817,0.0794502807002572
PHER_red_123_cutoff_7.5.inp.out,256.0467720315728,-0.0106,0.395,8.2211,55.0,-1305.7915993811,-70.63814853716879,-98.00996118255824,-5762.9489146599,0.0829342114002429
PHER_red_124_cutoff_7.5.inp.out,257.45562585437443,-0.0137,0.3858,15.1898,55.0,-1305.7251605361,-146.21051591226762,-219.28253893312265,-5762.908771659,0.0845329345002028
PHER_red_125_cutoff_7.5.inp.out,256.7188414206236,-0.0027,0.4094,25.5916,53.0,-1306.4519495438,-124.44744167894189,-314.50278722730434,-5612.5769517211,0.0749314304002837
PHER_red_126_cutoff_7.5.inp.out,257.5055902994887,-0.0189,0.3994,31.5656,51.0,-1307.4066741913,-60.23498094892167,-91.86708750467818,-5462.4544645927,0.0869102253000164
PHER_red_127_cutoff_7.5.inp.out,261.4667171877276,-0.0077,0.4086,35.812,51.0,-1307.3097546752,1.0648951657683574,-162.034583959525,-5462.2982964735,0.0794551924000188
PHER_red_128_cutoff_7.5.inp.out,260.9159554021056,-0.0095,0.4049,37.4165,50.0,-1308.0048717574,-79.12261302109455,-49.48463867580956,-5387.5062806852,0.0822367805003523
PHER_red_129_cutoff_7.5.inp.out,259.08124133150204,-0.0236,0.3943,40.6666,55.0,-1305.7945075823,-196.75827485979255,-232.1838165964448,-5762.9323605706,0.0908667683997919
PHER_red_12_cutoff_7.5.inp.out,255.6305883143924,-0.0545,0.356,49.2728,54.0,-1306.1070248313,19.711213499465277,-81.02312974106123,-5687.7567004837,0.1221920232001139
PHER_red_130_cutoff_7.5.inp.out,258.9540655164343,-0.0545,0.3917,36.168,55.0,-1306.0131401505,72.4951201420821,75.60769955825673,-5763.2213308725,0.1187127686007443
PHER_red_131_cutoff_7.5.inp.out,256.7442292793914,-0.0778,0.3412,44.3361,55.0,-1306.1631022933,89.55735901959646,95.70803152273665,-5763.4126155979,0.1379992579995814
PHER_red_132_cutoff_7.5.inp.out,256.54259895361406,-0.0689,0.3519,41.5999,52.0,-1306.8251601394,144.29734093049612,94.54390041842738,-5537.4747543913,0.1303735615992991
PHER_red_133_cutoff_7.5.inp.out,257.80188463842046,-0.0671,0.3674,40.9617,53.0,-1306.3377964115,276.5492555020263,458.2186977574635,-5612.5325578747,0.1266444191005575
PHER_red_134_cutoff_7.5.inp.out,258.35374628362945,-0.0669,0.3682,45.7346,53.0,-1306.2912325119,305.05262893792997,236.49682110891743,-5612.486132008,0.1242612598998675
PHER_red_135_cutoff_7.5.inp.out,257.5688769959501,-0.079,0.3597,37.385,52.0,-1307.2675496351,219.72890992205063,199.47692634967348,-5537.9383494469,0.134467548399698
PHER_red_136_cutoff_7.5.inp.out,257.571171654422,-0.0679,0.3479,34.9774,52.0,-1306.6731962104,-163.37365914320074,-98.89855608398992,-5537.3446881127,0.1299533610999788
PHER_red_137_cutoff_7.5.inp.out,256.85487377709677,-0.0476,0.37,30.6957,54.0,-1306.1111470063,174.2290787777831,177.75952207658074,-5687.7743734491,0.1168050943997514
PHER_red_138_cutoff_7.5.inp.out,257.23122792897624,-0.0043,0.4163,35.7192,50.0,-1307.7517224085,-24.50119525615709,111.03722479070858,-5387.2092862509,0.0730232027999591
PHER_red_139_cutoff_7.5.inp.out,257.7631210257703,-0.0461,0.3723,24.2868,52.0,-1306.9539775784,195.79590574244295,94.47634110324944,-5537.5144414028,0.1103739471000153
PHER_red_13_cutoff_7.5.inp.out,257.9469563245418,-0.0572,0.3645,44.564,56.0,-1305.5609806564,-170.30134792504728,-293.6809263007071,-5838.3589227191,0.1171462419006275
PHER_red_140_cutoff_7.5.inp.out,258.53130280616983,-0.0793,0.3513,33.8891,52.0,-1307.1608438535,62.87633157285984,139.6881207308659,-5537.7660237954,0.1366589312001451
PHER_red_141_cutoff_7.5.inp.out,256.46587033643164,-0.0707,0.3584,40.9103,52.0,-1306.7163257507,-197.87856435019663,-180.49941204240525,-5537.3389057299,0.1337617097997281
PHER_red_142_cutoff_7.5.inp.out,258.5872949762261,-0.0629,0.3614,32.5941,50.0,-1307.4517004161,-236.4797283385284,-376.2791345616799,-5387.005877257,0.1271228326995697
PHER_red_143_cutoff_7.5.inp.out,260.9685896469918,-0.0847,0.3501,27.7415,48.0,-1307.9136889041,-96.74982381888988,-341.1011390002281,-5236.4858849866,0.1441176665002785
PHER_red_144_cutoff_7.5.inp.out,258.51943524039154,-0.0585,0.3785,24.1274,52.0,-1306.704027469,10.265883784967,-324.4987578255828,-5537.3491265394,0.1244578328996794
PHER_red_145_cutoff_7.5.inp.out,260.4164664629443,-0.0313,0.3893,30.3057,48.0,-1307.9684100806,-63.04866463005814,-315.44779201571555,-5236.4553221693,0.1007267668992426
PHER_red_146_cutoff_7.5.inp.out,259.8155258012609,-0.0607,0.3601,31.1334,51.0,-1306.8262179872,-310.48910344284326,-480.07481769720994,-5461.9640782493,0.1235454243997082
PHER_red_147_cutoff_7.5.inp.out,258.86836732865754,-0.0542,0.3707,21.3233,54.0,-1306.2614687258,-538.9761924338242,-759.4978699157405,-5688.0165688753,0.1171299700999952
PHER_red_148_cutoff_7.5.inp.out,256.7914883010864,-0.0255,0.4013,28.8484,54.0,-1305.9241535877,-648.2782497532846,-864.9277798073373,-5687.6315246119,0.0924098717005108
PHER_red_149_cutoff_7.5.inp.out,256.0778134971204,-0.0596,0.3623,23.3028,56.0,-1305.4205873937,-361.68377796185024,-631.3370626300456,-5838.2561335666,0.1206429147996459
PHER_red_14_cutoff_7.5.inp.out,255.27979269319547,-0.0829,0.3409,35.7765,59.0,-1304.5470948097,103.71089034293716,18.010805580809524,-6063.9186465713,0.1503468545997748
PHER_red_150_cutoff_7.5.inp.out,254.16280788240636,-0.0335,0.3758,49.7733,56.0,-1305.3659527263,57.48151673206106,21.174551133320143,-5838.1219327768,0.1069401723007104
PHER_red_151_cutoff_7.5.inp.out,256.90365735836735,-0.0431,0.3726,44.0579,55.0,-1305.6293026145,101.94194358968312,76.77341839859388,-5762.8494067011,0.111454134300402
PHER_red_152_cutoff_7.5.inp.out,258.9606160378603,-0.0464,0.3795,39.1693,59.0,-1304.337059572,-143.38151344437816,-303.462064944561,-6063.66221169,0.11107544710012
PHER_red_153_cutoff_7.5.inp.out,257.4872363792002,-0.0536,0.3714,35.5267,57.0,-1305.2372723198,-82.65809622022626,-97.15575809512568,-5913.4733387165,0.1158712158003254
PHER_red_154_cutoff_7.5.inp.out,260.3036859367197,-0.0543,0.3765,37.6756,57.0,-1305.1572596095,27.671879020944147,-155.20319702935416,-5913.4263870011,0.1202401520004059
PHER_red_155_cutoff_7.5.inp.out,259.05176122632173,-0.0579,0.3668,33.5312,58.0,-1305.142851453,114.16621169770173,-70.92746845982553,-5988.9868770207,0.1297161440998024
PHER_red_156_cutoff_7.5.inp.out,259.4205786673542,-0.0356,0.3844,40.0864,54.0,-1306.0884917219,82.81329899580781,14.826347669210984,-5687.7665777928,0.107033759699334
PHER_red_157_cutoff_7.5.inp.out,259.2957390177341,-0.0559,0.3666,38.8034,57.0,-1305.1747340197,-198.2704918973123,-321.7071296642338,-5913.4677142239,0.1276279228004568
PHER_red_158_cutoff_7.5.inp.out,258.1275692269277,-0.0666,0.3668,29.0869,52.0,-1307.0356808221,-174.94191576791695,-309.7138699358098,-5537.6852594042,0.1276061359003506
PHER_red_159_cutoff_7.5.inp.out,258.3152984381251,-0.0344,0.396,34.4528,55.0,-1305.7016699288,15.72952553309221,-137.5862703110826,-5762.9715010842,0.1038786484996308
PHER_red_15_cutoff_7.5.inp.out,256.91207551023905,-0.0773,0.3564,36.3693,56.0,-1305.6908170374,-12.469666241310932,-93.24799502805357,-5838.4642126543,0.137923957699968
PHER_red_160_cutoff_7.5.inp.out,257.9907445482739,-0.0466,0.3613,37.117,53.0,-1306.2616457597,-37.718156553485656,73.28667997070447,-5612.4440108309,0.1125322534007864
PHER_red_161_cutoff_7.5.inp.out,256.41117977374313,-0.016,0.401,28.1757,54.0,-1306.5358104139,18.38202737051315,179.48349486005887,-5688.2345661086,0.0886240495992751
PHER_red_162_cutoff_7.5.inp.out,254.02866801596247,-0.0385,0.3864,21.4756,51.0,-1306.7997059662,260.46042102684777,394.33794322572834,-5461.9608032317,0.1088582043994392
PHER_red_163_cutoff_7.5.inp.out,259.9929723537778,-0.0297,0.3974,11.8046,58.0,-1304.7636721402,49.56016559522602,45.07930359671911,-5988.5212961113,0.0955616946994268
PHER_red_164_cutoff_7.5.inp.out,258.45516986023534,-0.0446,0.3809,14.43,57.0,-1304.9288420034,97.03581489123238,95.8688299728931,-5913.1735103283,0.1135425346001284
PHER_red_165_cutoff_7.5.inp.out,259.8117584662696,-0.0691,0.3567,8.0919,58.0,-1305.0667578996,-21.77071600680132,23.519819644693527,-5988.8580011937,0.1266150566998476
PHER_red_166_cutoff_7.5.inp.out,255.77129649425893,-0.0517,0.3656,24.1074,57.0,-1305.3378613856,-100.12111056492218,-93.16823390879344,-5913.6116349344,0.1217586406992268
PHER_red_167_cutoff_7.5.inp.out,254.7960449838204,-0.0379,0.3719,24.7796,63.0,-1303.1017403812,34.62623898416129,75.79786839020575,-6364.5652321206,0.1074865372002022
PHER_red_168_cutoff_7.5.inp.out,258.10414683763446,-0.0572,0.3652,21.0866,55.0,-1305.9108599204,-5.605630474529657,-85.65473283430289,-5763.2011503871,0.1223438328997872
PHER_red_169_cutoff_7.5.inp.out,254.944106753492,-0.0519,0.367,25.3455,58.0,-1304.5467408478,106.9723162167016,90.70083395857829,-5988.3311057167,0.1166143258997181
PHER_red_16_cutoff_7.5.inp.out,260.64061469442606,-0.0625,0.3635,32.6803,54.0,-1305.7480034244,-14.759078664916183,-54.73595827284497,-5687.4319873556,0.1271951340995656
PHER_red_170_cutoff_7.5.inp.out,257.95189585950027,-0.0479,0.3709,32.9986,58.0,-1304.8855580738,3.288706812047983,-8.475960902845241,-5988.7639526125,0.1153207439001562
PHER_red_171_cutoff_7.5.inp.out,259.33873754345615,-0.076,0.3583,23.4209,54.0,-1305.815333776,57.06474382645005,11.133123656913956,-5687.5963511223,0.131773821999559
PHER_red_172_cutoff_7.5.inp.out,257.61895463234544,-0.0485,0.3642,29.1552,57.0,-1305.2632602703,73.74491454639464,148.20326896843812,-5913.552778737,0.1216356470004029
PHER_red_173_cutoff_7.5.inp.out,260.79932873549984,-0.0677,0.363,26.5912,57.0,-1304.7185391163,226.20726985471535,255.04742190314997,-5913.0441942953,0.1290111448006428
PHER_red_174_cutoff_7.5.inp.out,256.4687785329094,-0.0778,0.3409,20.3896,60.0,-1304.3056501298,253.76895591078895,222.0693381392269,-6139.1986760844,0.146746576499936
PHER_red_175_cutoff_7.5.inp.out,258.3718718723319,-0.0434,0.3777,30.6588,57.0,-1305.0205243985,209.47514443097324,216.95682174682912,-5913.3024662984,0.1153728341005262
PHER_red_176_cutoff_7.5.inp.out,258.81981896894376,-0.0244,0.4045,29.6025,56.0,-1305.3675402394,-36.040206610711,-124.74248214420192,-5838.0933755632,0.0901605182998537
PHER_red_177_cutoff_7.5.inp.out,257.68035437135586,-0.0586,0.365,22.9811,57.0,-1304.977412845,98.98519981537638,109.51718385177573,-5913.296487981,0.123985457499657
PHER_red_178_cutoff_7.5.inp.out,259.27815541873713,-0.0502,0.3668,25.8454,54.0,-1306.1998801539,35.94247149748722,-154.22626611974388,-5687.9054945058,0.1196089548002419
PHER_red_179_cutoff_7.5.inp.out,258.75613988953944,-0.0352,0.4019,32.61,55.0,-1305.7527337843,182.65818399520623,250.74992313619896,-5763.0359409398,0.1003364721000252
PHER_red_17_cutoff_7.5.inp.out,256.84987258506146,-0.0385,0.3881,19.8324,51.0,-1307.1595130441,-23.205385385385444,-208.0149404623985,-5462.2339001866,0.1069544464999125
PHER_red_180_cutoff_7.5.inp.out,257.20887312669146,-0.0213,0.4006,31.097,51.0,-1307.2928443116,125.71403648512782,301.4312895173649,-5462.3621531841,0.0897186421007063
PHER_red_181_cutoff_7.5.inp.out,257.7576947500694,-0.0485,0.3703,27.5443,49.0,-1307.7153451686,341.1958020345832,359.934228707717,-5311.8027016475,0.1158015111004715
PHER_red_182_cutoff_7.5.inp.out,256.0063268282914,-0.0658,0.3583,34.9823,51.0,-1307.4310528293,101.92715922217512,163.02433872052308,-5462.6390028776,0.1259149777997663
PHER_red_183_cutoff_7.5.inp.out,257.3032542038276,-0.0317,0.3848,24.877,46.0,-1309.0612560318,160.54628679235128,110.2567357968475,-5086.5146643847,0.0989129204999699
PHER_red_184_cutoff_7.5.inp.out,256.17503008757853,-0.0639,0.3623,30.1097,48.0,-1308.2952648112,115.12234949234288,40.52508113782347,-5236.8604766909,0.126993211599256
PHER_red_185_cutoff_7.5.inp.out,255.4331002357426,-0.0383,0.374,25.5229,53.0,-1306.9034775292,208.27783595518235,236.76650516587551,-5613.0658493712,0.1062174254993806
PHER_red_186_cutoff_7.5.inp.out,259.1344553466053,-0.0444,0.3682,26.8984,53.0,-1306.7055632125,-0.6246183620763418,21.769217064080813,-5612.8077009233,0.1109369201994923
PHER_red_187_cutoff_7.5.inp.out,258.45595035486417,-0.0459,0.3779,18.2287,55.0,-1306.3689270887,-285.382118128816,-200.37183850904415,-5763.5994818187,0.1151981057992088
PHER_red_188_cutoff_7.5.inp.out,259.1344547503576,-0.043,0.3855,23.8086,53.0,-1306.9279127947,-97.00934531885896,34.33889881137079,-5613.1266656989,0.1125185176997547
PHER_red_189_cutoff_7.5.inp.out,259.0472199340924,-0.0368,0.3924,15.409,55.0,-1305.9521513866,65.10767600626676,114.14284311701896,-5763.1778975501,0.103885142099898
PHER_red_18_cutoff_7.5.inp.out,259.1727895783774,-0.0518,0.3843,32.4274,52.0,-1306.7861824302,-17.737324917183656,-91.57253565909464,-5537.4208641025,0.1150267408993386
PHER_red_190_cutoff_7.5.inp.out,257.944195449995,-0.0351,0.3782,11.0576,55.0,-1305.8101472626,52.608188913344335,79.98427621321841,-5763.0444091847,0.1027242114996624
PHER_red_191_cutoff_7.5.inp.out,256.38875711992864,-0.0556,0.3602,16.9135,55.0,-1305.9289401486,-66.05705682947762,47.51539676550976,-5763.118699415,0.1236225357997682
PHER_red_192_cutoff_7.5.inp.out,255.01315896509388,-0.0605,0.3581,20.6057,55.0,-1306.0350256955,-1.329165545994622,51.08615749403308,-5763.2541541787,0.121080138200341
PHER_red_193_cutoff_7.5.inp.out,256.1189970106577,-0.0451,0.375,20.0367,57.0,-1304.985024852,-35.5575147063211,-14.023690075621213,-5913.2717556557,0.1082735796999259
PHER_red_194_cutoff_7.5.inp.out,260.5075266337681,-0.0399,0.3818,10.3209,55.0,-1305.8144885647,-95.04981077801588,-40.65364043535661,-5763.0723377045,0.1068830137000986
PHER_red_195_cutoff_7.5.inp.out,254.8350448742961,-0.058,0.3656,14.7827,53.0,-1306.8346413746,-185.87260010763455,-84.60302764785293,-5613.0010217626,0.124594600999444
PHER_red_196_cutoff_7.5.inp.out,255.8736904496616,-0.022,0.3864,9.7377,53.0,-1306.5068218907,-158.08551267617818,-111.82216876731128,-5612.6418174965,0.0958155025000451
PHER_red_197_cutoff_7.5.inp.out,259.13463659390925,-0.0157,0.4108,13.3485,54.0,-1306.6330734771,-191.0198790558254,-216.9680188098315,-5688.2977304155,0.0930632692998187
PHER_red_198_cutoff_7.5.inp.out,258.49967994117605,-0.0266,0.3927,12.1897,53.0,-1306.3701814844,113.7377380180274,36.934992684949144,-5612.5500090607,0.0976867619001495
PHER_red_199_cutoff_7.5.inp.out,259.5098604624384,-0.0325,0.3851,9.3314,56.0,-1305.3875503653,-49.49079627665227,7.648937895386482,-5838.1379673056,0.1053716749001978
PHER_red_19_cutoff_7.5.inp.out,260.4540349169978,-0.0521,0.3707,40.6237,56.0,-1305.0891630948,55.08277590496999,83.91451505293188,-5837.8794697079,0.1207434979005483
PHER_red_1_cutoff_7.5.inp.out,258.73213260532566,-0.021,0.3974,25.8457,58.0,-1304.6190303541,55.56175192987923,66.23172257668938,-5988.390346063,0.0939305686997613
PHER_red_200_cutoff_7.5.inp.out,261.2295968557075,-0.0451,0.3964,12.5959,56.0,-1305.7386450042,68.83268261773581,-36.26300600875494,-5838.5365469559,0.1072492103994591
PHER_red_201_cutoff_7.5.inp.out,257.122343850613,-0.0368,0.3796,11.1031,54.0,-1306.2761092148,36.81844859125341,-30.62185280278584,-5687.9598971606,0.1034461351000572
PHER_red_202_cutoff_7.5.inp.out,259.85658582403636,-0.0381,0.3959,14.2965,53.0,-1307.0671026831,34.2857892009198,-49.70235555737186,-5613.2354671148,0.1001830190998589
PHER_red_203_cutoff_7.5.inp.out,257.2576944409814,-0.0259,0.4038,19.7388,56.0,-1305.5174697314,-61.687385325705016,-15.342482394687307,-5838.3341288279,0.092828713700328
PHER_red_204_cutoff_7.5.inp.out,257.8336701104836,-0.0399,0.3846,32.6608,56.0,-1305.5291745566,129.1727813754626,25.646543369318575,-5838.3524069816,0.1045459151000613
PHER_red_205_cutoff_7.5.inp.out,259.58923264701144,-0.0607,0.36,23.6332,57.0,-1305.2587827427,45.77444991772392,-221.78433335586251,-5913.606899338,0.1236250279007435
PHER_red_206_cutoff_7.5.inp.out,255.8886202188831,-0.0447,0.3716,19.2136,56.0,-1305.7687917826,-104.14970525099385,-286.18523453956715,-5838.5596515776,0.1110991197001567
PHER_red_207_cutoff_7.5.inp.out,258.64306470174535,-0.0626,0.3682,19.1111,55.0,-1305.9997817892,-24.369562563414274,-144.18847833785094,-5763.3179990415,0.1202605991002201
PHER_red_208_cutoff_7.5.inp.out,256.68134441160515,-0.0578,0.3626,24.3739,54.0,-1305.8959499359,-106.64301657824048,-63.84010944280455,-5687.6745676893,0.1246680935992117
PHER_red_209_cutoff_7.5.inp.out,255.8219031221805,-0.0751,0.3406,30.9419,54.0,-1306.1373558878,-59.40167164526526,-95.66901343722152,-5687.9604629349,0.1405002118999618
PHER_red_20_cutoff_7.5.inp.out,257.9574580984687,-0.0407,0.3835,40.7959,59.0,-1304.3998513808,35.19674283139744,95.56821806737432,-6063.7418421982,0.1065617656004178
PHER_red_210_cutoff_7.5.inp.out,257.4614558763646,-0.0659,0.368,25.0726,55.0,-1305.9818593605,-77.71254302906927,-77.74858842050546,-5763.2766919438,0.1263702743999601
PHER_red_211_cutoff_7.5.inp.out,257.8802537452798,-0.0338,0.3842,20.5059,53.0,-1306.8520212706,-25.121962772335714,-111.51825950008876,-5613.0401328111,0.1054397676998633
PHER_red_212_cutoff_7.5.inp.out,259.3928483228696,-0.0686,0.353,22.4984,56.0,-1305.7679297366,-80.62626577023525,-25.219647003650906,-5838.5971137362,0.1320625201997245
PHER_red_213_cutoff_7.5.inp.out,260.5515989815505,-0.0568,0.3737,16.1435,52.0,-1307.0709445466,152.31614303992652,87.8228478665309,-5537.7130593408,0.1190637469999273
PHER_red_214_cutoff_7.5.inp.out,258.6463465997966,-0.0403,0.3714,8.2457,49.0,-1308.3846319861,249.9247386988744,233.70982459120685,-5312.3746764958,0.1096358840004541
PHER_red_215_cutoff_7.5.inp.out,257.33741646712633,-0.049,0.377,13.6684,50.0,-1307.7193207343,-31.767510360306893,-67.4844845806555,-5387.2992664602,0.1172293462996094
PHER_red_216_cutoff_7.5.inp.out,257.08302251340376,-0.0778,0.334,21.4786,53.0,-1306.8836521317,-18.006358819632936,3.652200113539509,-5613.0536514334,0.1415623463999509
PHER_red_217_cutoff_7.5.inp.out,255.25589711262597,-0.0681,0.3548,21.5768,53.0,-1306.594835061,21.13154998830978,-23.452675776245975,-5612.7286572589,0.1324804988998948
PHER_red_218_cutoff_7.5.inp.out,258.6734771172779,-0.0531,0.3625,18.5556,54.0,-1306.1490905385,286.0923327891434,143.74749323741062,-5687.8495113107,0.1166569181004888
PHER_red_219_cutoff_7.5.inp.out,256.1283285375083,-0.0579,0.3555,11.3982,55.0,-1305.9876143876,254.2107277190592,239.6407043624133,-5763.1742294313,0.1285377206004341
PHER_red_21_cutoff_7.5.inp.out,258.8230012770052,-0.0631,0.3677,42.186,54.0,-1306.479785036,97.09360299347712,222.3989739543152,-5688.2542612564,0.1226253171998905
PHER_red_220_cutoff_7.5.inp.out,257.233274375363,-0.0377,0.3788,28.5305,58.0,-1305.1231879534,145.27784865681895,183.60050847673736,-5988.9160314043,0.1056463891000021
PHER_red_221_cutoff_7.5.inp.out,257.8341671078783,-0.0342,0.3913,28.049,55.0,-1306.1962878504,-69.27502338798068,74.36145827502492,-5763.4070456801,0.1028093554996303
PHER_red_222_cutoff_7.5.inp.out,256.827056545061,-0.0441,0.3715,22.5483,53.0,-1306.2510034643,13.745544294939936,89.57328819437573,-5612.4144879392,0.1121724953000011
PHER_red_223_cutoff_7.5.inp.out,259.302493368932,-0.0523,0.3703,19.0473,54.0,-1306.5756822755,-160.3950654371987,-170.49186504506238,-5688.268155463,0.1132160266997743
PHER_red_224_cutoff_7.5.inp.out,262.12342027403844,-0.0667,0.3652,24.8702,53.0,-1306.6473261777,-25.143840081644836,156.85670282149766,-5612.8284744476,0.130509591000191
PHER_red_225_cutoff_7.5.inp.out,258.9634323162986,-0.0529,0.3707,23.0445,52.0,-1307.1539021303,72.81214643596898,239.28052035175224,-5537.757835389,0.1187575291005487
PHER_red_226_cutoff_7.5.inp.out,254.9356511980178,-0.0416,0.3737,22.1053,49.0,-1307.8711771121,124.06525670596707,444.32006089599815,-5311.884642568,0.1134471032000874
PHER_red_227_cutoff_7.5.inp.out,256.3877778126418,-0.0626,0.3562,23.9647,51.0,-1307.0372413705,152.6902711566795,388.5230031061469,-5462.1453182424,0.1242831926001599
PHER_red_228_cutoff_7.5.inp.out,256.0148663813241,-0.0391,0.386,18.0936,50.0,-1307.7210244803,97.73028184992924,76.7585115214756,-5387.2732523837,0.1066698729991912
PHER_red_229_cutoff_7.5.inp.out,254.66307881830036,-0.0526,0.3778,15.7278,50.0,-1307.5146615108,142.6774621841605,230.1984296500794,-5387.1085828944,0.1177333212999656
PHER_red_22_cutoff_7.5.inp.out,256.1474737095549,-0.0426,0.3858,47.3405,51.0,-1306.7796706038,317.56416893807136,229.28226971921427,-5461.8873785551,0.1036974895005187
PHER_red_230_cutoff_7.5.inp.out,254.4069848054185,-0.0747,0.3557,21.2681,49.0,-1307.9748509661,60.14070334374542,18.977535576823858,-5311.9924167451,0.13792516670037
PHER_red_231_cutoff_7.5.inp.out,255.0054736937668,-0.0731,0.3505,15.7575,51.0,-1307.5496682748,161.477520310098,170.740721246275,-5462.6970997594,0.1306446060998496
PHER_red_232_cutoff_7.5.inp.out,259.6800181810293,-0.0665,0.3659,18.0202,53.0,-1306.6444187885,313.23297199554617,451.32570705808587,-5612.8234230785,0.1234721650998835
PHER_red_233_cutoff_7.5.inp.out,258.25432845211276,-0.0584,0.3859,18.0601,55.0,-1305.9916727961,263.7094075886134,456.3294163294297,-5763.2033762015,0.1170338350002566
PHER_red_234_cutoff_7.5.inp.out,258.70850787544595,-0.0551,0.3784,13.5516,49.0,-1307.9193024212,184.05833561976257,296.61918546625975,-5312.0045419643,0.1176189901998441
PHER_red_235_cutoff_7.5.inp.out,260.4411827822123,-0.0724,0.3649,13.9909,47.0,-1308.6288349314,182.06794384570844,346.0460789099515,-5161.5949324463,0.1313653113002146
PHER_red_236_cutoff_7.5.inp.out,260.06520690784276,-0.0496,0.3744,17.2217,51.0,-1306.9436859033,141.45642625681307,315.3028617909735,-5461.9871781211,0.1202727844993205
PHER_red_237_cutoff_7.5.inp.out,260.0487876267479,-0.0792,0.3526,15.3603,53.0,-1306.4196000823,209.82664014886095,379.7127285009432,-5612.5380680369,0.1359894166998856
PHER_red_238_cutoff_7.5.inp.out,257.00567375920804,-0.0631,0.3662,10.3127,49.0,-1307.9193801929,-85.70919961063544,-3.449209738991991,-5311.9513203129,0.1295136661001379
PHER_red_239_cutoff_7.5.inp.out,256.92225186564366,-0.0522,0.3642,16.3508,50.0,-1307.4406504176,167.41197919704936,193.99297486499395,-5387.0026084029,0.1188067869998121
PHER_red_23_cutoff_7.5.inp.out,254.4775360445837,-0.0473,0.3687,44.1104,55.0,-1305.7416552773,51.88488012702955,4.974119073318604,-5762.9913771139,0.1115795756995794
PHER_red_240_cutoff_7.5.inp.out,257.7499927992285,-0.0319,0.3826,20.689,53.0,-1306.1538567065,309.830975379854,335.2818732119975,-5612.2305753783,0.1009815121997235
PHER_red_241_cutoff_7.5.inp.out,256.8521656327107,-0.0454,0.379,18.2827,51.0,-1307.0904531744,9.390855621700634,66.62896980241524,-5462.1179800831,0.1104621344002225
PHER_red_242_cutoff_7.5.inp.out,256.3698068199864,-0.0538,0.3707,14.1878,55.0,-1305.6812279627,57.35633519833654,147.84121807324294,-5762.9128264926,0.1199125672992522
PHER_red_243_cutoff_7.5.inp.out,256.55339508322515,-0.0499,0.3707,16.9909,55.0,-1305.2464142237,277.6549784653814,395.1502390782442,-5762.4367787036,0.1129667458008043
PHER_red_244_cutoff_7.5.inp.out,257.45892631825365,-0.0426,0.3721,20.6802,50.0,-1307.6367791751,249.00644576698176,484.1169913716322,-5387.1566810073,0.110201223700642
PHER_red_245_cutoff_7.5.inp.out,258.40777116170426,-0.0441,0.3842,20.2757,50.0,-1307.3369381262,355.81217127363783,513.7595023512579,-5386.8170177391,0.1116890063995015
PHER_red_246_cutoff_7.5.inp.out,257.9332251297225,-0.0547,0.3738,16.3523,51.0,-1307.1059293679,39.916163811028646,372.2294313023994,-5462.1791302473,0.1249686088995076
PHER_red_247_cutoff_7.5.inp.out,259.4871003624408,-0.0459,0.3748,21.4435,52.0,-1306.2747016097,115.4044499104712,285.9607770984034,-5536.8424955893,0.1146377228005803
PHER_red_248_cutoff_7.5.inp.out,260.0729460681699,-0.0342,0.3945,11.9692,52.0,-1306.6085012251,62.91147133154503,112.38794978394856,-5537.1988524869,0.1040774727998723
PHER_red_249_cutoff_7.5.inp.out,260.9047933529532,-0.0363,0.397,18.767,55.0,-1305.6628627237,0.4711523996307779,98.58095435034772,-5762.803805521,0.1064061985998705
PHER_red_24_cutoff_7.5.inp.out,257.99770061938636,-0.0203,0.389,51.412,54.0,-1305.9809092734,-26.570484015403412,-22.45983201136363,-5687.6685972675,0.087727663500118
PHER_red_250_cutoff_7.5.inp.out,259.3672712198806,-0.0512,0.3825,22.1077,55.0,-1305.4564227078,102.11937278636162,132.10565100303225,-5762.6259392642,0.1144939313999202
PHER_red_251_cutoff_7.5.inp.out,258.0353574791524,-0.0721,0.3467,25.2735,54.0,-1305.928542332,75.43088723994633,209.90163021872775,-5687.6057779886,0.13475247470069
PHER_red_252_cutoff_7.5.inp.out,258.7354927256882,-0.0551,0.3673,33.3449,57.0,-1304.7066496277,205.95969537490328,538.651567445637,-5913.0020857697,0.1197449916999175
PHER_red_253_cutoff_7.5.inp.out,255.1453550933423,-0.0409,0.3925,24.5896,55.0,-1305.2313640026,11.248626159730591,160.12856202582648,-5762.4701161392,0.110435338499883
PHER_red_254_cutoff_7.5.inp.out,255.57363546824695,-0.0354,0.3841,31.9373,53.0,-1305.8975928457,205.68028248711,312.43825474880646,-5612.0290456189,0.1040671702003237
PHER_red_255_cutoff_7.5.inp.out,257.1673516221436,-0.0419,0.3578,33.3153,55.0,-1305.247386083,193.71997991751044,204.64862616736303,-5762.3653062544,0.1127445378997435
PHER_red_256_cutoff_7.5.inp.out,259.0288237157272,-0.0439,0.3863,21.3069,56.0,-1305.2255374103,88.51481022243826,210.65213526057903,-5837.9479821424,0.1113356121995821
PHER_red_257_cutoff_7.5.inp.out,256.426146879746,-0.0545,0.3692,19.5969,58.0,-1304.3194451151,-121.37064378411948,-135.60988014278553,-5988.0892909674,0.1256464099997174
PHER_red_258_cutoff_7.5.inp.out,259.47186710261303,-0.0517,0.3607,31.1391,55.0,-1305.4246039009,35.766292508184854,47.37040762970687,-5762.6396058134,0.1179757048994361
PHER_red_259_cutoff_7.5.inp.out,261.46024082698887,-0.0509,0.3808,21.1169,55.0,-1305.9926084509,42.09581085512705,109.1166667424764,-5763.2299283836,0.1159962807996635
PHER_red_25_cutoff_7.5.inp.out,259.7092266853766,-0.0386,0.3938,45.6216,56.0,-1305.4920137865,284.6166992136794,431.02610210798,-5838.1726631551,0.1060992380998868
PHER_red_260_cutoff_7.5.inp.out,259.50720426390865,-0.0341,0.3981,30.9768,52.0,-1306.4635503909,-194.94376580214455,-48.55467247764173,-5537.1263876174,0.1015360715000497
PHER_red_261_cutoff_7.5.inp.out,260.41274262702694,-0.0611,0.3605,27.0403,54.0,-1306.3418497148,-166.15106255788754,-93.56802189924136,-5688.0189732225,0.1195247335999738
PHER_red_262_cutoff_7.5.inp.out,257.8616676242923,-0.052,0.3722,27.5465,57.0,-1304.6650099461,-202.13928375736785,-132.45825302423506,-5912.8927015701,0.1199625340996135
PHER_red_263_cutoff_7.5.inp.out,259.0597430440479,-0.0158,0.4109,38.843,60.0,-1304.4144363781,26.348692978905845,-129.5280179750473,-6139.3477613188,0.0858764788999906
PHER_red_264_cutoff_7.5.inp.out,257.5019475908615,-0.029,0.3869,37.4743,60.0,-1303.9975687588,6.38723541803658,-62.81052430975185,-6138.9224447284,0.0989532836001672
PHER_red_265_cutoff_7.5.inp.out,259.9156632970178,-0.0576,0.3615,32.476,54.0,-1306.4126034876,72.51364773257174,56.45943331289775,-5688.1940413141,0.1239838480005346
PHER_red_266_cutoff_7.5.inp.out,260.2426333927426,-0.0291,0.395,38.4454,53.0,-1306.7080871168,29.49459766112587,-62.44805626120656,-5612.8932955186,0.1029361803002757
PHER_red_267_cutoff_7.5.inp.out,259.6265263804536,-0.0353,0.3894,35.3912,55.0,-1305.8754051668,67.8965375298595,-32.99857142526847,-5763.1566788915,0.1074683859997094
PHER_red_268_cutoff_7.5.inp.out,256.9413759820683,-0.0298,0.376,30.8847,58.0,-1305.1204852145,-140.63952502986376,-82.77689570163884,-5989.017079121,0.1051222162004705
PHER_red_269_cutoff_7.5.inp.out,256.9713285536521,-0.0567,0.3671,25.6091,59.0,-1304.2358564788,172.69344652493754,241.34850342608385,-6063.653551994,0.1262164424997536
PHER_red_26_cutoff_7.5.inp.out,259.5447698266041,-0.0449,0.3774,40.5061,53.0,-1306.7034868438,20.171043324027497,72.31859096748364,-5612.8354378772,0.1146080927001094
PHER_red_270_cutoff_7.5.inp.out,257.20498068480276,-0.0279,0.3963,28.6922,57.0,-1305.2527755145,-127.47094074428202,63.04464775646641,-5913.5803575258,0.097025909799413
PHER_red_271_cutoff_7.5.inp.out,256.630467559325,-0.0595,0.3587,30.4606,53.0,-1306.2687975587,152.18355146411665,176.52186736534955,-5612.5280790707,0.1263337545997274
PHER_red_272_cutoff_7.5.inp.out,257.53512820644875,-0.0669,0.3596,36.826,50.0,-1307.3457760923,-154.38098361293876,-245.2320279220899,-5387.0202023511,0.1280863140000292
PHER_red_273_cutoff_7.5.inp.out,256.61553590868544,-0.0457,0.3831,33.6247,51.0,-1307.3398237736,-38.055961137786674,-158.1431232108266,-5462.4414327466,0.1080827947998841
PHER_red_274_cutoff_7.5.inp.out,257.1269076492567,-0.0431,0.3853,31.5374,51.0,-1307.3239746084,112.30853303160796,107.8134941630012,-5462.4456050163,0.1086353420005252
PHER_red_275_cutoff_7.5.inp.out,258.47922620793923,-0.0507,0.3635,41.9328,49.0,-1307.9779778401,-46.18305804032959,-30.050889569359928,-5311.9853966035,0.1193943914995543
PHER_red_276_cutoff_7.5.inp.out,259.4320426546485,-0.0117,0.4195,37.4817,51.0,-1307.2515438139,-45.7661606280484,-11.873820367114847,-5462.3219180955,0.0840296940996268
PHER_red_277_cutoff_7.5.inp.out,255.62897827441597,-0.0488,0.3761,31.3288,52.0,-1306.9105164143,97.96923671875912,-33.66511326776409,-5537.5258393741,0.1130193501994654
PHER_red_278_cutoff_7.5.inp.out,257.0080008546905,-0.0575,0.3558,35.477,51.0,-1306.9888980978,92.44653707036868,81.20194818503317,-5462.1230075705,0.1273745372000121
PHER_red_279_cutoff_7.5.inp.out,258.29474042809557,-0.0368,0.3823,33.3994,50.0,-1307.5250962196,-8.214277319645074,-84.26205645973077,-5387.105669833,0.1043421786998806
PHER_red_27_cutoff_7.5.inp.out,256.9704687118008,-0.0502,0.3706,32.1655,52.0,-1307.2603553847,107.46922066046449,231.63983661508917,-5537.8688124384,0.1166919682991647
PHER_red_280_cutoff_7.5.inp.out,253.84631689494057,-0.0385,0.3802,31.5465,49.0,-1307.6812195661,-244.35476110140468,-168.63181780349908,-5311.7340205891,0.1108755431996542
PHER_red_281_cutoff_7.5.inp.out,255.79644911948807,-0.0359,0.3769,26.6763,51.0,-1307.2740302951,-101.4346933040512,-111.60210487879388,-5462.3976681132,0.1065182383999854
PHER_red_282_cutoff_7.5.inp.out,257.0528794635041,-0.0685,0.3403,27.6905,51.0,-1306.9222819348,-66.0096405484075,20.19880936484474,-5462.0321757812,0.1366148092001822
PHER_red_283_cutoff_7.5.inp.out,256.2786538320115,-0.0483,0.3711,40.4177,53.0,-1306.7516370429,-146.04306928454562,-177.8128367052867,-5612.8977342168,0.1165821202002916
PHER_red_284_cutoff_7.5.inp.out,258.90955918059564,-0.0414,0.3821,37.3678,52.0,-1306.9253587863,-91.04317305549483,-15.615858823884633,-5537.5191197163,0.1145458413993765
PHER_red_285_cutoff_7.5.inp.out,259.2126784378385,-0.0391,0.3796,36.8973,51.0,-1307.0390694994,-247.86219840664648,-65.95609919527054,-5462.1951760198,0.108201556199674
PHER_red_286_cutoff_7.5.inp.out,257.63292883463464,-0.0486,0.3563,31.573,55.0,-1305.9731884027,-77.00498115835836,-79.48166162193263,-5763.2583976884,0.1187428634002571
PHER_red_287_cutoff_7.5.inp.out,261.64432010317364,-0.05,0.3779,33.5546,52.0,-1306.403363497,129.0463848166218,195.57532965228688,-5537.067310796,0.1120025696000084
PHER_red_288_cutoff_7.5.inp.out,256.0276117512002,-0.0404,0.3738,20.7178,53.0,-1306.7544404891,484.7765923406065,598.8227175501441,-5612.9397829221,0.1114540913995369
PHER_red_289_cutoff_7.5.inp.out,257.0816134957603,-0.0338,0.3805,29.0702,56.0,-1305.0062173828,270.00623675279587,313.996688362115,-5837.7528732202,0.1046989955002573
PHER_red_28_cutoff_7.5.inp.out,257.7547105284467,-0.0567,0.3716,34.9512,52.0,-1307.110137295,138.28874143912952,122.38112363861973,-5537.7124954447,0.1218353414997182
PHER_red_290_cutoff_7.5.inp.out,259.0658024149978,-0.0682,0.3607,19.1571,51.0,-1307.4046284017,-57.498222947773506,76.71295976125914,-5462.5200285992,0.1278936232001797
PHER_red_291_cutoff_7.5.inp.out,258.008000941133,-0.0575,0.3831,18.9749,50.0,-1307.4744926204,82.17599631522727,109.87948533069478,-5387.0819885762,0.11635777579977
PHER_red_292_cutoff_7.5.inp.out,257.3546423566022,-0.0414,0.3766,29.2538,50.0,-1307.5571154669,160.19297926468957,370.2522916560297,-5387.1702396103,0.1060948223994273
PHER_red_293_cutoff_7.5.inp.out,259.20469537028106,-0.0343,0.3827,13.5792,48.0,-1308.3392461377,294.11773133258873,480.9385148232223,-5236.8022463527,0.0980303554006241
PHER_red_294_cutoff_7.5.inp.out,256.5614793063686,-0.0482,0.3826,9.5985,49.0,-1307.698069571,115.73076000226143,146.9993748638992,-5311.7200780693,0.1180650440001045
PHER_red_295_cutoff_7.5.inp.out,254.86820497437165,-0.0476,0.3733,16.6065,51.0,-1307.1712592832,-144.5128192355214,-63.1351684745846,-5462.2974571587,0.1121144020999054
PHER_red_296_cutoff_7.5.inp.out,257.1250892950885,-0.0493,0.3641,14.1871,53.0,-1306.2975516958,95.38681480918756,210.7032915591548,-5612.4685086751,0.1193470493999484
PHER_red_297_cutoff_7.5.inp.out,256.7176376250213,-0.0361,0.3757,14.846,49.0,-1307.6424929512,333.6356929209475,458.13906465672744,-5311.6467828832,0.1038618313004917
PHER_red_298_cutoff_7.5.inp.out,256.45861203125276,-0.0351,0.3926,17.9182,46.0,-1308.7117456362,176.1239815565261,354.41803651088463,-5086.1393659102,0.1019055387005209
PHER_red_299_cutoff_7.5.inp.out,256.0027994847806,-0.0445,0.3792,16.2383,50.0,-1307.4388643519,-22.23729406647765,190.86857006182717,-5386.974089311,0.1076642594998702
PHER_red_29_cutoff_7.5.inp.out,260.2512765435833,-0.0587,0.3707,36.7071,53.0,-1306.9948756589,211.09526563127156,401.5252991475593,-5613.1376013511,0.1175180898999315
PHER_red_2_cutoff_7.5.inp.out,263.05489878225814,-0.066,0.3635,29.1727,55.0,-1305.2221164929,-54.3443132323569,-100.18557927583528,-5762.4704981373,0.125352008200025
PHER_red_300_cutoff_7.5.inp.out,257.68813238412804,-0.0309,0.382,25.2114,53.0,-1306.6059826485,200.5091056047318,235.3785985746585,-5612.827779941,0.1107734125998831
PHER_red_301_cutoff_7.5.inp.out,258.2108274536572,-0.0564,0.3615,36.5488,55.0,-1305.6318117458,169.52651814555074,226.25933939014035,-5762.9390421552,0.1213985636004508
PHER_red_302_cutoff_7.5.inp.out,256.5918594763266,-0.0405,0.3908,46.4563,54.0,-1305.9780326269,7.308929563970379,90.0480623249216,-5687.6969731374,0.1108756596004241
PHER_red_303_cutoff_7.5.inp.out,256.7537552504186,-0.0451,0.3773,51.8771,53.0,-1306.793297762,261.13408721655304,266.04388473244364,-5612.9747046067,0.1139988572995207
PHER_red_304_cutoff_7.5.inp.out,257.1114458907627,-0.0591,0.3466,53.6801,52.0,-1306.7116476886,163.80147435077822,129.27575258577028,-5537.3967910657,0.1265847510003368
PHER_red_305_cutoff_7.5.inp.out,257.89455513071897,-0.0603,0.364,57.2504,56.0,-1305.3827246718,201.55714895046356,252.39744948921427,-5838.2586366793,0.1274162683002941
PHER_red_306_cutoff_7.5.inp.out,258.8451823260955,-0.0487,0.3812,53.9203,55.0,-1305.8972033346,124.24851644174788,88.78438009167179,-5763.2059377915,0.1178459881002709
PHER_red_307_cutoff_7.5.inp.out,258.7834605177571,-0.0347,0.3815,54.5164,54.0,-1306.4893028819,169.19482743659074,152.11003004137197,-5688.2130758399,0.1040486696001607
PHER_red_308_cutoff_7.5.inp.out,258.2065746088077,-0.0513,0.3668,45.8378,50.0,-1307.477778979,88.73598803750217,-16.44679892366841,-5387.0773183401,0.1177983241004767
PHER_red_309_cutoff_7.5.inp.out,259.0298034186,-0.052,0.3726,55.3608,50.0,-1307.9505546627,-144.03468709084424,-200.36675136358107,-5387.516276703,0.1154270150000229
PHER_red_30_cutoff_7.5.inp.out,258.30285817845134,-0.0636,0.3625,33.0126,54.0,-1306.5019110574,170.5310429157888,186.518046434792,-5688.2144193885,0.1235648518995731
PHER_red_310_cutoff_7.5.inp.out,258.46487833392354,-0.0269,0.3956,55.338,50.0,-1307.6963077609,-99.84623729923852,-178.14467122775892,-5387.3061890059,0.0986980818997835
PHER_red_311_cutoff_7.5.inp.out,256.8953020576808,-0.0519,0.3722,44.8921,50.0,-1307.6729191479,-182.53754591748333,-59.96607717661706,-5387.2672587034,0.1152212594006414
PHER_red_312_cutoff_7.5.inp.out,257.96333529730714,-0.0429,0.379,46.0791,52.0,-1306.8548843063,-23.583935061376373,-144.23725935510788,-5537.5230638456,0.1067339363999053
PHER_red_313_cutoff_7.5.inp.out,257.1148899709425,-0.0711,0.3592,48.2652,52.0,-1306.837136782,-4.7644787727605475,-83.43335434180337,-5537.547281533,0.136758914100028
PHER_red_314_cutoff_7.5.inp.out,256.3243077656737,-0.0578,0.3748,48.612,52.0,-1306.9276621114,141.19638184180909,17.090986303117635,-5537.6196740726,0.1220134241993946
PHER_red_315_cutoff_7.5.inp.out,255.5086601742927,-0.067,0.3624,55.4895,58.0,-1305.1503442462,71.534300100064,1.5891167588358663,-5989.0295255178,0.1295387220998236
PHER_red_316_cutoff_7.5.inp.out,257.9771978437068,-0.0637,0.3564,42.1095,56.0,-1305.4586491888,-161.14049438567807,-24.01894655357013,-5838.2158470468,0.1278682011998171
PHER_red_317_cutoff_7.5.inp.out,257.3036840829393,-0.0507,0.3719,40.1174,58.0,-1304.8938342705,-143.14555672171164,-101.8609827878906,-5988.7753161146,0.1178438501001437
PHER_red_318_cutoff_7.5.inp.out,255.81001447410543,-0.0358,0.3948,34.9154,55.0,-1305.5662828611,-52.035733758611045,-193.59643435604585,-5762.8357799256,0.1049485902995002
PHER_red_319_cutoff_7.5.inp.out,257.2706333670786,-0.0472,0.3738,38.7596,57.0,-1305.5220043277,-20.929295110534536,-43.88358663947918,-5913.8508279971,0.1149101325008814
PHER_red_31_cutoff_7.5.inp.out,257.40375413340536,-0.0689,0.3585,43.2674,56.0,-1306.036803495,-48.864397456845616,-43.93700430237028,-5838.8464820892,0.127853696699276
PHER_red_320_cutoff_7.5.inp.out,258.37222518810074,-0.0618,0.3603,31.919,51.0,-1307.2970958109,53.45025142657875,-63.77575380688388,-5462.4823055943,0.1233910386999923
PHER_red_321_cutoff_7.5.inp.out,258.90914884131604,-0.048,0.384,40.2196,53.0,-1306.266671039,-39.613632987048994,-132.88083218242755,-5612.5198344852,0.1145037365995449
PHER_red_322_cutoff_7.5.inp.out,258.9024667384432,-0.0667,0.3769,38.9351,51.0,-1307.1931445487,-146.69218224642842,-211.8052508722692,-5462.3408729855,0.1285626761000458
PHER_red_323_cutoff_7.5.inp.out,259.418988456063,-0.0612,0.3659,43.1469,50.0,-1307.3529415846,-66.24722671868079,-22.663829219075613,-5386.8972997063,0.1230581869995148
PHER_red_324_cutoff_7.5.inp.out,259.30392210436196,-0.058,0.3713,42.6879,53.0,-1306.7709647619,-108.60989796324186,-180.20627671279436,-5612.9446098745,0.1242395885001315
PHER_red_325_cutoff_7.5.inp.out,259.2949695815208,-0.0328,0.3895,26.491,56.0,-1305.8394983109,183.3811636906775,341.3026553674208,-5838.6535283376,0.1069370337991131
PHER_red_326_cutoff_7.5.inp.out,258.6859500435711,-0.0747,0.3444,33.027,57.0,-1304.839845169,110.19572893639408,281.6402327169435,-5913.2177877122,0.1307502168992869
PHER_red_327_cutoff_7.5.inp.out,257.99361814366756,-0.078,0.3509,22.9421,56.0,-1305.9098838985,320.8036719725188,515.4087201159119,-5838.7684434116,0.1412978207999913
PHER_red_328_cutoff_7.5.inp.out,259.40580309915924,-0.0467,0.3784,22.4767,57.0,-1305.4952666809,327.4349694809525,447.9068845158519,-5913.8198249097,0.113930000399705
PHER_red_329_cutoff_7.5.inp.out,257.447474863083,-0.0587,0.3683,18.2482,58.0,-1304.8595491096,885.7061212641726,982.6678116782164,-5988.7112603793,0.123033787100212
PHER_red_32_cutoff_7.5.inp.out,256.8077556796334,-0.0707,0.348,51.2659,57.0,-1305.812034378,-126.17237125661892,-120.01078941289076,-5914.0602570002,0.131101864500124
PHER_red_330_cutoff_7.5.inp.out,258.76523357328375,-0.0551,0.3635,18.3115,56.0,-1305.4309566098,549.2343917927383,821.8633414394124,-5838.2462102034,0.121607274300004
PHER_red_331_cutoff_7.5.inp.out,258.79164327919625,-0.0491,0.3731,21.7858,53.0,-1307.0172938623,319.3294624423593,499.99608595996295,-5613.1810778091,0.1157152323003174
PHER_red_332_cutoff_7.5.inp.out,255.26072097488796,-0.069,0.3495,12.9602,52.0,-1306.7529376457,526.3779680540763,742.1422480234152,-5537.4394930179,0.135561663199951
PHER_red_333_cutoff_7.5.inp.out,258.83597500447513,-0.0498,0.3752,16.4207,52.0,-1307.3346639081,219.9693907776604,265.7603347871977,-5537.9848988925,0.1160547526997106
PHER_red_334_cutoff_7.5.inp.out,258.71333875043393,-0.0344,0.3833,20.1614,58.0,-1304.9699842826,52.377004221749786,77.9594624368332,-5988.8566847249,0.1076241791997745
PHER_red_335_cutoff_7.5.inp.out,257.1526439348085,-0.056,0.3682,31.9588,56.0,-1305.8695837562,-383.1064614372505,-407.6612531384981,-5838.6398865951,0.1234424438998758
PHER_red_336_cutoff_7.5.inp.out,258.2764666387552,-0.0233,0.4054,33.2535,57.0,-1305.0169369949,-143.8463570921524,-155.21935085474527,-5913.2717834946,0.0954503025996018
PHER_red_337_cutoff_7.5.inp.out,258.1516083978797,-0.0411,0.376,23.8107,54.0,-1306.1425892986,-110.02741595202068,-301.253065579478,-5687.8424703652,0.108937040499768
PHER_red_338_cutoff_7.5.inp.out,257.09731956103434,-0.0467,0.3739,43.247,57.0,-1305.0061030852,-304.07963582482836,-432.8932904878013,-5913.3141864743,0.1150255133998143
PHER_red_339_cutoff_7.5.inp.out,255.9386234927887,-0.053,0.3679,43.96,58.0,-1304.6950148915,-175.2533531385803,-297.61160571360483,-5988.5553021724,0.1192663332003576
PHER_red_33_cutoff_7.5.inp.out,259.23622236256915,-0.0566,0.3795,42.1884,56.0,-1305.6709649223,-85.5871963118735,23.06021190356813,-5838.3785123552,0.1162740759000371
PHER_red_340_cutoff_7.5.inp.out,258.86901677150934,-0.0549,0.367,28.3703,56.0,-1305.2776317408,-82.29595077898851,-218.89416731979435,-5838.0425025478,0.1216011477999927
PHER_red_341_cutoff_7.5.inp.out,258.64724324799937,-0.039,0.3736,34.6119,54.0,-1306.291855956,-137.6497213247534,-236.9588673176435,-5687.9901116196,0.1089301470001373
PHER_red_342_cutoff_7.5.inp.out,256.9903075541002,-0.055,0.3783,37.4485,51.0,-1307.4081663798,-122.09251380432364,-293.8560229547633,-5462.5300197406,0.1147006156998031
PHER_red_343_cutoff_7.5.inp.out,256.23708163808146,-0.0453,0.3923,29.4931,53.0,-1306.859309799,-169.44961287960865,-211.254824628664,-5613.023592008,0.1096934259994668
PHER_red_344_cutoff_7.5.inp.out,257.81339490850553,-0.0534,0.3767,34.4569,53.0,-1306.2958597114,-176.94339271149974,-179.36873583456813,-5612.4639117667,0.1199770732000615
PHER_red_345_cutoff_7.5.inp.out,257.27609618326363,-0.0333,0.3799,43.6931,54.0,-1306.2291435286,-69.46559300474026,-24.46299421843004,-5687.9142764661,0.0954556694005077
PHER_red_346_cutoff_7.5.inp.out,255.3962756391192,-0.0401,0.3828,38.6245,54.0,-1306.2209030235,88.1781805286308,69.91112069249387,-5687.9454344818,0.1052853286000754
PHER_red_347_cutoff_7.5.inp.out,258.2545092385365,-0.0606,0.3633,28.818,52.0,-1306.8245928092,-101.0035771589811,-79.33959234406929,-5537.4922939891,0.1216733610999654
PHER_red_348_cutoff_7.5.inp.out,258.25904260081165,-0.0621,0.3563,36.3982,51.0,-1307.0169187045,-81.44430065453639,-98.52059648508418,-5462.1264256884,0.1284376450994386
PHER_red_349_cutoff_7.5.inp.out,257.65676501462207,-0.0743,0.3527,37.9366,52.0,-1306.8563839629,-3.3492105664830687,125.77028782035374,-5537.5151582648,0.1338176448998638
PHER_red_34_cutoff_7.5.inp.out,258.10299588393616,-0.0552,0.3695,43.6918,54.0,-1306.8859193161,69.85600789223987,28.122559460564073,-5688.5882133308,0.1222693987001548
PHER_red_350_cutoff_7.5.inp.out,261.40565170158743,-0.0553,0.3795,27.4061,52.0,-1306.4302184226,-68.47251987584792,220.02644249194765,-5537.0884244295,0.1184071076995678
PHER_red_351_cutoff_7.5.inp.out,262.2193878659219,-0.0337,0.3848,29.9736,52.0,-1306.6745527158,217.21877472143984,323.69050086511305,-5537.3226864723,0.1011267912999756
PHER_red_352_cutoff_7.5.inp.out,255.98001843992597,-0.0717,0.3485,11.6019,48.0,-1307.8127551171,112.9569587626914,236.49044072695088,-5236.3594879855,0.1303209317002256
PHER_red_353_cutoff_7.5.inp.out,255.1866062605708,-0.0373,0.4004,16.8028,47.0,-1308.5486026942,-120.57078743234293,-24.87996024002238,-5161.5333392273,0.1060987205992205
PHER_red_354_cutoff_7.5.inp.out,257.38474978436966,-0.0629,0.3641,25.4142,45.0,-1308.9751546265,-54.69980418241483,14.53124009240054,-5010.9511689187,0.12518130080025
PHER_red_355_cutoff_7.5.inp.out,255.8942108637623,-0.0093,0.3989,21.7451,52.0,-1306.7155188096,317.13681708936207,325.39679727658324,-5537.3256603576,0.0741614069002025
PHER_red_356_cutoff_7.5.inp.out,256.7295232269772,-0.0145,0.4056,18.3854,52.0,-1306.8867963679,331.9729984809002,415.7778026245576,-5537.5627957144,0.0886940609998419
PHER_red_357_cutoff_7.5.inp.out,257.7447398265788,-0.0398,0.3964,32.2582,51.0,-1307.2048319658,379.3499225981632,411.8973332340146,-5462.3323510913,0.1003070212000238
PHER_red_358_cutoff_7.5.inp.out,256.95273418183456,-0.0612,0.3565,28.4751,50.0,-1307.5423804207,239.39405719567492,399.2333128394103,-5387.0855827381,0.1293494076999195
PHER_red_359_cutoff_7.5.inp.out,259.71823068716526,-0.0529,0.3685,15.7851,52.0,-1306.8127817215,104.3457459198183,295.8329850663731,-5537.3867455074,0.1154327030999411
PHER_red_35_cutoff_7.5.inp.out,258.41395853352384,-0.0552,0.3741,42.169,56.0,-1305.3660407749,71.59569636757303,106.02874419301746,-5838.058596653,0.115760076099832
PHER_red_360_cutoff_7.5.inp.out,258.9869107152479,-0.0488,0.3915,17.1235,53.0,-1306.7553735012,32.37006549139127,324.47360454457083,-5612.8696402004,0.1121162725003159
PHER_red_361_cutoff_7.5.inp.out,259.07447180262886,-0.0668,0.3657,23.2339,53.0,-1306.3059401462,138.9973176129247,356.11695666507126,-5612.4533212799,0.1369359919008275
PHER_red_362_cutoff_7.5.inp.out,258.79620812568083,-0.06,0.3628,21.683,55.0,-1305.7264074184,190.15080090995465,466.29325665123224,-5762.9477503498,0.1215982761996201
PHER_red_363_cutoff_7.5.inp.out,256.6490378376207,-0.0502,0.366,19.9546,57.0,-1304.7688479236,270.9046306806255,313.0696322849247,-5913.0492621337,0.1259903909995046
PHER_red_364_cutoff_7.5.inp.out,259.12638080657837,-0.0628,0.3791,26.3756,57.0,-1304.9133463407,267.8888690200916,242.77786917007748,-5913.2040419947,0.1226991672001531
PHER_red_365_cutoff_7.5.inp.out,255.97637639988463,-0.0634,0.3626,31.517,57.0,-1305.1757492329,-1.1288598464022177,73.01218188974741,-5913.450620568,0.1304716996992283
PHER_red_366_cutoff_7.5.inp.out,256.3414892472088,-0.0535,0.3543,26.2177,54.0,-1305.840147518,-402.8098873719619,-483.2767171092536,-5687.5000313175,0.1217482679994645
PHER_red_367_cutoff_7.5.inp.out,258.69707425094794,-0.031,0.3831,24.0134,50.0,-1307.5136543054,-73.55062706413273,-202.0661767127077,-5387.0470833826,0.1045227573995362
PHER_red_368_cutoff_7.5.inp.out,254.82640643692457,-0.027,0.3907,24.2162,51.0,-1307.1705272646,-148.91044442637548,-182.0932396276439,-5462.1715975178,0.0956596524001724
PHER_red_369_cutoff_7.5.inp.out,257.49574846863646,-0.0411,0.3775,29.5617,52.0,-1306.7216969281,-190.3341138310756,-286.94961398796244,-5537.2730361336,0.1028940446994965
PHER_red_36_cutoff_7.5.inp.out,260.02361602620914,-0.0538,0.3862,44.3051,54.0,-1306.9066816965,-352.7317289055106,-383.36840619077554,-5688.627262831,0.1167368903998067
PHER_red_370_cutoff_7.5.inp.out,258.70787898607267,-0.0415,0.3855,29.3228,50.0,-1308.1389998387,9.671408086312963,-83.9454116805969,-5387.658520085,0.1074716614002682
PHER_red_371_cutoff_7.5.inp.out,255.7412804417963,-0.0295,0.3782,28.6313,44.0,-1309.7212597531,90.52086549341104,59.87874988280083,-4936.0292685682,0.1009739947003254
PHER_red_372_cutoff_7.5.inp.out,259.8827089633505,-0.0523,0.3708,40.8189,47.0,-1308.8739365047,-262.92663267340913,-399.6826675334168,-5161.8127980499,0.1208678364000661
PHER_red_373_cutoff_7.5.inp.out,261.69631082925355,-0.0566,0.3727,31.2871,48.0,-1308.2659872155,-45.44177280364273,-216.0003061773513,-5236.7411028911,0.1221485428995947
PHER_red_374_cutoff_7.5.inp.out,254.86597280773643,-0.0352,0.3611,34.2413,46.0,-1309.1390250824,5.382287803692455,-37.78896609994378,-5086.5413391224,0.1140944441003739
PHER_red_375_cutoff_7.5.inp.out,252.5365783930761,-0.0488,0.3758,12.2625,57.0,-1305.1639824777,-43.4132249392853,78.5476977552977,-5913.530173582,0.1120179455001562
PHER_red_376_cutoff_7.5.inp.out,256.6901835355497,-0.0484,0.3756,5.7267,54.0,-1305.6930329478,-22.644315165478403,-103.21924777619766,-5687.3754009734,0.1097393016998466
PHER_red_377_cutoff_7.5.inp.out,255.8730410023884,-0.0503,0.3696,6.9274,55.0,-1305.7732534759,49.75364914595507,-24.37769915384272,-5762.9938098737,0.1176346517995625
PHER_red_378_cutoff_7.5.inp.out,255.33155839530428,-0.0436,0.3662,10.1439,53.0,-1306.5180597934,-50.03087158789912,-75.41194785163506,-5612.70858494,0.1134877514004983
PHER_red_379_cutoff_7.5.inp.out,260.55647705125205,-0.031,0.3984,10.0419,51.0,-1307.4229541153,-4.734992688121847,-80.80601628316121,-5462.5614452501,0.1019740215997444
PHER_red_37_cutoff_7.5.inp.out,257.9971059516558,-0.046,0.3675,44.0113,52.0,-1306.8619099474,-280.05108739983683,-275.74202853957416,-5537.4197482766,0.1139647854997747
PHER_red_380_cutoff_7.5.inp.out,257.5962288358817,-0.0506,0.3838,9.5765,55.0,-1305.816511412,-97.85219420360056,-110.1611268983354,-5763.0115895464,0.1177779870995436
PHER_red_381_cutoff_7.5.inp.out,258.8460704040557,-0.0497,0.3907,8.3237,54.0,-1306.2615558179,-112.0756645170208,-123.83523769331696,-5688.0164293794,0.1111158781004633
PHER_red_382_cutoff_7.5.inp.out,260.59008393469924,-0.0603,0.3709,13.8731,53.0,-1306.4298852869,283.7718589866776,183.79876830444604,-5612.6541480625,0.1216009089002909
PHER_red_383_cutoff_7.5.inp.out,256.770052266719,-0.0433,0.3847,14.1419,56.0,-1305.5209908733,223.974208292093,76.1789354925352,-5838.3355606143,0.1041624064000643
PHER_red_384_cutoff_7.5.inp.out,258.0584672751921,-0.0492,0.3808,5.0642,52.0,-1306.7850523886,128.45644264501493,41.15643792389291,-5537.5056990819,0.1202262858005269
PHER_red_385_cutoff_7.5.inp.out,257.8682022931125,-0.0534,0.3736,10.4232,53.0,-1306.5302826096,86.36067311906749,108.9732886549004,-5612.7628402799,0.1233362381999541
PHER_red_386_cutoff_7.5.inp.out,256.4389429107503,-0.0683,0.3556,10.8245,54.0,-1306.4387104885,207.40393796886843,132.32997702195473,-5688.1652011195,0.1291207051999663
PHER_red_387_cutoff_7.5.inp.out,258.44217883613163,-0.0432,0.3854,8.2235,53.0,-1306.2914045413,300.70883531177844,143.4971505799866,-5612.4660669139,0.1123803471000428
PHER_red_388_cutoff_7.5.inp.out,258.50548119127933,-0.0531,0.3793,7.7385,55.0,-1305.7282736488,95.81432343068424,165.37570593655494,-5763.0269740156,0.1160418036997725
PHER_red_389_cutoff_7.5.inp.out,257.16722004749505,-0.0401,0.3791,15.1097,54.0,-1306.1175405531,105.76831454563556,105.21269627751632,-5687.8804926853,0.1153516984995803
PHER_red_38_cutoff_7.5.inp.out,257.08451498172656,-0.0364,0.3949,46.6152,53.0,-1306.4637898539,-198.59111413144427,-111.96628888752537,-5612.5892736134,0.1018799162002324
PHER_red_390_cutoff_7.5.inp.out,260.8756077459674,-0.0183,0.4045,16.8875,53.0,-1306.5901680667,-87.04559061256049,-80.42626704930703,-5612.7740883994,0.0890795307004737
PHER_red_391_cutoff_7.5.inp.out,259.25689211313943,-0.0419,0.3837,10.3249,54.0,-1305.9024837717,83.17399788748263,-26.45946144878813,-5687.6159522003,0.1202056764004737
PHER_red_392_cutoff_7.5.inp.out,259.6335305922784,-0.041,0.3857,9.168,55.0,-1305.538887459,9.619943024734033,30.35067586648341,-5762.7966444246,0.1101782328996705
PHER_red_393_cutoff_7.5.inp.out,259.0960967229261,-0.0402,0.3829,17.4558,59.0,-1304.5331087653,50.27351860666655,-6.757985774417477,-6063.9150934303,0.1058028724000905
PHER_red_394_cutoff_7.5.inp.out,257.04899914883566,-0.0444,0.3715,14.1218,54.0,-1305.9025091358,-249.17160134592484,-191.1309413302217,-5687.6608689145,0.1112900187999912
PHER_red_395_cutoff_7.5.inp.out,258.08847756337315,-0.0398,0.3848,20.4843,55.0,-1305.818005042,-422.8264649730512,-249.0919220110977,-5763.0678393531,0.1046669569004734
PHER_red_396_cutoff_7.5.inp.out,256.6106471674712,-0.0356,0.388,13.5024,54.0,-1306.2465846511,-466.2421568071167,-407.90199618666855,-5688.0335162057,0.1002347551993807
PHER_red_397_cutoff_7.5.inp.out,256.1464102957882,-0.0232,0.3833,18.7776,59.0,-1304.4631954925,-212.46826233047656,-205.02608371749184,-6063.8513431855,0.0987842429003649
PHER_red_398_cutoff_7.5.inp.out,257.68056606071116,-0.0326,0.3795,16.7201,56.0,-1305.5932072088,-262.52953737586296,-214.31168146764455,-5838.3793896586,0.1046878351007762
PHER_red_399_cutoff_7.5.inp.out,255.01146389914777,-0.0346,0.3859,20.3956,57.0,-1305.0174172452,-379.8119722929207,-369.2355208566119,-5913.3267153453,0.1041013759004272
PHER_red_39_cutoff_7.5.inp.out,257.5127192463948,-0.0596,0.363,40.8653,52.0,-1307.1037475776,-24.23258382122841,46.865342013086725,-5537.6949478491,0.1236218614994868
PHER_red_3_cutoff_7.5.inp.out,260.08812991382354,-0.0385,0.3839,36.6996,54.0,-1305.902562925,102.09685276951711,43.003723276443125,-5687.6534958477,0.1071597955997276
PHER_red_400_cutoff_7.5.inp.out,256.88052866434606,-0.0479,0.3836,21.2251,50.0,-1307.5715658312,-79.57207951271633,-294.01613210187855,-5387.1879808908,0.1124881550995269
PHER_red_401_cutoff_7.5.inp.out,257.3073441787548,-0.0725,0.3577,24.7987,52.0,-1306.7861714204,-216.58636005771737,-274.22112194094467,-5537.4954629276,0.1319853637005508
PHER_red_402_cutoff_7.5.inp.out,257.43098281962426,-0.0574,0.3706,13.2599,51.0,-1307.3827749602,-188.8369504815755,-166.49516840386474,-5462.5732634639,0.1259207739994963
PHER_red_403_cutoff_7.5.inp.out,258.7847384015334,-0.0617,0.3663,16.1901,51.0,-1306.7118993752,154.3354743721597,319.47448905942815,-5461.8911674785,0.1238314057000025
PHER_red_404_cutoff_7.5.inp.out,256.6320240591806,-0.0544,0.3559,11.5079,52.0,-1306.7674277548,167.9016379041147,374.08468181011824,-5537.4860022196,0.126178677700409
PHER_red_405_cutoff_7.5.inp.out,257.961440575911,-0.0453,0.3775,17.1435,50.0,-1307.1946228591,323.07998186277115,507.9688621829091,-5386.8184644379,0.1086469103001945
PHER_red_406_cutoff_7.5.inp.out,258.3395357504201,-0.0523,0.3641,12.6893,48.0,-1308.3071043952,88.76099484970122,302.4717204569887,-5236.9004263635,0.1180423872001483
PHER_red_407_cutoff_7.5.inp.out,257.8139418452105,-0.0502,0.3694,12.1521,47.0,-1308.5049813286,125.30542219620156,129.92548786458067,-5161.5299174283,0.1162514622001253
PHER_red_408_cutoff_7.5.inp.out,258.1789692347345,-0.0523,0.3656,9.5505,45.0,-1309.2372366439,153.11992991404335,104.53058603440444,-5011.1693840148,0.1262086686001566
PHER_red_409_cutoff_7.5.inp.out,257.11305454415117,-0.0715,0.359,22.0747,44.0,-1309.7750284207,-28.214728495701877,-113.44667786558404,-4936.2423569543,0.1388189541003157
PHER_red_40_cutoff_7.5.inp.out,257.3517465934835,-0.0531,0.3678,27.3427,53.0,-1306.8762206425,-56.806457634702326,-37.63299179195175,-5613.0083195752,0.1180593728995518
PHER_red_410_cutoff_7.5.inp.out,258.8108222768306,-0.0371,0.3893,25.2251,46.0,-1308.545061366,-67.98336506164416,-180.25214534116043,-5085.9892391266,0.104140515999461
PHER_red_411_cutoff_7.5.inp.out,258.74381562222635,-0.0585,0.3617,15.8829,48.0,-1308.2477400272,-60.57631101299538,-183.777276544024,-5236.8104125039,0.1248757845996806
PHER_red_412_cutoff_7.5.inp.out,256.8271629560021,-0.0572,0.3474,30.0201,45.0,-1309.229099109,90.89000598096374,-48.08933322084815,-5011.1657522749,0.1265965053999025
PHER_red_413_cutoff_7.5.inp.out,256.9200961017237,-0.043,0.3842,12.8728,47.0,-1308.323739811,-100.43320396998794,-123.40304947237276,-5161.3378598809,0.1134817474003284
PHER_red_414_cutoff_7.5.inp.out,258.775860396288,-0.0503,0.3643,15.4143,47.0,-1308.4471182861,-30.329560888068528,-77.30999798313485,-5161.4248322524,0.1133733785000004
PHER_red_415_cutoff_7.5.inp.out,258.02029274408835,-0.0455,0.3703,15.8498,44.0,-1309.2786075302,-66.52014070365891,-10.001372838269642,-4935.7141993992,0.1179654581001159
PHER_red_416_cutoff_7.5.inp.out,258.5129183393037,-0.0406,0.3686,11.1308,44.0,-1309.6967134181,-235.435441157054,-112.98243345413744,-4936.0635692683,0.1066319175997705
PHER_red_417_cutoff_7.5.inp.out,254.57488045434985,-0.0448,0.3744,12.5036,44.0,-1309.7566411464,-75.01899182115595,-29.253882739833323,-4936.131100715,0.1147028802997738
PHER_red_418_cutoff_7.5.inp.out,258.10696559935826,-0.0531,0.3782,8.226,45.0,-1309.3197506868,49.621119774818354,12.896266380491523,-5011.2577639324,0.1186364670002149
PHER_red_419_cutoff_7.5.inp.out,259.76787559403147,-0.0398,0.3768,14.3015,47.0,-1308.4138711119,-38.222039371493146,-20.185754677593795,-5161.4471568475,0.1050315206002778
PHER_red_41_cutoff_7.5.inp.out,255.34054934884537,-0.0559,0.3639,32.7143,52.0,-1306.8254709133,-32.476584048246586,-91.3050832896718,-5537.4099678353,0.1213858544997492
PHER_red_420_cutoff_7.5.inp.out,256.49963517677094,-0.0326,0.3676,15.6417,49.0,-1308.0568384382,-78.40409061660465,-117.30904809334316,-5312.0953621309,0.1034953380003571
PHER_red_421_cutoff_7.5.inp.out,257.44575515368007,-0.0426,0.3842,19.1653,50.0,-1307.6181960729,-178.77545262861753,-179.60622773510755,-5387.184242516,0.1100454696997985
PHER_red_422_cutoff_7.5.inp.out,256.8920671930252,-0.0298,0.388,18.9509,49.0,-1307.7950669098,-120.0077867340906,-156.02746678096477,-5311.8550009488,0.0993825465993722
PHER_red_423_cutoff_7.5.inp.out,255.9402247194474,-0.0307,0.3817,16.3693,54.0,-1306.0253952938,-178.3337849791708,-186.2273946514125,-5687.6409059706,0.1003130095996311
PHER_red_424_cutoff_7.5.inp.out,257.63773595309857,-0.0324,0.3768,19.444,52.0,-1307.2716152291,-69.47318142160748,-56.656346034895385,-5537.8683535894,0.1002332615998966
PHER_red_425_cutoff_7.5.inp.out,257.2470030402537,-0.0345,0.3877,10.0691,54.0,-1306.5940400076,42.99135072768691,-15.550385628006469,-5688.2546214675,0.1023784895996868
PHER_red_426_cutoff_7.5.inp.out,259.1477154852123,-0.0495,0.3792,9.9368,56.0,-1305.5509037043,-29.624856279407712,-16.32720748728563,-5838.3021253303,0.1138424611999653
PHER_red_427_cutoff_7.5.inp.out,258.94195219634264,-0.0534,0.374,10.8346,55.0,-1306.0282996043,291.70895690099695,216.40705812174,-5763.2651577984,0.1177086635998421
PHER_red_428_cutoff_7.5.inp.out,257.674810180186,-0.0402,0.3902,14.6056,57.0,-1305.024423455,164.16749980368732,138.98618961510587,-5913.2746940784,0.1086748048001027
PHER_red_429_cutoff_7.5.inp.out,260.19646472675237,-0.0602,0.367,23.0219,56.0,-1305.8682186092,116.19123363250702,297.8530326585619,-5838.6082813514,0.1269991608996861
PHER_red_42_cutoff_7.5.inp.out,258.4907809502532,-0.0571,0.3719,30.6777,53.0,-1306.7185650441,208.62930440684173,174.4269186173213,-5612.9199219107,0.1196722701997714
PHER_red_430_cutoff_7.5.inp.out,258.7047610163124,-0.0263,0.3904,24.363,55.0,-1305.9200172197,310.1859864544762,470.61324461464375,-5763.1044206868,0.0993508521996773
PHER_red_431_cutoff_7.5.inp.out,258.1116369466787,-0.0763,0.3581,19.3285,53.0,-1306.5721260462,164.5188812252525,412.25979836522873,-5612.7703964092,0.1352307477000067
PHER_red_432_cutoff_7.5.inp.out,256.7417089292304,-0.0361,0.3974,18.4217,55.0,-1305.8221198244,254.7056305573439,363.5597978484019,-5763.0687408649,0.1066151401000752
PHER_red_433_cutoff_7.5.inp.out,257.21173969294625,-0.0469,0.3678,21.3511,53.0,-1306.7528412914,232.32528546862616,387.97244912902994,-5612.8977791257,0.1164210837996506
PHER_red_434_cutoff_7.5.inp.out,257.8828291767562,-0.0535,0.3639,29.2662,52.0,-1307.1058266505,199.1547243752243,177.9063022087329,-5537.8057066343,0.1203934097002275
PHER_red_435_cutoff_7.5.inp.out,255.4532349343228,-0.0637,0.3544,21.6572,52.0,-1307.3163114461,187.59376693831192,306.3782706603464,-5537.9367667105,0.1322340864999205
PHER_red_436_cutoff_7.5.inp.out,256.2248205919646,-0.0566,0.3612,31.1684,53.0,-1306.3313468612,154.55077697549908,176.70796509590585,-5612.4915763921,0.1245507048006402
PHER_red_437_cutoff_7.5.inp.out,259.6360393230706,-0.0825,0.3527,37.8102,55.0,-1306.2861285398,188.47834319637224,293.08391471660093,-5763.5345448882,0.1440879667006811
PHER_red_438_cutoff_7.5.inp.out,257.6270017652146,-0.047,0.3833,36.3471,57.0,-1305.3661836297,324.499132504442,306.87189353863556,-5913.6896524632,0.1148336566002399
PHER_red_439_cutoff_7.5.inp.out,257.101280735774,-0.0648,0.3591,21.8186,57.0,-1305.0900290169,90.60567745449096,116.30705671571867,-5913.4086994456,0.1257488555002055
PHER_red_43_cutoff_7.5.inp.out,254.8156717033979,-0.063,0.3565,38.1254,54.0,-1305.8996675665,138.8510556292757,49.52258725907728,-5687.5735226009,0.1267046317998392
PHER_red_440_cutoff_7.5.inp.out,257.2079415785052,-0.0346,0.3939,21.4332,56.0,-1305.1777871595,7.770162490675993,43.18735559344492,-5837.8565540787,0.1036242793006749
PHER_red_441_cutoff_7.5.inp.out,255.00863115450468,-0.0372,0.3841,15.9051,53.0,-1306.470912861,11.823668328644068,86.07031915549373,-5612.6592718373,0.1068089891996351
PHER_red_442_cutoff_7.5.inp.out,255.15708220464495,-0.0264,0.391,14.3874,54.0,-1305.6749996685,-68.92624106654733,40.65681286017699,-5687.2850057919,0.1002862624000044
PHER_red_443_cutoff_7.5.inp.out,257.4534774124568,-0.0295,0.3845,15.3829,56.0,-1305.4139871794,2.144166204538714,-146.75947753004013,-5838.1478532083,0.0997756851002122
PHER_red_444_cutoff_7.5.inp.out,256.52274218500554,-0.0352,0.3747,8.109,52.0,-1306.6802807785,-83.74790817275911,-151.5045176561901,-5537.3112987098,0.1131089692999012
PHER_red_445_cutoff_7.5.inp.out,260.0519158890039,-0.0524,0.3754,10.0284,50.0,-1307.334348155,-19.90331822650961,-176.6780492681158,-5386.8815453006,0.1128554271008397
PHER_red_446_cutoff_7.5.inp.out,260.0569963390112,-0.045,0.3851,12.3825,50.0,-1307.5724520424,-110.18424371859167,-248.35948606268911,-5387.1275814935,0.1142298101003689
PHER_red_447_cutoff_7.5.inp.out,259.1627272060304,-0.0562,0.3623,21.3532,53.0,-1306.130623087,34.305401728532566,5.888396665708637,-5612.3049458504,0.1236085134005406
PHER_red_448_cutoff_7.5.inp.out,258.19649587144636,-0.0397,0.3676,16.248,58.0,-1305.0138838898,4.428713902047754,28.7540011248848,-5988.7645254909,0.1070816788997035
PHER_red_449_cutoff_7.5.inp.out,256.9355473011602,-0.0437,0.3727,26.0578,58.0,-1304.7906968735,384.05342239606085,255.65984348181857,-5988.5102028881,0.111894941299397
PHER_red_44_cutoff_7.5.inp.out,256.14135790278596,-0.0633,0.3522,36.1391,53.0,-1306.5651647847,140.33860825574524,109.35471281659537,-5612.8063738246,0.1270767170999533
PHER_red_450_cutoff_7.5.inp.out,255.8852920563448,-0.078,0.3487,19.9448,54.0,-1305.8954313596,328.1911337409453,534.5361426032265,-5687.616809779,0.131568335900738
PHER_red_451_cutoff_7.5.inp.out,256.66724011936503,-0.0301,0.3827,29.381,56.0,-1305.2128925258,163.26989741488987,184.66536145244,-5837.9312072709,0.1036900085000525
PHER_red_452_cutoff_7.5.inp.out,257.62976070907536,-0.0584,0.3515,21.5662,60.0,-1304.0707135416,-30.277991600367105,-129.30385431145433,-6139.0110686096,0.1215263247004259
PHER_red_453_cutoff_7.5.inp.out,255.7432117483234,-0.0592,0.3751,23.1142,56.0,-1305.4185253278,-251.05063401434415,-248.24738640828951,-5838.2588069822,0.1223489475996757
PHER_red_454_cutoff_7.5.inp.out,259.14116595420364,-0.064,0.3692,14.7871,50.0,-1307.5859257221,-43.4578779680847,-140.494429525718,-5387.15003147,0.1249707216002207
PHER_red_455_cutoff_7.5.inp.out,259.31075151433265,-0.049,0.3668,12.69,52.0,-1306.6501243194,95.89302740295646,139.38798618439867,-5537.2382861263,0.1188643219002187
PHER_red_456_cutoff_7.5.inp.out,261.10811198966513,-0.0594,0.3722,7.6754,52.0,-1306.6973321409,385.7318724008673,332.96446003977474,-5537.3147345336,0.1152225228997849
PHER_red_457_cutoff_7.5.inp.out,257.75616400752165,-0.0464,0.3746,10.0048,52.0,-1306.7968352034,-69.02510643152642,-72.49256391283365,-5537.3574532344,0.112698238500343
PHER_red_458_cutoff_7.5.inp.out,258.95507947639567,-0.0415,0.3794,13.379,49.0,-1307.8475623931,86.89653314841348,19.10432604322933,-5311.794646193,0.1068833037998047
PHER_red_459_cutoff_7.5.inp.out,256.9423609657934,-0.0327,0.3889,10.8503,55.0,-1306.1410140518,128.7572863092498,86.03685447338779,-5763.328887793,0.1007151333997171
PHER_red_45_cutoff_7.5.inp.out,259.58082584854196,-0.0748,0.3584,29.997,56.0,-1305.5013899673,-84.0946878031025,22.507807533125018,-5838.2791708246,0.130031450399656
PHER_red_460_cutoff_7.5.inp.out,255.80964571239903,-0.057,0.3692,13.256,53.0,-1306.7782993434,153.05442809324637,259.23075314304043,-5612.9146917009,0.1156687557004261
PHER_red_461_cutoff_7.5.inp.out,256.4585809890704,-0.0305,0.3908,14.5502,57.0,-1305.5712074178,26.91436838673787,186.80699065506215,-5913.8360923565,0.101483319500403
PHER_red_462_cutoff_7.5.inp.out,255.32239226861853,-0.0598,0.3486,17.4218,56.0,-1305.1041837777,198.70733011074924,352.6612238646831,-5837.8438621475,0.1312537173998862
PHER_red_463_cutoff_7.5.inp.out,258.3275798564257,-0.0388,0.3802,11.1852,54.0,-1306.0625058669,181.7758316895366,208.23859359788975,-5687.7440863187,0.1114254900003288
PHER_red_464_cutoff_7.5.inp.out,258.0619743648223,-0.0337,0.3958,11.7108,52.0,-1306.6583935646,-75.03570652090859,22.970243154156087,-5537.3343695072,0.1088846911998189
PHER_red_465_cutoff_7.5.inp.out,257.22659128977597,-0.0405,0.3778,12.909,54.0,-1305.8375606792,217.9124390096187,500.58818117520576,-5687.5240344938,0.1099413522997565
PHER_red_466_cutoff_7.5.inp.out,259.3118185298201,-0.0377,0.3777,14.5119,54.0,-1306.007616675,436.7888751047419,495.6380520777573,-5687.746477858,0.1072605281005962
PHER_red_467_cutoff_7.5.inp.out,258.14929091895914,-0.0492,0.3709,14.5576,55.0,-1305.4221927433,-43.20021556787588,18.72063270317041,-5762.6986082823,0.1206264888005534
PHER_red_468_cutoff_7.5.inp.out,258.2486145112175,-0.036,0.3927,15.7562,57.0,-1304.8502980512,-22.49555951154693,-64.97355162924111,-5913.1717791193,0.1037323498994737
PHER_red_469_cutoff_7.5.inp.out,255.8106039336602,-0.0629,0.3734,5.7917,55.0,-1305.7960209969,-270.1386718337499,-365.4669323696721,-5763.1272410838,0.1271712336001655
PHER_red_46_cutoff_7.5.inp.out,256.5067299783779,-0.0561,0.3748,22.6991,57.0,-1304.6808948645,-206.89221528677055,-286.2601493587797,-5912.9783635221,0.1174036014999728
PHER_red_470_cutoff_7.5.inp.out,253.43661456251937,-0.066,0.3538,11.0708,52.0,-1306.6377799261,207.84876026282453,202.3393647938617,-5537.3267601345,0.1284280727995792
PHER_red_471_cutoff_7.5.inp.out,257.0323303876735,-0.0447,0.3765,16.1664,52.0,-1307.0632587864,44.2830871715519,223.3837124090718,-5537.6762368423,0.1104858766002507
PHER_red_472_cutoff_7.5.inp.out,257.02953603518085,-0.0446,0.3779,20.0821,52.0,-1306.5886074774,102.62050321110544,225.4708252728429,-5537.2229453789,0.1085351791998618
PHER_red_473_cutoff_7.5.inp.out,254.94893660287013,-0.0507,0.3685,10.3509,52.0,-1306.5299287837,99.1248409605378,39.47871035220019,-5537.2070908703,0.116668420499991
PHER_red_474_cutoff_7.5.inp.out,259.2822536393642,-0.0551,0.3715,18.4984,52.0,-1306.3583340387,271.5277954824357,235.8925492400186,-5537.0133784426,0.1206956938995063
PHER_red_475_cutoff_7.5.inp.out,257.813941595884,-0.04,0.3806,27.2874,53.0,-1306.6774609487,-271.95573532689093,-156.01769135519882,-5612.7564433249,0.108587571499811
PHER_red_476_cutoff_7.5.inp.out,255.76730513797017,-0.0561,0.3622,25.0113,51.0,-1307.5675548768,-19.74887903525097,-50.03740162007189,-5462.6249508518,0.1211915947997113
PHER_red_477_cutoff_7.5.inp.out,257.0735141943895,-0.0516,0.3666,26.8783,50.0,-1307.9850878767,-105.73494274339464,-167.71890516793647,-5387.5169658481,0.1216171626001596
PHER_red_478_cutoff_7.5.inp.out,257.9559281231816,-0.0247,0.3902,20.8037,50.0,-1307.6744577907,-54.92726356636038,-131.57647652968768,-5387.1778842001,0.0962779557994508
PHER_red_479_cutoff_7.5.inp.out,255.94346905720255,-0.0288,0.388,21.8392,48.0,-1308.2656892351,51.074082383614304,-133.12600188735354,-5236.7305570392,0.0988168607000261
PHER_red_47_cutoff_7.5.inp.out,261.3264836320256,-0.0473,0.3856,24.6666,57.0,-1304.6246152651,-451.0681113555549,-686.1701662036199,-5912.9862569128,0.1135184716004005
PHER_red_480_cutoff_7.5.inp.out,259.5433891764398,-0.0333,0.3933,5.5356,50.0,-1307.9891130224,-83.19918085336423,-79.61272329668164,-5387.477207693,0.0994285593997119
PHER_red_481_cutoff_7.5.inp.out,257.99395112002816,-0.0241,0.3834,15.0736,46.0,-1309.0830063375,38.3463169025508,97.70100271601277,-5086.4848206847,0.0896544891993471
PHER_red_482_cutoff_7.5.inp.out,256.0716038226515,-0.0321,0.3846,18.8133,44.0,-1310.1243869387,-106.84422201350928,60.63093271155587,-4936.4475266313,0.1037870966993068
PHER_red_483_cutoff_7.5.inp.out,259.1929369832605,-0.0454,0.3823,19.8282,47.0,-1308.7250419193,15.362118380163825,94.00957405332755,-5161.7191829659,0.1055004436002491
PHER_red_484_cutoff_7.5.inp.out,257.07494213824054,-0.0528,0.3735,19.2842,49.0,-1307.7364392834,133.93145226733307,145.24525330533578,-5311.7816050332,0.119674550000127
PHER_red_485_cutoff_7.5.inp.out,257.98917105243225,-0.0399,0.3767,34.9244,52.0,-1306.9628372377,316.4420798150502,232.5097681889993,-5537.6388695604,0.1113822758998139
PHER_red_486_cutoff_7.5.inp.out,258.57157741642646,-0.0398,0.3699,22.7292,53.0,-1306.5725892568,0.835866818814852,-163.26260493962738,-5612.7408102883,0.1134282781004003
PHER_red_487_cutoff_7.5.inp.out,257.3869913526378,-0.0407,0.3919,30.599,52.0,-1306.9127403679,-112.58014250396243,-258.1100645052658,-5537.5187848333,0.1074795102003918
PHER_red_488_cutoff_7.5.inp.out,258.7928936717705,-0.0707,0.3521,23.293,52.0,-1306.9011144151,-92.15907247504016,-138.5165015084365,-5537.5658705558,0.1301478213999871
PHER_red_489_cutoff_7.5.inp.out,256.8355900861286,-0.0671,0.3542,19.3274,56.0,-1306.0956154793,-9.424603286538884,-101.80544880372577,-5838.9126070512,0.1296247730997493
PHER_red_48_cutoff_7.5.inp.out,260.30043647196754,-0.0419,0.3839,26.4862,58.0,-1304.521378042,-184.05767625179607,-288.8374991676608,-5988.3645348662,0.111434719200588
PHER_red_490_cutoff_7.5.inp.out,257.13522560902834,-0.0457,0.3668,23.8174,56.0,-1305.6187975179,62.209625434510905,57.90132723411544,-5838.4119276205,0.1108280581001963
PHER_red_491_cutoff_7.5.inp.out,256.64206166038326,-0.0694,0.3541,22.5264,54.0,-1306.3805740906,45.94493836426547,213.42660960585448,-5688.1356816353,0.1308090427992283
PHER_red_492_cutoff_7.5.inp.out,256.720385342473,-0.0439,0.3758,13.1253,50.0,-1307.7285904564,91.1160317096382,151.643890654787,-5387.2973534545,0.1078974403999382
PHER_red_493_cutoff_7.5.inp.out,257.8706544337822,-0.0432,0.3779,32.3895,53.0,-1306.6987293309,300.243494873,365.6853959290958,-5612.7981759772,0.1080224854003972
PHER_red_494_cutoff_7.5.inp.out,255.3630142028352,-0.0725,0.3431,33.2841,52.0,-1306.9444969247,48.00457508456711,163.5354962761341,-5537.5949627278,0.1348398176996852
PHER_red_495_cutoff_7.5.inp.out,256.81331725427845,-0.0722,0.3586,35.0467,53.0,-1306.6308633891,356.21245892259884,442.0185429926385,-5612.7584617235,0.1349144382993472
PHER_red_496_cutoff_7.5.inp.out,258.53318423326033,-0.068,0.3602,33.1889,58.0,-1304.9669643439,251.93160770109236,441.2691181600512,-5988.7326788206,0.1258837049999783
PHER_red_497_cutoff_7.5.inp.out,257.0095614624342,-0.0689,0.3524,34.7904,53.0,-1306.5884043261,239.51552262530944,408.617865088607,-5612.7920930572,0.130872952199752
PHER_red_498_cutoff_7.5.inp.out,259.2801028828709,-0.0526,0.3721,42.794,56.0,-1305.4777991552,326.4266932973456,420.95277361238624,-5838.2130412642,0.1163531516003786
PHER_red_499_cutoff_7.5.inp.out,258.4829703242268,-0.0679,0.3653,37.4083,55.0,-1306.0646309214,266.3566038481022,332.5077318397615,-5763.2436383965,0.1243574656000419
PHER_red_49_cutoff_7.5.inp.out,257.6831987266407,-0.0401,0.3676,17.1742,56.0,-1305.645861585,-140.25374479552283,-238.34506437530067,-5838.4084590247,0.1105781162996208
PHER_red_4_cutoff_7.5.inp.out,256.87154658852216,-0.0451,0.3867,32.2306,53.0,-1305.8987338422,-49.14636024091067,24.362811509956135,-5612.1128185082,0.1113301023005988
PHER_red_50_cutoff_7.5.inp.out,255.78820997783995,-0.0224,0.3817,32.2707,54.0,-1306.9002109054,-234.78607583105008,-150.1498302879093,-5688.5542352864,0.0940205967999645
PHER_red_51_cutoff_7.5.inp.out,258.8119160908743,-0.0642,0.3573,35.2866,53.0,-1307.4990220062,-342.06847442053123,-62.337020437485805,-5613.6362360163,0.1311857798000346
PHER_red_52_cutoff_7.5.inp.out,259.22668967565914,-0.0601,0.3637,32.1085,54.0,-1306.8093465859,-218.31422902709548,-380.0548767719219,-5688.5760042344,0.1273813819998395
PHER_red_53_cutoff_7.5.inp.out,255.77075170779923,-0.0504,0.3641,30.4075,58.0,-1305.3397901494,-139.14909704474422,-225.3901424439473,-5989.1840242975,0.1237701353002194
PHER_red_54_cutoff_7.5.inp.out,259.7260988457219,-0.058,0.3608,25.825,53.0,-1307.2060836715,-122.42205596968564,-249.08154038118025,-5613.4136602718,0.12198247140077
PHER_red_55_cutoff_7.5.inp.out,258.78050106069986,-0.0492,0.371,27.7304,55.0,-1306.4227686839,-106.42642142588842,-254.34035124204544,-5763.6217208932,0.1110253861997989
PHER_red_56_cutoff_7.5.inp.out,257.1636252970159,-0.021,0.3988,19.8941,53.0,-1307.1371552565,-101.90436643915211,-281.5346734017482,-5613.2753329366,0.0915395791998889
PHER_red_57_cutoff_7.5.inp.out,260.1857340282205,-0.045,0.3793,20.2229,52.0,-1307.5140378989,39.918290060058794,-62.283778874677125,-5538.0849365919,0.110059081500367
PHER_red_58_cutoff_7.5.inp.out,257.21128184688155,-0.0526,0.3756,7.8622,54.0,-1306.7962294494,-211.64486102507377,-226.86554862020185,-5688.4000670196,0.1249183420995905
PHER_red_59_cutoff_7.5.inp.out,258.2835880688074,-0.0443,0.3796,15.1423,54.0,-1306.656238428,-68.35204004386446,81.08652113133573,-5688.2994324639,0.1121205053996163
PHER_red_5_cutoff_7.5.inp.out,261.4955731084042,-0.0606,0.3656,43.5687,52.0,-1307.1014354843,114.03670198877062,40.66813835181694,-5537.8459099148,0.1255932542999289
PHER_red_60_cutoff_7.5.inp.out,257.1741293773739,-0.0418,0.3849,14.5936,52.0,-1307.3167042514,264.38008502826057,452.11466497627345,-5537.8871031811,0.1077192468992507
PHER_red_61_cutoff_7.5.inp.out,258.19986409029383,-0.0404,0.3778,10.0067,53.0,-1306.8856795077,448.6901164930628,484.6170060751136,-5613.0813005597,0.1009991260007154
PHER_red_62_cutoff_7.5.inp.out,257.9009568831755,-0.0405,0.3814,15.4818,53.0,-1306.615290388,452.8090194379803,488.2804232692988,-5612.762243144,0.108754879499429
PHER_red_63_cutoff_7.5.inp.out,258.7815741186325,-0.0734,0.3655,5.956,54.0,-1306.2125863414,12.67024734423819,246.49701442393612,-5687.9139348727,0.1298624467999616
PHER_red_64_cutoff_7.5.inp.out,259.0806230862062,-0.0726,0.3628,8.4236,50.0,-1307.9284237313,96.61782272081383,133.04524495478483,-5387.4536208765,0.1358509844003492
PHER_red_65_cutoff_7.5.inp.out,259.6774621505508,-0.0779,0.3413,6.0812,52.0,-1306.783492778,103.25904871972728,79.58651026396797,-5537.4413901193,0.1408036434004316
PHER_red_66_cutoff_7.5.inp.out,258.0464188036194,-0.0564,0.3789,13.7463,52.0,-1307.0848575817,-51.608750291584066,-63.19158013973848,-5537.7666680493,0.1183457961005842
PHER_red_67_cutoff_7.5.inp.out,256.6207489903259,-0.0521,0.3781,6.0423,53.0,-1306.3821889641,61.11988168443403,-87.26631192476164,-5612.5900610603,0.1179896817002372
PHER_red_68_cutoff_7.5.inp.out,256.3161512500848,-0.0546,0.3674,7.104,51.0,-1307.2137003069,55.343898541391134,-192.1218628698763,-5462.3377421443,0.117218232399864
PHER_red_69_cutoff_7.5.inp.out,254.15957468122372,-0.0553,0.3511,10.0959,51.0,-1307.305425655,-136.45166563014774,-316.76107845291057,-5462.404434399,0.1208047870995869
PHER_red_6_cutoff_7.5.inp.out,257.27614171551846,-0.0438,0.3817,48.8845,54.0,-1305.7119362441,-94.7168871402128,-5.541463576728065,-5687.4677701184,0.1088175760996819
PHER_red_70_cutoff_7.5.inp.out,257.12675136101717,-0.0267,0.3951,17.2927,51.0,-1307.0863747964,-105.30003311512569,-84.81701124194917,-5462.1703299494,0.0939658592005798
PHER_red_71_cutoff_7.5.inp.out,257.01794314061954,-0.0463,0.3899,15.1373,52.0,-1307.0149757228,-61.707483862929905,-165.60962103040364,-5537.6505773544,0.1066818918998251
PHER_red_72_cutoff_7.5.inp.out,255.77479575176025,-0.0435,0.3653,8.8571,49.0,-1308.2294369463,-74.67059682462626,-23.73625492906114,-5312.2608897948,0.1103183446002731
PHER_red_73_cutoff_7.5.inp.out,258.87630228038734,-0.0619,0.3676,9.2762,49.0,-1308.1169265508,-259.29100783919955,-139.2212917589474,-5312.2329698067,0.1219387486999039
PHER_red_74_cutoff_7.5.inp.out,259.7492142313085,-0.0316,0.3893,3.5096,51.0,-1307.4679028083,-67.5629613130974,-95.43610261006768,-5462.6204857595,0.0984114703005616
PHER_red_75_cutoff_7.5.inp.out,256.67742489446954,-0.0568,0.3658,7.0797,52.0,-1307.0580310771,108.95157514247944,225.4220757164649,-5537.7022250456,0.1190195172002859
PHER_red_76_cutoff_7.5.inp.out,259.3792015852438,-0.0558,0.3758,5.5471,53.0,-1306.7175940973,17.028728944407558,18.57524739002157,-5612.8957324324,0.1162027892996775
PHER_red_77_cutoff_7.5.inp.out,259.5384439500378,-0.0555,0.3767,3.0867,51.0,-1307.3564450214,319.06952706310426,215.0747561492956,-5462.4961966449,0.1174722487994586
PHER_red_78_cutoff_7.5.inp.out,255.52432142051197,-0.0512,0.3743,5.4081,53.0,-1306.6597573702,-70.30489613574895,-42.9526705621543,-5612.7918774033,0.1204247873001804
PHER_red_79_cutoff_7.5.inp.out,258.95013202117303,-0.0441,0.3809,8.2989,52.0,-1306.6890405559,208.84126724003684,356.82450286022396,-5537.2972879382,0.1064782552002725
PHER_red_7_cutoff_7.5.inp.out,256.2948688343833,-0.0485,0.3875,47.0795,54.0,-1306.3063279257,-29.70036406719926,103.4144043263024,-5688.008742868,0.1123839386000327
PHER_red_80_cutoff_7.5.inp.out,255.89185526391137,-0.0564,0.365,12.1435,54.0,-1306.1642841105,168.69893597837736,190.30439558664523,-5687.8325823486,0.1233634868003719
PHER_red_81_cutoff_7.5.inp.out,255.46040091856725,-0.0578,0.3757,9.1639,54.0,-1306.1943557799,63.577750632339075,32.78540837753071,-5687.8676747981,0.1204314474998682
PHER_red_82_cutoff_7.5.inp.out,258.35212924877254,-0.0407,0.3879,9.6242,53.0,-1306.457475222,127.12382693645117,137.69536381745033,-5612.6729946724,0.1080028317001051
PHER_red_83_cutoff_7.5.inp.out,257.3348168261897,-0.0531,0.3758,10.2664,52.0,-1306.8323214848,12.2760285150408,93.03466412553028,-5537.5328629009,0.1209288943000501
PHER_red_84_cutoff_7.5.inp.out,258.89791714213294,-0.0481,0.3872,16.7971,51.0,-1307.3213153467,71.697202062834,9.618070023446428,-5462.4660536093,0.113779184300256
PHER_red_85_cutoff_7.5.inp.out,258.75122249954455,-0.0849,0.3405,16.6951,55.0,-1306.311165343,135.73256716699962,224.5933698173068,-5763.5444098431,0.1474658465995162
PHER_red_86_cutoff_7.5.inp.out,257.7636204903193,-0.0651,0.3541,18.4475,53.0,-1306.6000422485,109.8458013151697,170.5324444549464,-5612.870686749,0.1290131497007678
PHER_red_87_cutoff_7.5.inp.out,258.5591511671277,-0.0636,0.3659,15.0359,49.0,-1307.9100892823,-0.0611277422870682,87.57992886904825,-5311.966368892,0.1315435264996267
PHER_red_88_cutoff_7.5.inp.out,257.26098733509093,-0.045,0.3791,14.8967,51.0,-1307.5872908164,-30.679009982663043,-7.458314819935033,-5462.7232437534,0.106715172099939
PHER_red_89_cutoff_7.5.inp.out,257.04644317294407,-0.0256,0.4007,5.1536,48.0,-1308.5433976129,126.31614620039733,36.099050650083534,-5237.0316995161,0.0901746524996269
PHER_red_8_cutoff_7.5.inp.out,256.20616486462853,-0.0466,0.3803,42.6574,55.0,-1305.4194863035,293.00306799379234,438.42796204104013,-5762.6336391846,0.1108232420001513
PHER_red_90_cutoff_7.5.inp.out,256.7151187036946,-0.0547,0.374,16.9037,52.0,-1307.1097176917,185.30812145624128,144.36147024822503,-5537.7486811242,0.1203589397000541
PHER_red_91_cutoff_7.5.inp.out,256.42938047852675,-0.0582,0.3645,11.1269,52.0,-1307.0330307029,-62.428395836007624,-116.11574046028836,-5537.6045742212,0.1142415046997484
PHER_red_92_cutoff_7.5.inp.out,257.1776740396991,-0.0407,0.3832,6.3635,53.0,-1306.5274598649,47.51261922243613,-90.60717181966228,-5612.6686381308,0.1037822332000359
PHER_red_93_cutoff_7.5.inp.out,257.3620303348301,-0.0318,0.388,8.8984,53.0,-1307.0599114782,-138.99846950082866,-194.67463269511765,-5613.2507077854,0.095247789199675
PHER_red_94_cutoff_7.5.inp.out,255.21264608000027,-0.056,0.3543,12.2818,54.0,-1306.0448451161,-285.6084128553921,-392.2370717439398,-5687.8321123649,0.1212238361995332
PHER_red_95_cutoff_7.5.inp.out,260.4790036767697,-0.0317,0.3825,11.6423,54.0,-1305.9371032477,-112.73055712792628,-98.2863434493496,-5687.7070970581,0.0992220740999982
PHER_red_96_cutoff_7.5.inp.out,258.0105101383907,-0.0512,0.3826,15.5064,56.0,-1305.6220582371,148.46962564325796,-62.352922032022086,-5838.4405793445,0.1193346671998369
PHER_red_97_cutoff_7.5.inp.out,258.20668068121375,-0.0345,0.3933,18.0832,57.0,-1305.1324900069,-41.10678138352499,-210.44594089620793,-5913.4319620689,0.1036439999998037
PHER_red_98_cutoff_7.5.inp.out,259.01614577883964,-0.05,0.3675,12.3382,53.0,-1306.7106988784,-134.25209805527206,-225.68600041206415,-5612.8961437503,0.1158817399000327
PHER_red_99_cutoff_7.5.inp.out,258.89555476232255,-0.0354,0.3752,16.9685,49.0,-1307.9160851463,-277.2725653941731,-283.38446012978727,-5311.9746107339,0.1074278809001043
PHER_red_9_cutoff_7.5.inp.out,254.95851075732332,-0.0487,0.3601,50.4454,55.0,-1305.5154306323,265.73096382058833,316.4841558578425,-5762.702488976,0.1140728571999716
