file_name,NRE,HOMO,LUMO,Dipole_mom,Num_waters,chg_chg,elec5,elec10,delE_hf,delE_dft
PHER_red_0_cutoff_7.5.inp.out,261.7745035826375,-0.1353,0.1597,15.3127,56.0,-1305.0081934219,32.901645616257696,-36.78306777399217,-5868.1848873737,0.12844698469962168
PHER_red_100_cutoff_7.5.inp.out,258.88374886607545,-0.1259,0.1545,26.1941,49.0,-1308.1085218927,19.28526708474402,-109.54632559146368,-5339.0339681919,0.11909804759943654
PHER_red_101_cutoff_7.5.inp.out,256.1494510348068,-0.1443,0.1528,26.7805,53.0,-1306.6938141225,-311.1741900450535,-184.15874775444007,-5641.7819220675,0.13665474460049154
PHER_red_102_cutoff_7.5.inp.out,258.41984823298765,-0.1336,0.1330,25.1503,56.0,-1305.0908395258,-276.88159785533793,-68.48396486029375,-5868.2842044769,0.1261005163005393
PHER_red_103_cutoff_7.5.inp.out,257.9300119387272,-0.1414,0.1402,27.4855,55.0,-1305.5582609133,187.26782560751286,-2.293475968698119,-5792.6629005176,0.13074875109941786
PHER_red_104_cutoff_7.5.inp.out,257.51197036706105,-0.1078,0.1410,29.1467,57.0,-1304.8873404038,59.18793872427688,40.176526447282534,-5944.0840501006,0.10063647440074419
PHER_red_105_cutoff_7.5.inp.out,258.3488100323358,-0.1047,0.1487,30.2864,53.0,-1306.5403751014,-178.1660232593443,-90.47486320515121,-5641.5893891156,0.09863720750036009
PHER_red_106_cutoff_7.5.inp.out,257.2562030169131,-0.1118,0.1533,28.6645,50.0,-1307.4418998751,-217.04427456871977,-227.27797226758034,-5414.3064594616,0.10513791559969832
PHER_red_107_cutoff_7.5.inp.out,258.62203063188736,-0.1086,0.1624,28.6274,51.0,-1306.9925401150,30.532029938632224,-127.24584795375941,-5489.8726622892,0.10165074589986034
PHER_red_108_cutoff_7.5.inp.out,256.45309236390716,-0.1185,0.1453,33.6495,52.0,-1306.8903600262,90.1478483902616,36.41204366416042,-5565.8212158824,0.11100774229998933
PHER_red_109_cutoff_7.5.inp.out,256.2641941905645,-0.1009,0.1641,29.0348,51.0,-1307.7361822232,127.41706714011922,94.03047862814631,-5490.6689192722,0.09544611030014494
PHER_red_10_cutoff_7.5.inp.out,256.78059310285624,-0.1325,0.1412,51.2042,54.0,-1306.4879113248,228.62496249146366,292.0956977017172,-5717.6207302515,0.1253771241999857
PHER_red_110_cutoff_7.5.inp.out,257.78686720133317,-0.1086,0.1531,29.0793,53.0,-1306.5485199453,2.309759540570323,-85.15918326184952,-5641.5520106823,0.10091961819944117
PHER_red_111_cutoff_7.5.inp.out,258.1841432012045,-0.1150,0.1539,28.1918,50.0,-1307.5312678845,270.65073613927393,211.06721610760604,-5414.4961929725,0.10531525929945929
PHER_red_112_cutoff_7.5.inp.out,256.74984650690027,-0.0985,0.1538,20.9719,50.0,-1307.4472294575,9.362597504239892,78.80340175246069,-5414.3123623482,0.09244242920067336
PHER_red_113_cutoff_7.5.inp.out,258.5634010292311,-0.1197,0.1540,27.7143,51.0,-1306.8702368889,71.6072744180805,184.39546599650117,-5489.8559628937,0.1130629992003378
PHER_red_114_cutoff_7.5.inp.out,255.85974159773372,-0.1359,0.1520,24.4860,53.0,-1306.2695828826,314.9505104343027,251.12242305811264,-5641.2860589718,0.12775008140033606
PHER_red_115_cutoff_7.5.inp.out,256.1644509157945,-0.1044,0.1653,25.1340,52.0,-1306.5759946632,-149.1902419013223,-211.17665322305646,-5565.5374535987,0.0990912359993672
PHER_red_116_cutoff_7.5.inp.out,259.8641086302788,-0.1209,0.1418,20.5302,51.0,-1307.1342034488,152.5794365759759,60.59029684214201,-5490.0839445005,0.11278262980067666
PHER_red_117_cutoff_7.5.inp.out,258.10309906507996,-0.1177,0.1663,15.8370,48.0,-1308.3457319171,-153.5580503563455,-251.87699103202323,-5263.2546819582,0.11145326080077211
PHER_red_118_cutoff_7.5.inp.out,257.03848739710696,-0.1162,0.1443,23.7323,50.0,-1307.2957923108,19.259034502598467,-43.94120795559819,-5414.2089064733,0.10853590340047958
PHER_red_119_cutoff_7.5.inp.out,260.80262385972037,-0.1011,0.1555,19.7106,53.0,-1306.5863156880,-119.94112003478455,-98.95272092389882,-5641.5153675618,0.09414198029935505
PHER_red_11_cutoff_7.5.inp.out,255.84611372498298,-0.1299,0.1430,60.6959,54.0,-1305.9560755302,53.74286068908111,193.14574381230017,-5716.978762502,0.12438007260061568
PHER_red_120_cutoff_7.5.inp.out,261.40842946952137,-0.1099,0.1553,12.3568,51.0,-1307.1050306201,-105.6536273405918,-155.03443908700493,-5490.0506274401,0.10229785599949537
PHER_red_121_cutoff_7.5.inp.out,255.9590874722876,-0.1159,0.1515,14.1873,53.0,-1306.2655046146,-262.1044156273763,-110.09672201514661,-5641.2719234521,0.10844916320002085
PHER_red_122_cutoff_7.5.inp.out,254.99414736314762,-0.0846,0.1566,12.8926,54.0,-1306.3020515136,67.07642833187327,-27.82301657605425,-5717.2148054521,0.07945028070025728
PHER_red_123_cutoff_7.5.inp.out,256.0467720315728,-0.0863,0.1486,7.0968,55.0,-1305.7915993811,-77.34237398636425,-97.58692538955906,-5792.8047591172,0.08293421140024293
PHER_red_124_cutoff_7.5.inp.out,257.45562585437443,-0.0896,0.1640,16.4730,55.0,-1305.7251605361,-156.68828225481948,-200.26100990563853,-5792.7923362207,0.08453293450020283
PHER_red_125_cutoff_7.5.inp.out,256.7188414206236,-0.0808,0.1686,27.3863,53.0,-1306.4519495438,-74.05696449941601,-293.093563773879,-5641.4267584983,0.07493143040028372
PHER_red_126_cutoff_7.5.inp.out,257.5055902994887,-0.0934,0.1645,34.0310,51.0,-1307.4066741913,-59.56662995707633,-86.20292058231352,-5490.2742054512,0.08691022530001646
PHER_red_127_cutoff_7.5.inp.out,261.4667171877276,-0.0875,0.1710,38.5305,51.0,-1307.3097546752,7.381832210975559,-174.88657534280983,-5490.129927718,0.07945519240001886
PHER_red_128_cutoff_7.5.inp.out,260.9159554021056,-0.0897,0.1669,39.0999,50.0,-1308.0048717574,-85.29040836466169,-39.91449253372632,-5414.8250193132,0.08223678050035232
PHER_red_129_cutoff_7.5.inp.out,259.08124133150204,-0.0977,0.1621,43.0750,55.0,-1305.7945075823,-219.8281720786189,-221.88192483583737,-5792.7418964979,0.09086676839979191
PHER_red_12_cutoff_7.5.inp.out,255.6305883143924,-0.1303,0.1472,53.4368,54.0,-1306.1070248313,43.815060062420685,-74.69328934881793,-5717.0941887493,0.12219202320011391
PHER_red_130_cutoff_7.5.inp.out,258.9540655164343,-0.1244,0.1496,38.5539,55.0,-1306.0131401505,86.13047602161711,92.53926429649322,-5793.0479422266,0.11871276860074431
PHER_red_131_cutoff_7.5.inp.out,256.7442292793914,-0.1446,0.1476,47.9153,55.0,-1306.1631022933,111.7062347870931,107.73141542047644,-5793.2403912815,0.13799925799958146
PHER_red_132_cutoff_7.5.inp.out,256.54259895361406,-0.1374,0.1446,44.3978,52.0,-1306.8251601394,161.3953710624008,116.3629987533593,-5565.8084761988,0.13037356159929914
PHER_red_133_cutoff_7.5.inp.out,257.80188463842046,-0.1356,0.1455,44.4062,53.0,-1306.3377964115,307.5699344095774,491.531027175145,-5641.3542124047,0.12664441910055757
PHER_red_134_cutoff_7.5.inp.out,258.35374628362945,-0.1308,0.1565,49.7333,53.0,-1306.2912325119,416.4253049004528,265.57105787226993,-5641.2917434751,0.12426125989986758
PHER_red_135_cutoff_7.5.inp.out,257.5688769959501,-0.1401,0.1490,39.8979,52.0,-1307.2675496351,270.8350013178364,257.5564222842104,-5566.2742555708,0.134467548399698
PHER_red_136_cutoff_7.5.inp.out,257.571171654422,-0.1362,0.1598,38.4545,52.0,-1306.6731962104,-180.2407815047984,-56.0210385975692,-5565.6920586773,0.1299533610999788
PHER_red_137_cutoff_7.5.inp.out,256.85487377709677,-0.1249,0.1590,33.3825,54.0,-1306.1111470063,218.10214080508416,211.41961618451498,-5717.1204264902,0.1168050943997514
PHER_red_138_cutoff_7.5.inp.out,257.23122792897624,-0.0775,0.1657,38.1241,50.0,-1307.7517224085,-16.721135115466154,186.44483868752823,-5414.5199415889,0.07302320279995911
PHER_red_139_cutoff_7.5.inp.out,257.7631210257703,-0.1148,0.1490,26.6727,52.0,-1306.9539775784,255.51434699080414,184.32195946163336,-5565.8489743979,0.11037394710001536
PHER_red_13_cutoff_7.5.inp.out,257.9469563245418,-0.1225,0.1611,48.9073,56.0,-1305.5609806564,-186.88706028348676,-294.93295047343844,-5868.7345712563,0.1171462419006275
PHER_red_140_cutoff_7.5.inp.out,258.53130280616983,-0.1464,0.1552,38.1498,52.0,-1307.1608438535,72.68065602863813,189.28348743344375,-5566.0896160154,0.13665893120014516
PHER_red_141_cutoff_7.5.inp.out,256.46587033643164,-0.1391,0.1437,44.7756,52.0,-1306.7163257507,-193.78368504189513,-104.3023845933378,-5565.6793364719,0.13376170979972812
PHER_red_142_cutoff_7.5.inp.out,258.5872949762261,-0.1350,0.1416,35.1951,50.0,-1307.4517004161,-261.01333756196334,-366.3340228914961,-5414.3350710141,0.1271228326995697
PHER_red_143_cutoff_7.5.inp.out,260.9685896469918,-0.1499,0.1375,29.4620,48.0,-1307.9136889041,-111.38003725926727,-359.51944918529875,-5262.8221149646,0.14411766650027857
PHER_red_144_cutoff_7.5.inp.out,258.51943524039154,-0.1317,0.1434,26.8114,52.0,-1306.7040274690,40.059732900229946,-323.74895007951824,-5565.7142307632,0.12445783289967949
PHER_red_145_cutoff_7.5.inp.out,260.4164664629443,-0.1073,0.1612,33.0461,48.0,-1307.9684100806,-100.3857401713081,-353.3385521691958,-5262.7885348842,0.10072676689924265
PHER_red_146_cutoff_7.5.inp.out,259.8155258012609,-0.1319,0.1508,34.2719,51.0,-1306.8262179872,-337.6136452176411,-531.8611457147815,-5489.801930469,0.12354542439970828
PHER_red_147_cutoff_7.5.inp.out,258.86836732865754,-0.1241,0.1541,24.1150,54.0,-1306.2614687258,-539.6216080708684,-755.8184695788261,-5717.3816188272,0.11712997009999526
PHER_red_148_cutoff_7.5.inp.out,256.7914883010864,-0.0971,0.1556,30.9412,54.0,-1305.9241535877,-646.5218887425458,-880.3539538055772,-5716.9835049633,0.09240987170051085
PHER_red_149_cutoff_7.5.inp.out,256.0778134971204,-0.1291,0.1536,26.6535,56.0,-1305.4205873937,-329.479685649691,-614.5488546912773,-5868.6123860994,0.12064291479964595
PHER_red_14_cutoff_7.5.inp.out,255.27979269319547,-0.1605,0.1349,39.8175,59.0,-1304.5470948097,119.58466777024955,19.20488805282955,-6095.7858583114,0.15034685459977482
PHER_red_150_cutoff_7.5.inp.out,254.16280788240636,-0.1145,0.1509,54.2590,56.0,-1305.3659527263,104.3000353251794,76.54495930691714,-5868.487796311,0.1069401723007104
PHER_red_151_cutoff_7.5.inp.out,256.90365735836735,-0.1196,0.1486,47.9326,55.0,-1305.6293026145,127.71007944555532,90.44994883619434,-5792.7288398947,0.11145413430040207
PHER_red_152_cutoff_7.5.inp.out,258.9606160378603,-0.1195,0.1605,43.0433,59.0,-1304.3370595720,-144.16876363293528,-283.2160481418216,-6095.5352550822,0.11107544710012007
PHER_red_153_cutoff_7.5.inp.out,257.4872363792002,-0.1235,0.1603,37.9954,57.0,-1305.2372723198,-91.91052861372414,-84.73004938983323,-5944.3085871282,0.11587121580032544
PHER_red_154_cutoff_7.5.inp.out,260.3036859367197,-0.1273,0.1607,42.3147,57.0,-1305.1572596095,56.11323610330088,-149.46567422586955,-5944.2991555406,0.12024015200040594
PHER_red_155_cutoff_7.5.inp.out,259.05176122632173,-0.1391,0.1496,37.4764,58.0,-1305.1428514530,152.61389556145474,-53.07400550081389,-6020.3777111342,0.12971614409980248
PHER_red_156_cutoff_7.5.inp.out,259.4205786673542,-0.1144,0.1568,44.3227,54.0,-1306.0884917219,66.55737875730036,32.883120240538524,-5717.1287556516,0.10703375969933404
PHER_red_157_cutoff_7.5.inp.out,259.2957390177341,-0.1377,0.1389,43.8223,57.0,-1305.1747340197,-173.02798071343196,-301.46230637595687,-5944.318815438,0.12762792280045687
PHER_red_158_cutoff_7.5.inp.out,258.1275692269277,-0.1338,0.1502,31.3832,52.0,-1307.0356808221,-166.7154434224765,-273.0131226943855,-5566.0093980323,0.12760613590035064
PHER_red_159_cutoff_7.5.inp.out,258.3152984381251,-0.1154,0.1602,38.3055,55.0,-1305.7016699288,17.178501250127947,-132.53901099295922,-5792.8230568376,0.1038786484996308
PHER_red_15_cutoff_7.5.inp.out,256.91207551023905,-0.1456,0.1572,39.0968,56.0,-1305.6908170374,-25.178241599312763,-95.86296761081783,-5868.7973194961,0.13792395769996801
PHER_red_160_cutoff_7.5.inp.out,257.9907445482739,-0.1217,0.1478,40.3880,53.0,-1306.2616457597,-41.592859937478686,100.96032010984268,-5641.2949659082,0.11253225340078643
PHER_red_161_cutoff_7.5.inp.out,256.41117977374313,-0.0953,0.1488,29.4211,54.0,-1306.5358104139,-0.1771531473071628,209.9015101664578,-5717.5651224636,0.08862404959927517
PHER_red_162_cutoff_7.5.inp.out,254.02866801596247,-0.1155,0.1507,23.4365,51.0,-1306.7997059662,327.1935516008681,456.80591049534064,-5489.8098498812,0.10885820439943927
PHER_red_163_cutoff_7.5.inp.out,259.9929723537778,-0.1018,0.1602,10.9779,58.0,-1304.7636721402,42.48457805257558,39.536059645308825,-6019.870453962,0.09556169469942688
PHER_red_164_cutoff_7.5.inp.out,258.45516986023534,-0.1228,0.1535,14.1046,57.0,-1304.9288420034,122.23344995555361,101.44878242511574,-5944.0246909721,0.11354253460012842
PHER_red_165_cutoff_7.5.inp.out,259.8117584662696,-0.1329,0.1562,8.3347,58.0,-1305.0667578996,-42.1038422089845,21.52836289413144,-6020.1929832023,0.12661505669984763
PHER_red_166_cutoff_7.5.inp.out,255.77129649425893,-0.1297,0.1443,25.1254,57.0,-1305.3378613856,-102.17911560572963,-84.14659534250096,-5944.4472801548,0.12175864069922682
PHER_red_167_cutoff_7.5.inp.out,254.7960449838204,-0.1140,0.1486,26.1824,63.0,-1303.1017403812,48.14890712583476,89.2421298347242,-6398.4306938407,0.10748653720020229
PHER_red_168_cutoff_7.5.inp.out,258.10414683763446,-0.1315,0.1431,24.1253,55.0,-1305.9108599204,-4.906527338267772,-75.42405991623006,-5793.0721001146,0.12234383289978723
PHER_red_169_cutoff_7.5.inp.out,254.944106753492,-0.1215,0.1593,27.5248,58.0,-1304.5467408478,128.65440342390716,110.56823013991738,-6019.6911404291,0.1166143258997181
PHER_red_16_cutoff_7.5.inp.out,260.64061469442606,-0.1360,0.1474,35.7582,54.0,-1305.7480034244,-9.39881591109585,-35.17709642779105,-5716.7861994835,0.12719513409956562
PHER_red_170_cutoff_7.5.inp.out,257.95189585950027,-0.1221,0.1552,36.8300,58.0,-1304.8855580738,-0.7897254743368249,-5.813979045275884,-6020.1445288658,0.11532074390015623
PHER_red_171_cutoff_7.5.inp.out,259.33873754345615,-0.1412,0.1500,26.2200,54.0,-1305.8153337760,86.79282665555421,16.926422129567527,-5716.9499781676,0.131773821999559
PHER_red_172_cutoff_7.5.inp.out,257.61895463234544,-0.1294,0.1584,33.0879,57.0,-1305.2632602703,62.65485163504895,134.36089226514855,-5944.4240530497,0.12163564700040297
PHER_red_173_cutoff_7.5.inp.out,260.79932873549984,-0.1385,0.1619,29.3920,57.0,-1304.7185391163,273.75053298613835,221.74380922212052,-5943.8994483224,0.1290111448006428
PHER_red_174_cutoff_7.5.inp.out,256.4687785329094,-0.1561,0.1408,23.4942,60.0,-1304.3056501298,301.6940963952693,211.92811562332767,-6171.5945632187,0.14674657649993605
PHER_red_175_cutoff_7.5.inp.out,258.3718718723319,-0.1240,0.1520,33.4329,57.0,-1305.0205243985,245.94881541206928,227.07249082943517,-5944.1585539436,0.11537283410052623
PHER_red_176_cutoff_7.5.inp.out,258.81981896894376,-0.0958,0.1668,32.0883,56.0,-1305.3675402394,-42.11652319824626,-135.98312096425207,-5868.4618975319,0.09016051829985372
PHER_red_177_cutoff_7.5.inp.out,257.68035437135586,-0.1327,0.1625,24.9076,57.0,-1304.9774128450,135.4341571554803,190.56705446394295,-5944.1741544987,0.12398545749965706
PHER_red_178_cutoff_7.5.inp.out,259.27815541873713,-0.1318,0.1473,27.2821,54.0,-1306.1998801539,81.52929834954277,-93.5688461810863,-5717.264961851,0.11960895480024192
PHER_red_179_cutoff_7.5.inp.out,258.75613988953944,-0.1065,0.1671,34.7807,55.0,-1305.7527337843,234.94107009866238,344.25821645829365,-5792.9134609787,0.10033647210002528
PHER_red_17_cutoff_7.5.inp.out,256.84987258506146,-0.1139,0.1655,22.3839,51.0,-1307.1595130441,1.9646599876805195,-193.88677419199314,-5490.1105146403,0.10695444649991259
PHER_red_180_cutoff_7.5.inp.out,257.20887312669146,-0.0965,0.1665,34.5226,51.0,-1307.2928443116,102.10605906725218,330.9019191177569,-5490.1807709141,0.08971864210070635
PHER_red_181_cutoff_7.5.inp.out,257.7576947500694,-0.1232,0.1609,30.9130,49.0,-1307.7153451686,420.82985296325467,414.80477655988113,-5338.6544418651,0.11580151110047154
PHER_red_182_cutoff_7.5.inp.out,256.0063268282914,-0.1343,0.1581,38.0499,51.0,-1307.4310528293,134.3620948639968,187.96485396975143,-5490.5007786519,0.12591497779976635
PHER_red_183_cutoff_7.5.inp.out,257.3032542038276,-0.1023,0.1684,27.5113,46.0,-1309.0612560318,290.35198390177777,192.30571069815423,-5111.8307864033,0.09891292049996991
PHER_red_184_cutoff_7.5.inp.out,256.17503008757853,-0.1346,0.1488,31.9243,48.0,-1308.2952648112,130.6981707909164,51.94857273799308,-5263.1885115151,0.12699321159925603
PHER_red_185_cutoff_7.5.inp.out,255.4331002357426,-0.1123,0.1527,27.6872,53.0,-1306.9034775292,226.9223256696473,238.069703130311,-5641.9128817507,0.10621742549938062
PHER_red_186_cutoff_7.5.inp.out,259.1344553466053,-0.1188,0.1553,29.1375,53.0,-1306.7055632125,16.089214625719226,43.289319952077854,-5641.631461057,0.1109369201994923
PHER_red_187_cutoff_7.5.inp.out,258.45595035486417,-0.1246,0.1612,19.6883,55.0,-1306.3689270887,-282.60605264417904,-191.17757685531095,-5793.4598333272,0.11519810579920886
PHER_red_188_cutoff_7.5.inp.out,259.1344547503576,-0.1216,0.1645,25.1681,53.0,-1306.9279127947,-81.56048389584815,67.82405282778558,-5641.9892723289,0.11251851769975474
PHER_red_189_cutoff_7.5.inp.out,259.0472199340924,-0.1117,0.1684,16.7157,55.0,-1305.9521513866,62.56087586799158,111.83657223711597,-5793.0069951846,0.10388514209989808
PHER_red_18_cutoff_7.5.inp.out,259.1727895783774,-0.1226,0.1552,34.4892,52.0,-1306.7861824302,4.147783005633962,-107.54731628473485,-5565.7701311071,0.11502674089933862
PHER_red_190_cutoff_7.5.inp.out,257.944195449995,-0.1088,0.1637,12.7789,55.0,-1305.8101472626,66.92198826212363,78.14891592353729,-5792.9085449039,0.10272421149966249
PHER_red_191_cutoff_7.5.inp.out,256.38875711992864,-0.1335,0.1506,18.5938,55.0,-1305.9289401486,-74.07237730938357,82.79819543359571,-5792.9610614622,0.12362253579976823
PHER_red_192_cutoff_7.5.inp.out,255.01315896509388,-0.1282,0.1596,21.9023,55.0,-1306.0350256955,44.848896184779555,90.19808487048425,-5793.0993533236,0.12108013820034103
PHER_red_193_cutoff_7.5.inp.out,256.1189970106577,-0.1135,0.1555,21.2450,57.0,-1304.9850248520,-9.453731145831929,3.7497581751105225,-5944.1253252341,0.1082735796999259
PHER_red_194_cutoff_7.5.inp.out,260.5075266337681,-0.1126,0.1513,12.6703,55.0,-1305.8144885647,-96.9005831161935,-39.36594735775926,-5792.9254223631,0.10688301370009867
PHER_red_195_cutoff_7.5.inp.out,254.8350448742961,-0.1316,0.1568,16.5386,53.0,-1306.8346413746,-202.89277100522764,-92.15389085064109,-5641.8275998099,0.12459460099944408
PHER_red_196_cutoff_7.5.inp.out,255.8736904496616,-0.1034,0.1677,10.6203,53.0,-1306.5068218907,-155.08641603443266,-110.72075848656984,-5641.5020825635,0.09581550250004511
PHER_red_197_cutoff_7.5.inp.out,259.13463659390925,-0.1001,0.1648,14.6118,54.0,-1306.6330734771,-208.9043340674544,-212.5823316812348,-5717.680910122,0.09306326929981878
PHER_red_198_cutoff_7.5.inp.out,258.49967994117605,-0.1026,0.1567,13.9501,53.0,-1306.3701814844,131.57966009626662,30.290219353643586,-5641.4285011092,0.09768676190014958
PHER_red_199_cutoff_7.5.inp.out,259.5098604624384,-0.1127,0.1483,9.3018,56.0,-1305.3875503653,-49.35130268445879,-3.8812314805684323,-5868.501713753,0.10537167490019783
PHER_red_19_cutoff_7.5.inp.out,260.4540349169978,-0.1315,0.1545,44.8897,56.0,-1305.0891630948,73.82722207261224,96.99596294110937,-5868.2757635834,0.12074349790054839
PHER_red_1_cutoff_7.5.inp.out,258.73213260532566,-0.1019,0.1629,28.8940,58.0,-1304.6190303541,70.93186761214537,73.44114320064465,-6019.7620411698,0.09393056869976135
PHER_red_200_cutoff_7.5.inp.out,261.2295968557075,-0.1147,0.1679,14.7089,56.0,-1305.7386450042,81.96472892628509,-39.75997928526965,-5868.9300914303,0.10724921039945912
PHER_red_201_cutoff_7.5.inp.out,257.122343850613,-0.1102,0.1626,13.1984,54.0,-1306.2761092148,49.652392505821766,-18.63643265854709,-5717.3343460363,0.10344613510005729
PHER_red_202_cutoff_7.5.inp.out,259.85658582403636,-0.1054,0.1625,15.2894,53.0,-1307.0671026831,30.28329439025911,-79.14631931296162,-5642.0977858065,0.10018301909985894
PHER_red_203_cutoff_7.5.inp.out,257.2576944409814,-0.0975,0.1613,21.3191,56.0,-1305.5174697314,-72.92760888231237,-33.0542006290804,-5868.7206757731,0.09282871370032808
PHER_red_204_cutoff_7.5.inp.out,257.8336701104836,-0.1100,0.1528,35.8023,56.0,-1305.5291745566,137.322750928218,15.746113997917792,-5868.723886118,0.10454591510006139
PHER_red_205_cutoff_7.5.inp.out,259.58923264701144,-0.1323,0.1429,25.1869,57.0,-1305.2587827427,74.0041036997187,-247.7951054719535,-5944.4824048369,0.12362502790074359
PHER_red_206_cutoff_7.5.inp.out,255.8886202188831,-0.1182,0.1573,20.6209,56.0,-1305.7687917826,-127.98361980522951,-298.32091117849563,-5868.9215010544,0.11109911970015673
PHER_red_207_cutoff_7.5.inp.out,258.64306470174535,-0.1255,0.1591,22.1752,55.0,-1305.9997817892,-4.732223354379794,-160.00203429071243,-5793.1592202333,0.12026059910022013
PHER_red_208_cutoff_7.5.inp.out,256.68134441160515,-0.1329,0.1591,27.3046,54.0,-1305.8959499359,-128.5311274593401,-79.09935675516,-5717.0291026842,0.12466809359921172
PHER_red_209_cutoff_7.5.inp.out,255.82190312218046,-0.1493,0.1388,33.9959,54.0,-1306.1373558878,-87.96892631410002,-146.58008291085386,-5717.314581183,0.14050021189996187
PHER_red_20_cutoff_7.5.inp.out,257.9574580984687,-0.1124,0.1541,45.4391,59.0,-1304.3998513808,45.74097994322805,100.34243867669382,-6095.6218187076,0.10656176560041786
PHER_red_210_cutoff_7.5.inp.out,257.4614558763646,-0.1338,0.1504,27.9299,55.0,-1305.9818593605,-140.35220020526327,-109.10392475847796,-5793.1104843293,0.12637027439996018
PHER_red_211_cutoff_7.5.inp.out,257.8802537452798,-0.1125,0.1568,22.4948,53.0,-1306.8520212706,-20.761156448042435,-143.05215556035623,-5641.914853729,0.1054397676998633
PHER_red_212_cutoff_7.5.inp.out,259.3928483228696,-0.1421,0.1545,25.4172,56.0,-1305.7679297366,-86.89863516071165,-12.527442726301182,-5868.9716136398,0.13206252019972453
PHER_red_213_cutoff_7.5.inp.out,260.5515989815505,-0.1275,0.1665,17.9785,52.0,-1307.0709445466,165.07058531531595,84.17150118306333,-5566.0679031262,0.11906374699992739
PHER_red_214_cutoff_7.5.inp.out,258.6463465997966,-0.1151,0.1686,10.1962,49.0,-1308.3846319861,291.0379702841924,239.93035060216624,-5339.2075479726,0.1096358840004541
PHER_red_215_cutoff_7.5.inp.out,257.33741646712633,-0.1241,0.1552,15.9259,50.0,-1307.7193207343,-57.75602553957586,-117.95912642400836,-5414.6531852922,0.11722934629960946
PHER_red_216_cutoff_7.5.inp.out,257.08302251340376,-0.1506,0.1235,22.7162,53.0,-1306.8836521317,-29.35091810634868,-27.7273329156944,-5641.8905840897,0.1415623463999509
PHER_red_217_cutoff_7.5.inp.out,255.25589711262597,-0.1396,0.1500,23.5566,53.0,-1306.5948350610,-5.108144865146359,-111.0542401201481,-5641.5656730385,0.13248049889989488
PHER_red_218_cutoff_7.5.inp.out,258.6734771172779,-0.1220,0.1483,20.5698,54.0,-1306.1490905385,387.7598381022558,130.54322936139621,-5717.191808637,0.11665691810048884
PHER_red_219_cutoff_7.5.inp.out,256.1283285375083,-0.1362,0.1436,12.7097,55.0,-1305.9876143876,302.470409841565,218.4787367867572,-5793.0308839624,0.1285377206004341
PHER_red_21_cutoff_7.5.inp.out,258.8230012770052,-0.1300,0.1598,46.6298,54.0,-1306.4797850360,49.15231686424651,200.43076184375542,-5717.5871862262,0.12262531719989056
PHER_red_220_cutoff_7.5.inp.out,257.233274375363,-0.1107,0.1483,30.9865,58.0,-1305.1231879534,167.42937521172985,162.92531834768164,-6020.2789093625,0.10564638910000212
PHER_red_221_cutoff_7.5.inp.out,257.8341671078783,-0.1103,0.1577,30.2103,55.0,-1306.1962878504,-78.84527376235008,81.89872601752671,-5793.2651522101,0.10280935549963033
PHER_red_222_cutoff_7.5.inp.out,256.827056545061,-0.1172,0.1531,23.3780,53.0,-1306.2510034643,12.138967295722777,92.86597437210953,-5641.273995665,0.11217249530000117
PHER_red_223_cutoff_7.5.inp.out,259.302493368932,-0.1216,0.1685,19.9770,54.0,-1306.5756822755,-200.98663764411674,-167.80842962581718,-5717.608031017,0.11321602669977437
PHER_red_224_cutoff_7.5.inp.out,262.12342027403844,-0.1386,0.1567,25.7904,53.0,-1306.6473261777,-46.25159556199727,175.3192551120143,-5641.6860660756,0.130509591000191
PHER_red_225_cutoff_7.5.inp.out,258.9634323162986,-0.1254,0.1471,24.3847,52.0,-1307.1539021303,85.28814632309775,231.7191794768689,-5566.0961671163,0.11875752910054871
PHER_red_226_cutoff_7.5.inp.out,254.9356511980178,-0.1235,0.1587,23.4618,49.0,-1307.8711771121,115.07540649923594,465.16988559343554,-5338.7178183713,0.11344710320008744
PHER_red_227_cutoff_7.5.inp.out,256.3877778126418,-0.1284,0.1472,25.2555,51.0,-1307.0372413705,155.37126513846414,402.0421959032366,-5489.9967530189,0.12428319260015996
PHER_red_228_cutoff_7.5.inp.out,256.0148663813241,-0.1102,0.1629,18.8620,50.0,-1307.7210244803,91.12572528294051,108.38482002444889,-5414.618600476,0.10666987299919128
PHER_red_229_cutoff_7.5.inp.out,254.66307881830036,-0.1225,0.1597,16.8506,50.0,-1307.5146615108,152.9490755261574,271.2835601450386,-5414.4520096789,0.11773332129996561
PHER_red_22_cutoff_7.5.inp.out,256.1474737095549,-0.1083,0.1712,52.0228,51.0,-1306.7796706038,344.96484754890366,255.98032123992468,-5489.7008910334,0.10369748950051871
PHER_red_230_cutoff_7.5.inp.out,254.4069848054185,-0.1450,0.1575,22.8549,49.0,-1307.9748509661,83.89313112220081,72.16438235961162,-5338.8378507667,0.13792516670037003
PHER_red_231_cutoff_7.5.inp.out,255.00547369376682,-0.1368,0.1473,15.7433,51.0,-1307.5496682748,174.64456567877357,190.0932653277319,-5490.5359069001,0.13064460609984963
PHER_red_232_cutoff_7.5.inp.out,259.6800181810293,-0.1312,0.1561,19.7649,53.0,-1306.6444187885,347.42911891089426,473.12583099796893,-5641.6610076502,0.12347216509988357
PHER_red_233_cutoff_7.5.inp.out,258.25432845211276,-0.1235,0.1571,19.8101,55.0,-1305.9916727961,248.98868960708,467.50477148772694,-5793.067984754,0.11703383500025666
PHER_red_234_cutoff_7.5.inp.out,258.70850787544595,-0.1238,0.1668,15.5303,49.0,-1307.9193024212,237.5137692888323,309.29008461844325,-5338.8620386096,0.11761899019984412
PHER_red_235_cutoff_7.5.inp.out,260.4411827822123,-0.1393,0.1540,15.7078,47.0,-1308.6288349314,176.77177500432185,366.13146241664344,-5187.4274865643,0.13136531130021467
PHER_red_236_cutoff_7.5.inp.out,260.06520690784276,-0.1270,0.1488,19.5844,51.0,-1306.9436859033,154.4076714368556,300.7231214522193,-5489.8427827447,0.12027278449932055
PHER_red_237_cutoff_7.5.inp.out,260.0487876267479,-0.1457,0.1496,17.3749,53.0,-1306.4196000823,195.27781037250745,322.54915494403707,-5641.3953329144,0.13598941669988562
PHER_red_238_cutoff_7.5.inp.out,257.00567375920804,-0.1352,0.1464,12.1360,49.0,-1307.9193801929,-90.60788076765651,-30.698136052038006,-5338.7743781008,0.12951366610013793
PHER_red_239_cutoff_7.5.inp.out,256.92225186564366,-0.1241,0.1551,17.0542,50.0,-1307.4406504176,178.5736882425545,201.10977759895113,-5414.356232546,0.11880678699981218
PHER_red_23_cutoff_7.5.inp.out,254.4775360445837,-0.1168,0.1649,48.3427,55.0,-1305.7416552773,55.55484264321992,-3.774545022288117,-5792.840937203,0.11157957569957944
PHER_red_240_cutoff_7.5.inp.out,257.7499927992285,-0.1086,0.1591,21.8555,53.0,-1306.1538567065,368.8154224207502,339.4092635996123,-5641.0951184129,0.10098151219972351
PHER_red_241_cutoff_7.5.inp.out,256.8521656327107,-0.1144,0.1571,20.3807,51.0,-1307.0904531744,25.100135747131972,58.44975458352476,-5489.9600052632,0.11046213440022257
PHER_red_242_cutoff_7.5.inp.out,256.3698068199864,-0.1296,0.1583,16.7098,55.0,-1305.6812279627,71.58221652382744,153.67062606378644,-5792.7945421787,0.11991256729925226
PHER_red_243_cutoff_7.5.inp.out,256.55339508322515,-0.1191,0.1500,17.7706,55.0,-1305.2464142237,299.1853744273979,408.51161962644306,-5792.2957610449,0.11296674580080435
PHER_red_244_cutoff_7.5.inp.out,257.45892631825365,-0.1196,0.1594,22.0671,50.0,-1307.6367791751,277.16518680097175,482.48469300057303,-5414.4820498059,0.110201223700642
PHER_red_245_cutoff_7.5.inp.out,258.40777116170426,-0.1160,0.1498,22.1096,50.0,-1307.3369381262,418.35872035431134,535.5453103818556,-5414.1666049299,0.11168900639950152
PHER_red_246_cutoff_7.5.inp.out,257.9332251297225,-0.1322,0.1481,18.0731,51.0,-1307.1059293679,41.46730569966687,419.0747025866605,-5490.0390101261,0.12496860889950767
PHER_red_247_cutoff_7.5.inp.out,259.4871003624408,-0.1228,0.1474,24.2411,52.0,-1306.2747016097,144.03457998459618,329.4239475359543,-5565.1958583684,0.11463772280058038
PHER_red_248_cutoff_7.5.inp.out,260.0729460681699,-0.1129,0.1658,13.5468,52.0,-1306.6085012251,32.10422861849706,135.2788018745066,-5565.5630984691,0.10407747279987234
PHER_red_249_cutoff_7.5.inp.out,260.9047933529532,-0.1122,0.1474,19.5992,55.0,-1305.6628627237,-25.215004297191605,105.80702110383527,-5792.671066989,0.10640619859987055
PHER_red_24_cutoff_7.5.inp.out,257.99770061938636,-0.0921,0.1591,55.7170,54.0,-1305.9809092734,-73.9465956124747,-12.138115727814888,-5717.0179084645,0.08772766350011807
PHER_red_250_cutoff_7.5.inp.out,259.3672712198806,-0.1221,0.1537,24.3839,55.0,-1305.4564227078,153.36105834727252,134.13968035433493,-5792.4934105244,0.11449393139992026
PHER_red_251_cutoff_7.5.inp.out,258.0353574791524,-0.1445,0.1404,28.0574,54.0,-1305.9285423320,129.50496381154804,236.15132356137082,-5716.9757511501,0.13475247470069007
PHER_red_252_cutoff_7.5.inp.out,258.7354927256882,-0.1235,0.1399,35.7667,57.0,-1304.7066496277,202.22549142212102,596.1501535586889,-5943.8705118303,0.11974499169991759
PHER_red_253_cutoff_7.5.inp.out,255.1453550933423,-0.1161,0.1484,25.8662,55.0,-1305.2313640026,4.373766893765513,141.8010777078907,-5792.3360944585,0.11043533849988307
PHER_red_254_cutoff_7.5.inp.out,255.57363546824698,-0.1121,0.1626,33.6190,53.0,-1305.8975928457,213.14418463902862,318.4000356092777,-5640.8883186501,0.10406717020032374
PHER_red_255_cutoff_7.5.inp.out,257.1673516221436,-0.1209,0.1501,35.1103,55.0,-1305.2473860830,178.78248760075405,180.0277734039094,-5792.2298435069,0.11274453789974359
PHER_red_256_cutoff_7.5.inp.out,259.0288237157272,-0.1153,0.1433,23.5832,56.0,-1305.2255374103,80.3265781454734,215.45332766332953,-5868.3212106281,0.1113356121995821
PHER_red_257_cutoff_7.5.inp.out,256.426146879746,-0.1363,0.1465,21.7548,58.0,-1304.3194451151,-146.34854188428122,-153.01330917611497,-6019.4462536722,0.12564640999971743
PHER_red_258_cutoff_7.5.inp.out,259.47186710261303,-0.1245,0.1431,32.8587,55.0,-1305.4246039009,45.66040371768667,51.90267296924295,-5792.4952974986,0.1179757048994361
PHER_red_259_cutoff_7.5.inp.out,261.46024082698887,-0.1246,0.1515,23.1943,55.0,-1305.9926084509,36.13992613158641,131.85719500938225,-5793.079888036,0.11599628079966351
PHER_red_25_cutoff_7.5.inp.out,259.7092266853766,-0.1115,0.1417,48.2377,56.0,-1305.4920137865,311.79748747859185,476.9400243113416,-5868.5204054155,0.10609923809988686
PHER_red_260_cutoff_7.5.inp.out,259.50720426390865,-0.1074,0.1600,33.4896,52.0,-1306.4635503909,-189.1890774415377,-3.0209719125546326,-5565.475818486,0.10153607150004973
PHER_red_261_cutoff_7.5.inp.out,260.41274262702694,-0.1292,0.1629,29.0554,54.0,-1306.3418497148,-203.52479070720037,-86.7479443606583,-5717.3593117476,0.11952473359997384
PHER_red_262_cutoff_7.5.inp.out,257.8616676242923,-0.1288,0.1427,28.5571,57.0,-1304.6650099461,-213.19205260709847,-127.20821425850215,-5943.7430947372,0.11996253409961355
PHER_red_263_cutoff_7.5.inp.out,259.0597430440479,-0.0918,0.1631,40.7401,60.0,-1304.4144363781,21.299077918984196,-110.58615700462477,-6171.7255362215,0.08587647889999062
PHER_red_264_cutoff_7.5.inp.out,257.5019475908615,-0.1069,0.1616,40.5364,60.0,-1303.9975687588,14.179143940943817,-20.570842694171592,-6171.3017029181,0.0989532836001672
PHER_red_265_cutoff_7.5.inp.out,259.9156632970178,-0.1332,0.1585,35.6640,54.0,-1306.4126034876,86.751975420464,79.95580374752316,-5717.5568413091,0.12398384800053464
PHER_red_266_cutoff_7.5.inp.out,260.2426333927426,-0.1110,0.1562,41.4514,53.0,-1306.7080871168,93.96781887836029,19.95080988596733,-5641.7620809828,0.10293618030027574
PHER_red_267_cutoff_7.5.inp.out,259.6265263804536,-0.1128,0.1537,38.4512,55.0,-1305.8754051668,83.0451066831285,-16.23999737727613,-5793.0244952518,0.10746838599970943
PHER_red_268_cutoff_7.5.inp.out,256.9413759820683,-0.1138,0.1593,33.5871,58.0,-1305.1204852145,-171.55798959439937,-65.86224853706089,-6020.4160529452,0.10512221620047058
PHER_red_269_cutoff_7.5.inp.out,256.9713285536521,-0.1346,0.1493,27.8472,59.0,-1304.2358564788,228.5824972256395,293.18263714912746,-6095.5475554489,0.1262164424997536
PHER_red_26_cutoff_7.5.inp.out,259.5447698266041,-0.1219,0.1474,43.8401,53.0,-1306.7034868438,-31.824186843317783,35.34406923027947,-5641.6808712643,0.11460809270010941
PHER_red_270_cutoff_7.5.inp.out,257.20498068480276,-0.1020,0.1577,29.9864,57.0,-1305.2527755145,-139.12493028768182,105.016878089438,-5944.4418998727,0.09702590979941306
PHER_red_271_cutoff_7.5.inp.out,256.630467559325,-0.1345,0.1452,32.4524,53.0,-1306.2687975587,135.4613426268042,184.2552688145308,-5641.3844516255,0.1263337545997274
PHER_red_272_cutoff_7.5.inp.out,257.53512820644875,-0.1365,0.1501,40.0568,50.0,-1307.3457760923,-196.688355492928,-252.7354448643126,-5414.3544374234,0.12808631400002923
PHER_red_273_cutoff_7.5.inp.out,256.61553590868544,-0.1156,0.1579,37.2531,51.0,-1307.3398237736,-65.12976995899848,-152.72824878590606,-5490.2704939252,0.10808279479988414
PHER_red_274_cutoff_7.5.inp.out,257.1269076492567,-0.1145,0.1566,35.2145,51.0,-1307.3239746084,106.95129558365451,145.1357203729055,-5490.2945523519,0.10863534200052527
PHER_red_275_cutoff_7.5.inp.out,258.47922620793923,-0.1304,0.1470,45.5924,49.0,-1307.9779778401,-55.126083119583505,-14.099314474724753,-5338.814147864,0.11939439149955433
PHER_red_276_cutoff_7.5.inp.out,259.4320426546485,-0.0901,0.1661,40.3983,51.0,-1307.2515438139,-48.68810644217873,-3.2156758560881205,-5490.1746094419,0.0840296940996268
PHER_red_277_cutoff_7.5.inp.out,255.62897827441597,-0.1211,0.1594,33.8455,52.0,-1306.9105164143,111.89526530834526,-18.299083113814525,-5565.8706797133,0.11301935019946541
PHER_red_278_cutoff_7.5.inp.out,257.0080008546905,-0.1341,0.1465,38.4849,51.0,-1306.9888980978,100.37478202207154,90.91469742417289,-5489.9623699272,0.12737453720001213
PHER_red_279_cutoff_7.5.inp.out,258.29474042809557,-0.1112,0.1546,36.8358,50.0,-1307.5250962196,-21.652904463561175,-72.74329047425765,-5414.4604084429,0.1043421786998806
PHER_red_27_cutoff_7.5.inp.out,256.9704687118008,-0.1238,0.1578,35.5171,52.0,-1307.2603553847,87.43108138977334,189.80942586035167,-5566.2058601882,0.11669196829916473
PHER_red_280_cutoff_7.5.inp.out,253.84631689494054,-0.1145,0.1525,34.7070,49.0,-1307.6812195661,-269.0472727826,-143.5691019095787,-5338.5956788604,0.1108755431996542
PHER_red_281_cutoff_7.5.inp.out,255.79644911948807,-0.1135,0.1641,29.3239,51.0,-1307.2740302951,-115.48401443233676,-107.68010944951537,-5490.2594788261,0.10651823839998542
PHER_red_282_cutoff_7.5.inp.out,257.0528794635041,-0.1479,0.1429,30.7369,51.0,-1306.9222819348,-88.5480044438702,24.729964115698714,-5489.8695379629,0.1366148092001822
PHER_red_283_cutoff_7.5.inp.out,256.2786538320115,-0.1231,0.1463,44.4063,53.0,-1306.7516370429,-189.6114838954632,-211.8688364409245,-5641.7531847253,0.11658212020029168
PHER_red_284_cutoff_7.5.inp.out,258.90955918059564,-0.1236,0.1346,41.8687,52.0,-1306.9253587863,-98.2228601273463,-13.437800881483641,-5565.8595194942,0.11454584139937651
PHER_red_285_cutoff_7.5.inp.out,259.2126784378385,-0.1135,0.1438,40.1237,51.0,-1307.0390694994,-285.25545153042975,-45.83183532597747,-5490.0558896122,0.10820155619967409
PHER_red_286_cutoff_7.5.inp.out,257.63292883463464,-0.1314,0.1548,34.7341,55.0,-1305.9731884027,-34.89721044341841,-76.02954240200063,-5793.1264866712,0.11874286340025719
PHER_red_287_cutoff_7.5.inp.out,261.64432010317364,-0.1193,0.1594,36.5376,52.0,-1306.4033634970,111.32132913986123,209.06957614666663,-5565.4001324219,0.11200256960000843
PHER_red_288_cutoff_7.5.inp.out,256.0276117512002,-0.1212,0.1483,22.3466,53.0,-1306.7544404891,520.5776402432258,602.9515121298531,-5641.7838446048,0.11145409139953699
PHER_red_289_cutoff_7.5.inp.out,257.0816134957603,-0.1105,0.1362,30.7744,56.0,-1305.0062173828,304.4772849056918,323.81095568476985,-5868.0931073207,0.1046989955002573
PHER_red_28_cutoff_7.5.inp.out,257.7547105284467,-0.1305,0.1537,37.7158,52.0,-1307.1101372950,188.47813828307585,49.797912904104535,-5566.0378483127,0.1218353414997182
PHER_red_290_cutoff_7.5.inp.out,259.0658024149978,-0.1354,0.1525,20.8893,51.0,-1307.4046284017,-77.84199437826456,78.93486731625254,-5490.352526174,0.12789362320017972
PHER_red_291_cutoff_7.5.inp.out,258.008000941133,-0.1248,0.1617,20.2072,50.0,-1307.4744926204,101.53723723648758,103.17110344286205,-5414.4331687995,0.11635777579977002
PHER_red_292_cutoff_7.5.inp.out,257.3546423566022,-0.1139,0.1648,32.0012,50.0,-1307.5571154669,188.7510245840559,401.4840909373687,-5414.5093026105,0.10609482239942736
PHER_red_293_cutoff_7.5.inp.out,259.20469537028106,-0.1059,0.1691,15.4472,48.0,-1308.3392461377,285.13460311366225,482.87988706679835,-5263.115373463,0.0980303554006241
PHER_red_294_cutoff_7.5.inp.out,256.5614793063686,-0.1239,0.1521,9.8255,49.0,-1307.6980695710,119.28203704596501,163.87189890572702,-5338.5452675184,0.11806504400010454
PHER_red_295_cutoff_7.5.inp.out,254.86820497437165,-0.1190,0.1671,19.3528,51.0,-1307.1712592832,-136.4323962712901,-38.855838703029335,-5490.1447953383,0.11211440209990542
PHER_red_296_cutoff_7.5.inp.out,257.1250892950885,-0.1271,0.1510,16.4320,53.0,-1306.2975516958,84.26821513711339,202.9326401380241,-5641.3008615448,0.11934704939994845
PHER_red_297_cutoff_7.5.inp.out,256.7176376250213,-0.1116,0.1565,16.9169,49.0,-1307.6424929512,389.7341395672522,450.36366459977273,-5338.4695586785,0.10386183130049176
PHER_red_298_cutoff_7.5.inp.out,256.45861203125276,-0.1064,0.1659,19.3490,46.0,-1308.7117456362,209.6210427043163,356.10822968600286,-5111.4433181337,0.10190553870052099
PHER_red_299_cutoff_7.5.inp.out,256.0027994847806,-0.1127,0.1559,19.1048,50.0,-1307.4388643519,-23.160801696543736,206.00117860957303,-5414.2905886402,0.10766425949987024
PHER_red_29_cutoff_7.5.inp.out,260.2512765435833,-0.1231,0.1446,39.6599,53.0,-1306.9948756589,225.3050135967169,365.5326949024979,-5641.9721491345,0.11751808989993151
PHER_red_2_cutoff_7.5.inp.out,263.05489878225814,-0.1347,0.1579,32.2658,55.0,-1305.2221164929,-59.77553684717598,-106.95783565352721,-5792.3206896151,0.125352008200025
PHER_red_300_cutoff_7.5.inp.out,257.68813238412804,-0.1218,0.1534,27.6874,53.0,-1306.6059826485,216.85595632570005,241.2610248658311,-5641.6955677912,0.11077341259988316
PHER_red_301_cutoff_7.5.inp.out,258.2108274536572,-0.1265,0.1463,39.9344,55.0,-1305.6318117458,196.24684444953832,202.41302644773134,-5792.7835552476,0.12139856360045087
PHER_red_302_cutoff_7.5.inp.out,256.5918594763266,-0.1174,0.1525,50.8773,54.0,-1305.9780326269,-3.191037341611021,80.88886044094221,-5717.0257657729,0.11087565960042411
PHER_red_303_cutoff_7.5.inp.out,256.7537552504186,-0.1205,0.1650,57.4558,53.0,-1306.7932977620,282.6281578347491,265.20258271594525,-5641.8080014132,0.11399885729952075
PHER_red_304_cutoff_7.5.inp.out,257.1114458907627,-0.1377,0.1544,58.7831,52.0,-1306.7116476886,157.6050566929777,111.94802908891161,-5565.7263963845,0.12658475100033684
PHER_red_305_cutoff_7.5.inp.out,257.89455513071897,-0.1336,0.1525,62.1387,56.0,-1305.3827246718,217.29827788335743,255.09851443226444,-5868.616387982,0.12741626830029418
PHER_red_306_cutoff_7.5.inp.out,258.8451823260955,-0.1269,0.1534,58.9035,55.0,-1305.8972033346,139.07685323179487,88.26403558021887,-5793.0708005766,0.11784598810027092
PHER_red_307_cutoff_7.5.inp.out,258.7834605177571,-0.1137,0.1580,59.5204,54.0,-1306.4893028819,197.41393896686077,182.36586381779958,-5717.5517720512,0.10404866960016079
PHER_red_308_cutoff_7.5.inp.out,258.2065746088077,-0.1253,0.1501,50.8549,50.0,-1307.4777789790,95.12502206217592,-28.032085397604035,-5414.4088691298,0.11779832410047675
PHER_red_309_cutoff_7.5.inp.out,259.0298034186,-0.1277,0.1441,60.7025,50.0,-1307.9505546627,-171.77066762365158,-235.77711082240387,-5414.8438281148,0.11542701500002295
PHER_red_30_cutoff_7.5.inp.out,258.30285817845134,-0.1313,0.1545,35.6693,54.0,-1306.5019110574,192.63144185260467,156.67899503555742,-5717.5668990749,0.12356485189957311
PHER_red_310_cutoff_7.5.inp.out,258.46487833392354,-0.1040,0.1563,60.5998,50.0,-1307.6963077609,-140.4935793489116,-248.22820479669787,-5414.6459058989,0.09869808189978357
PHER_red_311_cutoff_7.5.inp.out,256.8953020576808,-0.1239,0.1553,50.1538,50.0,-1307.6729191479,-245.39797834965194,-81.89407746796886,-5414.6026276396,0.11522125940064143
PHER_red_312_cutoff_7.5.inp.out,257.96333529730714,-0.1122,0.1658,50.7001,52.0,-1306.8548843063,-3.558450141064446,-147.52247971956473,-5565.8731414431,0.10673393639990536
PHER_red_313_cutoff_7.5.inp.out,257.1148899709425,-0.1447,0.1521,53.8064,52.0,-1306.8371367820,-25.93932051817429,-110.09389620374685,-5565.9173727888,0.13675891410002805
PHER_red_314_cutoff_7.5.inp.out,256.3243077656737,-0.1260,0.1496,52.7096,52.0,-1306.9276621114,128.6629346757804,-51.07032659944115,-5565.9725907643,0.12201342419939465
PHER_red_315_cutoff_7.5.inp.out,255.5086601742927,-0.1374,0.1319,60.4720,58.0,-1305.1503442462,52.49731133241869,-27.899277711533845,-6020.3845011878,0.12953872209982364
PHER_red_316_cutoff_7.5.inp.out,257.9771978437068,-0.1381,0.1397,45.9200,56.0,-1305.4586491888,-236.92394667890812,-56.88623086378436,-5868.5715720927,0.12786820119981712
PHER_red_317_cutoff_7.5.inp.out,257.3036840829393,-0.1229,0.1383,44.6626,58.0,-1304.8938342705,-207.67732781233,-132.16420981616622,-6020.1586472313,0.11784385010014375
PHER_red_318_cutoff_7.5.inp.out,255.81001447410546,-0.1114,0.1531,39.0543,55.0,-1305.5662828611,-60.95485400375243,-205.38241515219997,-5792.7310714972,0.10494859029950021
PHER_red_319_cutoff_7.5.inp.out,257.2706333670786,-0.1246,0.1382,43.1566,57.0,-1305.5220043277,-12.633494420398932,-45.70088029519709,-5944.7430947301,0.11491013250088145
PHER_red_31_cutoff_7.5.inp.out,257.40375413340536,-0.1332,0.1563,47.3526,56.0,-1306.0368034950,-62.12986957128619,-100.59431148185715,-5869.2069780409,0.12785369669927604
PHER_red_320_cutoff_7.5.inp.out,258.37222518810074,-0.1331,0.1411,35.3672,51.0,-1307.2970958109,40.129865330325686,-72.42972304944975,-5490.3691906054,0.12339103869999235
PHER_red_321_cutoff_7.5.inp.out,258.90914884131604,-0.1194,0.1341,44.8677,53.0,-1306.2666710390,-26.56995113421603,-92.00537125497125,-5641.374671206,0.11450373659954494
PHER_red_322_cutoff_7.5.inp.out,258.9024667384432,-0.1387,0.1466,43.6328,51.0,-1307.1931445487,-165.57280817603402,-215.7043989846525,-5490.1717010531,0.1285626761000458
PHER_red_323_cutoff_7.5.inp.out,259.418988456063,-0.1313,0.1462,47.5775,50.0,-1307.3529415846,-55.351934814502584,-7.559347104111977,-5414.2240232238,0.12305818699951487
PHER_red_324_cutoff_7.5.inp.out,259.30392210436196,-0.1334,0.1405,47.5993,53.0,-1306.7709647619,-135.05870193444682,-186.33315519532303,-5641.799560999,0.1242395885001315
PHER_red_325_cutoff_7.5.inp.out,259.2949695815208,-0.1130,0.1399,28.3909,56.0,-1305.8394983109,189.94312297872355,353.3640361177972,-5869.0222334564,0.10693703379911312
PHER_red_326_cutoff_7.5.inp.out,258.6859500435711,-0.1388,0.1484,35.4281,57.0,-1304.8398451690,97.499650404884,299.31411267568785,-5944.0794209931,0.1307502168992869
PHER_red_327_cutoff_7.5.inp.out,257.99361814366756,-0.1503,0.1577,25.7294,56.0,-1305.9098838985,341.872036065588,551.6779590185954,-5869.1332098834,0.1412978207999913
PHER_red_328_cutoff_7.5.inp.out,259.40580309915924,-0.1241,0.1614,25.8886,57.0,-1305.4952666809,353.7054801595027,492.7101634547416,-5944.7023025572,0.11393000039970502
PHER_red_329_cutoff_7.5.inp.out,257.447474863083,-0.1293,0.1548,20.2617,58.0,-1304.8595491096,1078.4177401075985,1056.1566414996068,-6020.0964432591,0.12303378710021207
PHER_red_32_cutoff_7.5.inp.out,256.8077556796334,-0.1381,0.1355,54.5135,57.0,-1305.8120343780,-99.0254344437918,-74.28687871712499,-5944.9104074969,0.13110186450012407
PHER_red_330_cutoff_7.5.inp.out,258.76523357328375,-0.1297,0.1529,19.5792,56.0,-1305.4309566098,593.0748419724929,812.9161525224378,-5868.6438884275,0.12160727430000406
PHER_red_331_cutoff_7.5.inp.out,258.79164327919625,-0.1234,0.1401,23.3606,53.0,-1307.0172938623,352.8154119301524,524.6254455543125,-5642.0244174692,0.11571523230031744
PHER_red_332_cutoff_7.5.inp.out,255.26072097488796,-0.1429,0.1364,14.4475,52.0,-1306.7529376457,581.3153230522471,722.3619867324603,-5565.7909026319,0.135561663199951
PHER_red_333_cutoff_7.5.inp.out,258.83597500447513,-0.1214,0.1511,18.1127,52.0,-1307.3346639081,250.2215409598086,265.8171309051948,-5566.3494763014,0.11605475269971066
PHER_red_334_cutoff_7.5.inp.out,258.71333875043393,-0.1166,0.1541,22.0109,58.0,-1304.9699842826,129.3465342031344,135.74050030673155,-6020.2640398019,0.10762417919977452
PHER_red_335_cutoff_7.5.inp.out,257.1526439348085,-0.1314,0.1489,34.7669,56.0,-1305.8695837562,-406.43180894171314,-354.46493821138057,-5869.0372322389,0.1234424438998758
PHER_red_336_cutoff_7.5.inp.out,258.2764666387552,-0.1009,0.1636,37.0912,57.0,-1305.0169369949,-157.56527063584778,-113.91325533026088,-5944.148689457,0.09545030259960186
PHER_red_337_cutoff_7.5.inp.out,258.1516083978797,-0.1173,0.1662,27.4841,54.0,-1306.1425892986,-103.82213143761727,-279.7055623181144,-5717.209194003,0.10893704049976805
PHER_red_338_cutoff_7.5.inp.out,257.09731956103434,-0.1205,0.1452,47.8454,57.0,-1305.0061030852,-317.0811872600203,-412.16068943546423,-5944.1833432376,0.11502551339981437
PHER_red_339_cutoff_7.5.inp.out,255.93862349278874,-0.1253,0.1443,48.2292,58.0,-1304.6950148915,-223.35311292966938,-273.79858675450294,-6019.9046009684,0.11926633320035762
PHER_red_33_cutoff_7.5.inp.out,259.23622236256915,-0.1231,0.1584,45.6980,56.0,-1305.6709649223,-108.67498935057691,43.96952725245725,-5868.7336704427,0.11627407590003713
PHER_red_340_cutoff_7.5.inp.out,258.86901677150934,-0.1293,0.1435,32.6004,56.0,-1305.2776317408,-80.30717799442496,-203.3461995791213,-5868.3962987013,0.12160114779999276
PHER_red_341_cutoff_7.5.inp.out,258.64724324799937,-0.1183,0.1539,39.4486,54.0,-1306.2918559560,-133.9209203688285,-227.4118399856021,-5717.3288793574,0.10893014700013737
PHER_red_342_cutoff_7.5.inp.out,256.9903075541002,-0.1211,0.1601,40.8078,51.0,-1307.4081663798,-101.93100719235257,-290.38430626803824,-5490.3665133187,0.11470061569980317
PHER_red_343_cutoff_7.5.inp.out,256.23708163808146,-0.1161,0.1664,33.1949,53.0,-1306.8593097990,-204.78077007122715,-215.612904020386,-5641.8719570191,0.10969342599946685
PHER_red_344_cutoff_7.5.inp.out,257.81339490850553,-0.1286,0.1577,38.3416,53.0,-1306.2958597114,-196.1712700768531,-136.33116905390094,-5641.3087736802,0.11997707320006157
PHER_red_345_cutoff_7.5.inp.out,257.27609618326363,-0.1017,0.1722,48.1756,54.0,-1306.2291435286,-52.489473048916274,8.915957509929136,-5717.2455191991,0.09545566940050776
PHER_red_346_cutoff_7.5.inp.out,255.3962756391192,-0.1112,0.1563,43.0912,54.0,-1306.2209030235,147.71942707139382,117.73169671748506,-5717.2929771815,0.10528532860007545
PHER_red_347_cutoff_7.5.inp.out,258.2545092385365,-0.1299,0.1542,32.3821,52.0,-1306.8245928092,-96.9372194863836,-64.90355440841165,-5565.8320530174,0.1216733610999654
PHER_red_348_cutoff_7.5.inp.out,258.25904260081165,-0.1364,0.1379,40.0008,51.0,-1307.0169187045,-73.11288633087415,-98.58206965070346,-5489.9571813314,0.12843764509943867
PHER_red_349_cutoff_7.5.inp.out,257.65676501462207,-0.1413,0.1291,41.3610,52.0,-1306.8563839629,-41.07221643459734,77.17237103209332,-5565.8556302192,0.1338176448998638
PHER_red_34_cutoff_7.5.inp.out,258.10299588393616,-0.1284,0.1404,46.8103,54.0,-1306.8859193161,94.3933847914542,39.88037332490878,-5717.9432066723,0.12226939870015485
PHER_red_350_cutoff_7.5.inp.out,261.40565170158743,-0.1284,0.1637,31.1768,52.0,-1306.4302184226,-95.53188723517071,197.89855821577297,-5565.4463619359,0.11840710769956786
PHER_red_351_cutoff_7.5.inp.out,262.2193878659219,-0.1116,0.1637,34.4794,52.0,-1306.6745527158,251.49468264224143,333.1421881897512,-5565.6844837249,0.1011267912999756
PHER_red_352_cutoff_7.5.inp.out,255.98001843992597,-0.1396,0.1497,14.4397,48.0,-1307.8127551171,135.65218835329023,256.4666653176081,-5262.6926706196,0.13032093170022563
PHER_red_353_cutoff_7.5.inp.out,255.18660626057078,-0.1114,0.1693,19.8186,47.0,-1308.5486026942,-92.09680425454263,2.56156736617907,-5187.3701264386,0.10609872059922054
PHER_red_354_cutoff_7.5.inp.out,257.38474978436966,-0.1329,0.1603,28.1341,45.0,-1308.9751546265,-88.51249530098937,22.334604166650745,-5035.7813967462,0.12518130080025003
PHER_red_355_cutoff_7.5.inp.out,255.89421086376234,-0.0783,0.1746,23.8683,52.0,-1306.7155188096,392.79174745726795,308.5671136302235,-5565.6857598193,0.07416140690020256
PHER_red_356_cutoff_7.5.inp.out,256.7295232269772,-0.0966,0.1657,21.4711,52.0,-1306.8867963679,381.9691270568243,430.2493692564273,-5565.9341812242,0.0886940609998419
PHER_red_357_cutoff_7.5.inp.out,257.7447398265788,-0.1038,0.1582,36.5906,51.0,-1307.2048319658,428.82412806558756,346.0036382532203,-5490.1893232683,0.10030702120002388
PHER_red_358_cutoff_7.5.inp.out,256.95273418183456,-0.1384,0.1625,31.4447,50.0,-1307.5423804207,240.79275689009748,375.9060053008833,-5414.4350800026,0.12934940769991954
PHER_red_359_cutoff_7.5.inp.out,259.71823068716526,-0.1228,0.1614,18.0938,52.0,-1306.8127817215,92.88372228396457,267.08334630569226,-5565.7044211182,0.11543270309994114
PHER_red_35_cutoff_7.5.inp.out,258.41395853352384,-0.1230,0.1521,45.3154,56.0,-1305.3660407749,113.9540378001379,147.6344056777736,-5868.3863489747,0.11576007609983208
PHER_red_360_cutoff_7.5.inp.out,258.9869107152479,-0.1175,0.1706,19.8283,53.0,-1306.7553735012,1.71316064066059,298.2364664450467,-5641.7061235784,0.11211627250031597
PHER_red_361_cutoff_7.5.inp.out,259.07447180262886,-0.1451,0.1386,25.8910,53.0,-1306.3059401462,160.0845628927644,371.3085737782523,-5641.3029168772,0.1369359919008275
PHER_red_362_cutoff_7.5.inp.out,258.79620812568083,-0.1276,0.1505,24.9383,55.0,-1305.7264074184,205.3405509902285,460.1802248413784,-5792.7987812144,0.12159827619962016
PHER_red_363_cutoff_7.5.inp.out,256.6490378376207,-0.1345,0.1448,24.0026,57.0,-1304.7688479236,295.9609470501157,323.89808164978234,-5943.930547408,0.1259903909995046
PHER_red_364_cutoff_7.5.inp.out,259.12638080657837,-0.1277,0.1515,29.3364,57.0,-1304.9133463407,273.3069337045905,177.88516345699668,-5944.067533845,0.12269916720015317
PHER_red_365_cutoff_7.5.inp.out,255.97637639988466,-0.1380,0.1492,34.7014,57.0,-1305.1757492329,-34.110298666814444,19.630129113256288,-5944.3035740976,0.13047169969922834
PHER_red_366_cutoff_7.5.inp.out,256.3414892472088,-0.1298,0.1534,28.0917,54.0,-1305.8401475180,-478.42151132442984,-497.98926651417196,-5716.8567892536,0.12174826799946459
PHER_red_367_cutoff_7.5.inp.out,258.69707425094794,-0.1105,0.1534,26.8418,50.0,-1307.5136543054,-87.98923195350727,-205.1772970934617,-5414.3875009381,0.1045227573995362
PHER_red_368_cutoff_7.5.inp.out,254.82640643692454,-0.1014,0.1505,26.5989,51.0,-1307.1705272646,-173.22058095452547,-212.4430861122325,-5490.0094696871,0.09565965240017249
PHER_red_369_cutoff_7.5.inp.out,257.49574846863646,-0.1082,0.1638,32.0406,52.0,-1306.7216969281,-219.47836407090807,-306.3155927933447,-5565.6029597933,0.10289404469949659
PHER_red_36_cutoff_7.5.inp.out,260.02361602620914,-0.1233,0.1554,48.9694,54.0,-1306.9066816965,-427.39414324959745,-380.31877959149875,-5717.9952180792,0.11673689039980673
PHER_red_370_cutoff_7.5.inp.out,258.70787898607267,-0.1160,0.1699,32.2136,50.0,-1308.1389998387,42.91371532799072,-43.934882946618046,-5415.0044849158,0.1074716614002682
PHER_red_371_cutoff_7.5.inp.out,255.7412804417963,-0.1045,0.1544,32.4664,44.0,-1309.7212597531,102.36306252347269,89.75913221477515,-4960.3419400288,0.10097399470032542
PHER_red_372_cutoff_7.5.inp.out,259.8827089633505,-0.1305,0.1496,45.0858,47.0,-1308.8739365047,-305.3461136852784,-461.7021989232055,-5187.6344839393,0.12086783640006615
PHER_red_373_cutoff_7.5.inp.out,261.69631082925355,-0.1306,0.1513,34.5971,48.0,-1308.2659872155,-101.19331646220932,-234.0423038442459,-5263.0818383838,0.12214854289959476
PHER_red_374_cutoff_7.5.inp.out,254.86597280773643,-0.1218,0.1506,38.0506,46.0,-1309.1390250824,30.66949196237849,-13.192296454884572,-5111.8588714959,0.11409444410037395
PHER_red_375_cutoff_7.5.inp.out,252.5365783930761,-0.1222,0.1677,12.9628,57.0,-1305.1639824777,-53.407433840185824,79.12812344259605,-5944.3881993309,0.1120179455001562
PHER_red_376_cutoff_7.5.inp.out,256.6901835355497,-0.1152,0.1637,6.7473,54.0,-1305.6930329478,-32.706461521956264,-114.24612828071007,-5716.7000302968,0.10973930169984669
PHER_red_377_cutoff_7.5.inp.out,255.8730410023884,-0.1236,0.1505,6.1309,55.0,-1305.7732534759,59.42270865513428,-18.355107287226314,-5792.823304313,0.11763465179956256
PHER_red_378_cutoff_7.5.inp.out,255.33155839530428,-0.1219,0.1625,11.7417,53.0,-1306.5180597934,-42.709726870456976,-57.0873910044926,-5641.5561187625,0.11348775140049838
PHER_red_379_cutoff_7.5.inp.out,260.55647705125205,-0.1079,0.1569,11.3741,51.0,-1307.4229541153,2.885634552883092,-77.2257281817086,-5490.4031413425,0.10197402159974445
PHER_red_37_cutoff_7.5.inp.out,257.9971059516558,-0.1217,0.1531,48.1543,52.0,-1306.8619099474,-281.90814632203876,-268.0545704934034,-5565.7554790993,0.11396478549977473
PHER_red_380_cutoff_7.5.inp.out,257.5962288358817,-0.1233,0.1520,10.5221,55.0,-1305.8165114120,-85.7723155993991,-109.05516662588836,-5792.8430051668,0.11777798709954368
PHER_red_381_cutoff_7.5.inp.out,258.8460704040557,-0.1187,0.1685,9.7620,54.0,-1306.2615558179,-132.07187439607372,-133.45443990541617,-5717.3729126141,0.1111158781004633
PHER_red_382_cutoff_7.5.inp.out,260.59008393469924,-0.1331,0.1629,15.8608,53.0,-1306.4298852869,355.66874376982554,181.13182267712872,-5641.5184196839,0.12160090890029096
PHER_red_383_cutoff_7.5.inp.out,256.770052266719,-0.1083,0.1630,15.5659,56.0,-1305.5209908733,270.8437767889928,68.1777567083717,-5868.702678811,0.10416240640006436
PHER_red_384_cutoff_7.5.inp.out,258.0584672751921,-0.1285,0.1576,5.9535,52.0,-1306.7850523886,168.79221342136805,27.077067625333196,-5565.8905602138,0.12022628580052697
PHER_red_385_cutoff_7.5.inp.out,257.8682022931125,-0.1298,0.1417,11.4287,53.0,-1306.5302826096,78.01827893778024,111.55758353740642,-5641.6399731015,0.1233362381999541
PHER_red_386_cutoff_7.5.inp.out,256.4389429107503,-0.1359,0.1556,12.2037,54.0,-1306.4387104885,231.77667645879703,133.676977002971,-5717.5181676658,0.12912070519996632
PHER_red_387_cutoff_7.5.inp.out,258.44217883613163,-0.1185,0.1600,7.7249,53.0,-1306.2914045413,329.6879550291593,143.11320631175258,-5641.3177837206,0.11238034710004285
PHER_red_388_cutoff_7.5.inp.out,258.50548119127933,-0.1230,0.1591,7.7453,55.0,-1305.7282736488,55.32731779205675,144.53109931344844,-5792.8712418665,0.11604180369977257
PHER_red_389_cutoff_7.5.inp.out,257.16722004749505,-0.1238,0.1477,15.6748,54.0,-1306.1175405531,101.37999062126285,100.22474276366323,-5717.2459214827,0.11535169849958038
PHER_red_38_cutoff_7.5.inp.out,257.08451498172656,-0.1059,0.1404,49.1728,53.0,-1306.4637898539,-233.13263939582896,-94.46973210040656,-5641.4235463273,0.1018799162002324
PHER_red_390_cutoff_7.5.inp.out,260.8756077459674,-0.0955,0.1614,17.3522,53.0,-1306.5901680667,-136.71650071163393,-110.91808716666509,-5641.6277480417,0.0890795307004737
PHER_red_391_cutoff_7.5.inp.out,259.25689211313943,-0.1292,0.1542,9.8885,54.0,-1305.9024837717,104.22690004255921,-48.06601067298441,-5716.9489463946,0.12020567640047375
PHER_red_392_cutoff_7.5.inp.out,259.6335305922784,-0.1188,0.1665,9.1686,55.0,-1305.5388874590,12.5471787814961,27.783558054279737,-5792.660722318,0.11017823289967055
PHER_red_393_cutoff_7.5.inp.out,259.0960967229261,-0.1147,0.1689,18.8207,59.0,-1304.5331087653,45.52639152567265,-6.859013536537616,-6095.7853205382,0.10580287240009056
PHER_red_394_cutoff_7.5.inp.out,257.04899914883566,-0.1200,0.1668,13.6821,54.0,-1305.9025091358,-303.820139628281,-191.72294966398684,-5717.0144643,0.11129001879999123
PHER_red_395_cutoff_7.5.inp.out,258.08847756337315,-0.1110,0.1607,21.8720,55.0,-1305.8180050420,-645.605292125991,-266.0782869390628,-5792.9255971225,0.10466695690047345
PHER_red_396_cutoff_7.5.inp.out,256.6106471674712,-0.1053,0.1552,13.9001,54.0,-1306.2465846511,-619.0399760793337,-421.0612936419618,-5717.3909167202,0.10023475519938074
PHER_red_397_cutoff_7.5.inp.out,256.1464102957882,-0.1041,0.1400,19.8764,59.0,-1304.4631954925,-243.07996196621517,-217.85772053103432,-6095.7380982866,0.09878424290036492
PHER_red_398_cutoff_7.5.inp.out,257.68056606071116,-0.1140,0.1610,18.3972,56.0,-1305.5932072088,-315.9786840106371,-235.05632566051392,-5868.7573507007,0.10468783510077628
PHER_red_399_cutoff_7.5.inp.out,255.01146389914777,-0.1099,0.1697,21.2115,57.0,-1305.0174172452,-500.49698676061996,-411.5051980970141,-5944.2268243043,0.10410137590042723
PHER_red_39_cutoff_7.5.inp.out,257.5127192463948,-0.1322,0.1414,43.6007,52.0,-1307.1037475776,-28.012850028706552,50.28316279714899,-5566.0274308264,0.12362186149948684
PHER_red_3_cutoff_7.5.inp.out,260.08812991382354,-0.1178,0.1683,41.3042,54.0,-1305.9025629250,137.91854261748344,66.16316855570714,-5717.0092886249,0.10715979559972766
PHER_red_400_cutoff_7.5.inp.out,256.88052866434606,-0.1191,0.1639,21.6765,50.0,-1307.5715658312,-94.47556124624325,-305.2399461337822,-5414.5152018383,0.11248815509952692
PHER_red_401_cutoff_7.5.inp.out,257.3073441787548,-0.1408,0.1424,25.7497,52.0,-1306.7861714204,-202.18631359916935,-293.83605880396505,-5565.8368236361,0.1319853637005508
PHER_red_402_cutoff_7.5.inp.out,257.43098281962426,-0.1331,0.1507,13.4666,51.0,-1307.3827749602,-207.25537093721755,-193.94061914549854,-5490.440169582,0.1259207739994963
PHER_red_403_cutoff_7.5.inp.out,258.7847384015334,-0.1289,0.1582,17.0508,51.0,-1306.7118993752,158.08749909104318,296.12124830207216,-5489.7599543579,0.1238314057000025
PHER_red_404_cutoff_7.5.inp.out,256.6320240591806,-0.1368,0.1463,12.0343,52.0,-1306.7674277548,167.62291348031377,392.98655377756495,-5565.8770179234,0.12617867770040903
PHER_red_405_cutoff_7.5.inp.out,257.961440575911,-0.1166,0.1699,18.4176,50.0,-1307.1946228591,436.55625630182544,535.4799376785064,-5414.1862981015,0.10864691030019458
PHER_red_406_cutoff_7.5.inp.out,258.3395357504201,-0.1262,0.1483,12.6413,48.0,-1308.3071043952,100.15965620873607,289.9877853430852,-5263.2525861662,0.11804238720014837
PHER_red_407_cutoff_7.5.inp.out,257.8139418452105,-0.1222,0.1564,12.8768,47.0,-1308.5049813286,123.20529665378378,119.15110943824178,-5187.3962142962,0.11625146220012539
PHER_red_408_cutoff_7.5.inp.out,258.1789692347345,-0.1393,0.1566,9.5620,45.0,-1309.2372366439,168.07116757045918,101.60631585058988,-5036.0156633498,0.12620866860015667
PHER_red_409_cutoff_7.5.inp.out,257.11305454415117,-0.1442,0.1386,23.1648,44.0,-1309.7750284207,-45.15344048175316,-133.4869213156791,-4960.6000170919,0.13881895410031575
PHER_red_40_cutoff_7.5.inp.out,257.3517465934835,-0.1242,0.1485,29.5078,53.0,-1306.8762206425,-42.38078801619801,-7.810122598505522,-5641.8627806751,0.11805937289955182
PHER_red_410_cutoff_7.5.inp.out,258.8108222768306,-0.1081,0.1399,26.5077,46.0,-1308.5450613660,-98.16273722369262,-204.39405925598626,-5111.3463938149,0.10414051599946106
PHER_red_411_cutoff_7.5.inp.out,258.74381562222635,-0.1319,0.1468,17.4920,48.0,-1308.2477400272,-63.45109497108765,-205.1835116036581,-5263.1733471221,0.12487578459968063
PHER_red_412_cutoff_7.5.inp.out,256.8271629560021,-0.1345,0.1417,31.1559,45.0,-1309.2290991090,99.47389155477617,-66.78842197127918,-5036.0016246724,0.12659650539990253
PHER_red_413_cutoff_7.5.inp.out,256.9200961017237,-0.1195,0.1520,13.3458,47.0,-1308.3237398110,-111.40180080152886,-129.65300740269316,-5187.1972183739,0.11348174740032846
PHER_red_414_cutoff_7.5.inp.out,258.775860396288,-0.1194,0.1360,15.2089,47.0,-1308.4471182861,-18.218037306107444,-62.78647712216853,-5187.2741406134,0.1133733785000004
PHER_red_415_cutoff_7.5.inp.out,258.02029274408835,-0.1238,0.1365,16.0120,44.0,-1309.2786075302,-144.3578366932333,-8.049259886487404,-4960.0603203529,0.11796545810011594
PHER_red_416_cutoff_7.5.inp.out,258.5129183393037,-0.1134,0.1443,11.4096,44.0,-1309.6967134181,-281.31271220907433,-118.03452762723296,-4960.3971059387,0.10663191759977053
PHER_red_417_cutoff_7.5.inp.out,254.57488045434985,-0.1214,0.1529,12.4650,44.0,-1309.7566411464,-72.89230860677532,-28.583465385974343,-4960.483569538,0.11470288029977382
PHER_red_418_cutoff_7.5.inp.out,258.10696559935826,-0.1290,0.1568,8.3807,45.0,-1309.3197506868,59.30969772643614,12.19672321482915,-5036.0961258428,0.1186364670002149
PHER_red_419_cutoff_7.5.inp.out,259.76787559403147,-0.1102,0.1648,15.8366,47.0,-1308.4138711119,-20.11908280748617,6.488970544625214,-5187.3019868713,0.10503152060027787
PHER_red_41_cutoff_7.5.inp.out,255.34054934884534,-0.1275,0.1477,34.2008,52.0,-1306.8254709133,-15.015750979692202,-44.09718652037829,-5565.7345581468,0.12138585449974926
PHER_red_420_cutoff_7.5.inp.out,256.49963517677094,-0.1118,0.1568,15.9733,49.0,-1308.0568384382,-76.13137602661716,-97.58393959405645,-5338.9427458162,0.10349533800035715
PHER_red_421_cutoff_7.5.inp.out,257.44575515368007,-0.1183,0.1625,20.7598,50.0,-1307.6181960729,-163.11846331797403,-164.0932092195161,-5414.5242260137,0.11004546969979856
PHER_red_422_cutoff_7.5.inp.out,256.8920671930252,-0.1049,0.1671,21.1943,49.0,-1307.7950669098,-133.66233148970795,-153.5335825620618,-5338.7033530767,0.09938254659937229
PHER_red_423_cutoff_7.5.inp.out,255.9402247194474,-0.1059,0.1610,18.6838,54.0,-1306.0253952938,-198.653047136039,-193.74042146144566,-5717.0020049696,0.10031300959963119
PHER_red_424_cutoff_7.5.inp.out,257.63773595309857,-0.1052,0.1526,23.2761,52.0,-1307.2716152291,-68.56017474232875,-52.37297625930585,-5566.214895661,0.10023326159989665
PHER_red_425_cutoff_7.5.inp.out,257.2470030402537,-0.1085,0.1485,8.5238,54.0,-1306.5940400076,59.74188496870364,-11.620954416783878,-5717.6179786066,0.10237848959968687
PHER_red_426_cutoff_7.5.inp.out,259.1477154852123,-0.1213,0.1539,9.9890,56.0,-1305.5509037043,-22.860700926457344,1.1244776789325637,-5868.6846808682,0.11384246119996533
PHER_red_427_cutoff_7.5.inp.out,258.94195219634264,-0.1254,0.1539,10.7199,55.0,-1306.0282996043,383.94668076893976,233.40776447088885,-5793.1162770252,0.11770866359984211
PHER_red_428_cutoff_7.5.inp.out,257.674810180186,-0.1158,0.1620,15.5547,57.0,-1305.0244234550,177.97282149927966,156.82610605673392,-5944.1357687332,0.10867480480010272
PHER_red_429_cutoff_7.5.inp.out,260.19646472675237,-0.1337,0.1399,24.2689,56.0,-1305.8682186092,160.46462105799966,351.1084662629731,-5868.9793755574,0.1269991608996861
PHER_red_42_cutoff_7.5.inp.out,258.4907809502532,-0.1243,0.1477,30.8264,53.0,-1306.7185650441,242.2902412365488,205.4023247114573,-5641.7674570413,0.11967227019977145
PHER_red_430_cutoff_7.5.inp.out,258.7047610163124,-0.1077,0.1458,25.9779,55.0,-1305.9200172197,364.17259282236114,527.6494836671033,-5792.9853861071,0.09935085219967732
PHER_red_431_cutoff_7.5.inp.out,258.1116369466787,-0.1452,0.1572,20.8565,53.0,-1306.5721260462,204.89269591194824,473.36348814662944,-5641.6187854213,0.13523074770000676
PHER_red_432_cutoff_7.5.inp.out,256.7417089292304,-0.1110,0.1701,19.1745,55.0,-1305.8221198244,299.71486636899107,388.1670302108267,-5792.9339801486,0.10661514010007522
PHER_red_433_cutoff_7.5.inp.out,257.21173969294625,-0.1243,0.1526,23.0257,53.0,-1306.7528412914,286.9371352647131,435.4879498033728,-5641.722026602,0.11642108379965066
PHER_red_434_cutoff_7.5.inp.out,257.8828291767562,-0.1284,0.1571,29.9331,52.0,-1307.1058266505,276.8151273878013,201.12093719648126,-5566.1532560842,0.1203934097002275
PHER_red_435_cutoff_7.5.inp.out,255.45323493432278,-0.1388,0.1445,22.5382,52.0,-1307.3163114461,212.22611544495868,310.36068648280514,-5566.2828671855,0.13223408649992052
PHER_red_436_cutoff_7.5.inp.out,256.2248205919646,-0.1311,0.1413,31.4913,53.0,-1306.3313468612,173.6126829593992,201.29307333118794,-5641.3473292308,0.12455070480064023
PHER_red_437_cutoff_7.5.inp.out,259.6360393230706,-0.1535,0.1243,38.8306,55.0,-1306.2861285398,235.5813384743001,332.48083051111513,-5793.3844388596,0.14408796670068114
PHER_red_438_cutoff_7.5.inp.out,257.6270017652146,-0.1217,0.1441,38.6665,57.0,-1305.3661836297,412.2382777195606,336.9957190103834,-5944.563013912,0.11483365660023992
PHER_red_439_cutoff_7.5.inp.out,257.101280735774,-0.1334,0.1597,23.2404,57.0,-1305.0900290169,121.48436104264371,127.52238688394534,-5944.2640177572,0.12574885550020554
PHER_red_43_cutoff_7.5.inp.out,254.8156717033979,-0.1322,0.1542,40.0352,54.0,-1305.8996675665,187.67104750078775,67.89792282560093,-5716.9162589884,0.12670463179983926
PHER_red_440_cutoff_7.5.inp.out,257.2079415785052,-0.1125,0.1769,22.3871,56.0,-1305.1777871595,5.8121188320677515,38.49808401968374,-5868.2184899492,0.10362427930067497
PHER_red_441_cutoff_7.5.inp.out,255.00863115450468,-0.1112,0.1637,16.6696,53.0,-1306.4709128610,17.750249637549715,86.18425136927983,-5641.5233753264,0.10680898919963511
PHER_red_442_cutoff_7.5.inp.out,255.15708220464495,-0.1052,0.1651,14.8422,54.0,-1305.6749996685,-99.699032101598,11.013992619822762,-5716.6463415689,0.10028626240000449
PHER_red_443_cutoff_7.5.inp.out,257.4534774124568,-0.1041,0.1546,16.1715,56.0,-1305.4139871794,23.112623015494034,-178.02712835377534,-5868.5218042844,0.09977568510021229
PHER_red_444_cutoff_7.5.inp.out,256.52274218500554,-0.1257,0.1603,9.1025,52.0,-1306.6802807785,-80.9106567948255,-145.75810409115624,-5565.6790932565,0.11310896929990122
PHER_red_445_cutoff_7.5.inp.out,260.0519158890039,-0.1176,0.1575,10.8270,50.0,-1307.3343481550,-35.41299613083867,-202.8980457055063,-5414.2282674535,0.11285542710083973
PHER_red_446_cutoff_7.5.inp.out,260.0569963390112,-0.1259,0.1601,12.5299,50.0,-1307.5724520424,-113.35932044938541,-255.68534368062046,-5414.4781479037,0.11422981010036892
PHER_red_447_cutoff_7.5.inp.out,259.1627272060304,-0.1325,0.1362,23.1287,53.0,-1306.1306230870,49.95815983688309,-19.3533750038856,-5641.1578672989,0.12360851340054069
PHER_red_448_cutoff_7.5.inp.out,258.19649587144636,-0.1179,0.1529,16.1824,58.0,-1305.0138838898,-9.413099026757502,31.89667425822776,-6020.1215694165,0.10708167889970355
PHER_red_449_cutoff_7.5.inp.out,256.9355473011602,-0.1166,0.1377,26.6593,58.0,-1304.7906968735,420.6366904623424,230.51499577192303,-6019.8795153021,0.11189494129939703
PHER_red_44_cutoff_7.5.inp.out,256.14135790278596,-0.1338,0.1481,37.1636,53.0,-1306.5651647847,181.83346048216538,127.74455376270323,-5641.6686777262,0.12707671709995338
PHER_red_450_cutoff_7.5.inp.out,255.8852920563448,-0.1393,0.1442,21.8446,54.0,-1305.8954313596,266.8434728461225,500.0194487893987,-5716.9621309793,0.13156833590073802
PHER_red_451_cutoff_7.5.inp.out,256.66724011936503,-0.1112,0.1430,31.4539,56.0,-1305.2128925258,163.49687442144628,123.15218807915879,-5868.3140430762,0.1036900085000525
PHER_red_452_cutoff_7.5.inp.out,257.62976070907536,-0.1292,0.1351,23.1122,60.0,-1304.0707135416,-28.487497180916897,-139.6219303327039,-6171.3766863737,0.1215263247004259
PHER_red_453_cutoff_7.5.inp.out,255.7432117483234,-0.1314,0.1522,24.1065,56.0,-1305.4185253278,-304.9045764636121,-261.4945546304588,-5868.6286847137,0.12234894759967574
PHER_red_454_cutoff_7.5.inp.out,259.14116595420364,-0.1326,0.1464,15.4320,50.0,-1307.5859257221,-70.52490716899956,-163.69134705551681,-5414.470376979,0.12497072160022071
PHER_red_455_cutoff_7.5.inp.out,259.31075151433265,-0.1280,0.1395,12.9154,52.0,-1306.6501243194,86.8033825894002,121.44318796689628,-5565.581692572,0.11886432190021878
PHER_red_456_cutoff_7.5.inp.out,261.10811198966513,-0.1239,0.1556,7.1290,52.0,-1306.6973321409,449.0813142450545,326.0563880811332,-5565.6523511256,0.11522252289978496
PHER_red_457_cutoff_7.5.inp.out,257.75616400752165,-0.1237,0.1564,9.5011,52.0,-1306.7968352034,-65.94939057983083,-73.16998109348084,-5565.6698157241,0.112698238500343
PHER_red_458_cutoff_7.5.inp.out,258.95507947639567,-0.1119,0.1566,14.0099,49.0,-1307.8475623931,94.68044684058776,35.19236755040339,-5338.620990709,0.10688330379980471
PHER_red_459_cutoff_7.5.inp.out,256.9423609657934,-0.1082,0.1700,12.8956,55.0,-1306.1410140518,151.00753041096254,106.39154150600064,-5793.1885137887,0.10071513339971716
PHER_red_45_cutoff_7.5.inp.out,259.58082584854196,-0.1368,0.1507,31.9603,56.0,-1305.5013899673,-128.1993251550959,26.02360454046998,-5868.6313495156,0.13003145039965602
PHER_red_460_cutoff_7.5.inp.out,255.80964571239906,-0.1229,0.1703,14.9267,53.0,-1306.7782993434,174.08847361773977,266.18258108804963,-5641.7465258263,0.11566875570042612
PHER_red_461_cutoff_7.5.inp.out,256.4585809890704,-0.1072,0.1593,15.6550,57.0,-1305.5712074178,-16.52727180706069,179.09857060911358,-5944.6960841897,0.10148331950040301
PHER_red_462_cutoff_7.5.inp.out,255.32239226861853,-0.1415,0.1428,18.8511,56.0,-1305.1041837777,215.51160932724056,345.71216633737544,-5868.1954831663,0.13125371739988623
PHER_red_463_cutoff_7.5.inp.out,258.3275798564257,-0.1189,0.1464,12.4372,54.0,-1306.0625058669,204.16873073707754,200.48967846826594,-5717.0892991785,0.11142549000032886
PHER_red_464_cutoff_7.5.inp.out,258.0619743648223,-0.1147,0.1508,12.4494,52.0,-1306.6583935646,-97.6210105048669,21.998037950810556,-5565.6917686385,0.10888469119981892
PHER_red_465_cutoff_7.5.inp.out,257.22659128977597,-0.1172,0.1606,14.1791,54.0,-1305.8375606792,247.88080887580202,528.6399027262231,-5716.8566959547,0.10994135229975655
PHER_red_466_cutoff_7.5.inp.out,259.3118185298201,-0.1164,0.1597,15.5799,54.0,-1306.0076166750,508.45812427706244,534.6867617435219,-5717.1122930031,0.10726052810059628
PHER_red_467_cutoff_7.5.inp.out,258.14929091895914,-0.1280,0.1549,15.5399,55.0,-1305.4221927433,-50.25597966842028,12.189991808842018,-5792.5707079142,0.12062648880055349
PHER_red_468_cutoff_7.5.inp.out,258.2486145112175,-0.1109,0.1664,18.9692,57.0,-1304.8502980512,5.368134278100436,-29.65833985889634,-5944.0458662861,0.10373234989947377
PHER_red_469_cutoff_7.5.inp.out,255.8106039336602,-0.1341,0.1456,8.1510,55.0,-1305.7960209969,-284.0500618918793,-361.6638199407925,-5792.9951970649,0.12717123360016558
PHER_red_46_cutoff_7.5.inp.out,256.5067299783779,-0.1234,0.1438,22.7646,57.0,-1304.6808948645,-249.65027555856892,-296.4500730828672,-5943.8438527383,0.11740360149997286
PHER_red_470_cutoff_7.5.inp.out,253.43661456251937,-0.1345,0.1501,13.7422,52.0,-1306.6377799261,239.4669892833885,215.22721097606515,-5565.6831108256,0.12842807279957924
PHER_red_471_cutoff_7.5.inp.out,257.0323303876735,-0.1155,0.1407,18.5009,52.0,-1307.0632587864,39.912812590832004,242.7513867584117,-5566.0434422821,0.11048587660025078
PHER_red_472_cutoff_7.5.inp.out,257.02953603518085,-0.1118,0.1560,22.5057,52.0,-1306.5886074774,129.69187827564895,264.9022359448871,-5565.5911602994,0.10853517919986189
PHER_red_473_cutoff_7.5.inp.out,254.94893660287013,-0.1242,0.1551,11.3782,52.0,-1306.5299287837,149.6158409639929,72.8564698009966,-5565.5801985706,0.11666842049999104
PHER_red_474_cutoff_7.5.inp.out,259.2822536393642,-0.1292,0.1335,20.0382,52.0,-1306.3583340387,325.15098412091317,222.29113513695688,-5565.379011669,0.1206956938995063
PHER_red_475_cutoff_7.5.inp.out,257.813941595884,-0.1173,0.1522,29.4633,53.0,-1306.6774609487,-266.5259625061405,-145.5679676175656,-5641.5851953617,0.10858757149981102
PHER_red_476_cutoff_7.5.inp.out,255.76730513797014,-0.1278,0.1620,27.7377,51.0,-1307.5675548768,10.020724134911857,-15.753694651768791,-5490.4518742311,0.12119159479971131
PHER_red_477_cutoff_7.5.inp.out,257.0735141943895,-0.1301,0.1572,29.4124,50.0,-1307.9850878767,-103.37359521142201,-138.54001738991477,-5414.8428350271,0.12161716260015965
PHER_red_478_cutoff_7.5.inp.out,257.9559281231816,-0.1035,0.1620,21.9467,50.0,-1307.6744577907,-84.92372708530563,-128.2736733658083,-5414.5027274448,0.09627795579945087
PHER_red_479_cutoff_7.5.inp.out,255.94346905720258,-0.1067,0.1645,23.1804,48.0,-1308.2656892351,58.63588534464562,-140.60190085217306,-5263.0440259589,0.09881686070002615
PHER_red_47_cutoff_7.5.inp.out,261.3264836320256,-0.1198,0.1342,25.3805,57.0,-1304.6246152651,-501.5668245474365,-641.8825710275663,-5943.8691295067,0.11351847160040052
PHER_red_480_cutoff_7.5.inp.out,259.5433891764398,-0.1103,0.1706,6.1191,50.0,-1307.9891130224,-101.00164500384193,-60.50151350148961,-5414.8189765047,0.09942855939971196
PHER_red_481_cutoff_7.5.inp.out,257.99395112002816,-0.0970,0.1669,16.1055,46.0,-1309.0830063375,35.55268305809775,87.30768546395453,-5111.8104786763,0.08965448919934715
PHER_red_482_cutoff_7.5.inp.out,256.0716038226515,-0.1128,0.1585,21.0502,44.0,-1310.1243869387,-176.05203414267078,22.138125827594862,-4960.7698342427,0.10378709669930686
PHER_red_483_cutoff_7.5.inp.out,259.1929369832605,-0.1107,0.1618,21.7917,47.0,-1308.7250419193,-21.34926729738363,80.48285722440497,-5187.556124157,0.10550044360024913
PHER_red_484_cutoff_7.5.inp.out,257.07494213824054,-0.1274,0.1570,21.4707,49.0,-1307.7364392834,131.39787215748484,114.49172873326553,-5338.6336922331,0.11967455000012706
PHER_red_485_cutoff_7.5.inp.out,257.98917105243225,-0.1188,0.1564,37.8322,52.0,-1306.9628372377,380.04096160596765,199.7942209519663,-5565.9971653629,0.11138227589981398
PHER_red_486_cutoff_7.5.inp.out,258.57157741642646,-0.1217,0.1542,24.2156,53.0,-1306.5725892568,22.132043806132934,-184.90701720731218,-5641.6002212877,0.11342827810040035
PHER_red_487_cutoff_7.5.inp.out,257.3869913526378,-0.1159,0.1584,32.1893,52.0,-1306.9127403679,-117.689628165442,-273.6885640831066,-5565.8371532098,0.10747951020039181
PHER_red_488_cutoff_7.5.inp.out,258.7928936717705,-0.1373,0.1386,23.3311,52.0,-1306.9011144151,-93.13325136158387,-136.17855749883503,-5565.9027972973,0.13014782139998715
PHER_red_489_cutoff_7.5.inp.out,256.8355900861286,-0.1372,0.1491,20.1901,56.0,-1306.0956154793,11.857974460733628,-124.5007781511055,-5869.2725518627,0.1296247730997493
PHER_red_48_cutoff_7.5.inp.out,260.30043647196754,-0.1214,0.1411,28.8783,58.0,-1304.5213780420,-199.7205894639846,-267.14696521410906,-6019.7506419126,0.111434719200588
PHER_red_490_cutoff_7.5.inp.out,257.13522560902834,-0.1203,0.1525,25.6569,56.0,-1305.6187975179,64.44323588153277,20.883278745152797,-5868.7760886861,0.11082805810019636
PHER_red_491_cutoff_7.5.inp.out,256.64206166038326,-0.1379,0.1360,24.4124,54.0,-1306.3805740906,49.8861644796304,196.1865320460202,-5717.48350795,0.13080904279922834
PHER_red_492_cutoff_7.5.inp.out,256.720385342473,-0.1126,0.1514,15.2996,50.0,-1307.7285904564,91.5762986657289,151.18259646687542,-5414.6269423789,0.1078974403999382
PHER_red_493_cutoff_7.5.inp.out,257.8706544337822,-0.1167,0.1553,34.3961,53.0,-1306.6987293309,331.0233971336311,374.38338569385434,-5641.6401328659,0.10802248540039727
PHER_red_494_cutoff_7.5.inp.out,255.36301420283522,-0.1422,0.1501,35.7921,52.0,-1306.9444969247,49.155269966493506,159.80731711180354,-5565.9420255031,0.13483981769968523
PHER_red_495_cutoff_7.5.inp.out,256.81331725427845,-0.1425,0.1227,36.4555,53.0,-1306.6308633891,434.5259030239919,428.1504376951959,-5641.571047053,0.13491443829934724
PHER_red_496_cutoff_7.5.inp.out,258.53318423326033,-0.1331,0.1450,34.7549,58.0,-1304.9669643439,293.8424944326832,432.4777202464775,-6020.0697036125,0.12588370499997836
PHER_red_497_cutoff_7.5.inp.out,257.0095614624342,-0.1383,0.1407,36.8354,53.0,-1306.5884043261,231.4389731728606,402.7676903125953,-5641.6382003207,0.13087295219975204
PHER_red_498_cutoff_7.5.inp.out,259.2801028828709,-0.1252,0.1442,45.7789,56.0,-1305.4777991552,370.4966105369816,453.9488077224334,-5868.5593884233,0.11635315160037862
PHER_red_499_cutoff_7.5.inp.out,258.4829703242268,-0.1324,0.1462,39.7889,55.0,-1306.0646309214,309.25020157573,358.21235089896624,-5793.0705902699,0.1243574656000419
PHER_red_49_cutoff_7.5.inp.out,257.6831987266407,-0.1179,0.1551,18.4912,56.0,-1305.6458615850,-167.0229704303547,-190.01806122452444,-5868.7821432884,0.11057811629962089
PHER_red_4_cutoff_7.5.inp.out,256.87154658852216,-0.1176,0.1666,35.9915,53.0,-1305.8987338422,-60.85570866819845,20.156613314793013,-5640.9650855167,0.11133010230059881
PHER_red_50_cutoff_7.5.inp.out,255.78820997783995,-0.0996,0.1566,35.5104,54.0,-1306.9002109054,-279.28990323084196,-161.7537226920773,-5717.9096810527,0.09402059679996455
PHER_red_51_cutoff_7.5.inp.out,258.8119160908743,-0.1374,0.1348,38.1089,53.0,-1307.4990220062,-624.9155928278286,-63.409359352984225,-5642.4707863258,0.13118577980003465
PHER_red_52_cutoff_7.5.inp.out,259.22668967565914,-0.1349,0.1368,33.4735,54.0,-1306.8093465859,-269.3666541753131,-404.75936668247107,-5717.9374304779,0.1273813819998395
PHER_red_53_cutoff_7.5.inp.out,255.77075170779923,-0.1292,0.1470,33.0949,58.0,-1305.3397901494,-145.9315255898705,-228.8437582151844,-6020.5529241167,0.12377013530021941
PHER_red_54_cutoff_7.5.inp.out,259.7260988457219,-0.1307,0.1534,28.5685,53.0,-1307.2060836715,-146.7014235588165,-241.2043989744475,-5642.2692834605,0.12198247140077001
PHER_red_55_cutoff_7.5.inp.out,258.78050106069986,-0.1196,0.1620,30.6185,55.0,-1306.4227686839,-77.49922582911182,-231.42434962699076,-5793.4651954392,0.11102538619979896
PHER_red_56_cutoff_7.5.inp.out,257.1636252970159,-0.0974,0.1619,22.2068,53.0,-1307.1371552565,-106.85865123629515,-260.94445288306815,-5642.1244691976,0.09153957919988898
PHER_red_57_cutoff_7.5.inp.out,260.1857340282205,-0.1168,0.1551,22.6145,52.0,-1307.5140378989,59.275522765517,-54.86619233339655,-5566.4282737713,0.11005908150036703
PHER_red_58_cutoff_7.5.inp.out,257.21128184688155,-0.1361,0.1585,8.8719,54.0,-1306.7962294494,-248.49198598834087,-254.8214687265945,-5717.7535259487,0.12491834209959052
PHER_red_59_cutoff_7.5.inp.out,258.2835880688074,-0.1181,0.1552,16.3212,54.0,-1306.6562384280,-111.54713037512875,25.041155422070915,-5717.6498044854,0.11212050539961638
PHER_red_5_cutoff_7.5.inp.out,261.4955731084042,-0.1340,0.1640,47.6457,52.0,-1307.1014354843,150.4605534599399,18.375748103575305,-5566.1987917089,0.12559325429992896
PHER_red_60_cutoff_7.5.inp.out,257.1741293773739,-0.1146,0.1707,15.1845,52.0,-1307.3167042514,226.99078899459488,414.94410967382044,-5566.2418781154,0.10771924689925072
PHER_red_61_cutoff_7.5.inp.out,258.19986409029383,-0.1077,0.1818,12.0824,53.0,-1306.8856795077,524.7769102132419,500.65311792653927,-5641.9239955681,0.10099912600071548
PHER_red_62_cutoff_7.5.inp.out,257.9009568831755,-0.1168,0.1641,16.9286,53.0,-1306.6152903880,547.5984222126581,481.0126174923767,-5641.5882823844,0.10875487949942908
PHER_red_63_cutoff_7.5.inp.out,258.7815741186325,-0.1366,0.1577,6.5008,54.0,-1306.2125863414,-44.973245373815224,218.02080891238603,-5717.2333666086,0.12986244679996162
PHER_red_64_cutoff_7.5.inp.out,259.0806230862062,-0.1447,0.1467,9.3436,50.0,-1307.9284237313,98.98477198345971,100.9178012372896,-5414.7831268319,0.13585098440034926
PHER_red_65_cutoff_7.5.inp.out,259.6774621505508,-0.1512,0.1553,7.0654,52.0,-1306.7834927780,125.08802071840917,58.63478263892519,-5565.7765177126,0.1408036434004316
PHER_red_66_cutoff_7.5.inp.out,258.0464188036194,-0.1228,0.1573,15.4730,52.0,-1307.0848575817,-18.374801922126274,-35.533162975902506,-5566.0985032256,0.11834579610058427
PHER_red_67_cutoff_7.5.inp.out,256.6207489903259,-0.1244,0.1585,7.7507,53.0,-1306.3821889641,61.00618298925334,-102.01885418978932,-5641.4239875089,0.11798968170023727
PHER_red_68_cutoff_7.5.inp.out,256.3161512500848,-0.1237,0.1412,7.8857,51.0,-1307.2137003069,81.18821046217144,-216.29034919950934,-5490.151925995,0.11721823239986406
PHER_red_69_cutoff_7.5.inp.out,254.15957468122372,-0.1288,0.1512,11.2835,51.0,-1307.3054256550,-149.8872429480281,-303.6890710397153,-5490.2432939022,0.12080478709958697
PHER_red_6_cutoff_7.5.inp.out,257.27614171551846,-0.1159,0.1633,53.7357,54.0,-1305.7119362441,-124.74276110753702,-14.17843461221562,-5716.8208847918,0.1088175760996819
PHER_red_70_cutoff_7.5.inp.out,257.12675136101717,-0.0968,0.1574,17.2473,51.0,-1307.0863747964,-142.30990733113322,-97.4679078952319,-5490.0128432883,0.09396585920057987
PHER_red_71_cutoff_7.5.inp.out,257.01794314061954,-0.1138,0.1520,17.1376,52.0,-1307.0149757228,-70.02780222796478,-177.47818904143284,-5565.9986578225,0.10668189189982513
PHER_red_72_cutoff_7.5.inp.out,255.77479575176022,-0.1172,0.1486,10.6123,49.0,-1308.2294369463,-134.996576007133,-48.88075022369467,-5339.087925611,0.11031834460027312
PHER_red_73_cutoff_7.5.inp.out,258.87630228038734,-0.1303,0.1440,10.5455,49.0,-1308.1169265508,-261.7064776534586,-107.71135806090844,-5339.0802507408,0.12193874869990395
PHER_red_74_cutoff_7.5.inp.out,259.7492142313085,-0.1060,0.1624,4.2398,51.0,-1307.4679028083,-91.45912737647707,-125.73298199489146,-5490.4817029082,0.09841147030056163
PHER_red_75_cutoff_7.5.inp.out,256.67742489446954,-0.1269,0.1552,8.0995,52.0,-1307.0580310771,110.64067512492393,195.48982801077284,-5566.0596111055,0.11901951720028592
PHER_red_76_cutoff_7.5.inp.out,259.3792015852438,-0.1228,0.1610,5.4647,53.0,-1306.7175940973,45.87548969473097,37.032613894421324,-5641.7524217296,0.11620278929967753
PHER_red_77_cutoff_7.5.inp.out,259.5384439500378,-0.1246,0.1589,3.3886,51.0,-1307.3564450214,376.40329178278597,159.70555109132823,-5490.3555141469,0.11747224879945861
PHER_red_78_cutoff_7.5.inp.out,255.52432142051197,-0.1272,0.1589,6.4940,53.0,-1306.6597573702,-59.22720435931608,-53.735557323047644,-5641.6624215168,0.12042478730018047
PHER_red_79_cutoff_7.5.inp.out,258.95013202117303,-0.1128,0.1771,10.5436,52.0,-1306.6890405559,246.6579789877794,339.3764358893775,-5565.65975715,0.10647825520027254
PHER_red_7_cutoff_7.5.inp.out,256.2948688343833,-0.1181,0.1586,52.0479,54.0,-1306.3063279257,-23.43780514835048,118.30730603065699,-5717.3686657601,0.1123839386000327
PHER_red_80_cutoff_7.5.inp.out,255.89185526391137,-0.1312,0.1574,13.9527,54.0,-1306.1642841105,222.0758055778339,176.18537550772638,-5717.187916203,0.1233634868003719
PHER_red_81_cutoff_7.5.inp.out,255.46040091856725,-0.1264,0.1647,11.1261,54.0,-1306.1943557799,93.49153785884741,20.53143593384355,-5717.2139319645,0.12043144749986823
PHER_red_82_cutoff_7.5.inp.out,258.35212924877254,-0.1146,0.1655,11.2763,53.0,-1306.4574752220,206.8874649183926,150.0867999977736,-5641.5186478086,0.10800283170010516
PHER_red_83_cutoff_7.5.inp.out,257.3348168261897,-0.1294,0.1555,12.3008,52.0,-1306.8323214848,14.441967425840357,102.73596381678585,-5565.8757189423,0.12092889430005016
PHER_red_84_cutoff_7.5.inp.out,258.89791714213294,-0.1199,0.1624,18.0841,51.0,-1307.3213153467,85.00168240703752,12.101553488207536,-5490.2889724323,0.11377918430025602
PHER_red_85_cutoff_7.5.inp.out,258.75122249954455,-0.1577,0.1392,17.6642,55.0,-1306.3111653430,108.99041227214394,235.9681208531236,-5793.376263329,0.14746584659951623
PHER_red_86_cutoff_7.5.inp.out,257.7636204903193,-0.1343,0.1458,20.0243,53.0,-1306.6000422485,114.37264633253466,191.4313136563843,-5641.7399435949,0.12901314970076783
PHER_red_87_cutoff_7.5.inp.out,258.5591511671277,-0.1419,0.1496,17.0666,49.0,-1307.9100892823,-6.656685581880012,97.17829026328124,-5338.8112206308,0.13154352649962675
PHER_red_88_cutoff_7.5.inp.out,257.26098733509093,-0.1114,0.1616,16.3052,51.0,-1307.5872908164,-58.423517875654596,3.67930687707546,-5490.578948162,0.10671517209993908
PHER_red_89_cutoff_7.5.inp.out,257.04644317294407,-0.0959,0.1778,5.5496,48.0,-1308.5433976129,141.04458096597693,44.52764231808095,-5263.3674073612,0.09017465249962697
PHER_red_8_cutoff_7.5.inp.out,256.20616486462853,-0.1169,0.1646,47.4867,55.0,-1305.4194863035,332.5768351323056,443.21075185107566,-5792.4913476038,0.11082324200015137
PHER_red_90_cutoff_7.5.inp.out,256.7151187036946,-0.1287,0.1609,18.4126,52.0,-1307.1097176917,223.08877693475154,160.80369239406454,-5566.0980679667,0.12035893970005418
PHER_red_91_cutoff_7.5.inp.out,256.42938047852675,-0.1194,0.1551,10.8476,52.0,-1307.0330307029,-73.45667171872209,-102.61758112935043,-5565.9377140505,0.11424150469974848
PHER_red_92_cutoff_7.5.inp.out,257.1776740396991,-0.1128,0.1640,7.1822,53.0,-1306.5274598649,72.36819214177149,-93.09876675915125,-5641.5319164623,0.10378223320003599
PHER_red_93_cutoff_7.5.inp.out,257.3620303348301,-0.0990,0.1728,9.5422,53.0,-1307.0599114782,-202.00049824950622,-200.6546312611372,-5642.1216631695,0.09524778919967503
PHER_red_94_cutoff_7.5.inp.out,255.21264608000027,-0.1307,0.1626,12.4514,54.0,-1306.0448451161,-343.7861309469922,-446.208533046127,-5717.1897851398,0.12122383619953325
PHER_red_95_cutoff_7.5.inp.out,260.4790036767697,-0.1065,0.1650,11.6320,54.0,-1305.9371032477,-152.95140422542798,-149.2274143622289,-5717.0734095743,0.09922207409999828
PHER_red_96_cutoff_7.5.inp.out,258.0105101383907,-0.1252,0.1495,15.8723,56.0,-1305.6220582371,202.53817926468804,-67.3413032520437,-5868.8147349862,0.11933466719983699
PHER_red_97_cutoff_7.5.inp.out,258.20668068121375,-0.1092,0.1507,18.9391,57.0,-1305.1324900069,-35.411183967513786,-206.3658087322942,-5944.3105457243,0.10364399999980378
PHER_red_98_cutoff_7.5.inp.out,259.01614577883964,-0.1249,0.1396,13.5058,53.0,-1306.7106988784,-145.15978070548547,-220.64103637267846,-5641.7540644156,0.1158817399000327
PHER_red_99_cutoff_7.5.inp.out,258.89555476232255,-0.1149,0.1525,19.4312,49.0,-1307.9160851463,-315.15292875873087,-275.21368017530716,-5338.8553385256,0.10742788090010436
PHER_red_9_cutoff_7.5.inp.out,254.95851075732332,-0.1217,0.1553,54.6600,55.0,-1305.5154306323,357.5876680840584,335.96270255522546,-5792.5673636489,0.11407285719997162
