file_name,NRE,HOMO,LUMO,Dipole_mom,Num_waters,chg_chg,elec5,elec10,delE_hf,delE_dft
PHER_red_0_cutoff_0.0.inp.out,261.7745035826375,-0.1098,0.2173,9.4690,0.0,-1324.3612472404,-17.748404407865774,-55.960803962440544,-1629.4178945262,0.10868001369999547
PHER_red_100_cutoff_0.0.inp.out,258.88374886607545,-0.0986,0.2149,9.9830,0.0,-1325.1261386205,22.413755675488858,-94.9946134212141,-1630.1536978374,0.09535639780006022
PHER_red_101_cutoff_0.0.inp.out,256.1494510348068,-0.1216,0.1979,9.5639,0.0,-1325.0905207877,-218.65668117854958,-171.16015298682126,-1630.1448657637,0.11901012540010925
PHER_red_102_cutoff_0.0.inp.out,258.41984823298765,-0.1089,0.1903,8.8471,0.0,-1324.5315924594,-190.42323653091682,-84.69730794561931,-1629.5734034586,0.10653485729994827
PHER_red_103_cutoff_0.0.inp.out,257.9300119387272,-0.1169,0.1913,9.2784,0.0,-1324.6580547328,68.89288354016908,-13.436851394491885,-1629.6843370214,0.11150216440000804
PHER_red_104_cutoff_0.0.inp.out,257.51197036706105,-0.0818,0.2073,9.0569,0.0,-1324.6989166929,-5.578786263938058,-26.261094774358412,-1629.7042363614,0.07882546759992692
PHER_red_105_cutoff_0.0.inp.out,258.3488100323358,-0.0811,0.2140,8.4058,0.0,-1324.9099584286,-35.0667237819279,-83.77368832724564,-1629.9106645954,0.07900855930006401
PHER_red_106_cutoff_0.0.inp.out,257.2562030169131,-0.0886,0.2117,9.3800,0.0,-1324.7182150348,-182.18464924016706,-257.8159270511877,-1629.729870687,0.08575321509988498
PHER_red_107_cutoff_0.0.inp.out,258.62203063188736,-0.0805,0.2157,9.1559,0.0,-1324.5920804209,-83.2383180371043,-183.40419982754625,-1629.5959641017,0.07771655549981915
PHER_red_108_cutoff_0.0.inp.out,256.45309236390716,-0.0951,0.1937,8.7335,0.0,-1324.8030242412,12.054821883668671,-15.883105381557215,-1629.8276553847,0.09251846339998337
PHER_red_109_cutoff_0.0.inp.out,256.2641941905645,-0.0787,0.2152,8.9717,0.0,-1325.4042442931,50.21288935682155,85.85713092845508,-1630.4159426442,0.07734499660000438
PHER_red_10_cutoff_0.0.inp.out,256.78059310285624,-0.1101,0.1920,8.4033,0.0,-1325.2120791145,199.91963727076126,314.72675127527,-1630.2410211528,0.10698346100002709
PHER_red_110_cutoff_0.0.inp.out,257.78686720133317,-0.0882,0.2185,9.4486,0.0,-1324.8860429161,5.213538651388981,-24.747916020912996,-1629.9057137496,0.08476330820008116
PHER_red_111_cutoff_0.0.inp.out,258.1841432012045,-0.0903,0.2067,9.6313,0.0,-1324.8690345378,212.99104229078193,235.53928989481457,-1629.8920220302,0.08450805379993653
PHER_red_112_cutoff_0.0.inp.out,256.74984650690027,-0.0781,0.2135,8.0973,0.0,-1324.7477854393,5.1215926650386745,69.50274971145586,-1629.7478318349,0.07584651780007334
PHER_red_113_cutoff_0.0.inp.out,258.5634010292311,-0.0997,0.2197,8.8090,0.0,-1324.5569629330,89.9958280447482,199.40388476027906,-1629.5881034006,0.09771925990003183
PHER_red_114_cutoff_0.0.inp.out,255.85974159773372,-0.1197,0.2000,9.9452,0.0,-1324.6136534716,181.31938007608204,253.99758736380522,-1629.6482424844,0.11655720840008144
PHER_red_115_cutoff_0.0.inp.out,256.1644509157945,-0.0843,0.2222,8.7158,0.0,-1324.5997147117,-162.30840345618046,-213.8001110236269,-1629.609302403,0.08293036409986598
PHER_red_116_cutoff_0.0.inp.out,259.8641086302788,-0.1041,0.1799,9.2868,0.0,-1324.8089735632,123.52549191138738,103.28932733560025,-1629.8264973793,0.10047863749991848
PHER_red_117_cutoff_0.0.inp.out,258.10309906507996,-0.0992,0.2085,9.3024,0.0,-1325.0212870804,-96.61110691420139,-239.404423752601,-1630.0479197043,0.09747715340017749
PHER_red_118_cutoff_0.0.inp.out,257.03848739710696,-0.0958,0.2169,9.6270,0.0,-1324.6269311393,7.4886613987146955,-75.5484601748605,-1629.6421115708,0.09214898100003666
PHER_red_119_cutoff_0.0.inp.out,260.80262385972037,-0.0768,0.2249,9.0286,0.0,-1324.9077603786,-82.55217201431522,-138.57424134650245,-1629.9111811789,0.07356827319995318
PHER_red_11_cutoff_0.0.inp.out,255.84611372498298,-0.1009,0.2083,8.0565,0.0,-1324.5933587118,-12.07556755218204,64.1135794157056,-1629.6138108271,0.0999802083999839
PHER_red_120_cutoff_0.0.inp.out,261.40842946952137,-0.0869,0.2131,9.0126,0.0,-1324.7841910000,-71.97104338255208,-163.45645808566843,-1629.7908027193,0.08334492089988998
PHER_red_121_cutoff_0.0.inp.out,255.9590874722876,-0.0975,0.2098,9.3341,0.0,-1324.6026119252,-164.85107549501956,-125.53188165733407,-1629.617745921,0.09319134220004344
PHER_red_122_cutoff_0.0.inp.out,254.99414736314762,-0.0680,0.2323,8.4110,0.0,-1324.9874001553,64.23667472812797,-41.791605257008186,-1629.9574165585,0.06589569389984717
PHER_red_123_cutoff_0.0.inp.out,256.0467720315728,-0.0640,0.2075,7.1664,0.0,-1324.8281967572,-59.11344020645024,-101.90301273211497,-1629.795761986,0.06344066149995342
PHER_red_124_cutoff_0.0.inp.out,257.45562585437443,-0.0674,0.2200,7.8558,0.0,-1324.7496609912,-98.67922002158764,-193.6544456369785,-1629.7211171236,0.06522031789995708
PHER_red_125_cutoff_0.0.inp.out,256.7188414206236,-0.0603,0.2357,7.4250,0.0,-1324.8061018094,-120.99130669274071,-284.6137778427629,-1629.7732387523,0.05781701639989478
PHER_red_126_cutoff_0.0.inp.out,257.5055902994887,-0.0757,0.2229,8.4425,0.0,-1325.0551359842,-62.442730247614215,-96.99764142698344,-1630.0548789448,0.07272064690005209
PHER_red_127_cutoff_0.0.inp.out,261.4667171877276,-0.0703,0.2198,8.6092,0.0,-1324.9317338301,-12.182521802219867,-133.46639807608219,-1629.910879224,0.06557522499997503
PHER_red_128_cutoff_0.0.inp.out,260.9159554021056,-0.0749,0.2189,8.2324,0.0,-1325.2981782910,-69.62116969771745,-58.08357716509053,-1630.2804179287,0.07115340780001134
PHER_red_129_cutoff_0.0.inp.out,259.08124133150204,-0.0762,0.2275,10.1437,0.0,-1324.7815154948,-171.508240832877,-261.76492482695926,-1629.7977626303,0.07348683580016768
PHER_red_12_cutoff_0.0.inp.out,255.6305883143924,-0.1105,0.2029,9.7109,0.0,-1324.7551289424,-47.685037006656046,-114.72231213408108,-1629.7914356572,0.10777058519988714
PHER_red_130_cutoff_0.0.inp.out,258.9540655164343,-0.0998,0.2217,9.5742,0.0,-1324.9992420222,43.00242820287092,42.816156560036724,-1630.0383351715,0.09875440109999545
PHER_red_131_cutoff_0.0.inp.out,256.7442292793914,-0.1239,0.1934,9.9725,0.0,-1325.2306056156,40.72446389223146,62.806435797107824,-1630.29671592,0.12290338790012356
PHER_red_132_cutoff_0.0.inp.out,256.54259895361406,-0.1181,0.1981,9.7012,0.0,-1324.8265821415,103.9403522071376,55.20007024536419,-1629.8859071494,0.11667142280020926
PHER_red_133_cutoff_0.0.inp.out,257.80188463842046,-0.1102,0.1972,9.9830,0.0,-1324.6822049832,213.2552431963482,368.6585939192415,-1629.7317534213,0.10568078159985816
PHER_red_134_cutoff_0.0.inp.out,258.35374628362945,-0.1113,0.1984,9.3383,0.0,-1324.6419490251,181.12882474134148,192.53567711975143,-1629.704153822,0.11057341799983078
PHER_red_135_cutoff_0.0.inp.out,257.5688769959501,-0.1082,0.2144,10.0681,0.0,-1325.2501731788,117.43327816391977,81.97673004041356,-1630.3094895324,0.10728029289998631
PHER_red_136_cutoff_0.0.inp.out,257.571171654422,-0.1092,0.2125,9.1448,0.0,-1324.6623647351,-174.01716059442836,-201.01520475447202,-1629.7091099467,0.10713777399996616
PHER_red_137_cutoff_0.0.inp.out,256.85487377709677,-0.0994,0.2162,9.5760,0.0,-1324.7836315813,76.78122660754687,87.55686968815739,-1629.8062521462,0.09406116099989958
PHER_red_138_cutoff_0.0.inp.out,257.23122792897624,-0.0582,0.2333,8.6340,0.0,-1325.0325131765,-67.69731461124272,-29.019307287295927,-1630.0236478119,0.05623349879988382
PHER_red_139_cutoff_0.0.inp.out,257.7631210257703,-0.0901,0.2114,9.9042,0.0,-1324.8769878268,114.90822081505054,5.075871682141787,-1629.9082779317,0.08982892680000987
PHER_red_13_cutoff_0.0.inp.out,257.9469563245418,-0.0939,0.2139,9.3505,0.0,-1324.9421285837,-144.2268802989398,-294.40365201054317,-1629.9841203622,0.09401330159994359
PHER_red_140_cutoff_0.0.inp.out,258.53130280616983,-0.1192,0.2084,10.7436,0.0,-1325.1184783889,39.85932402026486,59.306574876705476,-1630.176419247,0.11474663779995353
PHER_red_141_cutoff_0.0.inp.out,256.46587033643164,-0.1104,0.2038,10.5959,0.0,-1324.6663356213,-199.6633519910934,-294.0273272417517,-1629.7299756812,0.10940690689994881
PHER_red_142_cutoff_0.0.inp.out,258.5872949762261,-0.1071,0.2124,10.8043,0.0,-1324.7190974466,-174.9232713611544,-383.46560980692436,-1629.7827570604,0.10341525779995209
PHER_red_143_cutoff_0.0.inp.out,260.9685896469918,-0.1159,0.1918,9.8785,0.0,-1324.5376129331,-71.76564752523345,-316.00605945672487,-1629.6099124266,0.11456182940014514
PHER_red_144_cutoff_0.0.inp.out,258.51943524039154,-0.1039,0.2234,9.8123,0.0,-1324.6948626709,9.894603689700721,-325.2153489120368,-1629.7363000385,0.10050114229989049
PHER_red_145_cutoff_0.0.inp.out,260.4164664629443,-0.0882,0.2061,8.5868,0.0,-1324.6009772626,-8.638352044702248,-255.54378163334127,-1629.6175546809,0.08518498889998227
PHER_red_146_cutoff_0.0.inp.out,259.8155258012609,-0.1035,0.2127,9.4672,0.0,-1324.5150524993,-250.62383230129095,-393.182990057567,-1629.5535139307,0.09918754110003647
PHER_red_147_cutoff_0.0.inp.out,258.86836732865754,-0.0941,0.2058,8.5453,0.0,-1325.0075449780,-492.68592436137965,-684.3379838018284,-1630.0297159443,0.09043947589998425
PHER_red_148_cutoff_0.0.inp.out,256.7914883010864,-0.0746,0.2205,8.1663,0.0,-1324.6482304588,-506.74551255634253,-750.5636998605632,-1629.6516014429,0.07355850530007046
PHER_red_149_cutoff_0.0.inp.out,256.0778134971204,-0.0999,0.2122,9.6487,0.0,-1324.8638720626,-352.92340409012917,-569.724593082603,-1629.8929096808,0.09519226790007451
PHER_red_14_cutoff_0.0.inp.out,255.27979269319547,-0.1358,0.1787,9.6177,0.0,-1324.9444765475,83.04551115405799,13.83672401193517,-1630.0044136821,0.13177301709993117
PHER_red_150_cutoff_0.0.inp.out,254.16280788240636,-0.0911,0.2214,9.2039,0.0,-1324.7615166305,22.502780558716626,-40.04924804420013,-1629.7739076112,0.08794825649988525
PHER_red_151_cutoff_0.0.inp.out,256.90365735836735,-0.0991,0.2202,9.6818,0.0,-1324.6745526800,68.76735525312705,58.54052709988601,-1629.6993019127,0.0960214188999089
PHER_red_152_cutoff_0.0.inp.out,258.9606160378603,-0.0936,0.2181,9.8546,0.0,-1324.7353199798,-147.58974753949101,-348.44208197096003,-1629.7649802076,0.09049753299996155
PHER_red_153_cutoff_0.0.inp.out,257.4872363792002,-0.0955,0.2095,8.5668,0.0,-1324.9050337486,-69.4667042753251,-116.02631486362284,-1629.9396243646,0.0932519438001691
PHER_red_154_cutoff_0.0.inp.out,260.3036859367197,-0.1011,0.2148,9.7183,0.0,-1324.8549650794,-7.670739003948913,-160.28408525392865,-1629.9035509865,0.0987176148000799
PHER_red_155_cutoff_0.0.inp.out,259.05176122632173,-0.1156,0.1884,9.8204,0.0,-1325.2038375916,48.469775151950614,-105.43816833007624,-1630.2452779108,0.11109715669999787
PHER_red_156_cutoff_0.0.inp.out,259.4205786673542,-0.0825,0.2314,8.9959,0.0,-1324.7762124160,43.35608190660514,-67.82664832037283,-1629.7923794208,0.07867972869985351
PHER_red_157_cutoff_0.0.inp.out,259.2957390177341,-0.1108,0.2059,9.8223,0.0,-1324.8975539697,-209.8046704769915,-337.63639998535325,-1629.9385721201,0.10590295480005807
PHER_red_158_cutoff_0.0.inp.out,258.1275692269277,-0.1042,0.2045,8.9088,0.0,-1325.0104610639,-184.52242673641396,-360.3259059890445,-1630.0593597902,0.10311704430000646
PHER_red_159_cutoff_0.0.inp.out,258.3152984381251,-0.0874,0.2143,9.4989,0.0,-1324.7856692548,29.658996256398073,-111.71343784880341,-1629.7964833405,0.08070294380013365
PHER_red_15_cutoff_0.0.inp.out,256.91207551023905,-0.1142,0.2038,9.4919,0.0,-1325.0494543687,7.884673876793357,-86.2775245206532,-1630.1195239734,0.11212634870003058
PHER_red_160_cutoff_0.0.inp.out,257.9907445482739,-0.0974,0.2030,7.7853,0.0,-1324.5999543140,-28.982929368677187,45.551553162635905,-1629.6142917306,0.09375514279986419
PHER_red_161_cutoff_0.0.inp.out,256.41117977374313,-0.0685,0.2310,8.6167,0.0,-1325.2926722050,35.81408539651523,141.00759650537063,-1630.2819954892,0.0658829179001259
PHER_red_162_cutoff_0.0.inp.out,254.02866801596247,-0.0937,0.2109,8.5971,0.0,-1324.5127301038,265.3477408428314,401.2578103357566,-1629.5087444314,0.09136320790003083
PHER_red_163_cutoff_0.0.inp.out,259.9929723537778,-0.0717,0.2325,9.4166,0.0,-1324.7864770119,60.28391334573146,49.1560697253847,-1629.8039368054,0.0699678887999653
PHER_red_164_cutoff_0.0.inp.out,258.45516986023534,-0.1081,0.1984,8.8973,0.0,-1324.6193361532,50.569532801441255,87.55370036851392,-1629.6414374529,0.10437292819983668
PHER_red_165_cutoff_0.0.inp.out,259.8117584662696,-0.1063,0.2010,8.7861,0.0,-1325.1092514520,-4.247102451925632,27.73068320822617,-1630.1499705676,0.10540252599980704
PHER_red_166_cutoff_0.0.inp.out,255.77129649425893,-0.1090,0.2010,9.4374,0.0,-1325.0591289479,-111.3130846420816,-123.3806714356382,-1630.100166403,0.10579256370010626
PHER_red_167_cutoff_0.0.inp.out,254.7960449838204,-0.0902,0.2036,8.3437,0.0,-1324.9394362690,19.652576292563598,52.074182351853096,-1629.9471563105,0.08850204829991526
PHER_red_168_cutoff_0.0.inp.out,258.10414683763446,-0.1067,0.1944,9.8867,0.0,-1324.9672237224,-20.390489193362864,-120.71217259039453,-1630.0007079134,0.1025708269999086
PHER_red_169_cutoff_0.0.inp.out,254.944106753492,-0.0926,0.2117,8.8791,0.0,-1324.5811768412,55.97460468553728,30.690762021074807,-1629.6141727537,0.09235043779995067
PHER_red_16_cutoff_0.0.inp.out,260.64061469442606,-0.1069,0.2037,9.5525,0.0,-1324.4011704878,-10.3067764864602,-74.44962675835502,-1629.449406631,0.10330169700000624
PHER_red_170_cutoff_0.0.inp.out,257.95189585950027,-0.0953,0.2046,8.3106,0.0,-1324.9972437482,11.200543672605976,-34.02933641427531,-1630.0251110032,0.09322914719996334
PHER_red_171_cutoff_0.0.inp.out,259.33873754345615,-0.1110,0.2108,10.2826,0.0,-1324.5486901644,30.5804078090373,-0.5988427234037663,-1629.6116287143,0.10654618250009662
PHER_red_172_cutoff_0.0.inp.out,257.61895463234544,-0.1039,0.2117,8.7521,0.0,-1324.9989850916,58.09256792339167,129.99520375703574,-1630.0168237377,0.10145154500014542
PHER_red_173_cutoff_0.0.inp.out,260.79932873549984,-0.1090,0.2013,9.4802,0.0,-1324.4528119079,135.1579130957095,260.9024494374509,-1629.499033144,0.10521685089997845
PHER_red_174_cutoff_0.0.inp.out,256.4687785329094,-0.1227,0.2029,8.8936,0.0,-1324.9982992533,204.2455999815087,228.03658447287836,-1630.0457566542,0.11865543180010718
PHER_red_175_cutoff_0.0.inp.out,258.3718718723319,-0.0985,0.2065,8.9098,0.0,-1324.7487411945,133.7496115283383,173.3816680458418,-1629.7731750917,0.09439028690007945
PHER_red_176_cutoff_0.0.inp.out,258.81981896894376,-0.0688,0.2345,9.2495,0.0,-1324.7453676899,-79.16650326943068,-169.74593372973385,-1629.7470841161,0.06696688469992296
PHER_red_177_cutoff_0.0.inp.out,257.68035437135586,-0.1045,0.2081,8.7021,0.0,-1324.7355896155,49.76693013384081,17.488368372671776,-1629.7647502276,0.10058670560010796
PHER_red_178_cutoff_0.0.inp.out,259.27815541873713,-0.1080,0.1916,9.6621,0.0,-1324.9086760680,19.201475149470866,-175.60951845144214,-1629.9327047446,0.10094872230001783
PHER_red_179_cutoff_0.0.inp.out,258.75613988953944,-0.0815,0.2324,8.5578,0.0,-1324.8421290466,131.78536705197493,174.23370156970344,-1629.8532611396,0.07937147109987563
PHER_red_17_cutoff_0.0.inp.out,256.84987258506146,-0.0860,0.2207,9.4453,0.0,-1324.7890150579,-35.105840273470484,-218.2904218671065,-1629.8115113167,0.08261923550003303
PHER_red_180_cutoff_0.0.inp.out,257.20887312669146,-0.0729,0.2192,8.9857,0.0,-1324.9877865908,149.1280140345868,273.3859294344165,-1629.9817841828,0.06949013090002154
PHER_red_181_cutoff_0.0.inp.out,257.7576947500694,-0.1019,0.2096,10.1493,0.0,-1324.6974974501,222.34310016183323,293.9616277706492,-1629.7296430032,0.09878194380007699
PHER_red_182_cutoff_0.0.inp.out,256.0063268282914,-0.1107,0.2066,10.3376,0.0,-1325.1335062627,21.321264711538998,98.75868961639146,-1630.1818612168,0.10814374990013675
PHER_red_183_cutoff_0.0.inp.out,257.3032542038276,-0.0773,0.2166,8.1745,0.0,-1325.0335408723,70.45021445202717,65.58207897827737,-1630.0382425341,0.07834592029985288
PHER_red_184_cutoff_0.0.inp.out,256.17503008757853,-0.1070,0.2061,10.0341,0.0,-1324.9485530207,91.16287047080293,6.237348237990597,-1629.9833459988,0.10368854409989581
PHER_red_185_cutoff_0.0.inp.out,255.4331002357426,-0.0943,0.2040,8.1258,0.0,-1325.2680882911,192.79540875355957,197.81504708604078,-1630.2759180878,0.09242310800004816
PHER_red_186_cutoff_0.0.inp.out,259.1344553466053,-0.0956,0.2023,9.0957,0.0,-1325.0146463294,-23.762408431404207,-34.8038181434424,-1630.0316329781,0.09202894040004139
PHER_red_187_cutoff_0.0.inp.out,258.45595035486417,-0.1016,0.2108,9.4024,0.0,-1325.3811234391,-276.6275306140638,-214.97175402954835,-1630.4150419525,0.09724067070010278
PHER_red_188_cutoff_0.0.inp.out,259.1344547503576,-0.0953,0.2065,8.9474,0.0,-1325.3101943368,-94.85663553145214,12.932145737293196,-1630.3232011214,0.09071201849997124
PHER_red_189_cutoff_0.0.inp.out,259.0472199340924,-0.0879,0.2149,8.5985,0.0,-1325.0212488084,50.010308067076075,122.61160296270987,-1630.0461026511,0.08513904559981711
PHER_red_18_cutoff_0.0.inp.out,259.1727895783774,-0.0970,0.2116,8.6861,0.0,-1324.8003548503,-43.56103525347305,-83.98750248873607,-1629.8362301956,0.0937077908001811
PHER_red_190_cutoff_0.0.inp.out,257.944195449995,-0.0873,0.2189,8.7434,0.0,-1324.8339435711,10.967040124319185,80.01224804456757,-1629.8604808133,0.08584178000000975
PHER_red_191_cutoff_0.0.inp.out,256.38875711992864,-0.1140,0.1974,9.4044,0.0,-1324.9021409213,-71.68608903657132,41.71437837206226,-1629.9409296499,0.10900946090009711
PHER_red_192_cutoff_0.0.inp.out,255.01315896509388,-0.1031,0.1973,8.4933,0.0,-1325.0506378988,-39.366984717713116,55.37427680246163,-1630.0849031607,0.1013983617001486
PHER_red_193_cutoff_0.0.inp.out,256.1189970106577,-0.0869,0.2014,7.9598,0.0,-1324.7397584345,-59.24768348198206,-20.21043278518055,-1629.7508037851,0.08579435389992796
PHER_red_194_cutoff_0.0.inp.out,260.5075266337681,-0.0879,0.2098,9.7464,0.0,-1324.8888599974,-82.1069675388148,-32.6538253841534,-1629.9152792056,0.08640217929996652
PHER_red_195_cutoff_0.0.inp.out,254.8350448742961,-0.1101,0.2030,9.1815,0.0,-1325.1729461758,-150.17012759641256,-86.100268928295,-1630.2081669341,0.10801612339992062
PHER_red_196_cutoff_0.0.inp.out,255.8736904496616,-0.0804,0.2114,9.1809,0.0,-1324.8395071652,-144.2233104593177,-116.18203370789558,-1629.8303833539,0.07703164570011722
PHER_red_197_cutoff_0.0.inp.out,259.13463659390925,-0.0712,0.2192,9.6038,0.0,-1325.3031553965,-167.12476388269897,-215.45423243632746,-1630.2992192008,0.06736610849998215
PHER_red_198_cutoff_0.0.inp.out,258.49967994117605,-0.0761,0.2026,8.6591,0.0,-1324.7408766813,87.39906313303257,55.55892864885676,-1629.7466028368,0.07474115309992158
PHER_red_199_cutoff_0.0.inp.out,259.5098604624384,-0.0809,0.2119,9.0810,0.0,-1324.8188075095,-28.00589790798903,47.064011251461665,-1629.8241720414,0.07653854120007964
PHER_red_19_cutoff_0.0.inp.out,260.4540349169978,-0.1085,0.2039,9.6228,0.0,-1324.4526585392,40.750763316904674,80.93763918838253,-1629.4906632438,0.10304996569993818
PHER_red_1_cutoff_0.0.inp.out,258.73213260532566,-0.0772,0.2348,8.9900,0.0,-1324.6674240244,33.065296880457325,53.13839360980342,-1629.6689089115,0.07225468959995851
PHER_red_200_cutoff_0.0.inp.out,261.2295968557075,-0.0889,0.2310,10.5527,0.0,-1325.1434270859,41.649770271502824,-44.5132814202868,-1630.1765334595,0.08554202159984925
PHER_red_201_cutoff_0.0.inp.out,257.122343850613,-0.0872,0.2133,8.9718,0.0,-1324.9608464299,19.908137053676633,-63.48106422998544,-1629.9816580771,0.08515410839981996
PHER_red_202_cutoff_0.0.inp.out,259.85658582403636,-0.0732,0.2287,10.0757,0.0,-1325.3873425186,43.230168822770395,-24.23322777704455,-1630.4094981993,0.07162840390014935
PHER_red_203_cutoff_0.0.inp.out,257.2576944409814,-0.0730,0.2298,8.9791,0.0,-1324.9769979560,-52.069690722280534,-3.2660044059443023,-1629.980241417,0.07196344519979903
PHER_red_204_cutoff_0.0.inp.out,257.8336701104836,-0.0815,0.2183,10.1321,0.0,-1324.9801993581,92.20796321216274,37.372749918395655,-1630.0132560814,0.07982977510005185
PHER_red_205_cutoff_0.0.inp.out,259.58923264701144,-0.1076,0.2122,9.8017,0.0,-1325.0057600464,19.931252912286894,-145.5659890815879,-1630.0538697156,0.1032106699999531
PHER_red_206_cutoff_0.0.inp.out,255.8886202188831,-0.0971,0.2188,9.2421,0.0,-1325.1571739948,-59.636579737426366,-242.15041349872322,-1630.1805750746,0.09520139610003753
PHER_red_207_cutoff_0.0.inp.out,258.64306470174535,-0.0955,0.2155,9.8443,0.0,-1325.1048965277,-54.78248178495266,-122.56742024805979,-1630.1546638825,0.09511252960010097
PHER_red_208_cutoff_0.0.inp.out,256.68134441160515,-0.1132,0.2010,8.8210,0.0,-1324.6583021698,-92.14660818773066,-74.73336121943305,-1629.6957201808,0.11102128020002056
PHER_red_209_cutoff_0.0.inp.out,255.82190312218046,-0.1214,0.1914,9.5866,0.0,-1324.9100004250,-15.282250149051023,-15.329683024608398,-1629.9681949372,0.11742204120014321
PHER_red_20_cutoff_0.0.inp.out,257.9574580984687,-0.0854,0.2108,9.2558,0.0,-1324.7920614105,14.452510888060894,79.17420511526797,-1629.8164842338,0.0839925805000803
PHER_red_210_cutoff_0.0.inp.out,257.4614558763646,-0.1090,0.1950,9.4690,0.0,-1325.0507592299,-5.951694456347353,-50.03384595576169,-1630.1067349138,0.10597151520005355
PHER_red_211_cutoff_0.0.inp.out,257.8802537452798,-0.0818,0.2191,9.2990,0.0,-1325.1977169406,-33.761859922086046,-75.55958531530666,-1630.2090195597,0.07831759390001025
PHER_red_212_cutoff_0.0.inp.out,259.3928483228696,-0.1195,0.1945,9.3774,0.0,-1325.1699667768,-83.75843778882435,-44.75755022625423,-1630.2304807354,0.11478472499993586
PHER_red_213_cutoff_0.0.inp.out,260.5515989815505,-0.1023,0.2077,8.8360,0.0,-1325.0565124249,139.00995399054176,89.36585755872659,-1630.095722807,0.09848867710002196
PHER_red_214_cutoff_0.0.inp.out,258.6463465997966,-0.0929,0.2098,8.7728,0.0,-1325.2974324076,202.77535699791457,243.60552446884967,-1630.3200714691,0.09205083360006938
PHER_red_215_cutoff_0.0.inp.out,257.33741646712633,-0.0997,0.2126,9.2594,0.0,-1325.0074091543,-5.088301741850183,-20.69708839201242,-1630.04188354,0.0969889205000527
PHER_red_216_cutoff_0.0.inp.out,257.08302251340376,-0.1265,0.1844,9.3256,0.0,-1325.1723794841,-6.562626120218804,46.349580447171014,-1630.2149058459,0.1227870977998009
PHER_red_217_cutoff_0.0.inp.out,255.25589711262597,-0.1141,0.2003,9.9340,0.0,-1324.8919166347,-8.336004403061782,-1.7432291763110896,-1629.9411497469,0.11231820020020677
PHER_red_218_cutoff_0.0.inp.out,258.6734771172779,-0.1029,0.1760,8.8345,0.0,-1324.8552877551,160.00223434426314,163.15897015060108,-1629.8797548023,0.10310823679992609
PHER_red_219_cutoff_0.0.inp.out,256.1283285375083,-0.1132,0.1928,9.1987,0.0,-1324.9802780824,176.84710620856143,274.73648895468244,-1630.0104536307,0.10997165480011972
PHER_red_21_cutoff_0.0.inp.out,258.8230012770052,-0.1057,0.2145,11.1605,0.0,-1325.2527818449,144.0253443309214,264.8843764583892,-1630.3094656298,0.102753540500089
PHER_red_220_cutoff_0.0.inp.out,257.233274375363,-0.0878,0.2097,9.0598,0.0,-1325.2055096020,120.29015608961151,228.8098721744894,-1630.2183214093,0.08723502509997161
PHER_red_221_cutoff_0.0.inp.out,257.8341671078783,-0.0886,0.2319,10.2674,0.0,-1325.2363398441,-28.09428252501376,81.95713621425315,-1630.2573658027,0.08548567349998848
PHER_red_222_cutoff_0.0.inp.out,256.827056545061,-0.0890,0.2303,9.3951,0.0,-1324.5992956097,35.60786252935891,124.431044458036,-1629.619816646,0.08740341830002762
PHER_red_223_cutoff_0.0.inp.out,259.302493368932,-0.0926,0.2192,9.2685,0.0,-1325.2722121778,-90.67737478320107,-136.04415248454586,-1630.3068769489,0.08915802890010127
PHER_red_224_cutoff_0.0.inp.out,262.12342027403844,-0.1140,0.1887,9.5878,0.0,-1324.9724202304,6.583229793569392,141.38847173344172,-1630.0260961275,0.112242248100074
PHER_red_225_cutoff_0.0.inp.out,258.9634323162986,-0.1005,0.1968,8.5293,0.0,-1325.1296125836,82.05057311561778,255.40598546959615,-1630.1658553808,0.09808769520009264
PHER_red_226_cutoff_0.0.inp.out,254.9356511980178,-0.0966,0.2041,9.4970,0.0,-1324.8250998969,120.8868654664302,369.77426641155705,-1629.8292862852,0.0892445754000164
PHER_red_227_cutoff_0.0.inp.out,256.3877778126418,-0.1009,0.1964,8.3631,0.0,-1324.6750912064,160.55727150344222,351.6987923568012,-1629.7117034374,0.1006879116998789
PHER_red_228_cutoff_0.0.inp.out,256.0148663813241,-0.0800,0.2122,8.8631,0.0,-1325.0084312348,109.63281311847459,40.61834941941937,-1630.0168552724,0.07885022280015619
PHER_red_229_cutoff_0.0.inp.out,254.66307881830036,-0.0962,0.2134,10.1914,0.0,-1324.8126289091,118.36207490474536,142.48393803295232,-1629.8455788745,0.09511477640012345
PHER_red_22_cutoff_0.0.inp.out,256.1474737095549,-0.0822,0.2278,9.6922,0.0,-1324.4448300298,265.84848962890135,213.78583169831828,-1629.4706622612,0.08182670220003274
PHER_red_230_cutoff_0.0.inp.out,254.4069848054185,-0.1182,0.2138,10.8450,0.0,-1324.8600683494,30.018572547348896,-62.959981000091304,-1629.9268727145,0.1155086809999375
PHER_red_231_cutoff_0.0.inp.out,255.00547369376682,-0.1168,0.2077,10.7231,0.0,-1325.1997376852,132.26493883474515,116.756321911739,-1630.2703699669,0.11577958739985661
PHER_red_232_cutoff_0.0.inp.out,259.6800181810293,-0.1113,0.1997,10.0674,0.0,-1324.9653206785,249.43225075286665,402.30606144671214,-1630.0319781519,0.10906226949987285
PHER_red_233_cutoff_0.0.inp.out,258.25432845211276,-0.1010,0.2185,10.7874,0.0,-1324.9778987616,269.4362328340786,399.1529981393343,-1630.0393133143,0.09853850130002684
PHER_red_234_cutoff_0.0.inp.out,258.70850787544595,-0.1002,0.2276,10.2609,0.0,-1324.9039838720,93.7955837641098,250.6238099333681,-1629.950755013,0.09725966370001515
PHER_red_235_cutoff_0.0.inp.out,260.4411827822123,-0.1155,0.2068,9.8624,0.0,-1324.8539487229,181.96304169675176,314.7864156464163,-1629.9206953798,0.11202287199989769
PHER_red_236_cutoff_0.0.inp.out,260.06520690784276,-0.1013,0.2035,8.8947,0.0,-1324.5549618365,112.44806327103308,319.1528144600317,-1629.5878964998,0.09862470499979281
PHER_red_237_cutoff_0.0.inp.out,260.0487876267479,-0.1214,0.1967,9.5511,0.0,-1324.6635445197,186.4285088567298,368.13530819723616,-1629.7344057407,0.11702172769992103
PHER_red_238_cutoff_0.0.inp.out,257.00567375920804,-0.1200,0.1941,9.4845,0.0,-1324.8443809462,-80.70441824293619,-16.160561767012446,-1629.901117249,0.1188739904000613
PHER_red_239_cutoff_0.0.inp.out,256.92225186564366,-0.0972,0.2127,8.9544,0.0,-1324.7143515139,167.4218046198572,203.03970851042732,-1629.740336039,0.0961916341000233
PHER_red_23_cutoff_0.0.inp.out,254.4775360445837,-0.0864,0.2188,9.1665,0.0,-1324.7982162513,57.31112147161775,32.53814365739148,-1629.8156984458,0.08535605759993814
PHER_red_240_cutoff_0.0.inp.out,257.7499927992285,-0.0904,0.2042,9.6998,0.0,-1324.4234690289,249.08718205919206,350.37496837514936,-1629.4438910298,0.08746265839999978
PHER_red_241_cutoff_0.0.inp.out,256.8521656327107,-0.0906,0.2109,9.6790,0.0,-1324.6814275964,-10.334864257629349,48.09032385302581,-1629.7082401249,0.09087264880008661
PHER_red_242_cutoff_0.0.inp.out,256.3698068199864,-0.1064,0.2076,10.7549,0.0,-1324.7149669817,16.352893303449974,112.34782140275254,-1629.742761363,0.10106033629995181
PHER_red_243_cutoff_0.0.inp.out,256.55339508322515,-0.0913,0.2195,9.3719,0.0,-1324.2417827989,234.73246546456087,368.03510506713127,-1629.2672084778,0.08977963669985911
PHER_red_244_cutoff_0.0.inp.out,257.45892631825365,-0.0908,0.2056,9.5674,0.0,-1324.9154689668,199.3734302360616,450.1436256046157,-1629.9235870141,0.08555091890002586
PHER_red_245_cutoff_0.0.inp.out,258.40777116170426,-0.0883,0.2093,8.7489,0.0,-1324.5278412036,265.7423881176304,482.30931088233325,-1629.5494971992,0.08744409480004833
PHER_red_246_cutoff_0.0.inp.out,257.9332251297225,-0.1055,0.1927,10.0302,0.0,-1324.7195473675,43.310066296659365,317.1207293522344,-1629.7624472026,0.10276427999997395
PHER_red_247_cutoff_0.0.inp.out,259.4871003624408,-0.1001,0.2104,8.9464,0.0,-1324.2287442680,77.13037296110699,228.8188756663277,-1629.2620876004,0.09639413479999348
PHER_red_248_cutoff_0.0.inp.out,260.0729460681699,-0.0857,0.2268,9.1223,0.0,-1324.5752158455,113.42466017673814,87.59016567722666,-1629.5925511332,0.08059474589981619
PHER_red_249_cutoff_0.0.inp.out,260.9047933529532,-0.0845,0.2145,8.8420,0.0,-1324.6009107441,17.844616995470577,66.9034022737056,-1629.6225122658,0.08187010819983698
PHER_red_24_cutoff_0.0.inp.out,257.99770061938636,-0.0693,0.2118,7.0974,0.0,-1324.6824938783,52.079082369522155,-16.11841125566732,-1629.6679186695,0.06912039200005893
PHER_red_250_cutoff_0.0.inp.out,259.3672712198806,-0.0926,0.2249,10.1186,0.0,-1324.4030009441,40.71969720467464,132.24109568467196,-1629.4377521936,0.08869834630013429
PHER_red_251_cutoff_0.0.inp.out,258.0353574791524,-0.1166,0.1873,10.2031,0.0,-1324.5559603748,0.5105113717575176,142.88787731535365,-1629.6058079304,0.11066406720010491
PHER_red_252_cutoff_0.0.inp.out,258.7354927256882,-0.0984,0.2005,9.0699,0.0,-1324.4182385224,180.10544933957328,407.1064510821248,-1629.4636760568,0.09847087390016895
PHER_red_253_cutoff_0.0.inp.out,255.1453550933423,-0.0891,0.2133,10.1550,0.0,-1324.2684685203,-17.355186936569897,109.24971229479827,-1629.2832001379,0.08644932659990445
PHER_red_254_cutoff_0.0.inp.out,255.57363546824698,-0.0896,0.2159,10.3735,0.0,-1324.1841018614,176.58066897809852,252.3128517501604,-1629.1990592746,0.08575173679992076
PHER_red_255_cutoff_0.0.inp.out,257.1673516221436,-0.0941,0.2118,9.1577,0.0,-1324.2055073677,146.70851778589173,174.55963222331138,-1629.2175550499,0.09017722129988215
PHER_red_256_cutoff_0.0.inp.out,259.0288237157272,-0.0900,0.2007,8.0989,0.0,-1324.5430580892,62.06133320659966,162.82464260387397,-1629.5616539643,0.08997364709989597
PHER_red_257_cutoff_0.0.inp.out,256.426146879746,-0.1180,0.1901,9.4770,0.0,-1324.3733090391,-71.28954785651122,-107.03867237240459,-1629.4018105013,0.1121505613998579
PHER_red_258_cutoff_0.0.inp.out,259.47186710261303,-0.0967,0.1893,8.3644,0.0,-1324.4527770163,34.34163314972339,41.52781219480101,-1629.4840630605,0.09419124510009169
PHER_red_259_cutoff_0.0.inp.out,261.46024082698887,-0.0969,0.1999,8.1623,0.0,-1325.0650683200,33.384136775794154,78.31349373270268,-1630.0846784558,0.09234606349991736
PHER_red_25_cutoff_0.0.inp.out,259.7092266853766,-0.0845,0.2278,9.7480,0.0,-1324.8167989194,261.9157512175008,393.5908724033739,-1629.8471428635,0.08278288579981563
PHER_red_260_cutoff_0.0.inp.out,259.50720426390865,-0.0816,0.2166,8.4899,0.0,-1324.4885869148,-204.92575597615195,-112.82890027482222,-1629.5088107167,0.0790962037999634
PHER_red_261_cutoff_0.0.inp.out,260.41274262702694,-0.1005,0.2166,8.4689,0.0,-1324.9878100408,-131.8099906976034,-91.42059012066778,-1630.0239046504,0.09581601490003777
PHER_red_262_cutoff_0.0.inp.out,257.8616676242923,-0.1042,0.1983,9.5808,0.0,-1324.3432257193,-188.91430474129726,-152.35862023868975,-1629.3843720342,0.09997543660006158
PHER_red_263_cutoff_0.0.inp.out,259.0597430440479,-0.0678,0.2345,8.1080,0.0,-1325.2754914641,17.551090948285452,-165.8810294234969,-1630.2743610685,0.0664084902000468
PHER_red_264_cutoff_0.0.inp.out,257.5019475908615,-0.0725,0.2285,8.6065,0.0,-1324.8329402011,-21.726420557479393,-124.71939370414256,-1629.8264496232,0.06863771400003316
PHER_red_265_cutoff_0.0.inp.out,259.9156632970178,-0.1082,0.2063,9.1838,0.0,-1325.1672902373,28.8559044683407,-20.04966732494769,-1630.2082684207,0.10429164009997294
PHER_red_266_cutoff_0.0.inp.out,260.2426333927426,-0.0874,0.2299,9.3670,0.0,-1325.0737972906,-29.602470664044855,-148.4927800526706,-1630.0846740451,0.08312514019985429
PHER_red_267_cutoff_0.0.inp.out,259.6265263804536,-0.0918,0.2143,8.1152,0.0,-1324.9575399183,14.958386304741836,-92.79784254608451,-1629.9776217004,0.09099484180001127
PHER_red_268_cutoff_0.0.inp.out,256.9413759820683,-0.0876,0.2101,9.0467,0.0,-1325.2539311874,-104.61827147696523,-142.4942084351268,-1630.2630669322,0.0830007225999907
PHER_red_269_cutoff_0.0.inp.out,256.9713285536521,-0.1113,0.2028,9.6143,0.0,-1324.6949662258,106.54107281686277,161.9659987489762,-1629.7331391106,0.10737710769990372
PHER_red_26_cutoff_0.0.inp.out,259.5447698266041,-0.0992,0.2148,10.1324,0.0,-1325.0080187019,121.51658144374221,185.74740519180725,-1630.0457295626,0.09569645469991883
PHER_red_270_cutoff_0.0.inp.out,257.20498068480276,-0.0765,0.2148,7.8713,0.0,-1325.0394416144,-104.5438973084496,6.090740769921417,-1630.0373667675,0.07548074450005515
PHER_red_271_cutoff_0.0.inp.out,256.630467559325,-0.1099,0.1924,9.4742,0.0,-1324.6755626862,147.9214114273704,150.01140335331732,-1629.719924224,0.10630305159997988
PHER_red_272_cutoff_0.0.inp.out,257.53512820644875,-0.1089,0.1930,9.2605,0.0,-1324.7238467340,-95.89339847677611,-268.70816454835864,-1629.7682241868,0.10480536520003625
PHER_red_273_cutoff_0.0.inp.out,256.61553590868544,-0.0922,0.2205,9.2801,0.0,-1325.0026533337,-4.912638235086872,-165.9656952347357,-1630.0292957493,0.08916968669996095
PHER_red_274_cutoff_0.0.inp.out,257.1269076492567,-0.0925,0.2107,8.4128,0.0,-1324.9834322959,111.53227123890106,82.45832068589174,-1630.005818379,0.09057432169993263
PHER_red_275_cutoff_0.0.inp.out,258.47922620793923,-0.1082,0.1991,9.3829,0.0,-1324.9408016527,-36.63745433758627,-69.59070792833107,-1629.9734084907,0.10187946459996056
PHER_red_276_cutoff_0.0.inp.out,259.4320426546485,-0.0649,0.2374,9.1339,0.0,-1324.9111145109,-48.69373442966867,-32.04191996952673,-1629.906791697,0.062278947600134416
PHER_red_277_cutoff_0.0.inp.out,255.62897827441597,-0.0983,0.2144,8.9424,0.0,-1324.8960335146,64.45248721682567,-59.638411876751825,-1629.9272080566,0.09522318659992379
PHER_red_278_cutoff_0.0.inp.out,257.0080008546905,-0.1066,0.2100,9.0161,0.0,-1324.6660595164,86.27136365480803,76.96055605115801,-1629.6980820689,0.10429844629993568
PHER_red_279_cutoff_0.0.inp.out,258.29474042809557,-0.0798,0.2123,9.0851,0.0,-1324.8241175945,20.11707756123214,-74.47581980000078,-1629.82421837,0.07620303459998468
PHER_red_27_cutoff_0.0.inp.out,256.9704687118008,-0.1029,0.2049,9.9515,0.0,-1325.2516394759,163.32229757487968,326.9548039270086,-1630.2813137337,0.1002637768999648
PHER_red_280_cutoff_0.0.inp.out,253.84631689494054,-0.0904,0.2104,8.8249,0.0,-1324.6476765687,-194.84538207944655,-154.5675940818492,-1629.6636018211,0.09016963639987807
PHER_red_281_cutoff_0.0.inp.out,255.79644911948807,-0.0877,0.2165,9.6425,0.0,-1324.9534621782,-63.99946482057518,-66.54356317190339,-1629.9648209126,0.08419815490015026
PHER_red_282_cutoff_0.0.inp.out,257.0528794635041,-0.1235,0.1946,9.5848,0.0,-1324.5600712129,-35.673537815268595,7.330781860120389,-1629.6065884407,0.11726566400011507
PHER_red_283_cutoff_0.0.inp.out,256.2786538320115,-0.0996,0.2030,8.5396,0.0,-1325.0524259740,-86.41767492420269,-150.70360247564375,-1630.0803718283,0.09770256289993995
PHER_red_284_cutoff_0.0.inp.out,258.90955918059564,-0.1003,0.2004,8.2436,0.0,-1324.9145748279,-97.20977393803201,-52.14867699549083,-1629.923422265,0.0950787162000779
PHER_red_285_cutoff_0.0.inp.out,259.2126784378385,-0.0911,0.2084,8.2011,0.0,-1324.7430614081,-210.0721636379308,-111.72744259176913,-1629.7651581187,0.08963706190002085
PHER_red_286_cutoff_0.0.inp.out,257.63292883463464,-0.1012,0.1879,8.6280,0.0,-1325.0683876408,-126.72170311625761,-81.71981225559948,-1630.0753540988,0.09342107420002321
PHER_red_287_cutoff_0.0.inp.out,261.64432010317364,-0.0954,0.2020,7.8727,0.0,-1324.4356469208,130.00704273160517,155.51985471918098,-1629.4635369934,0.09372631549990729
PHER_red_288_cutoff_0.0.inp.out,256.0276117512002,-0.0948,0.2195,9.4864,0.0,-1325.1208786287,513.1978950491234,678.9747381032552,-1630.1422281906,0.08925737350000418
PHER_red_289_cutoff_0.0.inp.out,257.0816134957603,-0.0872,0.1935,7.5052,0.0,-1324.3959174598,238.1222086970047,315.2807775461057,-1629.4126140711,0.0854568503000337
PHER_red_28_cutoff_0.0.inp.out,257.7547105284467,-0.1036,0.2132,9.0573,0.0,-1325.0855790905,85.5369184583566,243.71235798680573,-1630.1266654813,0.0993737303999751
PHER_red_290_cutoff_0.0.inp.out,259.0658024149978,-0.1143,0.2062,9.9552,0.0,-1325.0461377705,-34.76510444392957,73.40549716542444,-1630.1016731257,0.11159241690006638
PHER_red_291_cutoff_0.0.inp.out,258.008000941133,-0.1025,0.2142,9.9822,0.0,-1324.7683026039,33.59499388525238,84.80261784211982,-1629.8087855512,0.09870471449994511
PHER_red_292_cutoff_0.0.inp.out,257.3546423566022,-0.0929,0.2065,9.6706,0.0,-1324.9199786934,123.4733298602132,340.7941650322736,-1629.9449817906,0.09002996069989422
PHER_red_293_cutoff_0.0.inp.out,259.20469537028106,-0.0808,0.2311,10.0840,0.0,-1324.9438845702,300.2486754325856,476.99610610820355,-1629.9542268266,0.07733247990017844
PHER_red_294_cutoff_0.0.inp.out,256.5614793063686,-0.1038,0.1934,8.7195,0.0,-1324.6674516189,143.9507287303008,145.94062000941867,-1629.6884364864,0.10202007290013171
PHER_red_295_cutoff_0.0.inp.out,254.86820497437165,-0.0965,0.2098,9.8750,0.0,-1324.8480623157,-139.19456914051878,-65.69961237010091,-1629.8764524638,0.09414330300000984
PHER_red_296_cutoff_0.0.inp.out,257.1250892950885,-0.1061,0.1984,9.7396,0.0,-1324.6531708113,88.74782928663639,206.18249430687845,-1629.6989556218,0.10351249869995627
PHER_red_297_cutoff_0.0.inp.out,256.7176376250213,-0.0907,0.2049,9.1875,0.0,-1324.5721756974,277.10009063445096,486.2350630573428,-1629.5794220569,0.08740506579988505
PHER_red_298_cutoff_0.0.inp.out,256.45861203125276,-0.0829,0.2086,8.6209,0.0,-1324.6447351476,156.38465567830428,348.27170226902854,-1629.6581252728,0.08206961990003947
PHER_red_299_cutoff_0.0.inp.out,256.0027994847806,-0.0879,0.2142,9.6154,0.0,-1324.7343743921,-9.106564899769836,172.98452454897688,-1629.7487035235,0.08671636269991723
PHER_red_29_cutoff_0.0.inp.out,260.2512765435833,-0.0938,0.2162,9.5359,0.0,-1325.3221124600,217.03008290412876,461.53526431070816,-1630.3629687307,0.09260574800009636
PHER_red_2_cutoff_0.0.inp.out,263.05489878225814,-0.1013,0.2121,9.6875,0.0,-1324.2493355788,-38.350582379447985,-88.74314620436431,-1629.2981216607,0.09606851440003084
PHER_red_300_cutoff_0.0.inp.out,257.68813238412804,-0.0946,0.2108,9.1315,0.0,-1325.0047700028,201.93414556108038,237.8675403215289,-1630.0164541346,0.08765054850005072
PHER_red_301_cutoff_0.0.inp.out,258.2108274536572,-0.0963,0.2031,7.9563,0.0,-1324.7365951796,141.761484151108,273.48844787008824,-1629.7686716518,0.09570063419982944
PHER_red_302_cutoff_0.0.inp.out,256.5918594763266,-0.0921,0.2154,9.6852,0.0,-1324.7225462905,2.7247630493704733,67.85103105778718,-1629.7456809603,0.08977198999991742
PHER_red_303_cutoff_0.0.inp.out,256.7537552504186,-0.0854,0.2267,9.5608,0.0,-1325.1546268949,212.08854693090657,247.78747634600217,-1630.1782047713,0.08333635939993655
PHER_red_304_cutoff_0.0.inp.out,257.1114458907627,-0.1095,0.1984,9.1383,0.0,-1324.7523220436,121.39443962101717,116.22558211458522,-1629.7887815257,0.10373274560015489
PHER_red_305_cutoff_0.0.inp.out,257.89455513071897,-0.1066,0.1956,8.1739,0.0,-1324.8349952795,145.4268594232108,199.39801538354652,-1629.8743666893,0.10562267870000142
PHER_red_306_cutoff_0.0.inp.out,258.8451823260955,-0.1006,0.2118,9.6981,0.0,-1324.9746886833,100.41854529017144,112.8832919856047,-1630.0140991445,0.09658468240013462
PHER_red_307_cutoff_0.0.inp.out,258.7834605177571,-0.0875,0.2179,8.8168,0.0,-1325.2618343157,112.89733702540286,110.7039720183855,-1630.271483522,0.08318903810004485
PHER_red_308_cutoff_0.0.inp.out,258.2065746088077,-0.1055,0.1978,8.6805,0.0,-1324.8057718463,73.64650654736356,3.8017228543624073,-1629.8390387788,0.1029965742998229
PHER_red_309_cutoff_0.0.inp.out,259.0298034186,-0.1004,0.1942,8.9391,0.0,-1325.2640286811,-98.61046421355961,-145.19778889571413,-1630.2842785404,0.0929713774000902
PHER_red_30_cutoff_0.0.inp.out,258.30285817845134,-0.1072,0.2111,10.5239,0.0,-1325.1820963254,184.6800530984414,293.5207130628622,-1630.2297444472,0.10377521789996536
PHER_red_310_cutoff_0.0.inp.out,258.46487833392354,-0.0828,0.2105,8.1550,0.0,-1325.0511049481,-34.23771688339873,-70.56121745202277,-1630.0540814279,0.08096544339991851
PHER_red_311_cutoff_0.0.inp.out,256.8953020576808,-0.1003,0.2087,10.0761,0.0,-1324.9906424374,-93.81506624526138,-16.95995797070244,-1630.0246793556,0.0955741489999582
PHER_red_312_cutoff_0.0.inp.out,257.96333529730714,-0.0864,0.2123,8.8902,0.0,-1324.8751478795,-21.587309072153463,-133.5067192469531,-1629.9021432539,0.08507704940006988
PHER_red_313_cutoff_0.0.inp.out,257.1148899709425,-0.1096,0.2135,10.5713,0.0,-1324.8560492529,19.13007859567111,-45.137381264424604,-1629.9048647636,0.10613716660009231
PHER_red_314_cutoff_0.0.inp.out,256.3243077656737,-0.0939,0.2206,9.2788,0.0,-1324.9567970440,162.81003885901228,123.2423917013518,-1630.0028230095,0.09392636579991631
PHER_red_315_cutoff_0.0.inp.out,255.5086601742927,-0.1069,0.2108,10.1794,0.0,-1325.2762437466,94.18838043935894,56.08623453337431,-1630.3214046617,0.10319974219987671
PHER_red_316_cutoff_0.0.inp.out,257.9771978437068,-0.1124,0.1959,9.3751,0.0,-1324.8158259773,-69.30404288123881,29.544709260513848,-1629.8524579985,0.10681021760001386
PHER_red_317_cutoff_0.0.inp.out,257.3036840829393,-0.0921,0.1960,8.7895,0.0,-1325.0222553245,-74.61522550427722,-70.29625532232498,-1630.0519512795,0.09121503160008615
PHER_red_318_cutoff_0.0.inp.out,255.81001447410546,-0.0853,0.2105,8.9127,0.0,-1324.6221826221,-35.51320936407915,-175.64918888533882,-1629.6302977325,0.08193158409994794
PHER_red_319_cutoff_0.0.inp.out,257.2706333670786,-0.1005,0.1888,9.2786,0.0,-1325.2708329939,-29.114922973468143,-47.87490708513028,-1630.2934179902,0.09594741489991065
PHER_red_31_cutoff_0.0.inp.out,257.40375413340536,-0.1049,0.2066,9.2550,0.0,-1325.4402699445,-37.512138413908154,15.893622219470092,-1630.4879360298,0.10492932359989027
PHER_red_320_cutoff_0.0.inp.out,258.37222518810074,-0.1030,0.2037,9.7908,0.0,-1324.9762640129,50.990648804445314,-73.66602445572327,-1630.0148100326,0.09727476069997465
PHER_red_321_cutoff_0.0.inp.out,258.90914884131604,-0.0968,0.1792,8.2863,0.0,-1324.6930532429,-48.866675407218295,-191.93432379399957,-1629.7299409811,0.09674684300011904
PHER_red_322_cutoff_0.0.inp.out,258.9024667384432,-0.1111,0.2107,10.5358,0.0,-1324.8504984097,-116.53372661877488,-215.56943062759498,-1629.908278651,0.10604048020013579
PHER_red_323_cutoff_0.0.inp.out,259.418988456063,-0.1020,0.2034,9.2814,0.0,-1324.6360071033,-94.54985261414761,-67.59082711753854,-1629.6776806445,0.09827033300007315
PHER_red_324_cutoff_0.0.inp.out,259.30392210436196,-0.1038,0.2080,9.8673,0.0,-1325.1121925798,-84.06841424962738,-201.0936431137497,-1630.1458717061,0.09888570730004176
PHER_red_325_cutoff_0.0.inp.out,259.2949695815208,-0.0884,0.2041,8.7346,0.0,-1325.3012347439,159.43648360982777,293.99821646735643,-1630.3054013707,0.08548220329998912
PHER_red_326_cutoff_0.0.inp.out,258.6859500435711,-0.1128,0.2038,9.4645,0.0,-1324.5954087039,107.56166842522623,247.43325003275092,-1629.6511817326,0.11116803710001477
PHER_red_327_cutoff_0.0.inp.out,257.99361814366756,-0.1221,0.2049,9.7321,0.0,-1325.3373718551,297.75695770193374,478.37469113404626,-1630.3950022891,0.1188681308001378
PHER_red_328_cutoff_0.0.inp.out,259.40580309915924,-0.1011,0.2047,9.4475,0.0,-1325.2510477296,294.34137921783986,379.954532386715,-1630.2739693577,0.09614017640001293
PHER_red_329_cutoff_0.0.inp.out,257.447474863083,-0.1013,0.2071,8.5081,0.0,-1324.9519889913,643.7540847252894,929.536953818233,-1629.9818599281,0.09989252550008132
PHER_red_32_cutoff_0.0.inp.out,256.8077556796334,-0.1080,0.2151,10.7622,0.0,-1325.4921740437,-157.74242070140437,-222.27963679772006,-1630.5463305442,0.1060467580000477
PHER_red_330_cutoff_0.0.inp.out,258.76523357328375,-0.1042,0.1935,9.2431,0.0,-1324.8329413903,418.1949039899984,766.8772828633802,-1629.8724213805,0.10061076850001882
PHER_red_331_cutoff_0.0.inp.out,258.79164327919625,-0.1030,0.2060,9.4138,0.0,-1325.3552962981,273.3597178092669,466.66910688752773,-1630.3813870336,0.10020811569984289
PHER_red_332_cutoff_0.0.inp.out,255.26072097488796,-0.1208,0.1878,8.8821,0.0,-1324.7634069797,411.7049324270157,721.1585806036658,-1629.8063102075,0.11815629819989226
PHER_red_333_cutoff_0.0.inp.out,258.83597500447513,-0.0947,0.2002,9.2651,0.0,-1325.3346248943,128.30051168841104,202.36506002913012,-1630.3703576863,0.09362899569987349
PHER_red_334_cutoff_0.0.inp.out,258.71333875043393,-0.0899,0.2150,8.9635,0.0,-1325.0976639672,-44.0689058496168,7.1426578402751435,-1630.1079472125,0.08536130719994617
PHER_red_335_cutoff_0.0.inp.out,257.1526439348085,-0.1112,0.2089,9.8718,0.0,-1325.2055317711,-346.8677441906393,-480.7021878572014,-1630.2491922407,0.1082228104000933
PHER_red_336_cutoff_0.0.inp.out,258.2764666387552,-0.0842,0.2257,9.8045,0.0,-1324.7398428819,-136.78131159174325,-208.51169739433743,-1629.7565969448,0.08332890359997691
PHER_red_337_cutoff_0.0.inp.out,258.1516083978797,-0.0963,0.2196,10.7417,0.0,-1324.8500069406,-118.82201626779023,-329.07525304000427,-1629.8782957955,0.09239686060004715
PHER_red_338_cutoff_0.0.inp.out,257.09731956103434,-0.0974,0.2066,10.2065,0.0,-1324.7375994736,-277.9501517849369,-470.30412489956154,-1629.7797325946,0.09594085749995429
PHER_red_339_cutoff_0.0.inp.out,255.93862349278874,-0.1048,0.2047,10.0407,0.0,-1324.8010603530,-110.60145553130684,-333.8285225650095,-1629.8405664111,0.10362508069988507
PHER_red_33_cutoff_0.0.inp.out,259.23622236256915,-0.0958,0.2277,10.7565,0.0,-1324.9813684106,-57.4161700642778,-19.4712450990096,-1630.0342690112,0.09314206720000584
PHER_red_340_cutoff_0.0.inp.out,258.86901677150934,-0.1087,0.1907,8.4699,0.0,-1324.6709054120,-81.87249287008943,-222.95833307631122,-1629.7017140781,0.10677989350006101
PHER_red_341_cutoff_0.0.inp.out,258.64724324799937,-0.0983,0.1878,8.7795,0.0,-1324.9927945752,-131.81705872001146,-258.8470071833138,-1630.0203414516,0.09391343700008292
PHER_red_342_cutoff_0.0.inp.out,256.9903075541002,-0.0947,0.2162,9.7591,0.0,-1325.0515130772,-134.87077625378774,-297.62700995412314,-1630.0855386508,0.09339877330012314
PHER_red_343_cutoff_0.0.inp.out,256.23708163808146,-0.0916,0.2324,10.1842,0.0,-1325.1761948517,-120.67756901204925,-206.90011441975776,-1630.2140445824,0.08999266129990247
PHER_red_344_cutoff_0.0.inp.out,257.81339490850553,-0.1019,0.2135,10.5241,0.0,-1324.6494475876,-144.42602346318384,-217.65572578930005,-1629.6835770669,0.097487043899946
PHER_red_345_cutoff_0.0.inp.out,257.27609618326363,-0.0763,0.2303,10.0352,0.0,-1324.9394927699,-51.51976560865021,-60.55507428789218,-1629.955939394,0.07471243679992767
PHER_red_346_cutoff_0.0.inp.out,255.3962756391192,-0.0890,0.2092,9.6300,0.0,-1324.9264075750,10.852833760611288,6.978715712720155,-1629.9504550736,0.08792079509998985
PHER_red_347_cutoff_0.0.inp.out,258.2545092385365,-0.1038,0.2057,9.8706,0.0,-1324.8466473238,-110.44414290333334,-105.44756985058551,-1629.8815477178,0.10033576530008759
PHER_red_348_cutoff_0.0.inp.out,258.25904260081165,-0.1168,0.1875,8.7159,0.0,-1324.6580529999,-92.13468194631925,-96.30530770487852,-1629.7045247449,0.11354454349998377
PHER_red_349_cutoff_0.0.inp.out,257.65676501462207,-0.1178,0.1852,8.4055,0.0,-1324.8490120548,30.85375704119778,172.96511760762786,-1629.894862978,0.1154894455999056
PHER_red_34_cutoff_0.0.inp.out,258.10299588393616,-0.0980,0.2094,9.5726,0.0,-1325.5717575013,17.04900634367674,-5.871185081101958,-1630.6112195365,0.0953897022000092
PHER_red_350_cutoff_0.0.inp.out,261.40565170158743,-0.1069,0.2014,9.5364,0.0,-1324.4259329991,-39.981950982453064,237.08248509364412,-1629.4683423385,0.10183040629999596
PHER_red_351_cutoff_0.0.inp.out,262.2193878659219,-0.0912,0.2190,9.9447,0.0,-1324.6932757202,167.5955511676235,316.1988613090938,-1629.7128652686,0.08543512639994333
PHER_red_352_cutoff_0.0.inp.out,255.98001843992597,-0.1170,0.1830,8.9287,0.0,-1324.4524579291,68.78455316355365,197.1707037298024,-1629.4911240006,0.1128103918999841
PHER_red_353_cutoff_0.0.inp.out,255.18660626057078,-0.0906,0.2143,9.9544,0.0,-1324.8357192320,-135.79260627796106,-47.88465012917513,-1629.8635697828,0.08949529419987812
PHER_red_354_cutoff_0.0.inp.out,257.38474978436966,-0.1081,0.2116,10.2702,0.0,-1324.5948953348,-11.07238116541344,17.091731927797625,-1629.6313951788,0.10356866739994075
PHER_red_355_cutoff_0.0.inp.out,255.89421086376234,-0.0496,0.2498,8.4307,0.0,-1324.7188065399,193.10867411234565,322.2887180773903,-1629.6995914937,0.04837308110018057
PHER_red_356_cutoff_0.0.inp.out,256.7295232269772,-0.0711,0.2332,9.8059,0.0,-1324.9501422659,285.9737455984506,434.6174321947933,-1629.9509355134,0.06597082160010359
PHER_red_357_cutoff_0.0.inp.out,257.7447398265788,-0.0811,0.2155,10.0342,0.0,-1324.8711471126,310.57590356690457,495.6214677864127,-1629.9058574018,0.08212384319995181
PHER_red_358_cutoff_0.0.inp.out,256.95273418183456,-0.1111,0.2055,9.1845,0.0,-1324.7889229033,240.47746560597412,455.8471945605666,-1629.8200433633,0.10742671679986415
PHER_red_359_cutoff_0.0.inp.out,259.71823068716526,-0.0941,0.2145,10.0625,0.0,-1324.7752798592,121.75167820585722,302.2237183751238,-1629.813986224,0.09142512380003609
PHER_red_35_cutoff_0.0.inp.out,258.41395853352384,-0.0926,0.2041,9.2893,0.0,-1324.7053834119,37.93249912159908,44.0316371927202,-1629.7335249627,0.08948348710009668
PHER_red_360_cutoff_0.0.inp.out,258.9869107152479,-0.0870,0.2346,10.4909,0.0,-1325.0359099317,40.416416932222965,302.01500958485644,-1630.0830110732,0.08522981969986176
PHER_red_361_cutoff_0.0.inp.out,259.07447180262886,-0.1154,0.1835,9.4209,0.0,-1324.6325302703,104.75026448824121,335.9279574481348,-1629.6832168584,0.11143650320013876
PHER_red_362_cutoff_0.0.inp.out,258.79620812568083,-0.1031,0.2006,10.0748,0.0,-1324.7245493030,155.61238128873623,466.8798421857745,-1629.7827659573,0.1016918736002026
PHER_red_363_cutoff_0.0.inp.out,256.6490378376207,-0.1061,0.2128,10.0958,0.0,-1324.4907771275,231.92423533772129,316.79466772937525,-1629.5299456119,0.10158259690001614
PHER_red_364_cutoff_0.0.inp.out,259.12638080657837,-0.0995,0.2128,10.3467,0.0,-1324.6035029666,236.9920678319869,308.7711365345297,-1629.6591410807,0.09970308130004923
PHER_red_365_cutoff_0.0.inp.out,255.97637639988466,-0.1146,0.1990,9.8615,0.0,-1324.8704635345,32.59409469833675,142.0585189035538,-1629.923831735,0.11229273289995945
PHER_red_366_cutoff_0.0.inp.out,256.3414892472088,-0.1012,0.2063,9.5971,0.0,-1324.4518007686,-294.7424204181243,-432.1831310463612,-1629.4831214286,0.09831258470012472
PHER_red_367_cutoff_0.0.inp.out,258.69707425094794,-0.0846,0.2088,9.0109,0.0,-1324.7922478350,-60.39194454143116,-221.6033187667606,-1629.7978242786,0.08268448779995197
PHER_red_368_cutoff_0.0.inp.out,254.82640643692454,-0.0826,0.2146,8.6380,0.0,-1324.7563548937,-139.2346637271211,-189.84733385355048,-1629.7600136507,0.0813474628998847
PHER_red_369_cutoff_0.0.inp.out,257.49574846863646,-0.0842,0.2311,9.7908,0.0,-1324.6566423159,-176.5438682749348,-330.5996415376007,-1629.6868176093,0.08404161570001634
PHER_red_36_cutoff_0.0.inp.out,260.02361602620914,-0.0937,0.2064,9.3029,0.0,-1325.5901815266,-249.89177065348957,-394.0259665663666,-1630.6336233538,0.09055188699994687
PHER_red_370_cutoff_0.0.inp.out,258.70787898607267,-0.0889,0.2264,10.7546,0.0,-1325.3825601336,-13.244237310236999,-101.81309410329222,-1630.4046266878,0.08377929790003691
PHER_red_371_cutoff_0.0.inp.out,255.7412804417963,-0.0883,0.2111,9.0661,0.0,-1324.8999439200,80.35064690183195,31.706414900092508,-1629.9143163199,0.08888903120009672
PHER_red_372_cutoff_0.0.inp.out,259.8827089633505,-0.1095,0.1980,10.0207,0.0,-1325.1060014139,-240.7987891053059,-364.70230725741953,-1630.1476191393,0.10519348809998519
PHER_red_373_cutoff_0.0.inp.out,261.69631082925355,-0.1071,0.2065,8.7701,0.0,-1324.8402594411,-12.34675477971217,-215.88970152757108,-1629.8775353778,0.10333017680000012
PHER_red_374_cutoff_0.0.inp.out,254.86597280773643,-0.0958,0.2072,9.1138,0.0,-1325.0527682011,-35.7499600358007,-91.38147430716134,-1630.0482317921,0.0912633858999925
PHER_red_375_cutoff_0.0.inp.out,252.5365783930761,-0.0938,0.2127,9.6322,0.0,-1324.9755153488,-44.10123989263856,63.45000800365543,-1629.9891625173,0.08819686240008195
PHER_red_376_cutoff_0.0.inp.out,256.6901835355497,-0.0912,0.2175,9.3695,0.0,-1324.3775113173,-28.640914356505146,-118.97601140987932,-1629.4015353795,0.09011425890003011
PHER_red_377_cutoff_0.0.inp.out,255.8730410023884,-0.0966,0.1996,9.3087,0.0,-1324.8208157078,41.350298214976235,-48.39145893711422,-1629.8554707101,0.09522411660009311
PHER_red_378_cutoff_0.0.inp.out,255.33155839530428,-0.0904,0.2221,9.6938,0.0,-1324.8858004318,-69.98143281113224,-107.76952636461044,-1629.9051473322,0.08594832220001081
PHER_red_379_cutoff_0.0.inp.out,260.55647705125205,-0.0806,0.2153,8.8601,0.0,-1325.0733477223,-22.76098611025617,-88.87925721997182,-1630.0866046156,0.07846638330011046
PHER_red_37_cutoff_0.0.inp.out,257.9971059516558,-0.0983,0.1813,8.5656,0.0,-1324.7799497438,-251.7140071120302,-280.989124890625,-1629.8028642072,0.09487890840000546
PHER_red_380_cutoff_0.0.inp.out,257.5962288358817,-0.0977,0.2131,10.4371,0.0,-1324.8314788481,-135.03633126656376,-129.00211298186437,-1629.8795736175,0.09606579790010983
PHER_red_381_cutoff_0.0.inp.out,258.8460704040557,-0.0932,0.2328,10.3298,0.0,-1324.9820593003,-103.17402098205844,-121.54381933831887,-1630.0298837755,0.09018445940000674
PHER_red_382_cutoff_0.0.inp.out,260.59008393469924,-0.1069,0.2156,10.5547,0.0,-1324.7837155464,175.91730922525278,187.18663628279083,-1629.8310657174,0.10015544470002169
PHER_red_383_cutoff_0.0.inp.out,256.770052266719,-0.0803,0.2235,9.1023,0.0,-1324.9618553471,153.05780225266128,90.77673012095543,-1629.9817556718,0.08037552499990852
PHER_red_384_cutoff_0.0.inp.out,258.0584672751921,-0.1020,0.2180,10.1738,0.0,-1324.8457726667,69.44409831152049,62.66222230102473,-1629.8827825022,0.09787756769992484
PHER_red_385_cutoff_0.0.inp.out,257.8682022931125,-0.1013,0.2161,9.8221,0.0,-1324.8908593152,101.47555811495795,122.28667630112578,-1629.9238004524,0.09860060990013153
PHER_red_386_cutoff_0.0.inp.out,256.4389429107503,-0.1115,0.2072,10.4924,0.0,-1325.1162127326,186.35886155044565,136.66321632624587,-1630.1797795224,0.11011371669997061
PHER_red_387_cutoff_0.0.inp.out,258.44217883613163,-0.0917,0.2217,9.6034,0.0,-1324.6430148968,270.7761724302983,168.42652024447537,-1629.6655495621,0.0896292696997989
PHER_red_388_cutoff_0.0.inp.out,258.50548119127933,-0.0987,0.2019,9.5199,0.0,-1324.8238586360,132.56311424907412,189.3407322392979,-1629.8679406827,0.09655337120011609
PHER_red_389_cutoff_0.0.inp.out,257.16722004749505,-0.0976,0.2008,8.9082,0.0,-1324.8736411780,114.41805954111015,122.07063301693239,-1629.8884724662,0.09259120729984716
PHER_red_38_cutoff_0.0.inp.out,257.08451498172656,-0.0834,0.2016,8.1039,0.0,-1324.7870060446,-147.67029524849053,-163.19061964478905,-1629.8111068288,0.08354057710016605
PHER_red_390_cutoff_0.0.inp.out,260.8756077459674,-0.0698,0.2221,8.4894,0.0,-1324.9628228351,-48.45663842729699,-61.754962272539885,-1629.9593842622,0.06687741189989538
PHER_red_391_cutoff_0.0.inp.out,259.25689211313943,-0.1090,0.2075,9.4976,0.0,-1324.6279565600,66.74252479624886,-8.00483226106422,-1629.6602061451,0.10496960000000399
PHER_red_392_cutoff_0.0.inp.out,259.6335305922784,-0.0954,0.2203,9.8432,0.0,-1324.5931187486,16.543380995709935,50.676009841602834,-1629.6151969189,0.09160965670002952
PHER_red_393_cutoff_0.0.inp.out,259.0960967229261,-0.0959,0.2179,9.1609,0.0,-1324.9848389298,62.07579445067898,19.429485528314,-1630.0094860716,0.09283763059988814
PHER_red_394_cutoff_0.0.inp.out,257.04899914883566,-0.0921,0.2203,9.4377,0.0,-1324.6622714317,-164.81212274879073,-161.94548411236462,-1629.6848134654,0.08785601239992502
PHER_red_395_cutoff_0.0.inp.out,258.08847756337315,-0.0917,0.2117,8.6701,0.0,-1324.8924795103,-164.99231793257405,-239.97087058614625,-1629.9141491295,0.0904272106999997
PHER_red_396_cutoff_0.0.inp.out,256.6106471674712,-0.0800,0.2258,8.5368,0.0,-1325.0457532997,-291.47233357570036,-413.2957952701637,-1630.0501929234,0.07846662619999734
PHER_red_397_cutoff_0.0.inp.out,256.1464102957882,-0.0832,0.2168,8.3497,0.0,-1324.9720138725,-166.0335094824723,-205.08463008962536,-1629.9688247317,0.0818958690999807
PHER_red_398_cutoff_0.0.inp.out,257.68056606071116,-0.0934,0.2086,9.6049,0.0,-1325.0273608598,-225.79606811309054,-254.46841092956757,-1630.0379677413,0.08896449059989209
PHER_red_399_cutoff_0.0.inp.out,255.01146389914777,-0.0821,0.2207,9.4709,0.0,-1324.7824145201,-280.50464884633726,-378.66507700638044,-1629.7881773857,0.08002252310006952
PHER_red_39_cutoff_0.0.inp.out,257.5127192463948,-0.1077,0.1869,9.9376,0.0,-1325.0773133414,-36.18698833261304,-7.718014805847901,-1630.1122031804,0.10346185089997562
PHER_red_3_cutoff_0.0.inp.out,260.08812991382354,-0.0944,0.2169,9.5422,0.0,-1324.6845664110,66.07924153231774,20.440454530446083,-1629.6985556128,0.0883908219998375
PHER_red_400_cutoff_0.0.inp.out,256.88052866434606,-0.0916,0.2292,10.3567,0.0,-1324.9289440073,-67.15251820940112,-289.3056704157532,-1629.9580312057,0.08862030469981619
PHER_red_401_cutoff_0.0.inp.out,257.3073441787548,-0.1132,0.2006,9.8989,0.0,-1324.8206408258,-215.89586765393767,-246.43195300081425,-1629.8739100135,0.10771245850014566
PHER_red_402_cutoff_0.0.inp.out,257.43098281962426,-0.1084,0.2089,9.3257,0.0,-1325.1159433391,-157.30335202810917,-135.21934799443747,-1630.1482839197,0.10489784150013293
PHER_red_403_cutoff_0.0.inp.out,258.7847384015334,-0.1002,0.2106,9.1228,0.0,-1324.4162040983,107.39175199853281,337.1854326319996,-1629.4570402785,0.09975104369982546
PHER_red_404_cutoff_0.0.inp.out,256.6320240591806,-0.1100,0.2073,9.9801,0.0,-1324.8349772581,157.16668289548315,358.61520635300946,-1629.8613765567,0.10282578899978034
PHER_red_405_cutoff_0.0.inp.out,257.961440575911,-0.0922,0.2162,9.4591,0.0,-1324.5484409134,207.7562899190843,476.2738478160352,-1629.565754307,0.08783340219997626
PHER_red_406_cutoff_0.0.inp.out,258.3395357504201,-0.1092,0.1865,9.5570,0.0,-1324.9975392159,73.5515130864011,280.7289141328911,-1630.027082304,0.10578998740015777
PHER_red_407_cutoff_0.0.inp.out,257.8139418452105,-0.1003,0.2085,8.6726,0.0,-1324.7966564860,117.69431131611523,147.97768694208696,-1629.8208367323,0.09838916800003972
PHER_red_408_cutoff_0.0.inp.out,258.1789692347345,-0.1136,0.2030,10.2301,0.0,-1324.8316490592,116.87328385208197,104.83567021271787,-1629.8577390257,0.10355673739991289
PHER_red_409_cutoff_0.0.inp.out,257.11305454415117,-0.1189,0.2030,9.6049,0.0,-1325.0220691191,-25.859414324465277,-92.6263649352278,-1630.0824219099,0.11712133890000587
PHER_red_40_cutoff_0.0.inp.out,257.3517465934835,-0.0989,0.2095,9.8639,0.0,-1325.1777678691,-88.60756965500475,-96.51931804941353,-1630.21008949,0.09680192350015204
PHER_red_410_cutoff_0.0.inp.out,258.8108222768306,-0.0824,0.2281,9.1333,0.0,-1324.4712807604,-37.67524396667139,-167.61302971238482,-1629.479995236,0.08007227760003843
PHER_red_411_cutoff_0.0.inp.out,258.74381562222635,-0.1108,0.1997,10.1818,0.0,-1324.8884486706,-52.892641404865536,-160.75727136052632,-1629.9387161223,0.1075001921999501
PHER_red_412_cutoff_0.0.inp.out,256.8271629560021,-0.1162,0.1896,9.7156,0.0,-1324.8418740717,96.89167389591265,-25.150251523624274,-1629.8744877247,0.11151291779992789
PHER_red_413_cutoff_0.0.inp.out,256.9200961017237,-0.1052,0.2052,9.1190,0.0,-1324.6225550518,-80.9293933173706,-114.68574214816515,-1629.6472272658,0.10363804079997863
PHER_red_414_cutoff_0.0.inp.out,258.775860396288,-0.0973,0.1903,9.0103,0.0,-1324.7506072343,-6.179527057580277,-67.11355999936364,-1629.7689005554,0.09440139739990627
PHER_red_415_cutoff_0.0.inp.out,258.02029274408835,-0.1073,0.1814,8.0478,0.0,-1324.5897359320,72.41239753853208,7.2880858894939,-1629.5963351602,0.10523136100005104
PHER_red_416_cutoff_0.0.inp.out,258.5129183393037,-0.0978,0.1981,9.2439,0.0,-1324.9297370105,-173.3201740204067,-107.13243801254164,-1629.9451351129,0.09451534089998859
PHER_red_417_cutoff_0.0.inp.out,254.57488045434985,-0.1035,0.2060,9.1774,0.0,-1324.9913333711,-62.09855638526839,-11.3629376210606,-1629.9989676562,0.10042526640017968
PHER_red_418_cutoff_0.0.inp.out,258.10696559935826,-0.1133,0.2024,9.9743,0.0,-1324.9180630467,40.87503697025119,-1.0909084072383584,-1629.9574639877,0.10741775060000691
PHER_red_419_cutoff_0.0.inp.out,259.76787559403147,-0.0915,0.2062,8.6740,0.0,-1324.7444460093,-48.190302485182485,-46.164058212818134,-1629.759862445,0.09026927829995657
PHER_red_41_cutoff_0.0.inp.out,255.34054934884534,-0.1033,0.2116,10.1292,0.0,-1324.7927557339,-68.70454066093949,-179.52654293297053,-1629.8229835681,0.10236212850008997
PHER_red_420_cutoff_0.0.inp.out,256.49963517677094,-0.0912,0.2122,9.0266,0.0,-1325.0436452667,-65.27890498716684,-127.8281291051867,-1630.0392886821,0.08723322229980113
PHER_red_421_cutoff_0.0.inp.out,257.44575515368007,-0.0974,0.2208,9.3572,0.0,-1324.9260775172,-149.67796999772082,-186.78080162141174,-1629.9441250936,0.09368623820000721
PHER_red_422_cutoff_0.0.inp.out,256.8920671930252,-0.0797,0.2272,8.7177,0.0,-1324.7999145137,-111.86464138811385,-170.54230479563665,-1629.8062856717,0.07729812880006648
PHER_red_423_cutoff_0.0.inp.out,255.9402247194474,-0.0804,0.2187,9.8174,0.0,-1324.6802847990,-131.91277042110335,-183.9212288996164,-1629.6851766707,0.0775996003999353
PHER_red_424_cutoff_0.0.inp.out,257.63773595309857,-0.0891,0.2021,8.2469,0.0,-1325.2517528345,-73.34248971152537,-73.85101554596481,-1630.2553886622,0.08826064490017416
PHER_red_425_cutoff_0.0.inp.out,257.2470030402537,-0.0882,0.2181,9.7025,0.0,-1325.2556769912,-1.30985888815497,-36.508024947652125,-1630.2880561651,0.08578555309986768
PHER_red_426_cutoff_0.0.inp.out,259.1477154852123,-0.0954,0.2162,9.5594,0.0,-1324.9139327100,-33.30516366615927,-33.67625401078551,-1629.955592128,0.09201680920000399
PHER_red_427_cutoff_0.0.inp.out,258.94195219634264,-0.0998,0.1976,9.2991,0.0,-1325.0413696150,171.29394261433592,190.72609181976387,-1630.0824590704,0.09658490940000775
PHER_red_428_cutoff_0.0.inp.out,257.674810180186,-0.0911,0.2129,8.8772,0.0,-1324.7195538615,101.95152555275892,81.76851965423751,-1629.7379899547,0.08810316469998725
PHER_red_429_cutoff_0.0.inp.out,260.19646472675237,-0.1059,0.1914,9.2387,0.0,-1325.1806022908,61.633060793186836,228.75604528512545,-1630.2255224766,0.10336965479996252
PHER_red_42_cutoff_0.0.inp.out,258.4907809502532,-0.0992,0.2022,9.2080,0.0,-1325.1191743141,160.12041879904942,112.0836032301709,-1630.1353772109,0.09949841909997303
PHER_red_430_cutoff_0.0.inp.out,258.7047610163124,-0.0760,0.2149,8.4554,0.0,-1324.9259105655,213.32442145713904,372.09305027890105,-1629.9200698239,0.07067925529986496
PHER_red_431_cutoff_0.0.inp.out,258.1116369466787,-0.1149,0.2057,9.8209,0.0,-1324.8785376484,113.99138918135561,315.5120638620168,-1629.928949566,0.10967841499996211
PHER_red_432_cutoff_0.0.inp.out,256.7417089292304,-0.0793,0.2251,9.2145,0.0,-1324.8893348279,182.82926921237328,328.67930673352805,-1629.9020927182,0.07849186329985969
PHER_red_433_cutoff_0.0.inp.out,257.21173969294625,-0.0995,0.2012,8.8147,0.0,-1325.1227950479,156.62965653552166,314.84162621440026,-1630.1373849764,0.09620286250014942
PHER_red_434_cutoff_0.0.inp.out,257.8828291767562,-0.1033,0.2048,9.3169,0.0,-1325.1559078109,109.28999471057763,139.74667608501966,-1630.187428357,0.09999265989995365
PHER_red_435_cutoff_0.0.inp.out,255.45323493432278,-0.1139,0.1960,10.4113,0.0,-1325.2712141209,165.5865999958711,276.7468720904048,-1630.3197910897,0.11171489779985677
PHER_red_436_cutoff_0.0.inp.out,256.2248205919646,-0.1005,0.2200,10.1274,0.0,-1324.6437786518,136.69169469251182,139.8270025238074,-1629.6832429274,0.09789230000001226
PHER_red_437_cutoff_0.0.inp.out,259.6360393230706,-0.1239,0.1981,10.4370,0.0,-1325.3076620484,118.22770908650517,229.657729410766,-1630.3707109771,0.11914374089997182
PHER_red_438_cutoff_0.0.inp.out,257.6270017652146,-0.0987,0.2054,9.0515,0.0,-1325.1025578569,200.4549114891943,253.55600398075924,-1630.1363207436,0.09607662840016928
PHER_red_439_cutoff_0.0.inp.out,257.101280735774,-0.1041,0.2038,8.9027,0.0,-1324.8144960533,70.06043382877722,108.85623556012371,-1629.857737431,0.10197059920005813
PHER_red_43_cutoff_0.0.inp.out,254.8156717033979,-0.1105,0.1889,9.2905,0.0,-1324.5598232431,92.78007444063377,3.9139053678775118,-1629.598636654,0.1107139412001743
PHER_red_440_cutoff_0.0.inp.out,257.2079415785052,-0.0836,0.2258,10.6638,0.0,-1324.5194917307,31.23201199572479,63.941119696484805,-1629.5321878036,0.07825053029978335
PHER_red_441_cutoff_0.0.inp.out,255.00863115450468,-0.0807,0.2223,9.7480,0.0,-1324.8294347327,-0.23690277367131607,83.95165017680185,-1629.8479014729,0.07921117559999402
PHER_red_442_cutoff_0.0.inp.out,255.15708220464495,-0.0803,0.2234,9.2986,0.0,-1324.2953334824,-44.533915305753425,51.15079155803714,-1629.2983103355,0.0788533892000487
PHER_red_443_cutoff_0.0.inp.out,257.4534774124568,-0.0774,0.2201,9.0241,0.0,-1324.7921957258,-0.42111276836123057,-83.78093685922549,-1629.7919092936,0.07615283590007493
PHER_red_444_cutoff_0.0.inp.out,256.52274218500554,-0.0984,0.2192,9.3248,0.0,-1324.7103869765,-45.903374595477445,-126.65998173959002,-1629.7118518656,0.08936838690010518
PHER_red_445_cutoff_0.0.inp.out,260.0519158890039,-0.0916,0.2059,7.9270,0.0,-1324.5776044430,12.292409007638575,-134.30766889412507,-1629.6047363974,0.09117314960008116
PHER_red_446_cutoff_0.0.inp.out,260.0569963390112,-0.1069,0.2001,8.8150,0.0,-1324.8752752709,-86.80331110262212,-205.09161232322325,-1629.8952311577,0.10001951979984369
PHER_red_447_cutoff_0.0.inp.out,259.1627272060304,-0.1126,0.1911,8.0363,0.0,-1324.4517248528,40.460059276888025,83.32467721875229,-1629.4752095267,0.10902910120012166
PHER_red_448_cutoff_0.0.inp.out,258.19649587144636,-0.0911,0.2298,9.2946,0.0,-1325.0287562422,51.623788661979724,62.944975204952584,-1630.0489410497,0.08584271559993795
PHER_red_449_cutoff_0.0.inp.out,256.9355473011602,-0.1000,0.2024,9.3757,0.0,-1324.7694393776,303.6578893887472,330.14622139278214,-1629.8066111358,0.1003050309000173
PHER_red_44_cutoff_0.0.inp.out,256.14135790278596,-0.1112,0.2045,10.5066,0.0,-1324.9543958448,82.80022819570895,76.03440136983781,-1629.9966539592,0.10876226569985192
PHER_red_450_cutoff_0.0.inp.out,255.8852920563448,-0.1144,0.1904,10.1399,0.0,-1324.5737204103,378.3439340036778,618.300802091611,-1629.6259371295,0.11217777100000603
PHER_red_451_cutoff_0.0.inp.out,256.66724011936503,-0.0894,0.2064,9.3812,0.0,-1324.5547893216,161.45259112433038,312.2553831148474,-1629.565201055,0.08645264730012059
PHER_red_452_cutoff_0.0.inp.out,257.62976070907536,-0.1140,0.1707,8.4343,0.0,-1324.9207614677,-33.22524614831466,-113.4132961199936,-1629.9535370951,0.11223570860011023
PHER_red_453_cutoff_0.0.inp.out,255.7432117483234,-0.1070,0.1982,9.0906,0.0,-1324.8739542013,-175.19312350825365,-219.76448352391736,-1629.900536865,0.10244332529987332
PHER_red_454_cutoff_0.0.inp.out,259.14116595420364,-0.1168,0.1954,9.1331,0.0,-1324.8783218070,-3.0511851654033952,-95.85071468112658,-1629.9369118918,0.11424814539986983
PHER_red_455_cutoff_0.0.inp.out,259.31075151433265,-0.1057,0.2029,8.9819,0.0,-1324.6020459172,104.89259686224453,172.79761045628274,-1629.6343122253,0.10088636680006857
PHER_red_456_cutoff_0.0.inp.out,261.10811198966513,-0.1055,0.2028,8.7481,0.0,-1324.6869056982,289.4778163667647,337.6508762252522,-1629.7325242663,0.10260076270014906
PHER_red_457_cutoff_0.0.inp.out,257.75616400752165,-0.1063,0.1973,8.7445,0.0,-1324.7500811713,-66.40129873336735,-47.16880486834539,-1629.7693120947,0.1000585382000736
PHER_red_458_cutoff_0.0.inp.out,258.95507947639567,-0.0836,0.2238,9.8234,0.0,-1324.7119012440,64.14828455059974,16.794499272928203,-1629.7315238772,0.08267231449985957
PHER_red_459_cutoff_0.0.inp.out,256.9423609657934,-0.0751,0.2374,9.1972,0.0,-1325.1550728065,92.1118482474812,62.409503235380704,-1630.15603457,0.0714474317001077
PHER_red_45_cutoff_0.0.inp.out,259.58082584854196,-0.1116,0.1961,9.1438,0.0,-1324.8341132611,-11.81208083111407,4.21692862300843,-1629.886079219,0.11046782020002865
PHER_red_460_cutoff_0.0.inp.out,255.80964571239906,-0.0948,0.2089,9.1878,0.0,-1325.0999533799,119.23545034699336,246.77612918861,-1630.1289151232,0.09297570419994372
PHER_red_461_cutoff_0.0.inp.out,256.4585809890704,-0.0839,0.2154,8.7876,0.0,-1325.2486068365,77.18869882619857,208.0886607106391,-1630.2645441728,0.0831250303001525
PHER_red_462_cutoff_0.0.inp.out,255.32239226861853,-0.1206,0.2029,9.5428,0.0,-1324.4551304957,174.76232551315132,369.95138759016305,-1629.4986282262,0.1162108281998826
PHER_red_463_cutoff_0.0.inp.out,258.3275798564257,-0.0949,0.2068,8.9655,0.0,-1324.7735804879,151.74210416792482,225.72013167239655,-1629.7982475845,0.09188541660000737
PHER_red_464_cutoff_0.0.inp.out,258.0619743648223,-0.0959,0.2099,8.8033,0.0,-1324.6834239338,-56.488610832908854,3.3512790002109396,-1629.7051208264,0.09440858879997904
PHER_red_465_cutoff_0.0.inp.out,257.22659128977597,-0.0946,0.2171,9.2034,0.0,-1324.5318899940,188.23990082395153,486.4630591451675,-1629.5553909346,0.09214297580001585
PHER_red_466_cutoff_0.0.inp.out,259.3118185298201,-0.1004,0.1915,8.7792,0.0,-1324.7605676909,355.31656977977326,492.8886205635142,-1629.7750737237,0.09617357360002643
PHER_red_467_cutoff_0.0.inp.out,258.14929091895914,-0.1034,0.2079,9.0487,0.0,-1324.5206210638,-19.647339143533497,51.620818864504166,-1629.5491483432,0.10065616459996818
PHER_red_468_cutoff_0.0.inp.out,258.2486145112175,-0.0890,0.2132,8.7291,0.0,-1324.6264097012,-32.98555624071232,-89.99541485125326,-1629.6441114609,0.08718709469985697
PHER_red_469_cutoff_0.0.inp.out,255.8106039336602,-0.1105,0.2018,9.9840,0.0,-1324.8919451639,-246.9944264058116,-349.2045651528862,-1629.9443670589,0.1086027966000529
PHER_red_46_cutoff_0.0.inp.out,256.5067299783779,-0.1004,0.2256,10.9837,0.0,-1324.3844928080,-116.75377524505839,-265.70520017642264,-1629.4306731066,0.09821017529998244
PHER_red_470_cutoff_0.0.inp.out,253.43661456251937,-0.1089,0.2125,9.9766,0.0,-1324.6656081210,180.37541137810706,209.14243875095028,-1629.7162030488,0.10737912469994626
PHER_red_471_cutoff_0.0.inp.out,257.0323303876735,-0.0904,0.2008,10.9980,0.0,-1325.0233259283,51.76728291043477,222.65252072355437,-1630.0547828586,0.08914497399996435
PHER_red_472_cutoff_0.0.inp.out,257.02953603518085,-0.0846,0.2240,8.8443,0.0,-1324.5439942312,65.33846150473005,168.80982040560878,-1629.5700471522,0.08505439789996672
PHER_red_473_cutoff_0.0.inp.out,254.94893660287013,-0.0990,0.2166,10.2876,0.0,-1324.5375031831,29.86679250473535,-17.877175035285482,-1629.5685968307,0.09556438130016431
PHER_red_474_cutoff_0.0.inp.out,259.2822536393642,-0.1079,0.1900,10.1321,0.0,-1324.3454641439,172.33251936452686,227.70097610057272,-1629.3874513345,0.10384939799996573
PHER_red_475_cutoff_0.0.inp.out,257.813941595884,-0.0953,0.2224,9.7370,0.0,-1324.9833721721,-251.60268065236798,-164.5062629083388,-1629.9982321139,0.09093991960003223
PHER_red_476_cutoff_0.0.inp.out,255.76730513797014,-0.1049,0.2072,7.3380,0.0,-1325.1897339104,-40.49848937446377,-93.37089437035485,-1630.2106316173,0.10289685719999397
PHER_red_477_cutoff_0.0.inp.out,257.0735141943895,-0.1061,0.2124,8.3881,0.0,-1325.2578354791,-117.33001238368564,-187.91782771923377,-1630.283641751,0.1019978514000286
PHER_red_478_cutoff_0.0.inp.out,257.9559281231816,-0.0895,0.2067,7.8362,0.0,-1324.9657394255,-23.504723481186026,-139.63998101151992,-1629.9688331747,0.08638296610001817
PHER_red_479_cutoff_0.0.inp.out,255.94346905720258,-0.0892,0.2162,7.4975,0.0,-1324.8583808928,40.81909073777994,-128.1066260032138,-1629.861256095,0.0856751967000946
PHER_red_47_cutoff_0.0.inp.out,261.3264836320256,-0.0928,0.2143,8.4291,0.0,-1324.4202964561,-381.30013843037847,-778.720028764482,-1629.4456021614,0.09088699099993391
PHER_red_480_cutoff_0.0.inp.out,259.5433891764398,-0.0923,0.2108,8.1998,0.0,-1325.2247556323,-51.5987925713319,-92.18717598588013,-1630.2322777873,0.08752507060012249
PHER_red_481_cutoff_0.0.inp.out,257.99395112002816,-0.0793,0.2231,7.9146,0.0,-1324.9781713709,29.605821000381056,79.38470880770907,-1629.9846877278,0.07708206610004709
PHER_red_482_cutoff_0.0.inp.out,256.0716038226515,-0.0950,0.2121,9.3807,0.0,-1325.3113632316,-63.2322154230639,58.498653428542816,-1630.3217537974,0.08956548159994782
PHER_red_483_cutoff_0.0.inp.out,259.1929369832605,-0.0854,0.2045,8.6764,0.0,-1325.0280448386,39.937995887195406,83.08067462462822,-1630.0515585857,0.08375709070014636
PHER_red_484_cutoff_0.0.inp.out,257.07494213824054,-0.1039,0.2015,9.1917,0.0,-1324.7142064499,111.57351825419757,161.87124344152514,-1629.7429871774,0.09998329929999272
PHER_red_485_cutoff_0.0.inp.out,257.98917105243225,-0.0971,0.2143,9.0546,0.0,-1325.0237610472,238.80450360025725,292.94695298124077,-1630.0523722632,0.0935307772001579
PHER_red_486_cutoff_0.0.inp.out,258.57157741642646,-0.0990,0.2103,8.2888,0.0,-1324.9578343725,-32.152258343865405,-117.86480043769727,-1629.9806521251,0.09418956620015706
PHER_red_487_cutoff_0.0.inp.out,257.3869913526378,-0.0947,0.2234,8.9234,0.0,-1324.9161889063,-50.19753289040812,-155.46650251093257,-1629.9539051316,0.09047420519982552
PHER_red_488_cutoff_0.0.inp.out,258.7928936717705,-0.1177,0.1809,9.0242,0.0,-1324.9357237759,-65.30365950546498,-107.59699088279852,-1629.9902664574,0.11567605810000714
PHER_red_489_cutoff_0.0.inp.out,256.8355900861286,-0.1180,0.1961,9.0127,0.0,-1325.4914804510,-25.510647805779843,-45.56157310315848,-1630.5479396101,0.11569254389996786
PHER_red_48_cutoff_0.0.inp.out,260.30043647196754,-0.0970,0.2137,9.8394,0.0,-1324.6103631051,-172.47846701569856,-346.0817467496464,-1629.6308867481,0.09114757430006648
PHER_red_490_cutoff_0.0.inp.out,257.13522560902834,-0.0998,0.1984,9.2574,0.0,-1325.0633957743,68.87568552145991,123.46366225897681,-1630.0771850537,0.09407102410000334
PHER_red_491_cutoff_0.0.inp.out,256.64206166038326,-0.1166,0.1755,9.2482,0.0,-1325.1018548466,30.143655838527284,229.4023528431527,-1630.1508910618,0.11394411510013924
PHER_red_492_cutoff_0.0.inp.out,256.720385342473,-0.0943,0.1924,8.8256,0.0,-1325.0322814299,96.48696267726886,151.97693003587696,-1630.0617874733,0.09372221590001573
PHER_red_493_cutoff_0.0.inp.out,257.8706544337822,-0.0852,0.2281,9.7206,0.0,-1324.9971566661,256.83977589757745,316.5571471377229,-1630.022606659,0.08052834570003142
PHER_red_494_cutoff_0.0.inp.out,255.36301420283522,-0.1163,0.1997,8.8513,0.0,-1324.9513947750,32.76363360230129,150.0294893636426,-1629.996788079,0.11363612040008775
PHER_red_495_cutoff_0.0.inp.out,256.81331725427845,-0.1165,0.1890,9.0868,0.0,-1324.9416786328,248.73282988037113,469.6210731490679,-1629.9951979043,0.11390487669996219
PHER_red_496_cutoff_0.0.inp.out,258.53318423326033,-0.0995,0.2102,9.5700,0.0,-1324.9828170698,218.99065993572165,476.86693557707486,-1630.0260160986,0.09718308859987701
PHER_red_497_cutoff_0.0.inp.out,257.0095614624342,-0.1096,0.2023,9.1006,0.0,-1324.9409186680,244.73197562212775,409.811669393212,-1629.9964344991,0.10703269759983414
PHER_red_498_cutoff_0.0.inp.out,259.2801028828709,-0.0939,0.2135,8.9456,0.0,-1324.8362481847,251.20330624845028,337.91471353388465,-1629.8659232592,0.089753710299874
PHER_red_499_cutoff_0.0.inp.out,258.4829703242268,-0.1067,0.2144,9.9017,0.0,-1325.0222772678,208.43881295043383,293.46949278658144,-1630.0749400264,0.10371034199988571
PHER_red_49_cutoff_0.0.inp.out,257.6831987266407,-0.0925,0.2144,9.0475,0.0,-1325.0443588664,-90.78769740886453,-286.6744362074104,-1630.0603059411,0.08944081369986634
PHER_red_4_cutoff_0.0.inp.out,256.87154658852216,-0.0986,0.2193,9.0750,0.0,-1324.2869292220,-25.973904899765046,31.468825423173904,-1629.3189586699,0.09662987999990946
PHER_red_50_cutoff_0.0.inp.out,255.78820997783995,-0.0758,0.2281,8.0137,0.0,-1325.5699072742,-179.1069388668679,-165.26078227493218,-1630.5653811529,0.07469079990005412
PHER_red_51_cutoff_0.0.inp.out,258.8119160908743,-0.1049,0.1977,8.6403,0.0,-1325.8192830043,-55.36665929001177,-143.41531542308059,-1630.8590132438,0.10306568310011244
PHER_red_52_cutoff_0.0.inp.out,259.22668967565914,-0.1072,0.1844,9.0603,0.0,-1325.5674539694,-135.35776961656208,-336.5535891948959,-1630.6013008228,0.10401543689999926
PHER_red_53_cutoff_0.0.inp.out,255.77075170779923,-0.1051,0.1885,8.7901,0.0,-1325.4858683779,-91.68417740137924,-196.22470646170495,-1630.517805931,0.10388970099984363
PHER_red_54_cutoff_0.0.inp.out,259.7260988457219,-0.1040,0.1988,8.9090,0.0,-1325.5712090294,-79.00477885854373,-226.36236309929333,-1630.6130140396,0.10017583860008017
PHER_red_55_cutoff_0.0.inp.out,258.78050106069986,-0.0972,0.2033,9.2059,0.0,-1325.4406698924,-118.00498656554323,-231.51830888000543,-1630.4677376799,0.09337601919992267
PHER_red_56_cutoff_0.0.inp.out,257.1636252970159,-0.0762,0.2183,9.0379,0.0,-1325.4554029890,-70.06264007208958,-261.87491326299966,-1630.4635456524,0.07375321309996252
PHER_red_57_cutoff_0.0.inp.out,260.1857340282205,-0.0970,0.2093,8.6088,0.0,-1325.4660078932,32.72510600061133,-21.809972476218125,-1630.4983320135,0.09516705610008103
PHER_red_58_cutoff_0.0.inp.out,257.21128184688155,-0.1143,0.2045,9.3554,0.0,-1325.3754264247,-143.32454769510315,-174.287282553683,-1630.4110246615,0.10811834710011681
PHER_red_59_cutoff_0.0.inp.out,258.2835880688074,-0.0864,0.2194,8.7356,0.0,-1325.2774169072,-38.41819110731735,113.44596705170058,-1630.3008694988,0.08456652719996782
PHER_red_5_cutoff_0.0.inp.out,261.4955731084042,-0.1083,0.2090,9.9691,0.0,-1325.2070441838,67.22581287649147,84.22175324595703,-1630.2565049222,0.10451291070012303
PHER_red_60_cutoff_0.0.inp.out,257.1741293773739,-0.0841,0.2220,9.7151,0.0,-1325.2622932592,293.3742173895951,469.1023482915842,-1630.2830554317,0.08124402709995593
PHER_red_61_cutoff_0.0.inp.out,258.19986409029383,-0.0805,0.2215,10.0649,0.0,-1325.2349777597,327.1900187026398,429.36091746862786,-1630.2471054129,0.0784248504999141
PHER_red_62_cutoff_0.0.inp.out,257.9009568831755,-0.0931,0.2125,9.2244,0.0,-1324.9800264223,329.5649975556772,495.84575699066454,-1629.9934165436,0.08925928849998854
PHER_red_63_cutoff_0.0.inp.out,258.7815741186325,-0.1090,0.2035,9.8538,0.0,-1324.9014417578,64.92149629439592,246.9400982923052,-1629.9665093726,0.10731606290005402
PHER_red_64_cutoff_0.0.inp.out,259.0806230862062,-0.1146,0.2023,10.1443,0.0,-1325.1745534052,104.7221824990794,173.73783502761512,-1630.2273984839,0.10864733910011637
PHER_red_65_cutoff_0.0.inp.out,259.6774621505508,-0.1247,0.1922,9.6215,0.0,-1324.7922830772,97.2018097318982,135.69800031052202,-1629.8467568032,0.12019283070003439
PHER_red_66_cutoff_0.0.inp.out,258.0464188036194,-0.0975,0.2090,9.4606,0.0,-1325.1114942359,-60.91951019568437,-74.76444395141553,-1630.1581189277,0.09789895290009554
PHER_red_67_cutoff_0.0.inp.out,256.6207489903259,-0.0918,0.2122,10.2357,0.0,-1324.7686414189,76.56858095028163,-48.889425846341695,-1629.7955306717,0.0886056782999276
PHER_red_68_cutoff_0.0.inp.out,256.3161512500848,-0.0950,0.2075,10.6214,0.0,-1324.8703802055,31.650761318132027,-160.97704093311694,-1629.9000466342,0.09194003970014819
PHER_red_69_cutoff_0.0.inp.out,254.15957468122372,-0.1005,0.1967,8.6841,0.0,-1324.9675983173,-110.73862022457627,-325.25270120735223,-1629.9790664357,0.0967926178000198
PHER_red_6_cutoff_0.0.inp.out,257.27614171551846,-0.0958,0.2210,10.2298,0.0,-1324.4612489552,-35.426934480864816,12.583293257038768,-1629.5058149064,0.09344367560015598
PHER_red_70_cutoff_0.0.inp.out,257.12675136101717,-0.0708,0.2092,7.7459,0.0,-1324.7356597455,-66.52759157994537,-65.67618505788765,-1629.73528084,0.07118590849995599
PHER_red_71_cutoff_0.0.inp.out,257.01794314061954,-0.0878,0.2188,9.8928,0.0,-1325.0236014985,-43.68858259099041,-140.03300237633192,-1630.0381408934,0.08431401419989015
PHER_red_72_cutoff_0.0.inp.out,255.77479575176022,-0.0893,0.2047,8.7061,0.0,-1325.2369873437,-37.69547973398338,-43.02040504482237,-1630.2425112372,0.08584289009991153
PHER_red_73_cutoff_0.0.inp.out,258.87630228038734,-0.1077,0.1971,9.5419,0.0,-1325.1510406169,-244.30921799530472,-166.4120206955901,-1630.1958826133,0.10399695229989447
PHER_red_74_cutoff_0.0.inp.out,259.7492142313085,-0.0821,0.2276,9.0685,0.0,-1325.1984431470,-72.23835079053845,-93.95920535529507,-1630.2015279446,0.0784834667999803
PHER_red_75_cutoff_0.0.inp.out,256.67742489446954,-0.1027,0.2201,10.3455,0.0,-1325.0592510540,127.42625188112629,288.6597212598332,-1630.0939478092,0.09905698470015523
PHER_red_76_cutoff_0.0.inp.out,259.3792015852438,-0.0945,0.2160,10.5286,0.0,-1325.0553442975,11.338399309992948,39.2662714390732,-1630.0991481756,0.09267709740015562
PHER_red_77_cutoff_0.0.inp.out,259.5384439500378,-0.1009,0.2091,9.4990,0.0,-1324.9900094599,193.9362817459808,243.26610458103934,-1630.0338266739,0.09827239059995918
PHER_red_78_cutoff_0.0.inp.out,255.52432142051197,-0.1037,0.2052,9.7370,0.0,-1324.9720190195,-36.26392631250427,12.781383087427557,-1629.9980530148,0.10192547229985394
PHER_red_79_cutoff_0.0.inp.out,258.95013202117303,-0.0865,0.2212,9.7349,0.0,-1324.6434654149,167.8855237906821,398.859307517306,-1629.6618751633,0.08497232950003308
PHER_red_7_cutoff_0.0.inp.out,256.2948688343833,-0.0922,0.2038,9.1895,0.0,-1324.9916846032,-42.028744589979276,76.37386965020366,-1630.0218122022,0.09031529910021163
PHER_red_80_cutoff_0.0.inp.out,255.89185526391137,-0.1026,0.1914,10.7917,0.0,-1324.8118788532,110.27215873599465,237.84774051236812,-1629.8523937311,0.09860528339982011
PHER_red_81_cutoff_0.0.inp.out,255.46040091856725,-0.0990,0.2109,10.6318,0.0,-1324.8495228490,41.709865438295594,67.92169427561201,-1629.8891012604,0.09745829889993729
PHER_red_82_cutoff_0.0.inp.out,258.35212924877254,-0.0891,0.2158,10.1351,0.0,-1324.8532867517,52.654519702498284,136.96216214945858,-1629.8795779391,0.08689735450002445
PHER_red_83_cutoff_0.0.inp.out,257.3348168261897,-0.1077,0.2109,10.3086,0.0,-1324.8786254018,10.224087798523435,82.02446953587979,-1629.9297443323,0.10399646780001603
PHER_red_84_cutoff_0.0.inp.out,258.89791714213294,-0.0985,0.2063,9.7109,0.0,-1325.0073428726,53.3925787191657,-14.756817972733518,-1630.0470100094,0.096396117599852
PHER_red_85_cutoff_0.0.inp.out,258.75122249954455,-0.1340,0.1927,10.2109,0.0,-1325.3344393131,157.44909470216132,184.21597809952652,-1630.4006741453,0.12944094890008273
PHER_red_86_cutoff_0.0.inp.out,257.7636204903193,-0.1154,0.1818,9.0298,0.0,-1324.9978199760,105.2275800107716,120.53690246684945,-1630.0504991841,0.11516178719989512
PHER_red_87_cutoff_0.0.inp.out,258.5591511671277,-0.1178,0.1899,9.8577,0.0,-1324.8766717830,29.597821152780313,79.94341243880659,-1629.9153936848,0.11253345869999976
PHER_red_88_cutoff_0.0.inp.out,257.26098733509093,-0.0879,0.2100,9.8066,0.0,-1325.2811680488,15.955752807867064,-20.407737126804644,-1630.3176214854,0.08783788439995988
PHER_red_89_cutoff_0.0.inp.out,257.04644317294407,-0.0771,0.2223,10.3051,0.0,-1325.1474479744,115.9474800110678,38.487639592193965,-1630.1576670471,0.0753865424999276
PHER_red_8_cutoff_0.0.inp.out,256.20616486462853,-0.0952,0.2109,9.1979,0.0,-1324.4322160909,247.79618415429408,429.4617294927262,-1629.4689220105,0.09325607120013046
PHER_red_90_cutoff_0.0.inp.out,256.7151187036946,-0.1072,0.2031,10.7035,0.0,-1325.0872368364,136.09985122340396,140.04860099267017,-1630.1233885343,0.1038554216997909
PHER_red_91_cutoff_0.0.inp.out,256.42938047852675,-0.1018,0.2094,9.5973,0.0,-1324.9831297322,-34.9436657255529,-138.3185855687141,-1630.0266397035,0.1019486324000809
PHER_red_92_cutoff_0.0.inp.out,257.1776740396991,-0.0935,0.2174,10.5121,0.0,-1324.8251000082,52.65164099077548,-56.276999424518664,-1629.8432686394,0.08898986109988982
PHER_red_93_cutoff_0.0.inp.out,257.3620303348301,-0.0782,0.2239,8.5787,0.0,-1325.4168621890,-28.73768243795479,-156.9571512045442,-1630.4277184756,0.07926455769984386
PHER_red_94_cutoff_0.0.inp.out,255.21264608000027,-0.1095,0.2131,8.9774,0.0,-1324.8295981831,-201.03811681209842,-316.23366604077654,-1629.8555189565,0.1050229964000664
PHER_red_95_cutoff_0.0.inp.out,260.4790036767697,-0.0862,0.2073,9.5009,0.0,-1324.7057606717,-63.34575719820854,-33.22075029809333,-1629.721662159,0.08317679010019674
PHER_red_96_cutoff_0.0.inp.out,258.0105101383907,-0.1018,0.1905,8.4939,0.0,-1325.0810495335,94.76550703701318,2.325952479114144,-1630.102892145,0.10010642269980963
PHER_red_97_cutoff_0.0.inp.out,258.20668068121375,-0.0891,0.1978,8.2231,0.0,-1324.8971878996,-62.21192890402392,-210.17045489760318,-1629.9078370863,0.08777866010018442
PHER_red_98_cutoff_0.0.inp.out,259.01614577883964,-0.0984,0.2096,9.7710,0.0,-1325.0720116318,-124.69930714532386,-233.4813314035713,-1630.1046776168,0.09264876090014695
PHER_red_99_cutoff_0.0.inp.out,258.89555476232255,-0.0961,0.2049,8.2316,0.0,-1324.9056070245,-213.87479372953308,-286.5577996102366,-1629.9203964113,0.09273888529992291
PHER_red_9_cutoff_0.0.inp.out,254.95851075732332,-0.1056,0.2045,9.9965,0.0,-1324.5300210890,147.9766872921969,276.16276350809756,-1629.5597553415,0.102977901299937
