file_name,NRE,HOMO,LUMO,Dipole_mom,Num_waters,chg_chg,elec5,elec10,SCF_E,delE_dft
BENO_red_0_cutoff_0.0.inp.out,197.72484979357353,-0.1593,0.3255,0.1979,0.0,-1324.7776837902,-0.1415168018510858,-0.68676404019853,-1553.9518359818,0.1636251966001509
BENO_red_100_cutoff_0.0.inp.out,200.77572652877024,-0.1683,0.3126,0.3364,0.0,-1325.2664162926,-1.1160551652840698,-1.0017786535296378,-1554.4329390984,0.1766098026000691
BENO_red_101_cutoff_0.0.inp.out,199.9012287313004,-0.1508,0.3384,0.4321,0.0,-1325.3689181096,-0.0889792162525253,-1.4658657087273013,-1554.5308109588,0.1564578965999317
BENO_red_102_cutoff_0.0.inp.out,199.03712729691205,-0.1554,0.3334,0.4985,0.0,-1325.6406810741,0.0916603334758582,-0.2134413071450037,-1554.8015012532,0.1573725524003748
BENO_red_103_cutoff_0.0.inp.out,197.97615606600783,-0.1624,0.3194,0.1176,0.0,-1325.5516278811,-0.7797228219302466,0.4680621734442504,-1554.7143937299,0.1693733892998352
BENO_red_104_cutoff_0.0.inp.out,199.62289637001209,-0.162,0.317,0.5785,0.0,-1325.1550097375,-1.1929299384338403,-0.6489253796041345,-1554.3182792823,0.1764378644002135
BENO_red_105_cutoff_0.0.inp.out,201.2736851321774,-0.1581,0.3429,0.2634,0.0,-1325.5850374672,0.319975596714284,0.8197644200092139,-1554.7564609609,0.1708001320002949
BENO_red_106_cutoff_0.0.inp.out,203.1302776416184,-0.1791,0.3316,0.3776,0.0,-1325.2079148436,0.5565525282637782,0.5486710414992129,-1554.385163453,0.1743187177999061
BENO_red_107_cutoff_0.0.inp.out,202.72626258548183,-0.1637,0.3317,0.4936,0.0,-1325.0963351847,0.3309246366903793,2.5018228734917987,-1554.2604795828,0.1668954860997473
BENO_red_108_cutoff_0.0.inp.out,202.0352441915875,-0.1724,0.309,0.3458,0.0,-1325.0679822618,0.3561092067088878,0.0037241434807511,-1554.2147219874,0.1779150999000194
BENO_red_109_cutoff_0.0.inp.out,201.96171500970095,-0.1817,0.2962,0.2784,0.0,-1325.6018447909,-0.0901261236268754,-0.196397792767567,-1554.7597359328,0.1795057515000735
BENO_red_10_cutoff_0.0.inp.out,198.19669828650535,-0.1858,0.3047,0.7811,0.0,-1324.8812281328,-0.8400554762803129,0.8501227596279849,-1554.0422186716,0.1898977528999239
BENO_red_110_cutoff_0.0.inp.out,199.7178407801088,-0.1699,0.3116,0.3381,0.0,-1325.4897768074,0.3669784223127062,-0.1576974063615144,-1554.6426370602,0.1798394554998594
BENO_red_111_cutoff_0.0.inp.out,199.75737179834445,-0.1747,0.3203,0.227,0.0,-1325.1374795471,0.7796915656062858,0.7843108571061113,-1554.3069623786,0.1796825521996652
BENO_red_112_cutoff_0.0.inp.out,197.95562647897592,-0.1643,0.3205,0.411,0.0,-1325.5084800107,1.3681748315395712,1.7364714853193823,-1554.6554474288,0.1682297284005471
BENO_red_113_cutoff_0.0.inp.out,200.02071775572952,-0.1844,0.2946,0.5577,0.0,-1325.4590885288,0.4215949099572749,0.6707963543454926,-1554.6131743992,0.1838837570994655
BENO_red_114_cutoff_0.0.inp.out,197.87408067872957,-0.1713,0.3056,0.2807,0.0,-1325.6017720856,0.5078144275620808,0.4728658730459382,-1554.7604682808,0.1838735964001898
BENO_red_115_cutoff_0.0.inp.out,199.82866113836707,-0.1581,0.3132,0.4663,0.0,-1325.5442500589,0.1383585858510837,1.123412848439468,-1554.6886909527,0.1628030367000974
BENO_red_116_cutoff_0.0.inp.out,199.90938337557893,-0.1757,0.3149,0.247,0.0,-1325.611320409,0.3463729044839666,0.7274152951333187,-1554.7848638177,0.1729861106996395
BENO_red_117_cutoff_0.0.inp.out,201.54371324077204,-0.1564,0.3269,0.1558,0.0,-1325.3514161814,-1.4950951353518025,-0.9792204186420518,-1554.5123265887,0.1645619229002477
BENO_red_118_cutoff_0.0.inp.out,202.60138084985945,-0.1714,0.3172,0.2992,0.0,-1325.7268365767,0.7091086401636351,1.045897908946997,-1554.8966891857,0.1778398896003636
BENO_red_119_cutoff_0.0.inp.out,200.77419504274383,-0.1921,0.305,0.5598,0.0,-1325.5264710032,-1.380426237880822,-0.1997736207140579,-1554.7026261485,0.1984796275000917
BENO_red_11_cutoff_0.0.inp.out,198.5624789732741,-0.1528,0.3314,0.7786,0.0,-1325.2240296284,-5.665904066534404,-4.971050648780348,-1554.3754436706,0.1615071178002836
BENO_red_120_cutoff_0.0.inp.out,198.11440555207088,-0.175,0.3017,0.5399,0.0,-1325.0083238652,-1.174708238021302,-2.22635972083659,-1554.159905388,0.1821009798004524
BENO_red_121_cutoff_0.0.inp.out,198.59078031846377,-0.1621,0.318,0.1146,0.0,-1324.9349823195,-0.641617849331517,-0.1116665753812853,-1554.1060672798,0.1685964192001847
BENO_red_122_cutoff_0.0.inp.out,199.50422355014473,-0.1544,0.3207,0.3562,0.0,-1325.0584559449,-2.0699791758178865,-1.429660667067187,-1554.2115610069,0.168599575299595
BENO_red_123_cutoff_0.0.inp.out,199.4573389688069,-0.15,0.3407,0.6354,0.0,-1325.3146989156,-0.4847027454217255,0.1788026007956674,-1554.4786419942,0.1578342222001083
BENO_red_124_cutoff_0.0.inp.out,201.5543857950414,-0.1646,0.3282,0.5259,0.0,-1325.2265007235,0.1985667950359343,0.9503865802718128,-1554.3968995251,0.1636909935004951
BENO_red_125_cutoff_0.0.inp.out,201.55965062380105,-0.1669,0.343,0.3782,0.0,-1324.9265181027,-1.6161830461101565,-1.1466861535278088,-1554.0979860258,0.1685718837998138
BENO_red_126_cutoff_0.0.inp.out,202.4850169097265,-0.1559,0.3331,0.5461,0.0,-1325.2296812828,0.0647496500801141,0.1480925823939148,-1554.4004777564,0.1533538553003381
BENO_red_127_cutoff_0.0.inp.out,202.37863544759685,-0.1587,0.3396,0.1955,0.0,-1325.3600610021,-0.6626996548370969,-0.7467392465306343,-1554.5270633424,0.1641446860994619
BENO_red_128_cutoff_0.0.inp.out,200.9811810639548,-0.161,0.3249,0.2844,0.0,-1325.2981401439,-0.5775079613014069,-0.3898883656486333,-1554.465703426,0.1620827695996922
BENO_red_129_cutoff_0.0.inp.out,199.9349751561564,-0.1366,0.3304,0.6119,0.0,-1325.2272292818,-0.6085798105271019,-1.4181988331080717,-1554.3841414086,0.1449703984999359
BENO_red_12_cutoff_0.0.inp.out,200.02175850870444,-0.1659,0.319,0.7051,0.0,-1324.9549717741,-2.355295876988047,-0.9830347996831604,-1554.1135674764,0.1772255616997426
BENO_red_130_cutoff_0.0.inp.out,197.72484979357353,-0.1593,0.3255,0.1979,0.0,-1324.7777351237,-0.1413967516591668,-0.6866092221525167,-1553.9518873127,0.1636251217005337
BENO_red_131_cutoff_0.0.inp.out,199.60655384423265,-0.178,0.302,0.2862,0.0,-1324.825157183,-0.924223922905716,-0.9217017078399268,-1553.9923016933,0.1808503473002929
BENO_red_132_cutoff_0.0.inp.out,199.26003579767325,-0.155,0.3354,0.3103,0.0,-1324.915227189,-0.6642984362942819,-0.1150932126954786,-1554.0894950557,0.156679842700214
BENO_red_133_cutoff_0.0.inp.out,200.78480337054472,-0.161,0.3365,0.589,0.0,-1324.8580232794,-0.8531846631024256,-0.7285586001802827,-1554.0352187111,0.1633670242999869
BENO_red_134_cutoff_0.0.inp.out,200.54463059888224,-0.1778,0.3219,0.4186,0.0,-1325.3393630367,0.1970534788917483,0.4452721308590864,-1554.5221032533,0.1793075565001345
BENO_red_135_cutoff_0.0.inp.out,200.55219026029903,-0.1789,0.3224,0.4279,0.0,-1325.4613064881,-0.2234329686172014,-0.1717265511514399,-1554.6426512023,0.1826413791995946
BENO_red_136_cutoff_0.0.inp.out,201.3034611079466,-0.1676,0.3209,0.4347,0.0,-1325.0664015179,-0.5784901498629376,-0.64892639731672,-1554.244040727,0.1677280415997302
BENO_red_137_cutoff_0.0.inp.out,199.29373691262924,-0.1599,0.3355,0.3696,0.0,-1324.8970975147,-0.2587685463575752,-0.5302554729284334,-1554.0659471718,0.1677608127001804
BENO_red_138_cutoff_0.0.inp.out,199.6801930824089,-0.1409,0.3387,0.8111,0.0,-1325.0283097007,0.3684957679221113,1.9689887514650692,-1554.1969023441,0.1458835153998734
BENO_red_139_cutoff_0.0.inp.out,199.37946264600677,-0.1531,0.3341,0.7636,0.0,-1325.2466300092,-0.6823775746766438,0.2458850332118702,-1554.4021089243,0.1622080350998658
BENO_red_13_cutoff_0.0.inp.out,200.46228787808795,-0.182,0.3086,0.4275,0.0,-1324.8245377451,1.375358482618743,1.9518793507551155,-1553.9925883577,0.1830188037001789
BENO_red_140_cutoff_0.0.inp.out,199.3688137105328,-0.1643,0.3277,0.7983,0.0,-1324.9344171244,0.8857279218326523,1.4162227932651197,-1554.0903657942,0.1734634601007201
BENO_red_141_cutoff_0.0.inp.out,199.24395103821269,-0.1619,0.3218,0.1614,0.0,-1325.3499300222,0.8807307204657684,0.2874059301396351,-1554.5105783582,0.1721876193996649
BENO_red_142_cutoff_0.0.inp.out,198.1951756519454,-0.1596,0.3304,0.4002,0.0,-1325.4251275328,-0.6647638982408726,-1.2410129544195911,-1554.5830426487,0.1685108621004474
BENO_red_143_cutoff_0.0.inp.out,198.83520575700564,-0.1523,0.3237,0.5145,0.0,-1325.181599991,0.6219527362828499,0.6441884422070563,-1554.3417228754,0.1619975453995721
BENO_red_144_cutoff_0.0.inp.out,199.92093604498208,-0.1842,0.3106,0.2295,0.0,-1325.4341781279,0.2660843432223435,0.6606351342877846,-1554.6058871682,0.1806447367007422
BENO_red_145_cutoff_0.0.inp.out,200.5194435090532,-0.1953,0.2993,0.5183,0.0,-1324.7846516879,0.0926465389987955,-0.6515631572084921,-1553.9593931785,0.1920013674998699
BENO_red_146_cutoff_0.0.inp.out,201.0812588796491,-0.1804,0.3275,0.1421,0.0,-1325.5020827872,0.7322449280468556,1.0362841335330382,-1554.6768029798,0.1796598192004239
BENO_red_147_cutoff_0.0.inp.out,201.61000174374772,-0.177,0.3227,0.2973,0.0,-1325.5686989245,0.1053227197134016,1.234750801645401,-1554.7462614732,0.1753949218000343
BENO_red_148_cutoff_0.0.inp.out,201.99243780841425,-0.1678,0.3309,0.1523,0.0,-1325.0539433213,0.6542258093752331,0.9168841021814782,-1554.2209368537,0.1694552160006424
BENO_red_149_cutoff_0.0.inp.out,200.9444370511552,-0.1819,0.305,0.4412,0.0,-1325.3749424532,-0.1371203352322508,1.1490921624826638,-1554.5477322296,0.1813808926999627
BENO_red_14_cutoff_0.0.inp.out,201.46351967136897,-0.1927,0.3024,0.1008,0.0,-1324.9660969637,0.7890379119967763,1.3477409170585075,-1554.1379722215,0.190099478600132
BENO_red_150_cutoff_0.0.inp.out,200.23594484786207,-0.1735,0.3143,0.4625,0.0,-1325.3741997033,1.594650608760007,0.6109864430327501,-1554.5496324631,0.1778629672999159
BENO_red_151_cutoff_0.0.inp.out,201.0272601682421,-0.1735,0.3113,0.251,0.0,-1325.4823346892,0.2606412191654979,0.658659444730406,-1554.6501978105,0.1697477968991734
BENO_red_152_cutoff_0.0.inp.out,198.6756720456088,-0.1688,0.2992,0.3236,0.0,-1325.6681411213,0.3302917491304855,0.148571501953588,-1554.8201749504,0.1799928353002542
BENO_red_153_cutoff_0.0.inp.out,200.838801290578,-0.1454,0.3284,0.4076,0.0,-1325.6077926858,2.0446744667881003,1.770419976757572,-1554.7521554814,0.161924273799741
BENO_red_154_cutoff_0.0.inp.out,199.7872738404246,-0.1628,0.3117,0.284,0.0,-1325.4933697899,1.5361181708341092,0.0301678523793667,-1554.6518482697,0.1699922444995536
BENO_red_155_cutoff_0.0.inp.out,199.4613245107818,-0.1527,0.3302,0.431,0.0,-1325.2399142376,-0.6928408899393927,-2.540592092816323,-1554.4083429871,0.1631920126001205
BENO_red_156_cutoff_0.0.inp.out,200.2882612083185,-0.1469,0.3407,0.5233,0.0,-1325.4163693154,-2.130491637708929,-2.917055772378658,-1554.5785977217,0.1569145571993431
BENO_red_157_cutoff_0.0.inp.out,201.04453383745357,-0.1758,0.3283,0.4514,0.0,-1325.3875799744,-0.7123587488473759,-1.0185925717875288,-1554.5610460792,0.1762115544006519
BENO_red_158_cutoff_0.0.inp.out,201.4296440659244,-0.1766,0.3041,0.1272,0.0,-1325.1689695792,-1.0259527781721998,-0.8982411891614134,-1554.3277585603,0.1827999064007599
BENO_red_159_cutoff_0.0.inp.out,199.74715028275793,-0.1728,0.316,0.3265,0.0,-1325.6155558639,0.2599812655509586,0.857894062619186,-1554.7735442944,0.1816402075000951
BENO_red_15_cutoff_0.0.inp.out,201.51712745721733,-0.1544,0.3197,0.4294,0.0,-1324.7097974329,1.7322652198604882,1.302273457659271,-1553.8620043358,0.1609092732005592
BENO_red_160_cutoff_0.0.inp.out,198.6533794076091,-0.1349,0.3305,0.6,0.0,-1325.7479632908,-0.6666745423362995,0.3014066181686625,-1554.9026182142,0.1477859206006542
BENO_red_161_cutoff_0.0.inp.out,201.5450423514976,-0.1518,0.3307,0.1952,0.0,-1325.4366778112,0.1382371488696776,-0.2565383209335377,-1554.5920736937,0.1520328911001343
BENO_red_162_cutoff_0.0.inp.out,200.66241288649067,-0.1516,0.3434,0.3608,0.0,-1325.7476291808,-0.1564104581940695,-0.1044970018866432,-1554.9144673679,0.1586491286998352
BENO_red_163_cutoff_0.0.inp.out,199.83629725285925,-0.1764,0.3062,0.5475,0.0,-1324.9436730429,0.0877752807264555,0.4729990100789578,-1554.1048328657,0.1885518246999709
BENO_red_164_cutoff_0.0.inp.out,200.11035513025087,-0.157,0.3256,0.3263,0.0,-1325.1573820611,0.3480911293828712,0.6346811838576218,-1554.3116922377,0.1701547678003407
BENO_red_165_cutoff_0.0.inp.out,199.9186909157966,-0.1638,0.3084,0.4603,0.0,-1325.2205620204,-1.3025402494284992,-0.462599328644167,-1554.3645084931,0.1733225527004833
BENO_red_166_cutoff_0.0.inp.out,198.64473222257664,-0.1739,0.3151,0.446,0.0,-1325.1710863165,0.8780822557048763,2.120841153898485,-1554.3245288001,0.1821625176999077
BENO_red_167_cutoff_0.0.inp.out,199.99734666474384,-0.166,0.3084,0.232,0.0,-1325.3431892473,-0.2912651192661049,-1.0390826181069326,-1554.5108600159,0.1764593365996916
BENO_red_168_cutoff_0.0.inp.out,201.25781289306667,-0.1514,0.3231,0.7174,0.0,-1325.6012749825,-2.0453456667687235,-3.075800888681882,-1554.7615292631,0.1578193475997977
BENO_red_169_cutoff_0.0.inp.out,203.54840963376293,-0.196,0.3252,0.2766,0.0,-1325.2569690024,0.3279721565092314,0.1692407253201892,-1554.4394764215,0.1888078616002531
BENO_red_16_cutoff_0.0.inp.out,202.35131266829495,-0.1533,0.3344,0.6945,0.0,-1324.8720755816,-1.350043266720603,-2.0239042273142425,-1554.0290082937,0.160963252300462
BENO_red_170_cutoff_0.0.inp.out,202.38791646865087,-0.197,0.3104,0.5068,0.0,-1325.2866272889,-2.253594992050414,-2.2940832792203953,-1554.4584870141,0.1935796822999691
BENO_red_171_cutoff_0.0.inp.out,201.92924343020977,-0.1673,0.3309,0.775,0.0,-1325.6026723419,-0.9693277097950468,-1.666412265843349,-1554.770338582,0.17412205959954
BENO_red_172_cutoff_0.0.inp.out,198.28862361712228,-0.1708,0.2956,0.5773,0.0,-1325.3874195036,-0.5381930018990496,-0.6804962148125846,-1554.5460351051,0.1768089749002683
BENO_red_173_cutoff_0.0.inp.out,197.78068733281177,-0.1476,0.3175,0.5425,0.0,-1325.5064441054,-3.1020385503659917,-4.148473668739861,-1554.6638431104,0.1609724238005583
BENO_red_174_cutoff_0.0.inp.out,198.88223099732025,-0.1672,0.3173,0.4247,0.0,-1325.4918411148,-1.2215596541686329,-1.5553131371682591,-1554.6518300377,0.1716855692002354
BENO_red_175_cutoff_0.0.inp.out,200.2515030174234,-0.1786,0.3159,0.5568,0.0,-1325.318772406,-0.8924855908222017,-2.5419301623382524,-1554.4872428052,0.1857177925994619
BENO_red_176_cutoff_0.0.inp.out,201.18624090610672,-0.1484,0.3357,0.4143,0.0,-1325.7652909109,-1.136521198486343,-1.3087920394772268,-1554.9345601202,0.1548688136999771
BENO_red_177_cutoff_0.0.inp.out,202.6311692702401,-0.1767,0.3293,0.4029,0.0,-1325.812429485,-1.047900672158029,-1.2137541019033438,-1554.9957773621,0.1812186617007682
BENO_red_178_cutoff_0.0.inp.out,203.17410979901183,-0.1563,0.3457,0.3403,0.0,-1325.4120089034,1.362406093829397,0.1700484568996553,-1554.5855768889,0.1578285093992235
BENO_red_179_cutoff_0.0.inp.out,201.59229595770796,-0.2026,0.2856,0.2826,0.0,-1325.4318374712,-0.630050837423525,-1.612956747166139,-1554.6068642285,0.2021957605002171
BENO_red_17_cutoff_0.0.inp.out,201.2484504382203,-0.1695,0.3287,0.6813,0.0,-1325.0466419015,-3.1932171312550173,-3.31939146131722,-1554.2177172957,0.1693628205002824
BENO_red_180_cutoff_0.0.inp.out,197.72484979357353,-0.1593,0.3255,0.1979,0.0,-1324.7776381533,-0.1413974503239208,-0.6866082766994296,-1553.9517903431,0.163625256499472
BENO_red_181_cutoff_0.0.inp.out,199.489766768064,-0.1686,0.3051,0.191,0.0,-1324.8270131237,-1.158997675540182,-0.9896378691332036,-1553.9917422077,0.1743030732004626
BENO_red_182_cutoff_0.0.inp.out,199.60995816401729,-0.1412,0.3355,0.3446,0.0,-1324.9253641637,0.0223858152961789,-0.6736576921996131,-1554.0836044915,0.1479370275001201
BENO_red_183_cutoff_0.0.inp.out,199.4963321895708,-0.1664,0.3319,0.4246,0.0,-1325.0264921072,-1.502060625259217,-0.0970255410127187,-1554.1993318617,0.1609736323007382
BENO_red_184_cutoff_0.0.inp.out,199.54566667033805,-0.1649,0.3173,0.4352,0.0,-1324.6380031258,-0.0088354045790266,-0.6250712153638793,-1553.8081495451,0.1692926154000815
BENO_red_185_cutoff_0.0.inp.out,199.81322658169591,-0.159,0.3278,0.1923,0.0,-1324.9157472343,-0.1731684960110248,-0.1615668806077861,-1554.0794142734,0.1668099808994156
BENO_red_186_cutoff_0.0.inp.out,200.2579501482961,-0.1796,0.3138,0.4292,0.0,-1324.8384500861,0.0337627856809999,0.3411455051805636,-1554.0092218032,0.185876002000441
BENO_red_187_cutoff_0.0.inp.out,200.9093579086706,-0.1762,0.3187,0.58,0.0,-1325.1130827582,-0.3438158633244463,-0.4470827515165226,-1554.2903597159,0.183478879199356
BENO_red_188_cutoff_0.0.inp.out,201.8552044062039,-0.181,0.328,0.4287,0.0,-1324.7720649969,-0.0550097710945583,-0.2881323689461101,-1553.9524237093,0.1850778345997241
BENO_red_189_cutoff_0.0.inp.out,200.8672752709867,-0.1684,0.327,0.277,0.0,-1324.8383750373,0.6934140673027189,0.0247539973095176,-1554.015731359,0.1788274003001788
BENO_red_18_cutoff_0.0.inp.out,199.99103023329445,-0.1659,0.3182,0.4684,0.0,-1324.8533423611,-2.015318694469857,-2.4331846813843603,-1554.0120034846,0.1740258319996428
BENO_red_190_cutoff_0.0.inp.out,200.87789762908747,-0.1596,0.3234,0.5549,0.0,-1325.0234502906,0.7047265087645593,0.9159613397974165,-1554.1757667489,0.1646633734999341
BENO_red_191_cutoff_0.0.inp.out,199.3064165175186,-0.1722,0.3131,0.1469,0.0,-1325.0439134069,1.2006043994384723,0.2184708979646615,-1554.2105227836,0.184253059299408
BENO_red_192_cutoff_0.0.inp.out,199.0891994956772,-0.1733,0.3232,0.3533,0.0,-1325.1217844476,0.8676665186257969,-0.3348571417129253,-1554.2905372567,0.1829299512000943
BENO_red_193_cutoff_0.0.inp.out,199.20185674286736,-0.1852,0.2985,0.6714,0.0,-1325.0712453095,0.10613917552704,-0.1745992020189487,-1554.2384573211,0.1944062904995007
BENO_red_194_cutoff_0.0.inp.out,199.86378541945476,-0.1755,0.2982,0.7359,0.0,-1325.1092480326,-0.2377448422147049,-0.4164937441867897,-1554.2611893895,0.1794167137004478
BENO_red_195_cutoff_0.0.inp.out,200.90597481762404,-0.1886,0.3146,0.5596,0.0,-1324.6645038502,0.2051481091566051,-0.7560635221154082,-1553.8417375474,0.1962346930995409
BENO_red_196_cutoff_0.0.inp.out,200.35428339714937,-0.1802,0.3217,0.3244,0.0,-1325.0272408721,0.8406564887180261,1.2502867753418805,-1554.1981549737,0.1868070769996848
BENO_red_197_cutoff_0.0.inp.out,199.43381845553156,-0.18,0.3163,0.541,0.0,-1325.0944350822,-0.8189728021332685,-0.0722770465860028,-1554.2714195029,0.1825452025996128
BENO_red_198_cutoff_0.0.inp.out,201.00714147714655,-0.1817,0.3112,0.3326,0.0,-1324.7122123478,-1.5955912245061517,-0.234567858037935,-1553.8868514799,0.1867365961998075
BENO_red_199_cutoff_0.0.inp.out,201.52905076440777,-0.1483,0.3378,0.3991,0.0,-1325.1208801768,-0.618777797200164,-1.024581173353562,-1554.2883470691,0.1538598715997068
BENO_red_19_cutoff_0.0.inp.out,199.0632844194482,-0.1613,0.3274,0.7284,0.0,-1325.2199286978,-4.33927363995188,-3.9454445908071585,-1554.3847575247,0.1667894161000731
BENO_red_1_cutoff_0.0.inp.out,199.70614616230944,-0.169,0.3071,0.2636,0.0,-1324.8021351763,-0.9220090249635206,-1.0789868569999457,-1553.9650891939,0.1743365019992779
BENO_red_200_cutoff_0.0.inp.out,201.59099131617756,-0.1503,0.3299,0.5516,0.0,-1325.2232484939,-2.4255805751226425,-2.130877364777631,-1554.3886586494,0.1613764591002109
BENO_red_201_cutoff_0.0.inp.out,200.37907932011672,-0.172,0.3177,0.6912,0.0,-1324.7193316506,-1.9987793310987787,-1.8960169326837817,-1553.8886154714,0.1790544410005168
BENO_red_202_cutoff_0.0.inp.out,199.1518659302401,-0.1538,0.3323,0.2773,0.0,-1325.0290980826,1.0143579421218685,1.142999525071136,-1554.1902439972,0.1629024740996101
BENO_red_203_cutoff_0.0.inp.out,198.89138890837663,-0.161,0.3341,0.471,0.0,-1324.7839594585,2.180591652432296,2.0678467924599993,-1553.9499541807,0.1677927363998606
BENO_red_204_cutoff_0.0.inp.out,200.51792341038387,-0.171,0.3262,0.6504,0.0,-1325.0398848556,-1.1086127483719923,-0.3373795174289944,-1554.205626585,0.1741317432997675
BENO_red_205_cutoff_0.0.inp.out,199.81376400996996,-0.196,0.3001,0.3442,0.0,-1324.8861071308,0.788277727688529,2.560559135732825,-1554.0568354264,0.1959237380997365
BENO_red_206_cutoff_0.0.inp.out,200.52641453456505,-0.1776,0.302,0.3568,0.0,-1325.2639088257,-1.0828254163627065,-0.2269840454936048,-1554.4247789882,0.183579328900123
BENO_red_207_cutoff_0.0.inp.out,199.8486403119514,-0.1657,0.3213,0.2117,0.0,-1325.0067229191,-0.3106116227214213,-0.2919146638351581,-1554.1715360777,0.1678436417996636
BENO_red_208_cutoff_0.0.inp.out,199.53147737293384,-0.1559,0.3397,0.5957,0.0,-1325.0438701985,0.0007571528412544,0.9149009613040326,-1554.2221038648,0.16240541570005
BENO_red_209_cutoff_0.0.inp.out,200.20874945081923,-0.1563,0.3345,0.4079,0.0,-1325.36882293,1.8262298939975097,1.4142062333889935,-1554.5371810159,0.1560875203003888
BENO_red_20_cutoff_0.0.inp.out,197.72484979357353,-0.1593,0.3255,0.1979,0.0,-1324.7776986097,-0.1415169476575512,-0.6867637664223063,-1553.9518507993,0.1636249927005337
BENO_red_210_cutoff_0.0.inp.out,199.32498656077985,-0.1492,0.3452,0.479,0.0,-1325.0738900817,-0.365149606960075,-0.1144115204186741,-1554.2456150267,0.154595795399473
BENO_red_211_cutoff_0.0.inp.out,199.96274772658967,-0.1682,0.3257,0.3736,0.0,-1325.1718304789,0.8331847411368677,0.766132451765521,-1554.348431953,0.1696513809993121
BENO_red_212_cutoff_0.0.inp.out,200.7149197833151,-0.177,0.3062,0.4488,0.0,-1325.3097036324,-0.6166818896679566,0.2900360761160107,-1554.4736613424,0.1806508354993639
BENO_red_213_cutoff_0.0.inp.out,201.21872415035176,-0.1709,0.3141,0.5442,0.0,-1325.1961947743,0.1521537225750404,0.271535501323617,-1554.3667575781,0.1800404896002874
BENO_red_214_cutoff_0.0.inp.out,200.19267773684135,-0.169,0.3272,0.5896,0.0,-1325.2836520887,0.7492997234077422,0.9303053218435028,-1554.4525843839,0.1770468636996156
BENO_red_215_cutoff_0.0.inp.out,200.26478660176568,-0.1889,0.2991,0.435,0.0,-1324.996853832,-0.8073218153249367,-0.9418606197639152,-1554.167689545,0.1952789402994312
BENO_red_216_cutoff_0.0.inp.out,200.66483629465935,-0.1839,0.3111,0.1823,0.0,-1325.1197454402,-0.412245188844094,-0.6928937260488588,-1554.289587828,0.1828448086998833
BENO_red_217_cutoff_0.0.inp.out,199.64215566628195,-0.196,0.3023,0.4748,0.0,-1325.2471255115,0.7285290236209526,0.838875422468031,-1554.4130744697,0.1975597769005617
BENO_red_218_cutoff_0.0.inp.out,200.01236791370167,-0.1883,0.309,0.2834,0.0,-1325.1410324161,-0.5928343449183923,-0.5029116668368773,-1554.3165120823,0.1909336527996856
BENO_red_219_cutoff_0.0.inp.out,200.89555404415336,-0.1778,0.322,0.1595,0.0,-1325.0689216565,-0.7761826894288395,0.5208183105393643,-1554.2430119871,0.1830433768000148
BENO_red_21_cutoff_0.0.inp.out,199.1449169170883,-0.1691,0.3052,0.2311,0.0,-1324.7969738286,-0.9151039168613628,-0.9647489610463308,-1553.9573433385,0.1756036745991878
BENO_red_220_cutoff_0.0.inp.out,202.80847867176033,-0.2028,0.2974,0.3293,0.0,-1325.1535995964,-0.2313663827986677,0.4459277122174959,-1554.3269993732,0.2034677092005949
BENO_red_221_cutoff_0.0.inp.out,201.341586086561,-0.2015,0.3008,0.3983,0.0,-1325.133767166,-0.6152009720486251,0.3135123151308491,-1554.3118569718,0.199552433300596
BENO_red_222_cutoff_0.0.inp.out,200.1345056546478,-0.1671,0.328,0.7185,0.0,-1324.9036198698,0.5105983586820035,0.7493696690975956,-1554.0644288347,0.1758934909003073
BENO_red_223_cutoff_0.0.inp.out,198.84081124718932,-0.1823,0.3059,0.564,0.0,-1325.1760157246,-1.00621363351366,-0.4913163007509771,-1554.3395991774,0.1888004648999413
BENO_red_224_cutoff_0.0.inp.out,197.576902312688,-0.1707,0.299,0.446,0.0,-1325.0701227605,0.9423321001367132,1.0050406039952178,-1554.2170346437,0.1818051333002586
BENO_red_225_cutoff_0.0.inp.out,198.89522081586097,-0.193,0.3021,0.6651,0.0,-1324.9845400111,-2.4155675520948203,-1.1956741188473383,-1554.1485245191,0.1975115935001667
BENO_red_226_cutoff_0.0.inp.out,200.49141198105625,-0.1715,0.3186,0.3667,0.0,-1325.1580516912,-0.019993296952787,-0.3694783474864497,-1554.3263546306,0.1777526662999662
BENO_red_227_cutoff_0.0.inp.out,201.11257092706975,-0.1685,0.3278,0.25,0.0,-1325.4483946487,-0.6990296298535903,-0.1324457268358305,-1554.6234960483,0.1753264843000579
BENO_red_228_cutoff_0.0.inp.out,201.44896915242157,-0.1924,0.3012,0.42,0.0,-1325.383397319,-1.950191479662254,-2.22743436569715,-1554.551905128,0.1982134824993409
BENO_red_229_cutoff_0.0.inp.out,201.90760768271903,-0.1775,0.3086,0.3567,0.0,-1325.2848663213,-0.0324380315974723,-0.0826067350569083,-1554.4347104128,0.1844798585998432
BENO_red_22_cutoff_0.0.inp.out,199.46706273495175,-0.1661,0.3222,0.3877,0.0,-1324.677439984,0.1355945975814588,-0.6752261512136241,-1553.8433660036,0.1700667397999495
BENO_red_230_cutoff_0.0.inp.out,198.01214094487733,-0.1626,0.3016,0.9567,0.0,-1325.0679777361,-0.9243153691835604,-1.2032106445811808,-1554.2205758915,0.1791530387999955
BENO_red_231_cutoff_0.0.inp.out,197.2526828103672,-0.1545,0.3252,0.3742,0.0,-1325.2457545561,0.7824927376068378,0.8676329571764023,-1554.4041877928,0.1658107475996075
BENO_red_232_cutoff_0.0.inp.out,197.78244751764836,-0.1417,0.3239,0.5791,0.0,-1324.8391610163,-0.1987516979429386,-0.2047593575913716,-1553.9861050584,0.1509149038001851
BENO_red_233_cutoff_0.0.inp.out,197.71544403834136,-0.1641,0.3009,0.6741,0.0,-1325.0302369699,-3.38276269781343,-3.528829352931176,-1554.1856492168,0.1760040489998573
BENO_red_234_cutoff_0.0.inp.out,197.10523347370483,-0.1785,0.2922,0.7676,0.0,-1325.0912363008,-1.3631580233153329,-1.5515538325069365,-1554.2498605324,0.1965030353003385
BENO_red_235_cutoff_0.0.inp.out,201.06494830032003,-0.151,0.3181,0.4114,0.0,-1325.0394438619,0.4559227602242568,1.5322444766198262,-1554.1931315372,0.1558997304991862
BENO_red_236_cutoff_0.0.inp.out,198.72318343457664,-0.145,0.3531,0.2928,0.0,-1325.2635168248,-0.7123293774150461,-1.5422553477046166,-1554.4323128274,0.1591624559996489
BENO_red_237_cutoff_0.0.inp.out,200.64890812877968,-0.1725,0.3299,0.1561,0.0,-1325.1219994292,-0.373689160096467,-1.5451887046277584,-1554.2957629437,0.1723298316001091
BENO_red_238_cutoff_0.0.inp.out,200.68229240571023,-0.1753,0.3138,0.1178,0.0,-1325.013898191,-1.880626441080195,-1.4430375277535663,-1554.1893977403,0.1810103232000983
BENO_red_239_cutoff_0.0.inp.out,200.32354258408503,-0.176,0.3201,0.4826,0.0,-1325.3707411402,-0.3693135167497683,1.3582256697495918,-1554.5439109961,0.1828814119999151
BENO_red_23_cutoff_0.0.inp.out,200.9824358488872,-0.1668,0.3205,0.258,0.0,-1325.1968302784,-0.6825727556609593,-0.5549835895797001,-1554.3720091173,0.1710468341998421
BENO_red_240_cutoff_0.0.inp.out,197.72484979357353,-0.1593,0.3255,0.1979,0.0,-1324.7777506034,-0.1413956280239134,-0.686607298953495,-1553.9519027885,0.1636250229003053
BENO_red_241_cutoff_0.0.inp.out,199.3159002916736,-0.1645,0.3071,0.2233,0.0,-1324.830511097,-0.9167583321728195,-0.8655575390246568,-1553.9906788849,0.1715929826004867
BENO_red_242_cutoff_0.0.inp.out,200.0644706777753,-0.1533,0.3375,0.4675,0.0,-1324.8207753026,-0.1236984292245832,-0.9088170415009796,-1553.9878205256,0.1572855842005083
BENO_red_243_cutoff_0.0.inp.out,201.18329011850176,-0.1757,0.3167,0.3914,0.0,-1325.161170334,-2.4233496006914232,-0.8652016284791451,-1554.337721681,0.1752978520007673
BENO_red_244_cutoff_0.0.inp.out,202.82378473547823,-0.1639,0.3458,0.2996,0.0,-1324.9907594133,-1.31597071977227,-1.1211840636810992,-1554.1734883942,0.1634679905000666
BENO_red_245_cutoff_0.0.inp.out,202.3003001794664,-0.1794,0.3236,0.4314,0.0,-1324.8252283388,0.033513923559984,0.2199070753113498,-1554.0082148693,0.1738270167006703
BENO_red_246_cutoff_0.0.inp.out,203.56665192123376,-0.1762,0.3335,0.239,0.0,-1324.9156587611,-1.2545992984399557,-0.0876631171752382,-1554.0971420608,0.1720214779998059
BENO_red_247_cutoff_0.0.inp.out,202.16090563107804,-0.1999,0.3127,0.4758,0.0,-1324.6511640402,-1.6716159616546593,-1.4896278464695245,-1553.8322276908,0.1860032260001389
BENO_red_248_cutoff_0.0.inp.out,200.76619893024943,-0.1611,0.3301,0.742,0.0,-1325.2698591298,-1.6184948363677416,-1.4052767982521277,-1554.4392922812,0.16039700049987
BENO_red_249_cutoff_0.0.inp.out,200.7160735369652,-0.1596,0.3421,0.2401,0.0,-1325.079948177,0.2233536393582041,0.1047625151949181,-1554.2502388422,0.1586949980001009
BENO_red_24_cutoff_0.0.inp.out,201.1797374330262,-0.1808,0.3228,0.2271,0.0,-1325.4959148158,-2.7993976502985296,-1.474145503406189,-1554.6773718699,0.1789323762995991
BENO_red_250_cutoff_0.0.inp.out,200.63416429266243,-0.1729,0.3258,0.5686,0.0,-1325.3630013562,0.0267697774373478,-1.392212695319601,-1554.5414446335,0.1740879014996608
BENO_red_251_cutoff_0.0.inp.out,199.3646262346016,-0.1736,0.3145,0.2461,0.0,-1325.077078693,0.0430072190595645,-0.1413616154316272,-1554.2458659366,0.17627487270056
BENO_red_252_cutoff_0.0.inp.out,199.71473140341084,-0.1761,0.3064,0.6172,0.0,-1325.4100794994,-0.6407495042468572,-0.4792483746673299,-1554.5807325761,0.1779531240999858
BENO_red_253_cutoff_0.0.inp.out,200.29626673728103,-0.1681,0.3215,0.7952,0.0,-1325.5177567069,-3.473672721011408,-2.701827419372231,-1554.6840680449,0.1754491373003475
BENO_red_254_cutoff_0.0.inp.out,201.1744939829667,-0.1993,0.2781,0.3282,0.0,-1325.6175321135,-0.8785505922093619,-0.5907201486569857,-1554.7880207216,0.1965960692004955
BENO_red_255_cutoff_0.0.inp.out,200.6060863852596,-0.1655,0.3152,0.1498,0.0,-1325.5221235385,0.2110460413490138,-0.2418249973263233,-1554.6877512939,0.1686528782001914
BENO_red_256_cutoff_0.0.inp.out,199.17778508076495,-0.1615,0.3196,0.6056,0.0,-1325.3546423148,0.284706046027685,0.438510777523823,-1554.5273705317,0.1715546129998983
BENO_red_257_cutoff_0.0.inp.out,200.43133235960929,-0.1756,0.316,0.2422,0.0,-1325.8429702032,-1.296152339016848,-1.0373962867300452,-1555.0175045772,0.1835486068002865
BENO_red_258_cutoff_0.0.inp.out,201.95858727645992,-0.1856,0.3243,0.3866,0.0,-1325.576690165,-0.9722827271194836,-0.7475965108052186,-1554.7506604485,0.1896645160995831
BENO_red_259_cutoff_0.0.inp.out,202.05638991212615,-0.1675,0.3258,0.4718,0.0,-1325.51020168,1.1320773582906525,0.8266111141582377,-1554.6779048677,0.1717929208998612
BENO_red_25_cutoff_0.0.inp.out,202.33877589497487,-0.185,0.3201,0.1862,0.0,-1325.2111567034,0.5114245080873486,0.2039979778725658,-1554.3928938816,0.1813541755000187
BENO_red_260_cutoff_0.0.inp.out,199.3323925736087,-0.1794,0.3145,0.369,0.0,-1325.7535331212,0.0524001613353437,0.1224295281720865,-1554.9248758169,0.1831296596001266
BENO_red_261_cutoff_0.0.inp.out,199.8417372021276,-0.1642,0.3035,0.3179,0.0,-1325.8214969617,0.6124852572128855,0.3224439671971832,-1554.9747806254,0.168394485400313
BENO_red_262_cutoff_0.0.inp.out,198.14260092109672,-0.1658,0.3264,0.4703,0.0,-1325.7569338442,1.2208201659341296,2.2348373661366994,-1554.9298782787,0.1789675218997217
BENO_red_263_cutoff_0.0.inp.out,200.50815841340167,-0.1686,0.3009,0.654,0.0,-1325.5114601801,0.3944668196201478,2.7396320775956036,-1554.6672477465,0.1708476709000024
BENO_red_264_cutoff_0.0.inp.out,201.5149986126075,-0.1699,0.3188,0.6411,0.0,-1325.1507528747,0.0955580841645228,2.8345947234716578,-1554.3206714414,0.1775092384004892
BENO_red_265_cutoff_0.0.inp.out,200.88419639492497,-0.167,0.319,0.5519,0.0,-1325.1169986328,-0.1246550930289294,1.3060930991216948,-1554.2945024127,0.1760698195002987
BENO_red_266_cutoff_0.0.inp.out,200.33753646314395,-0.1692,0.3282,0.491,0.0,-1325.0292559911,0.0986100392854702,-0.2660307175268079,-1554.2102077592,0.1734108579994426
BENO_red_267_cutoff_0.0.inp.out,200.29690537919532,-0.1962,0.3049,0.6219,0.0,-1325.6384358587,-1.2872501952234303,-1.2906251771726311,-1554.8112447418,0.2014664428998003
BENO_red_268_cutoff_0.0.inp.out,202.1191551537444,-0.1737,0.3139,0.3859,0.0,-1325.2832276831,1.0427737108998427,1.172662024333929,-1554.4529142134,0.1810210902003746
BENO_red_269_cutoff_0.0.inp.out,201.1072663725726,-0.1527,0.3345,0.5914,0.0,-1325.6000456305,2.0636953786838523,1.730919422241311,-1554.7658781392,0.161771309800315
BENO_red_26_cutoff_0.0.inp.out,201.86296050598256,-0.1729,0.3201,0.2357,0.0,-1324.900745942,-0.9308198296351036,-0.6150210618266038,-1554.0762666583,0.1742267955996794
BENO_red_270_cutoff_0.0.inp.out,201.5723248279599,-0.1498,0.3531,0.4288,0.0,-1325.1445147631,1.0443594847871085,1.0890994512917973,-1554.322888078,0.1495833647004474
BENO_red_271_cutoff_0.0.inp.out,200.75154059902408,-0.1646,0.3286,0.2272,0.0,-1325.0660960934,1.4930104347078432,1.3052594793642214,-1554.2408938457,0.166156313999636
BENO_red_272_cutoff_0.0.inp.out,200.5651663774904,-0.1684,0.3268,0.6707,0.0,-1325.3758765642,0.3518560403108246,-0.1592483012546289,-1554.546346226,0.1757111766000889
BENO_red_273_cutoff_0.0.inp.out,200.24051701952536,-0.1564,0.3371,0.2989,0.0,-1325.4325964361,1.1113244962710689,1.1502977592615098,-1554.6072628586,0.1612827503004155
BENO_red_274_cutoff_0.0.inp.out,199.2520159989489,-0.1756,0.3119,0.4698,0.0,-1325.1192465532,0.4385636849426463,0.4281643285714172,-1554.2897797755,0.178816949600332
BENO_red_275_cutoff_0.0.inp.out,200.1200160841053,-0.1589,0.3221,0.157,0.0,-1325.1388627042,0.3853003196876897,0.700619098784544,-1554.3038240137,0.1654805525004121
BENO_red_276_cutoff_0.0.inp.out,200.2418497728425,-0.1912,0.3125,0.234,0.0,-1325.3385515819,1.3394486490990047,1.173568733442094,-1554.5170905252,0.1889391852000699
BENO_red_277_cutoff_0.0.inp.out,203.22773117469495,-0.1852,0.3137,0.4505,0.0,-1325.0834304025,-0.7540713389881669,0.1708298118063556,-1554.2486268324,0.1830663045002438
BENO_red_278_cutoff_0.0.inp.out,202.75339603483764,-0.1545,0.3465,0.558,0.0,-1324.8671291559,1.028226853598066,1.9109698870441412,-1554.0364359588,0.1514870332002829
BENO_red_279_cutoff_0.0.inp.out,200.8302882337889,-0.1791,0.3128,0.1688,0.0,-1325.2644750911,-0.5186452710248561,-0.4300762805700409,-1554.4261618818,0.1792150719002165
BENO_red_27_cutoff_0.0.inp.out,201.9064516012531,-0.1776,0.3331,0.1763,0.0,-1325.0742347518,0.411064621321237,0.7782203441256335,-1554.2528432427,0.1728463019999253
BENO_red_280_cutoff_0.0.inp.out,198.52458499232543,-0.1687,0.3091,0.4218,0.0,-1325.1913350277,-0.35898260299076,1.139980724414685,-1554.3556598503,0.1857036629999129
BENO_red_281_cutoff_0.0.inp.out,198.3359261592578,-0.1821,0.2943,0.2437,0.0,-1325.0242307853,-0.2884789685161323,-0.160013352009907,-1554.1910653056,0.1854289600996708
BENO_red_282_cutoff_0.0.inp.out,200.07751053269257,-0.1784,0.305,0.1709,0.0,-1324.9649453278,-0.4562434828782626,-0.0614485715074577,-1554.1298219778,0.1846587293994162
BENO_red_283_cutoff_0.0.inp.out,201.02355122569412,-0.1509,0.3414,0.1268,0.0,-1324.9335371729,0.0426170763704864,-0.5507010027576984,-1554.100346901,0.1571192964001966
BENO_red_284_cutoff_0.0.inp.out,200.71003367001532,-0.1895,0.3143,0.609,0.0,-1325.3554972451,-0.5599242439175802,0.3746220617480905,-1554.5307403095,0.1913031748008506
BENO_red_285_cutoff_0.0.inp.out,201.32776251614484,-0.1645,0.3288,0.614,0.0,-1325.3886288539,-0.2675110685505601,0.5326474443744071,-1554.5623114116,0.1701244582000072
BENO_red_286_cutoff_0.0.inp.out,201.5865876090306,-0.1852,0.3105,0.2892,0.0,-1325.1175457122,-0.4853791117706246,-0.2621244999107049,-1554.2968700176,0.1870965149000767
BENO_red_287_cutoff_0.0.inp.out,202.0259230566065,-0.1541,0.3433,0.4328,0.0,-1325.4027656011,-0.3588228704527145,-0.405233924294258,-1554.5804404859,0.1578016418998231
BENO_red_288_cutoff_0.0.inp.out,201.55484825801335,-0.1767,0.3169,0.2608,0.0,-1325.2285612302,-0.6182034576377609,-1.3860788609294932,-1554.4044341305,0.1856451082003332
BENO_red_289_cutoff_0.0.inp.out,202.11060481536924,-0.1655,0.3217,0.4434,0.0,-1324.8245805228,-1.4816225304966422,-1.3701780287251712,-1553.9944898973,0.1755696643995179
BENO_red_28_cutoff_0.0.inp.out,201.77699042916893,-0.1826,0.317,0.4053,0.0,-1324.9526473992,-1.9430450039226692,-1.6729201262086038,-1554.1213192971,0.1790927666997959
BENO_red_290_cutoff_0.0.inp.out,197.72484979357353,-0.1593,0.3255,0.1979,0.0,-1324.7776853897,-0.1415166902439082,-0.6867670595827408,-1553.9518375806,0.1636250888004724
BENO_red_291_cutoff_0.0.inp.out,199.2445156323458,-0.1652,0.306,0.1707,0.0,-1324.7708342818,-0.974863493652312,-0.8235120623116043,-1553.9314114508,0.1718047766999006
BENO_red_292_cutoff_0.0.inp.out,200.61280792323524,-0.1534,0.3346,0.411,0.0,-1324.822788604,0.3851233647100054,-0.8506000870953846,-1553.9940548046,0.1564697485000579
BENO_red_293_cutoff_0.0.inp.out,201.6760327928992,-0.1462,0.3435,0.4136,0.0,-1324.8587428211,-1.2816250769499562,-0.8439261038364948,-1554.0279321679,0.1493306177999329
BENO_red_294_cutoff_0.0.inp.out,200.9520458464619,-0.1763,0.3258,0.2129,0.0,-1325.2368605638,-0.3003293857571594,-0.8575991760792145,-1554.4050445114,0.1802489096999124
BENO_red_295_cutoff_0.0.inp.out,203.00252427187428,-0.1583,0.3357,0.8055,0.0,-1324.9039770463,-1.966469823790884,-3.369217196236441,-1554.071787457,0.167641836799703
BENO_red_296_cutoff_0.0.inp.out,202.57963151752384,-0.1627,0.328,0.5156,0.0,-1324.8529238298,-0.9741053175445656,-1.5496327106291297,-1554.0268164127,0.1685422120999646
BENO_red_297_cutoff_0.0.inp.out,202.01048691219205,-0.1663,0.3302,0.4673,0.0,-1324.8981533742,-0.3091831776080083,-1.6134854957613225,-1554.0722562622,0.1648462866996851
BENO_red_298_cutoff_0.0.inp.out,200.67028317698777,-0.1739,0.326,0.4923,0.0,-1324.898967977,-0.0814621629875226,-0.2941558159042921,-1554.0742002185,0.1777618074002021
BENO_red_299_cutoff_0.0.inp.out,199.72045700669688,-0.1562,0.3248,0.7355,0.0,-1324.953629852,-2.3133556330485887,-3.822760171109972,-1554.1112653655,0.1638987306996568
BENO_red_29_cutoff_0.0.inp.out,200.9822770951486,-0.158,0.3276,0.5214,0.0,-1325.0090965044,-0.0308686102161194,-0.2690474994072811,-1554.1803161717,0.1607790318003026
BENO_red_2_cutoff_0.0.inp.out,200.89946306081575,-0.1535,0.3321,0.4264,0.0,-1324.7274048345,-0.1360072220686256,-1.5701714724522555,-1553.8911503802,0.156201596199935
BENO_red_300_cutoff_0.0.inp.out,200.7504035340907,-0.1781,0.3147,0.2781,0.0,-1325.2532458822,0.3200739723524164,-0.9256046908698494,-1554.425997339,0.1805059199996321
BENO_red_301_cutoff_0.0.inp.out,200.46814391301328,-0.1657,0.3275,0.3943,0.0,-1325.1673015165,-0.1539424299358057,0.0587374029837138,-1554.3402967324,0.1688407746996745
BENO_red_302_cutoff_0.0.inp.out,200.41312869789024,-0.1512,0.3333,0.5797,0.0,-1325.0397367639,-0.8918441601867257,-0.7848716680457362,-1554.210829693,0.1563151452000966
BENO_red_303_cutoff_0.0.inp.out,198.68901276969623,-0.193,0.3027,0.3258,0.0,-1325.2681815878,-0.899225129497461,-0.5028698968618213,-1554.4423587183,0.1944902305003779
BENO_red_304_cutoff_0.0.inp.out,198.0110742576691,-0.1764,0.3137,0.3338,0.0,-1325.2889987294,0.2925084061422266,1.5673546962996745,-1554.456800271,0.175905439100461
BENO_red_305_cutoff_0.0.inp.out,198.7694501183318,-0.1499,0.3195,0.4357,0.0,-1325.023441042,0.028260486224204,-0.0686662182561635,-1554.1753351483,0.160146579600223
BENO_red_306_cutoff_0.0.inp.out,198.9863104555405,-0.1381,0.3336,0.4215,0.0,-1325.2784265291,-1.6421243483781096,-1.4684406123584062,-1554.4323909148,0.1511454387991762
BENO_red_307_cutoff_0.0.inp.out,199.71010968861395,-0.158,0.3052,0.412,0.0,-1325.0366525651,0.2732556212835432,0.2572669739582975,-1554.1889582642,0.1648997717002203
BENO_red_308_cutoff_0.0.inp.out,202.0411103580055,-0.1755,0.3301,0.2378,0.0,-1325.5487344908,-0.3609059861037054,0.074155061018717,-1554.7186675911,0.1779814096998961
BENO_red_309_cutoff_0.0.inp.out,203.26138226699436,-0.1693,0.3362,0.4894,0.0,-1325.1068823544,-0.4556714289795993,0.0253736784717296,-1554.2927361742,0.1701088745003289
BENO_red_30_cutoff_0.0.inp.out,200.5492927680702,-0.1335,0.3456,0.6115,0.0,-1325.4451094011,0.7397299030277806,-0.9545007793484948,-1554.617821793,0.1465603501001169
BENO_red_310_cutoff_0.0.inp.out,203.0905954283482,-0.1585,0.331,0.1373,0.0,-1325.0526794971,0.7336722407992475,0.158963362253368,-1554.2200843272,0.1674645107996184
BENO_red_311_cutoff_0.0.inp.out,202.7548515562956,-0.1715,0.3291,0.4952,0.0,-1324.7588947172,2.9192074544986157,3.323062723948996,-1553.9382739155,0.1711122836004506
BENO_red_312_cutoff_0.0.inp.out,198.38258258293527,-0.1747,0.3158,0.887,0.0,-1324.8983094578,3.29251651884598,7.237928320264296,-1554.0681292958,0.1830972108000423
BENO_red_313_cutoff_0.0.inp.out,200.0745468271598,-0.1507,0.3234,0.9097,0.0,-1325.024503487,-1.553267216786147,-0.044556487302163,-1554.1765089964,0.1622061733996815
BENO_red_314_cutoff_0.0.inp.out,199.20237720095065,-0.1594,0.3242,0.3333,0.0,-1325.3929519431,1.5613003105106704,1.5067005524320003,-1554.5472646923,0.169481050399554
BENO_red_315_cutoff_0.0.inp.out,198.72238809575452,-0.1723,0.3103,0.2044,0.0,-1324.7924896457,0.393436672185087,0.1636876160113308,-1553.9451707462,0.1772359934002452
BENO_red_316_cutoff_0.0.inp.out,197.66774546300792,-0.182,0.3071,0.1547,0.0,-1325.1864545455,1.2560804755021693,0.9220100564983084,-1554.3362269079,0.1883520096998836
BENO_red_317_cutoff_0.0.inp.out,199.24208993814045,-0.1639,0.3117,0.5235,0.0,-1325.2433434675,-0.6356364264169063,-0.7697029498373824,-1554.3995873339,0.1705251568992025
BENO_red_318_cutoff_0.0.inp.out,196.41958999954093,-0.1579,0.3191,0.3504,0.0,-1325.0488438051,1.0110838377074145,0.8697911766344919,-1554.1958600003,0.1650311128996691
BENO_red_319_cutoff_0.0.inp.out,199.15138570000417,-0.1687,0.2919,0.3657,0.0,-1325.1892017467,-1.2385140194361344,-1.4053479191635772,-1554.3369418362,0.1758012765994863
BENO_red_31_cutoff_0.0.inp.out,199.4275074019814,-0.1392,0.3506,0.2291,0.0,-1325.0339645117,-0.4559387973231721,-1.0652007334425462,-1554.2043717968,0.1479742658002578
BENO_red_320_cutoff_0.0.inp.out,199.4240178008517,-0.172,0.3281,0.2633,0.0,-1324.8261374925,0.7467751747874312,1.5068161207377664,-1554.0012502954,0.176667761700628
BENO_red_321_cutoff_0.0.inp.out,199.41077745524615,-0.1687,0.315,0.5297,0.0,-1325.004895401,-0.558305273539994,-0.4190223073260034,-1554.1712543923,0.1796671513002365
BENO_red_322_cutoff_0.0.inp.out,200.3625942024675,-0.1891,0.3021,0.4823,0.0,-1324.8426564045,-1.239876306561343,-0.107138957674981,-1554.0194204202,0.1912456805002875
BENO_red_323_cutoff_0.0.inp.out,202.10390915537877,-0.1771,0.3243,0.5083,0.0,-1324.7445673043,-1.2786346556322852,-1.6564993381136128,-1553.9112281449,0.1783204688999831
BENO_red_324_cutoff_0.0.inp.out,201.42064379367412,-0.158,0.3363,0.9529,0.0,-1324.6047904455,-2.001977225330447,-1.7724930624829218,-1553.7837834592,0.1654115603005266
BENO_red_325_cutoff_0.0.inp.out,199.90849818876669,-0.1826,0.3088,0.3411,0.0,-1325.0485066803,0.4259244792860582,0.6720756013729658,-1554.2160583118,0.1869487213007232
BENO_red_326_cutoff_0.0.inp.out,200.14701601101424,-0.1601,0.3225,0.3889,0.0,-1324.6574230618,-0.4741752536490878,-0.7670104876526562,-1553.824371136,0.1739883919008207
BENO_red_327_cutoff_0.0.inp.out,198.99564509255487,-0.1535,0.3273,0.7257,0.0,-1324.8064901708,-1.18843235230414,-0.1078426877140523,-1553.9658622306,0.170603189600115
BENO_red_328_cutoff_0.0.inp.out,198.7180794215919,-0.1834,0.3015,0.1897,0.0,-1324.8084893902,0.5389637021752602,0.4146433383348808,-1553.9680921115,0.1886588934003157
BENO_red_329_cutoff_0.0.inp.out,199.21163934998555,-0.1671,0.3166,0.2475,0.0,-1324.7382397417,1.076642807028927,2.658446072368589,-1553.8836919367,0.1756105568001658
BENO_red_32_cutoff_0.0.inp.out,198.5143634684889,-0.1696,0.3184,0.5174,0.0,-1325.2626211549,1.2922132220001807,1.0978100992007322,-1554.4296219188,0.1739109690997793
BENO_red_330_cutoff_0.0.inp.out,199.3785667528144,-0.1586,0.3203,0.5994,0.0,-1324.6797732915,0.2073241510377918,-0.4697372388843064,-1553.8372358211,0.1695143335000466
BENO_red_331_cutoff_0.0.inp.out,198.4995506496569,-0.1496,0.3292,0.3286,0.0,-1324.9563069685,0.2801537381141791,-0.5050264064066722,-1554.1119955023,0.1606911429998945
BENO_red_332_cutoff_0.0.inp.out,200.21853872856607,-0.1647,0.3199,0.2162,0.0,-1324.7049591474,-0.5660961192336404,-1.4677112462941546,-1553.8760662628,0.1738249262998579
BENO_red_333_cutoff_0.0.inp.out,199.7969358493398,-0.167,0.3109,0.5794,0.0,-1324.8776518995,-0.7283657812672188,-0.957160198481544,-1554.0428609188,0.1763510234995919
BENO_red_334_cutoff_0.0.inp.out,200.60557043714704,-0.1847,0.304,0.3056,0.0,-1325.068434279,-1.2676673585073126,-1.382960404751468,-1554.2399103548,0.1888549696996051
BENO_red_335_cutoff_0.0.inp.out,199.79142526810497,-0.1638,0.312,0.2208,0.0,-1324.6393125549,-0.8618958619631276,-0.1245976315950441,-1553.7927149606,0.1739999230994726
BENO_red_336_cutoff_0.0.inp.out,199.84504340108876,-0.1891,0.2953,0.3951,0.0,-1325.2431897263,0.193914020306182,0.1680873772243331,-1554.416057443,0.1903144719999545
BENO_red_337_cutoff_0.0.inp.out,199.774471922936,-0.1585,0.3185,0.4099,0.0,-1324.6604863346,0.2213920945210566,0.3156708760776939,-1553.817069422,0.1743905549001283
BENO_red_338_cutoff_0.0.inp.out,200.2105247176165,-0.1468,0.3449,0.619,0.0,-1324.6342103515,1.0472879679457876,0.3142193534989319,-1553.8008067361,0.1543924962998062
BENO_red_339_cutoff_0.0.inp.out,200.38717293268357,-0.1548,0.3335,0.5406,0.0,-1324.6987448515,1.2346982642579292,0.8225384617501775,-1553.861660362,0.1653621186997043
BENO_red_33_cutoff_0.0.inp.out,199.64661258914865,-0.1521,0.3487,0.931,0.0,-1325.3985105939,-3.506634238863348,-2.52560827940341,-1554.5779963878,0.1544341404005536
BENO_red_340_cutoff_0.0.inp.out,201.8852046457313,-0.1725,0.3038,0.5287,0.0,-1325.2131790245,0.2304660326038582,0.7805222412958729,-1554.3729716507,0.1746528857993325
BENO_red_341_cutoff_0.0.inp.out,201.27567314812632,-0.165,0.3215,0.5738,0.0,-1325.0881792784,2.338401410452539,1.06689084086054,-1554.2502489157,0.181023215199275
BENO_red_342_cutoff_0.0.inp.out,201.3374004220951,-0.1591,0.3307,0.6108,0.0,-1325.1472878697,1.2380501739572811,1.2476544219916372,-1554.3141588437,0.1657555617002799
BENO_red_343_cutoff_0.0.inp.out,200.39949814156284,-0.1816,0.3075,0.2845,0.0,-1325.0505544802,-0.52513073706903,0.8196878782718664,-1554.2174498684,0.1921659779000037
BENO_red_344_cutoff_0.0.inp.out,200.93002678208333,-0.1832,0.3226,0.723,0.0,-1325.2088825552,1.8447409004855335,3.340604660300732,-1554.3879373218,0.1898021236993372
BENO_red_345_cutoff_0.0.inp.out,199.91799851207588,-0.1743,0.3151,0.4181,0.0,-1325.0291895664,0.0843623201006557,0.685106413793702,-1554.2004338854,0.1827884229996925
BENO_red_346_cutoff_0.0.inp.out,200.209356302186,-0.1475,0.3452,0.3834,0.0,-1325.1487834206,-0.3825980807556922,-0.2339186166506699,-1554.3099156091,0.1542516910003541
BENO_red_347_cutoff_0.0.inp.out,200.77452962875816,-0.1621,0.3245,0.3916,0.0,-1325.2037701279,-0.8571804647956013,-0.2941138981394694,-1554.3674052173,0.1673368849997132
BENO_red_348_cutoff_0.0.inp.out,200.37394225991497,-0.169,0.3217,0.242,0.0,-1325.2694588852,0.7745884901439605,0.3588052888364546,-1554.4373911461,0.1705910602004223
BENO_red_349_cutoff_0.0.inp.out,201.119394653881,-0.1601,0.3253,0.3459,0.0,-1325.3797972501,1.0419323711320845,0.8724549037063664,-1554.5397341509,0.1715856131004329
BENO_red_34_cutoff_0.0.inp.out,199.47209208221588,-0.1763,0.3137,0.5562,0.0,-1325.3793721781,-1.2081287508291918,-1.4918385307847002,-1554.5490717728,0.1866389670994976
BENO_red_350_cutoff_0.0.inp.out,197.72484979357353,-0.1593,0.3255,0.1979,0.0,-1324.7776986097,-0.1415176973135156,-0.6867638049756527,-1553.9518507993,0.1636249926004893
BENO_red_351_cutoff_0.0.inp.out,199.49844407578735,-0.1744,0.301,0.2728,0.0,-1324.8792354904,-0.9984193905022916,-1.1728594337530884,-1554.0451901203,0.1786786800994377
BENO_red_352_cutoff_0.0.inp.out,200.1121267928099,-0.1485,0.3382,0.4864,0.0,-1324.8305604663,-0.4164869215861504,-0.7419589189119499,-1554.0043642925,0.1525681453003926
BENO_red_353_cutoff_0.0.inp.out,201.1748365104984,-0.1547,0.3319,0.0932,0.0,-1325.1396289953,0.1230446856152823,-0.4367950236518828,-1554.3084527135,0.1553394785996715
BENO_red_354_cutoff_0.0.inp.out,201.78254487590465,-0.1769,0.3327,0.6196,0.0,-1325.0175869655,-1.7379683699554336,-0.558388705641127,-1554.1979556958,0.1742429948999415
BENO_red_355_cutoff_0.0.inp.out,201.718906111746,-0.1967,0.292,0.2945,0.0,-1325.0475067268,-1.0121894388441948,-0.7023728979067414,-1554.228367603,0.1958743083996523
BENO_red_356_cutoff_0.0.inp.out,200.2745419289657,-0.1639,0.3371,0.2971,0.0,-1325.4079528522,-0.1883554707346568,0.275802154327089,-1554.5898313098,0.1713473037998483
BENO_red_357_cutoff_0.0.inp.out,200.5213093138388,-0.1772,0.3025,0.492,0.0,-1325.2309582319,0.2505817904078753,-0.1786045665045703,-1554.397837852,0.1864141333999214
BENO_red_358_cutoff_0.0.inp.out,200.92343176520845,-0.1768,0.3202,0.3648,0.0,-1325.5252234499,-0.7319105898554101,-1.0248845391248516,-1554.6996562024,0.180090709799515
BENO_red_359_cutoff_0.0.inp.out,200.0929458765385,-0.1772,0.305,0.4804,0.0,-1325.3575786183,-0.1737422240437393,-0.835498623351909,-1554.5191403181,0.1822847861994887
BENO_red_35_cutoff_0.0.inp.out,199.32938450723927,-0.1901,0.2954,0.5584,0.0,-1325.1710210204,-0.7899861624161926,-1.6761578103073878,-1554.3359323546,0.1913877480001247
BENO_red_360_cutoff_0.0.inp.out,199.43842226032493,-0.1692,0.3137,0.388,0.0,-1325.6818113036,-0.7911688778220984,-1.2623083675926354,-1554.8482756821,0.173530173099607
BENO_red_361_cutoff_0.0.inp.out,199.14121151945335,-0.1834,0.2984,0.3451,0.0,-1325.4209159509,-1.1177742558748875,-0.5426228927915011,-1554.5896501033,0.1907750629006841
BENO_red_362_cutoff_0.0.inp.out,199.16556120603627,-0.1526,0.3345,0.7554,0.0,-1325.5805273583,-0.5412593742583173,-1.6424797218903835,-1554.7440098917,0.1566943615998752
BENO_red_363_cutoff_0.0.inp.out,199.66233128818257,-0.1532,0.3317,0.2527,0.0,-1325.3811092175,0.8826161399258243,0.5610490797307872,-1554.55025369,0.1575452244996995
BENO_red_364_cutoff_0.0.inp.out,198.0293980047233,-0.1837,0.3128,0.6121,0.0,-1325.6641964285,1.1007615144721494,1.3682150051537567,-1554.8339584522,0.1834455623002213
BENO_red_365_cutoff_0.0.inp.out,200.49580639736664,-0.1644,0.3067,0.4002,0.0,-1325.510865115,-1.1488876826021477,-0.5452402888552742,-1554.6670239213,0.1723222194996196
BENO_red_366_cutoff_0.0.inp.out,199.91858458727853,-0.1616,0.3108,0.6299,0.0,-1326.2502888437,-0.3296649128738989,-0.3012340092425399,-1555.4043693095,0.1728882799998246
BENO_red_367_cutoff_0.0.inp.out,199.60197707597445,-0.185,0.3038,0.3905,0.0,-1326.363083959,0.1639364615678351,-0.026086577777764,-1555.534064392,0.1849043956999594
BENO_red_368_cutoff_0.0.inp.out,200.55248644772425,-0.1528,0.3316,0.3135,0.0,-1325.4637795036,0.2908109722603355,-0.6229255494766535,-1554.6303884665,0.1599522863007223
BENO_red_369_cutoff_0.0.inp.out,200.7012230335611,-0.1872,0.3065,0.3846,0.0,-1325.8335462839,1.3508484898263569,0.6573144605033536,-1555.0065651778,0.1924825905998659
BENO_red_36_cutoff_0.0.inp.out,199.4340393504127,-0.1763,0.3015,0.9105,0.0,-1325.192995167,-7.743277982885945,-7.862098187353832,-1554.3538613908,0.1811807526000848
BENO_red_370_cutoff_0.0.inp.out,201.7219015357613,-0.1802,0.322,0.463,0.0,-1325.7088054505,0.892984382191325,0.622887447300551,-1554.8881624702,0.1811523053993369
BENO_red_371_cutoff_0.0.inp.out,202.50645909156196,-0.1893,0.3161,0.4019,0.0,-1325.6426723852,-1.35610269006315,-0.4452750422578731,-1554.8258699797,0.1895566337998389
BENO_red_372_cutoff_0.0.inp.out,201.8326914405948,-0.1806,0.328,0.3719,0.0,-1325.7825418058,-0.5957888281643586,-1.1969190424867158,-1554.9585491162,0.1791447384002822
BENO_red_373_cutoff_0.0.inp.out,200.31640103835028,-0.1686,0.3211,0.2747,0.0,-1325.9295747823,-1.891885595804797,-1.7728228500942536,-1555.0990810729,0.1737586544004443
BENO_red_374_cutoff_0.0.inp.out,197.91984034552837,-0.16,0.332,0.436,0.0,-1325.6669235971,-1.511164847477893,-2.1471157932302045,-1554.8385211735,0.1706433917006506
BENO_red_375_cutoff_0.0.inp.out,198.19007441403343,-0.1762,0.2941,0.413,0.0,-1325.7220396634,-1.773024914198703,-1.143214863550275,-1554.8780342691,0.1844088148000082
BENO_red_376_cutoff_0.0.inp.out,199.6830769010792,-0.171,0.3007,0.69,0.0,-1325.6532470024,-2.4081825267524772,-2.8336263495750327,-1554.8131359796,0.1839346054994166
BENO_red_377_cutoff_0.0.inp.out,200.8547140556995,-0.1734,0.3226,0.7907,0.0,-1326.158634448,-2.7737058283402303,-2.585046855705025,-1555.3167333013,0.1806259873001181
BENO_red_378_cutoff_0.0.inp.out,200.98043191615673,-0.1704,0.3025,0.6493,0.0,-1325.6083733357,-2.849543198433359,-2.6502005583713326,-1554.7669972804,0.1746585520995722
BENO_red_379_cutoff_0.0.inp.out,201.00814749726024,-0.1758,0.3229,0.6625,0.0,-1325.6947140208,-2.357015505879344,-3.125535845428074,-1554.8653278242,0.1800957774994458
BENO_red_37_cutoff_0.0.inp.out,200.67728439039436,-0.1583,0.3366,0.624,0.0,-1325.3455408821,-1.008050045624758,-1.940110965621473,-1554.510943804,0.1605110413001966
BENO_red_380_cutoff_0.0.inp.out,200.12922308402605,-0.1912,0.3007,0.6827,0.0,-1325.7200922714,-1.0918074702514131,0.0943869859323141,-1554.8854431424,0.1966454010998859
BENO_red_381_cutoff_0.0.inp.out,199.77945152600668,-0.1934,0.2799,0.4056,0.0,-1326.1170867577,-0.5884358792144573,-0.8988465765218896,-1555.2765750845,0.2004847240004892
BENO_red_382_cutoff_0.0.inp.out,199.64947829653852,-0.1867,0.2942,0.6089,0.0,-1325.6785424187,-1.7930282648965743,-1.2120720438733108,-1554.8269890331,0.1870028907997039
BENO_red_383_cutoff_0.0.inp.out,201.4237941024735,-0.2032,0.3001,0.3385,0.0,-1325.9442283487,-1.9270217492871968,-0.5523732061379973,-1555.1193074668,0.2028274565000174
BENO_red_384_cutoff_0.0.inp.out,200.45159174765303,-0.1946,0.3022,0.1849,0.0,-1326.0058314554,-2.2554512404811584,-1.1633943954597048,-1555.1832535629,0.1974971186000402
BENO_red_385_cutoff_0.0.inp.out,201.6443257494822,-0.1779,0.3065,0.5714,0.0,-1325.618121761,-0.3582101859105915,-0.0675122524993027,-1554.7880752851,0.1767608100999496
BENO_red_386_cutoff_0.0.inp.out,202.1156556423607,-0.1764,0.3166,0.6796,0.0,-1325.7221094262,-1.5769593788605205,-0.7823082912235126,-1554.8970764205,0.1834058591002758
BENO_red_387_cutoff_0.0.inp.out,199.74603901417075,-0.1806,0.3196,0.634,0.0,-1325.9818661771,-1.0848804666656289,-1.1596780796675448,-1555.1543080117,0.1894085912999799
BENO_red_388_cutoff_0.0.inp.out,199.7629524637037,-0.1731,0.3193,0.4065,0.0,-1325.3164761056,1.5432018006699362,0.0311824230318792,-1554.4850870655,0.1814471626003069
BENO_red_389_cutoff_0.0.inp.out,198.4805895748909,-0.1635,0.3233,0.5762,0.0,-1325.1958486091,1.034638499176234,0.0160129191551738,-1554.3595509243,0.171734402400034
BENO_red_38_cutoff_0.0.inp.out,201.1329337264282,-0.1858,0.2943,0.7231,0.0,-1325.2512717959,-2.98503778807356,-3.819639910085763,-1554.4208024598,0.1894711592995008
BENO_red_390_cutoff_0.0.inp.out,199.0164628331258,-0.163,0.3158,0.2677,0.0,-1325.4187321881,-0.0196794088206581,0.986599035780656,-1554.5752328131,0.1789554638999106
BENO_red_391_cutoff_0.0.inp.out,200.72283837622845,-0.1683,0.3208,0.3372,0.0,-1325.2928491222,-0.0295516033125824,-0.185386206896059,-1554.4639896932,0.1814325286004532
BENO_red_392_cutoff_0.0.inp.out,200.10182199631083,-0.1609,0.3296,0.2935,0.0,-1325.0685429334,0.6071294378027119,-0.3702781561021828,-1554.2427772867,0.174083082699326
BENO_red_393_cutoff_0.0.inp.out,201.24466725063,-0.1681,0.3136,0.5013,0.0,-1325.1431383622,-0.3343016609471531,-0.4476016158817518,-1554.2965843546,0.174995952399513
BENO_red_394_cutoff_0.0.inp.out,202.8981271778825,-0.1635,0.3362,0.4528,0.0,-1325.264907557,1.7063204734477098,1.782882119134841,-1554.4249850668,0.1682145003005644
BENO_red_395_cutoff_0.0.inp.out,202.46216658647612,-0.1723,0.3119,0.4663,0.0,-1325.1822459327,0.2381845365133434,-0.0841700657968723,-1554.3417305772,0.1809685606003768
BENO_red_396_cutoff_0.0.inp.out,200.99051946717483,-0.1732,0.3166,0.0992,0.0,-1325.4238515475,-0.3193282683444962,-0.2693530497261149,-1554.5804345318,0.1758868238002833
BENO_red_397_cutoff_0.0.inp.out,200.16905247143055,-0.1986,0.2854,0.5065,0.0,-1325.5374960868,-0.0006661488139496,1.092275880952262,-1554.6918742942,0.2006806070994571
BENO_red_398_cutoff_0.0.inp.out,199.42603801148215,-0.1797,0.3202,0.3937,0.0,-1325.4754754645,-0.0898789485686786,0.9309806499713538,-1554.636844299,0.1769705172000613
BENO_red_399_cutoff_0.0.inp.out,198.2957412286264,-0.1833,0.3023,0.4949,0.0,-1325.1751238771,-1.1517358711167878,-3.2158721752279487,-1554.3353195125,0.1853296601002512
BENO_red_39_cutoff_0.0.inp.out,199.6766307683701,-0.1274,0.3663,0.437,0.0,-1324.8558182311,2.398927797828251,3.5563184639033496,-1554.0227912355,0.1374310292003429
BENO_red_3_cutoff_0.0.inp.out,201.07203518745888,-0.1581,0.3361,0.1519,0.0,-1324.8851834535,0.0543773867902623,-0.5510545419842833,-1554.0604231951,0.1550849412997195
BENO_red_400_cutoff_0.0.inp.out,197.72484979357353,-0.1593,0.3255,0.1979,0.0,-1324.7776645657,-0.141622082183031,-0.686905737920824,-1553.9518167549,0.1636248544000409
BENO_red_401_cutoff_0.0.inp.out,199.61675050298183,-0.1697,0.3054,0.2105,0.0,-1324.7566707228,-0.8367649865884297,-0.8977301001590683,-1553.9201003815,0.1753871557002639
BENO_red_402_cutoff_0.0.inp.out,199.78572098294143,-0.1549,0.3335,0.2877,0.0,-1324.8838216443,0.2295556247554677,-0.7417464174681606,-1554.0544893401,0.1617716164000739
BENO_red_403_cutoff_0.0.inp.out,201.12009328225136,-0.1537,0.3249,0.3988,0.0,-1325.2589266632,-0.4884146335802531,-0.4074315571836733,-1554.4190328203,0.1558068113999979
BENO_red_404_cutoff_0.0.inp.out,201.98000833751755,-0.1825,0.3084,0.3331,0.0,-1325.103602747,-2.1155659607594366,-0.4461840668088699,-1554.2770621769,0.1811187705998236
BENO_red_405_cutoff_0.0.inp.out,202.6763197190495,-0.1898,0.3201,0.3713,0.0,-1325.1944828608,-3.0608683065583913,-3.04165831371774,-1554.3720665387,0.19049516890027
BENO_red_406_cutoff_0.0.inp.out,202.89467398918725,-0.1966,0.3081,0.2215,0.0,-1324.992872622,-1.0401569235076902,-1.8543864106920176,-1554.1735080604,0.1913303351002468
BENO_red_407_cutoff_0.0.inp.out,201.3387894013536,-0.1705,0.3171,0.3132,0.0,-1325.0625920235,-1.1974723110919063,-1.905258481838123,-1554.237014768,0.1795323256001211
BENO_red_408_cutoff_0.0.inp.out,201.3330948514825,-0.1785,0.3278,0.3352,0.0,-1325.0379356392,-0.1750502206873772,-1.987560562674125,-1554.2130519108,0.1830978921998394
BENO_red_409_cutoff_0.0.inp.out,200.98917336005735,-0.1728,0.3142,0.2424,0.0,-1325.0446162222,-1.489517505377557,-0.6865031125343635,-1554.2104609501,0.1778175036997709
BENO_red_40_cutoff_0.0.inp.out,200.08466723171912,-0.1713,0.3128,0.3893,0.0,-1325.5372877983,0.231882362374334,-0.494922086656498,-1554.7111486775,0.1762653946007049
BENO_red_410_cutoff_0.0.inp.out,200.9199520218972,-0.1664,0.3255,0.3885,0.0,-1325.1003566047,-0.7146291203318003,-0.6340031410733534,-1554.274063451,0.1743690096000136
BENO_red_411_cutoff_0.0.inp.out,200.37543533923332,-0.1557,0.3369,0.2439,0.0,-1325.6002916486,-0.1901709807695796,-1.1327529383885186,-1554.7651350329,0.168463452099786
BENO_red_412_cutoff_0.0.inp.out,200.07894392718745,-0.1535,0.3319,0.5529,0.0,-1325.256356257,0.8268733150632933,-0.0269506269968401,-1554.4231251754,0.1683431254996321
BENO_red_413_cutoff_0.0.inp.out,201.31019958820136,-0.1625,0.3292,0.2081,0.0,-1325.3978102094,0.0001787217463329,0.1843436918747047,-1554.5736292876,0.1679536582996661
BENO_red_414_cutoff_0.0.inp.out,201.45055792492627,-0.1862,0.3089,0.6008,0.0,-1325.3083661935,-1.1359473793549235,-1.611905269114763,-1554.4848236243,0.191360392000206
BENO_red_415_cutoff_0.0.inp.out,202.3965427098601,-0.1868,0.331,0.7192,0.0,-1324.8547541881,0.3852887638308921,1.1442955731895523,-1554.0287622761,0.1896555264002017
BENO_red_416_cutoff_0.0.inp.out,204.68635953500905,-0.151,0.3339,0.5813,0.0,-1324.9275645517,-0.2491329079873714,-0.8589621265793153,-1554.0734002701,0.1589420427999357
BENO_red_417_cutoff_0.0.inp.out,200.30589878771667,-0.164,0.3277,0.5783,0.0,-1325.0937774766,-0.0751547262536159,-1.4926206602004586,-1554.2451640895,0.1780997621999631
BENO_red_418_cutoff_0.0.inp.out,200.0919470716109,-0.1677,0.3088,0.9016,0.0,-1324.9616471697,1.8331761493554848,2.1549764181150657,-1554.1141168074,0.1790328823999516
BENO_red_419_cutoff_0.0.inp.out,198.8319930960728,-0.1542,0.3232,0.5173,0.0,-1325.381414637,0.5526706153830977,1.0579544635422022,-1554.550746653,0.166052002699871
BENO_red_41_cutoff_0.0.inp.out,200.6176792609452,-0.1809,0.3064,0.3938,0.0,-1324.7753025511,-3.376807240164344,-2.9802853430073735,-1553.9435889349,0.1860970062998603
BENO_red_420_cutoff_0.0.inp.out,197.6323593789376,-0.1668,0.3173,0.2424,0.0,-1325.1702843754,0.6609872144652221,0.8619362918712877,-1554.3229054994,0.1759551823006404
BENO_red_421_cutoff_0.0.inp.out,200.25229964633843,-0.154,0.3249,0.6774,0.0,-1324.7365059322,0.02579076379919,-0.1997661272228539,-1553.8895876277,0.1607839174002947
BENO_red_422_cutoff_0.0.inp.out,199.5600880766414,-0.1714,0.3177,0.3704,0.0,-1325.3104921852,-1.3560189493439472,-0.8912853123284408,-1554.4811296503,0.1785216988000684
BENO_red_423_cutoff_0.0.inp.out,201.36532091096413,-0.1613,0.3405,0.5666,0.0,-1325.1427302084,0.2720531692268811,0.6659099665440935,-1554.3153596112,0.1692336214000533
BENO_red_424_cutoff_0.0.inp.out,202.2599100677613,-0.1855,0.3111,0.4062,0.0,-1325.2353993961,-2.4757534260094114,-2.614236204870888,-1554.4118927841,0.188656338099463
BENO_red_425_cutoff_0.0.inp.out,200.53026434651383,-0.1796,0.3059,0.2689,0.0,-1324.8989166067,-1.2104188932100328,-1.1983175817544969,-1554.0690064973,0.1873552076003761
BENO_red_426_cutoff_0.0.inp.out,199.985482700117,-0.1679,0.328,0.2221,0.0,-1325.1446577541,-0.1335816394096446,-0.9414499284121048,-1554.3205242492,0.1757519167995269
BENO_red_427_cutoff_0.0.inp.out,199.44971640399615,-0.1462,0.3297,0.3322,0.0,-1325.5593140979,0.09782767864494,-1.5946587076208032,-1554.7193890514,0.1633575223995649
BENO_red_428_cutoff_0.0.inp.out,198.32232379672504,-0.1448,0.3492,0.1656,0.0,-1325.2417479864,1.860346801168558,-0.5743647633291532,-1554.4070446255,0.1573729404999539
BENO_red_429_cutoff_0.0.inp.out,198.98354045873788,-0.1484,0.3257,0.6729,0.0,-1325.0322763036,1.2822735880210752,1.316753388208577,-1554.182534969,0.1591413449996253
BENO_red_42_cutoff_0.0.inp.out,200.8922610458418,-0.1903,0.3144,0.4216,0.0,-1324.8677864741,-0.9145048700033652,1.773702079622862,-1554.049426607,0.1891963087000476
BENO_red_430_cutoff_0.0.inp.out,198.39043323562183,-0.1574,0.3189,0.2569,0.0,-1325.1965788998,-0.8466347465778792,-1.6060595811633511,-1554.3563232811,0.1670055053000396
BENO_red_431_cutoff_0.0.inp.out,198.8255841396797,-0.1728,0.3053,0.701,0.0,-1325.0828268207,-2.1118964295800033,-2.516674243752802,-1554.2453267848,0.1847309219001545
BENO_red_432_cutoff_0.0.inp.out,200.1052069538638,-0.1928,0.3095,0.2214,0.0,-1325.3688937941,1.4829347921107552,1.358044217501711,-1554.543446791,0.1974408175001372
BENO_red_433_cutoff_0.0.inp.out,201.98343315413487,-0.192,0.3083,0.3054,0.0,-1325.0956724362,-0.928141786767578,-0.763757010696485,-1554.2688291742,0.1947797131997504
BENO_red_434_cutoff_0.0.inp.out,202.44078174156084,-0.1541,0.3304,0.3615,0.0,-1325.2918044472,1.500163138743579,0.6242709806377502,-1554.4380758034,0.1613899074000073
BENO_red_435_cutoff_0.0.inp.out,201.73505233426752,-0.19,0.3013,0.4133,0.0,-1325.4183373923,1.2354884596723954,1.089987700294906,-1554.5784783496,0.1904767843998343
BENO_red_436_cutoff_0.0.inp.out,200.3156072675586,-0.1845,0.3299,0.2771,0.0,-1324.9461553257,0.7652234667068568,1.1631686245571178,-1554.1236236037,0.1845971529000962
BENO_red_437_cutoff_0.0.inp.out,201.56194307518012,-0.1628,0.3309,0.4593,0.0,-1325.0977755202,-1.0087940019556814,-0.6096014288506257,-1554.2725856202,0.1697472897003535
BENO_red_438_cutoff_0.0.inp.out,199.3128738746413,-0.1898,0.3124,0.505,0.0,-1324.8528058375,-2.34085506325422,-1.9980181427425976,-1554.0212161178,0.197810052600289
BENO_red_439_cutoff_0.0.inp.out,200.2077791391833,-0.1709,0.309,0.148,0.0,-1325.3538573614,-0.5995405667420346,-0.541529066680926,-1554.5136877091,0.1782185623997065
BENO_red_43_cutoff_0.0.inp.out,200.7807758020535,-0.1454,0.3627,0.1335,0.0,-1325.4754299366,1.0492607124884414,0.3320248307446194,-1554.6452336001,0.1521146883997062
BENO_red_440_cutoff_0.0.inp.out,200.0036130992156,-0.1676,0.3246,0.2901,0.0,-1325.3473473965,0.4486260912681926,0.3693247419299402,-1554.5193351224,0.1777618345004157
BENO_red_441_cutoff_0.0.inp.out,200.25239113611045,-0.1803,0.3166,0.2242,0.0,-1325.3560972734,-1.57334576679586,-0.3066605159724179,-1554.5251567199,0.1887788622998414
BENO_red_442_cutoff_0.0.inp.out,200.9024702419401,-0.1787,0.3085,0.6301,0.0,-1325.2216237893,-2.2223553410670243,-2.7662122353627883,-1554.3917768894,0.1915712570998948
BENO_red_443_cutoff_0.0.inp.out,200.061154002086,-0.1935,0.3098,0.5824,0.0,-1325.3077856141,-0.8812558715021583,-1.169095953196332,-1554.4879587028,0.1953255958005684
BENO_red_444_cutoff_0.0.inp.out,200.4127285077612,-0.1745,0.3083,0.4369,0.0,-1325.5485699549,-0.9647706948585204,-0.8617752948929431,-1554.7198679534,0.1853876649001904
BENO_red_445_cutoff_0.0.inp.out,199.52601405726756,-0.1561,0.3307,0.5429,0.0,-1325.5731354764,-0.3521954496044054,-0.4509941916141886,-1554.7414212442,0.1678779450994625
BENO_red_446_cutoff_0.0.inp.out,199.7398832323325,-0.1744,0.3171,0.1851,0.0,-1325.3472741425,-0.8058419203938579,-1.309722742176164,-1554.5221231782,0.1813851041997622
BENO_red_447_cutoff_0.0.inp.out,199.31057005574095,-0.1686,0.3248,0.4719,0.0,-1325.3853682211,-3.3764833746749874,-3.877592634757157,-1554.5582336312,0.1810902744000486
BENO_red_448_cutoff_0.0.inp.out,199.93588446520633,-0.1753,0.3178,0.163,0.0,-1325.7691605122,-0.7419691942766425,-0.7785297486427246,-1554.9356716016,0.1798766087003969
BENO_red_449_cutoff_0.0.inp.out,201.87111853751003,-0.1845,0.3035,0.4646,0.0,-1325.8141488886,-1.49760750854265,-2.504776185645119,-1554.9720780168,0.1886584221992961
BENO_red_44_cutoff_0.0.inp.out,199.06709732526107,-0.1762,0.3114,0.1559,0.0,-1325.400541455,-0.8812135658222423,0.4559884844157821,-1554.5641203773,0.1782213506994594
BENO_red_450_cutoff_0.0.inp.out,197.72484979357353,-0.1593,0.3255,0.1979,0.0,-1324.7776986097,-0.1415159798397804,-0.6867631005684229,-1553.9518507993,0.1636249925004449
BENO_red_451_cutoff_0.0.inp.out,199.82047225845065,-0.1736,0.3001,0.2757,0.0,-1324.8401256258,-0.94528871231939,-1.1139896294220168,-1554.0044478756,0.1785201462998884
BENO_red_452_cutoff_0.0.inp.out,199.81027253163208,-0.1574,0.3477,0.2653,0.0,-1324.8068160001,-0.1923972496863563,-0.1336974067826765,-1553.9880419848,0.1609960873993259
BENO_red_453_cutoff_0.0.inp.out,201.279195435497,-0.1545,0.328,0.4563,0.0,-1324.9131905014,-0.9447868744783215,-0.5460646441599479,-1554.0838725893,0.1577569320998009
BENO_red_454_cutoff_0.0.inp.out,199.736339174225,-0.183,0.3176,0.184,0.0,-1324.6419086398,-0.4496551993383763,-0.4975814896969476,-1553.8181681735,0.1883795924995865
BENO_red_455_cutoff_0.0.inp.out,200.12316303332005,-0.164,0.3428,0.4973,0.0,-1325.347086951,0.9651843755906776,0.7748581485971918,-1554.5316248929,0.1704239806995247
BENO_red_456_cutoff_0.0.inp.out,201.71061916604003,-0.1721,0.3223,0.4125,0.0,-1325.0025830155,0.3082633870714917,0.7180017388038777,-1554.1730407796,0.1777198264999242
BENO_red_457_cutoff_0.0.inp.out,199.8266903304821,-0.1691,0.3252,0.3504,0.0,-1324.838924334,-0.438351573014677,0.7524482094931403,-1554.0120085545,0.1735662985001909
BENO_red_458_cutoff_0.0.inp.out,201.31881245693225,-0.1681,0.3068,0.4614,0.0,-1325.0500092862,-0.4780440403969105,-0.5098443363858364,-1554.2133291004,0.173108423400663
BENO_red_459_cutoff_0.0.inp.out,201.3123495267198,-0.1843,0.3136,0.5689,0.0,-1325.0949345659,-2.4938935885762232,-1.6193654285883483,-1554.2704644095,0.1877133688994945
BENO_red_45_cutoff_0.0.inp.out,202.13736024534023,-0.1771,0.3219,0.155,0.0,-1325.1491027341,-0.4709941166000129,-1.0038642130573323,-1554.3090346558,0.1779362442002821
BENO_red_460_cutoff_0.0.inp.out,201.624862919072,-0.1739,0.3364,0.3251,0.0,-1325.2214287106,-0.8371015663824085,-1.4760286493270738,-1554.4038683245,0.1769123389003652
BENO_red_461_cutoff_0.0.inp.out,200.65546295247273,-0.1821,0.32,0.8523,0.0,-1325.3617266565,0.071448090741189,2.2179491138454352,-1554.5452412816,0.1808368215997688
BENO_red_462_cutoff_0.0.inp.out,199.8929529370877,-0.1721,0.3149,0.1683,0.0,-1325.1950728306,1.813942504642132,2.4609960650412748,-1554.3516664066,0.1802308105998236
BENO_red_463_cutoff_0.0.inp.out,200.71913122357137,-0.1421,0.3369,0.4892,0.0,-1325.3276725526,0.0780496485184035,0.7482422000155012,-1554.494897214,0.1481698903999131
BENO_red_464_cutoff_0.0.inp.out,199.02131251439704,-0.1713,0.3152,0.5224,0.0,-1325.4914269172,1.1184321877117256,1.9508549596771791,-1554.6655896413,0.1781605809001121
BENO_red_465_cutoff_0.0.inp.out,198.90577036186392,-0.1836,0.2835,0.6341,0.0,-1325.2999928669,0.0619217625524747,-0.021002051117407,-1554.4616161352,0.1895040367999172
BENO_red_466_cutoff_0.0.inp.out,197.98601414897715,-0.1883,0.3051,0.3657,0.0,-1325.2281670765,1.464133670926258,2.0269350463752667,-1554.3942204086,0.187938245899204
BENO_red_467_cutoff_0.0.inp.out,199.34196053661032,-0.1638,0.3218,0.2774,0.0,-1325.5339379199,-0.0078499364379259,0.99479099627764,-1554.701842642,0.1636925940001674
BENO_red_468_cutoff_0.0.inp.out,200.88413981206563,-0.1868,0.3094,0.318,0.0,-1325.3093539307,0.2113753909954367,0.5208130965850194,-1554.4810630279,0.1836087714000314
BENO_red_469_cutoff_0.0.inp.out,201.54542072641223,-0.1896,0.3122,0.3728,0.0,-1325.2909336054,-0.3873145180516825,-1.5855402401995418,-1554.4582122736,0.1887691184001596
BENO_red_46_cutoff_0.0.inp.out,199.10328772914627,-0.1687,0.3215,0.5774,0.0,-1325.0589599515,-3.0672605049738877,-2.623975268864839,-1554.2191830879,0.1788742508997529
BENO_red_470_cutoff_0.0.inp.out,200.86919863179827,-0.161,0.3099,0.8078,0.0,-1325.0797067867,3.4573741977534618,4.451586078955329,-1554.2376373727,0.1663995119997707
BENO_red_471_cutoff_0.0.inp.out,199.4479688773731,-0.1648,0.3185,0.5573,0.0,-1325.3071062427,-1.9731842815556024,-2.37169497045818,-1554.4648077744,0.1738319194000723
BENO_red_472_cutoff_0.0.inp.out,200.01310679160557,-0.1792,0.3122,0.4148,0.0,-1325.2387073752,0.2273017471252427,0.6024626333801724,-1554.4149040963,0.1886569550006243
BENO_red_473_cutoff_0.0.inp.out,199.3169085097745,-0.1805,0.3094,0.7112,0.0,-1325.3058454775,1.5201174202810843,1.3664776494022906,-1554.474753492,0.1878608268998505
BENO_red_474_cutoff_0.0.inp.out,200.6796018284572,-0.1541,0.347,0.6564,0.0,-1325.4780143639,-0.597350499022512,0.1292462698872032,-1554.6540450883,0.1597833073001311
BENO_red_475_cutoff_0.0.inp.out,200.1173965124398,-0.1445,0.3456,0.5869,0.0,-1324.550498445,-0.6335772094742238,0.8616977267843635,-1553.7198415965,0.1544665288993201
BENO_red_476_cutoff_0.0.inp.out,199.77931235458576,-0.1863,0.3025,0.3044,0.0,-1325.262650432,-1.5040669466615793,-1.1145289796710125,-1554.4315278888,0.1886271687008047
BENO_red_477_cutoff_0.0.inp.out,200.7446300416306,-0.165,0.3294,0.158,0.0,-1325.1705933119,0.8207339966486825,0.1541291760694835,-1554.3399618323,0.1677661603998785
BENO_red_478_cutoff_0.0.inp.out,201.35645515506408,-0.1835,0.3242,0.2787,0.0,-1325.0318006711,-0.3603611434934049,0.1293178103863704,-1554.211963628,0.1835551264994137
BENO_red_479_cutoff_0.0.inp.out,200.7716180433271,-0.1827,0.3176,0.3946,0.0,-1325.0544012484,-0.693377524244175,0.6996496249273486,-1554.218577613,0.1843841499994596
BENO_red_47_cutoff_0.0.inp.out,198.72743733174667,-0.1512,0.3387,0.3922,0.0,-1325.5298881828,-1.1248896189317312,-0.971535608267268,-1554.6896892711,0.1587668989996018
BENO_red_480_cutoff_0.0.inp.out,201.59885554009443,-0.185,0.3056,0.5827,0.0,-1324.6330669199,-1.9284944109633464,-0.6002450605892786,-1553.8074638104,0.1840616029003285
BENO_red_481_cutoff_0.0.inp.out,199.7440581601732,-0.1655,0.3235,0.4321,0.0,-1325.1295757543,0.0228448580345623,0.3322835327605172,-1554.291061046,0.1747431873000096
BENO_red_482_cutoff_0.0.inp.out,200.247221591724,-0.1745,0.3165,0.3733,0.0,-1325.1594754248,-0.973660804379526,-0.2514356312225808,-1554.33498107,0.1825121253004908
BENO_red_483_cutoff_0.0.inp.out,200.83284253820156,-0.1662,0.3097,0.2181,0.0,-1325.3655331062,-1.4568257229517427,-1.538338193320716,-1554.5308248945,0.1712029321997761
BENO_red_484_cutoff_0.0.inp.out,199.72734272898688,-0.1735,0.3313,0.3197,0.0,-1325.459575124,-0.6779589919750966,-0.7558571545948749,-1554.6310153345,0.1774554719004299
BENO_red_485_cutoff_0.0.inp.out,202.0010055356612,-0.1752,0.3199,0.3083,0.0,-1325.4141690654,-0.3210546731829367,-1.715913769593646,-1554.5957811319,0.1725334888997167
BENO_red_486_cutoff_0.0.inp.out,200.10608695807704,-0.1725,0.319,0.2452,0.0,-1325.4441387357,-0.4881634224439051,-0.4896370187906139,-1554.605464113,0.176155259799998
BENO_red_487_cutoff_0.0.inp.out,199.686309523129,-0.189,0.3044,0.86,0.0,-1325.6629547378,-2.2470792573927287,1.5608174915363953,-1554.8361187623,0.1851439882002523
BENO_red_488_cutoff_0.0.inp.out,199.316654156362,-0.1709,0.3082,0.2443,0.0,-1325.2846749436,0.591795797603198,0.9758222063240708,-1554.4504137562,0.1795129130996429
BENO_red_489_cutoff_0.0.inp.out,200.05456747533373,-0.1537,0.3295,0.4849,0.0,-1325.3456382181,0.5621105759772242,2.0906254866284093,-1554.5016645814,0.1608214719999523
BENO_red_48_cutoff_0.0.inp.out,198.0776739685885,-0.1829,0.2934,0.6049,0.0,-1325.2669519811,-1.2429174001874153,-0.5321125241573814,-1554.4195390826,0.1854411861004337
BENO_red_490_cutoff_0.0.inp.out,198.3567045185275,-0.1825,0.2999,0.5458,0.0,-1325.2900032963,-0.8382914262308971,-0.7683234157856873,-1554.455017649,0.184516104100112
BENO_red_491_cutoff_0.0.inp.out,198.28848104516877,-0.1634,0.3219,0.6983,0.0,-1325.3430901934,-2.6541648112370777,-1.846294280221565,-1554.5030587665,0.1721866887000942
BENO_red_492_cutoff_0.0.inp.out,201.62388062153576,-0.1745,0.3136,0.5483,0.0,-1325.1424225343,0.4726852768015597,-0.2498995558474752,-1554.3131128613,0.1686845467002058
BENO_red_493_cutoff_0.0.inp.out,200.63881373782465,-0.1579,0.3417,0.242,0.0,-1325.2617367245,-0.3491634535222131,-0.7993900503221858,-1554.4308207592,0.1644634228996437
BENO_red_494_cutoff_0.0.inp.out,201.46033715409,-0.1856,0.3277,0.4794,0.0,-1325.7198266239,0.1163800851522312,-0.3877632200627418,-1554.9069191678,0.1813068618002944
BENO_red_495_cutoff_0.0.inp.out,201.9786204223317,-0.1833,0.3267,0.5113,0.0,-1324.7160292792,-0.605813473172688,-1.181739052550459,-1553.9037367002,0.1864162752999618
BENO_red_496_cutoff_0.0.inp.out,200.96617062045212,-0.183,0.328,0.5104,0.0,-1325.3077031709,0.5932164919439791,3.3489984734444063,-1554.4871257369,0.1835250973999791
BENO_red_497_cutoff_0.0.inp.out,201.61012436012464,-0.1659,0.3255,0.3115,0.0,-1325.2992405366,2.087267645420239,4.358196305181632,-1554.4778233649,0.1773322564995396
BENO_red_498_cutoff_0.0.inp.out,199.24197225262057,-0.178,0.3055,0.4237,0.0,-1325.1419694701,-2.03461952905612,-1.0950287801926553,-1554.3125607804,0.1881219083006726
BENO_red_499_cutoff_0.0.inp.out,199.36947693409857,-0.1706,0.3206,0.4101,0.0,-1325.1140561289,-1.6218221219983413,-2.810341115574602,-1554.2893686334,0.170485069100323
BENO_red_49_cutoff_0.0.inp.out,196.41979183825623,-0.1596,0.3063,0.42,0.0,-1325.5024694764,-1.288923008654861,-0.0098018369756371,-1554.6492842786,0.1743119414004468
BENO_red_4_cutoff_0.0.inp.out,200.81152938539475,-0.1936,0.312,0.4975,0.0,-1325.0289191496,-1.7524536688946923,-1.7477048516935545,-1554.2121279694,0.1894629845000963
BENO_red_50_cutoff_0.0.inp.out,198.1730506682762,-0.1672,0.3274,0.2674,0.0,-1325.2157001504,-0.225526089064985,0.6978375027271464,-1554.3796238653,0.166207498100448
BENO_red_51_cutoff_0.0.inp.out,200.3318386607184,-0.1637,0.316,0.4884,0.0,-1325.2170699417,-0.6455714298814836,0.7054435075771129,-1554.3753602591,0.1667491092994169
BENO_red_52_cutoff_0.0.inp.out,201.2510124517733,-0.1613,0.3374,0.5475,0.0,-1325.2945266701,1.7194635010218482,2.174790303830195,-1554.4621169243,0.1640293220998501
BENO_red_53_cutoff_0.0.inp.out,202.4319903805785,-0.1631,0.3376,0.4578,0.0,-1325.4048965203,2.337082341608491,1.3232875483765485,-1554.5720097223,0.1628839932000119
BENO_red_54_cutoff_0.0.inp.out,201.67799110639336,-0.178,0.3239,0.4561,0.0,-1325.6960670455,1.6893214849314344,0.9579045785258838,-1554.8585147038,0.1791042029999516
BENO_red_55_cutoff_0.0.inp.out,201.743888838989,-0.1657,0.333,0.2023,0.0,-1325.5225126559,0.9914882617183434,0.0044899160707475,-1554.686351661,0.1668784466000943
BENO_red_56_cutoff_0.0.inp.out,200.5800307018717,-0.164,0.3284,0.7792,0.0,-1325.1656555879,0.9902437904823318,1.20040387739797,-1554.3378474164,0.1649725945999307
BENO_red_57_cutoff_0.0.inp.out,201.90950111818145,-0.1672,0.3201,0.2659,0.0,-1325.6165665922,1.267972336945311,1.041432432477297,-1554.7727116557,0.1702677389994278
BENO_red_58_cutoff_0.0.inp.out,199.14298979581017,-0.1541,0.3185,0.3272,0.0,-1325.3123712834,1.3886284265059174,1.221526678772232,-1554.4669706188,0.161294910700235
BENO_red_59_cutoff_0.0.inp.out,201.6836575727886,-0.1638,0.3283,0.5017,0.0,-1325.3554409157,2.045558451554761,1.0846969558510668,-1554.5134296898,0.1689440007003213
BENO_red_5_cutoff_0.0.inp.out,201.40335239462897,-0.1773,0.3187,0.3773,0.0,-1324.779490003,-1.6568078037112364,-1.7910930394222253,-1553.9591711015,0.173514699399675
BENO_red_60_cutoff_0.0.inp.out,202.1872713204878,-0.1722,0.3232,0.4643,0.0,-1325.3466655437,-0.4868713952435078,-1.6667799075636998,-1554.5003711153,0.1690454706995297
BENO_red_61_cutoff_0.0.inp.out,202.44860602689872,-0.1754,0.3313,0.2806,0.0,-1325.2050488675,-0.5229518290515356,-0.6676809469247543,-1554.3717702553,0.1820113100002345
BENO_red_62_cutoff_0.0.inp.out,201.05275911545803,-0.1832,0.3032,0.4916,0.0,-1325.2476490682,-2.1470330857640083,-2.057620679667738,-1554.4160792111,0.1906801308996364
BENO_red_63_cutoff_0.0.inp.out,200.8154970027576,-0.2055,0.2753,0.1861,0.0,-1325.2242042907,-3.1375980509364343,-1.5349469342682749,-1554.3842116869,0.2069014960998174
BENO_red_64_cutoff_0.0.inp.out,199.97701450761215,-0.1839,0.3081,0.5983,0.0,-1325.2651073813,-4.789800733505752,-4.930175655400752,-1554.4333321208,0.1828665982002348
BENO_red_65_cutoff_0.0.inp.out,202.57359708837072,-0.1863,0.323,0.7514,0.0,-1325.1327961169,-1.607864997466545,0.6508898878420333,-1554.3122663797,0.1859826835998319
BENO_red_66_cutoff_0.0.inp.out,202.50887868630355,-0.1841,0.3171,0.3049,0.0,-1325.4435824352,1.0804179715201894,-0.4424261756045293,-1554.6180254043,0.1833040923002045
BENO_red_67_cutoff_0.0.inp.out,201.2035840483072,-0.1685,0.3213,0.4301,0.0,-1325.4129027287,0.3012371584645487,0.7453362418464357,-1554.5853740947,0.1774610112997834
BENO_red_68_cutoff_0.0.inp.out,201.04755513847695,-0.1646,0.329,0.3794,0.0,-1324.9144143403,0.4692988579120433,-0.0834078853975205,-1554.0872058135,0.1705320180008129
BENO_red_69_cutoff_0.0.inp.out,198.97442402724897,-0.1763,0.3086,0.7684,0.0,-1325.3537076917,-2.697412210021336,-3.441540630139908,-1554.5281313189,0.1799187598999196
BENO_red_6_cutoff_0.0.inp.out,201.0221788580798,-0.1739,0.3278,0.4078,0.0,-1324.5187692272,0.1618489631085291,1.1405744583136603,-1553.694031331,0.1815044507002312
BENO_red_70_cutoff_0.0.inp.out,197.72484979357353,-0.1593,0.3255,0.1979,0.0,-1324.7777584362,-0.1415163300122254,-0.6867625511773741,-1553.9519106264,0.1636250125993683
BENO_red_71_cutoff_0.0.inp.out,199.31535245808868,-0.1648,0.3067,0.2229,0.0,-1324.7888812475,-0.9117127320612608,-0.8532752187154629,-1553.9490473372,0.1719524132004153
BENO_red_72_cutoff_0.0.inp.out,200.15923891060967,-0.1571,0.3181,0.4232,0.0,-1324.8331301619,-0.1592170972600625,-1.109521961991463,-1553.9932924166,0.1594550206000349
BENO_red_73_cutoff_0.0.inp.out,200.36118755703353,-0.1468,0.3396,0.2622,0.0,-1325.0589933964,-0.9691608612803242,-0.4043754988819829,-1554.2326297878,0.1515081183997608
BENO_red_74_cutoff_0.0.inp.out,200.2612131794497,-0.186,0.3066,0.4919,0.0,-1324.9884532148,-1.6368942168533638,-1.9904009093815975,-1554.1633922409,0.1902797353995993
BENO_red_75_cutoff_0.0.inp.out,201.75261739382887,-0.1671,0.3404,0.2555,0.0,-1324.9191271591,-0.5594782350493124,-1.02354548341733,-1554.1064754167,0.1711516889999984
BENO_red_76_cutoff_0.0.inp.out,201.48728001379217,-0.1993,0.3102,0.5887,0.0,-1324.9301106727,-0.713288416967983,-2.126471964837952,-1554.1115227684,0.1982935546002409
BENO_red_77_cutoff_0.0.inp.out,200.11006468071895,-0.1684,0.3375,0.4863,0.0,-1325.0348359414,-1.2446813173598992,-0.7707900025161308,-1554.2193284521,0.1783893440997417
BENO_red_78_cutoff_0.0.inp.out,199.7453416712009,-0.1801,0.2999,0.3106,0.0,-1324.9778023206,-0.5068611364812894,-0.0150985456615124,-1554.1374936153,0.1785932623997723
BENO_red_79_cutoff_0.0.inp.out,199.6755107229186,-0.1709,0.3011,0.8664,0.0,-1324.7166510318,-2.995022174842938,-2.9602246711500517,-1553.8665248205,0.1741482670995537
BENO_red_7_cutoff_0.0.inp.out,201.87219918815072,-0.1957,0.3042,0.4353,0.0,-1324.5898069022,1.648345956355722,2.1688248283748592,-1553.7595800106,0.1936738579997836
BENO_red_80_cutoff_0.0.inp.out,199.0736257329247,-0.1766,0.3128,0.1774,0.0,-1325.0498184713,-1.2569179583611088,-0.8110254105661293,-1554.2219172429,0.1810148614995341
BENO_red_81_cutoff_0.0.inp.out,198.97923367748257,-0.1532,0.3311,0.3377,0.0,-1325.129735373,-2.3660086272914795,-2.5825198693437126,-1554.3023830337,0.166818275800324
BENO_red_82_cutoff_0.0.inp.out,198.94235367369055,-0.1714,0.3151,1.075,0.0,-1324.8499864172,-4.535314024952411,-5.957093014011609,-1554.0238716604,0.1775663722992249
BENO_red_83_cutoff_0.0.inp.out,199.82814390011148,-0.1714,0.3148,0.2992,0.0,-1325.0315795935,-1.630146489987285,-0.4007414318259688,-1554.2040743583,0.1764374420999956
BENO_red_84_cutoff_0.0.inp.out,201.40582839876927,-0.1726,0.3333,0.2429,0.0,-1325.4330035913,-1.1457891270593523,-1.702422052762088,-1554.6140988179,0.1716075373997228
BENO_red_85_cutoff_0.0.inp.out,200.6563340489824,-0.1721,0.3098,0.2542,0.0,-1325.3787601939,1.5253882634991367,1.5826633242671564,-1554.542459763,0.1786433014995054
BENO_red_86_cutoff_0.0.inp.out,199.51820928625688,-0.1668,0.3165,0.4628,0.0,-1324.9182426502,1.1149164320331055,0.9237436213388222,-1554.0860218338,0.1728380877002564
BENO_red_87_cutoff_0.0.inp.out,198.84879521961503,-0.1559,0.3339,0.2844,0.0,-1325.3926153464,0.689234169067188,0.2563023416986319,-1554.5623963105,0.160885475899704
BENO_red_88_cutoff_0.0.inp.out,198.6840701516739,-0.1731,0.3024,0.4226,0.0,-1325.3808059935,0.2737523121123382,0.1715726067773668,-1554.5422894237,0.1820583956005066
BENO_red_89_cutoff_0.0.inp.out,199.07543064222733,-0.1779,0.3047,0.3401,0.0,-1325.4787288296,0.7474209753269287,0.4391389862173799,-1554.6482529418,0.184935673200016
BENO_red_8_cutoff_0.0.inp.out,198.2364998984356,-0.1512,0.3301,0.6254,0.0,-1324.5158090551,-2.2568213493524154,-3.760116939089022,-1553.6661236657,0.1642984605996389
BENO_red_90_cutoff_0.0.inp.out,198.60789971060169,-0.1709,0.3157,0.9402,0.0,-1325.5030648383,-2.2441075259763648,-2.1033334319844266,-1554.672111677,0.1783075294997615
BENO_red_91_cutoff_0.0.inp.out,200.3311293976789,-0.1735,0.3208,0.3313,0.0,-1325.3379885228,0.187419904148517,-0.607146390149994,-1554.5035354115,0.179701826499695
BENO_red_92_cutoff_0.0.inp.out,201.3797424934348,-0.1701,0.3181,0.7337,0.0,-1325.6596293157,-0.7953397695899784,0.6004829696906892,-1554.8352311763,0.1778606543994101
BENO_red_93_cutoff_0.0.inp.out,201.06628262925815,-0.1633,0.3288,0.4971,0.0,-1325.3928606741,-1.2419472373262013,-0.460689675947908,-1554.5649387102,0.1679568079998716
BENO_red_94_cutoff_0.0.inp.out,201.09911112343255,-0.1532,0.3383,0.4573,0.0,-1325.4103732385,1.1787834841306928,1.150626221096689,-1554.5834328428,0.1577319694997641
BENO_red_95_cutoff_0.0.inp.out,199.96193664659,-0.1714,0.3177,0.4613,0.0,-1325.5823291381,-0.9496171375266949,-1.7667647061230385,-1554.7593118448,0.1803617854993717
BENO_red_96_cutoff_0.0.inp.out,199.31025860546293,-0.1563,0.3362,0.2926,0.0,-1325.5278395166,-1.0312571114271507,-0.9070690681142158,-1554.7024085371,0.1701252667999142
BENO_red_97_cutoff_0.0.inp.out,197.99989906526835,-0.1524,0.3292,0.247,0.0,-1325.3815653556,-1.822785276718545,-2.391200994399534,-1554.5480192635,0.1654069371998048
BENO_red_98_cutoff_0.0.inp.out,199.56450486658977,-0.1687,0.3201,0.2529,0.0,-1324.9701232853,-0.1259246633106382,0.1870358616832816,-1554.1375541449,0.1703810714998326
BENO_red_99_cutoff_0.0.inp.out,200.3891326962015,-0.1565,0.331,0.3867,0.0,-1325.1037435161,-0.0861037970709646,-0.8499097044619193,-1554.2650820871,0.1733044394004537
BENO_red_9_cutoff_0.0.inp.out,198.3918483464459,-0.1528,0.3104,1.0598,0.0,-1324.7978787372,-0.6069759142546354,0.7183409909520073,-1553.9446795995,0.1663196938998226
