file_name,NRE,HOMO,LUMO,Dipole_mom,Num_waters,chg_chg,elec5,elec10,SCF_E,delE_dft
BENO_red_0_cutoff_7.5.inp.out,197.72484979357353,-0.1597,0.3237,26.1267,50.0,-1307.5284020755,87.84946659012314,18.127357831164904,-5313.241666389,0.1636251966001509
BENO_red_100_cutoff_7.5.inp.out,200.77572652877024,-0.1724,0.3079,17.2595,55.0,-1306.1465403142,-23.90171168672472,-29.44518329038571,-5689.672003841,0.1766098026000691
BENO_red_101_cutoff_7.5.inp.out,199.9012287313004,-0.147,0.3415,21.463,57.0,-1305.7435578426,15.222473496384191,-40.78929543094252,-5840.144028709,0.1564578965999317
BENO_red_102_cutoff_7.5.inp.out,199.03712729691205,-0.1542,0.3327,28.4497,56.0,-1306.2958679314,103.45258544714189,9.455785632618174,-5765.2253553855,0.1573725524003748
BENO_red_103_cutoff_7.5.inp.out,197.97615606600783,-0.1608,0.3205,14.8507,55.0,-1306.5671450419,-9.171662923004469,16.08085540355617,-5689.9820814909,0.1693733892998352
BENO_red_104_cutoff_7.5.inp.out,199.62289637001209,-0.1687,0.3103,20.6203,52.0,-1307.1594390915,-51.39594336216948,32.18247950828094,-5463.9944833281,0.1764378644002135
BENO_red_105_cutoff_7.5.inp.out,201.2736851321774,-0.1634,0.3377,21.2673,50.0,-1308.2694521555,-72.85589565562556,17.186369574879315,-5314.0643016674,0.1708001320002949
BENO_red_106_cutoff_7.5.inp.out,203.1302776416184,-0.1779,0.3325,25.526,53.0,-1306.8770470366,18.512254114568773,38.54015229773006,-5539.2371766587,0.1743187177999061
BENO_red_107_cutoff_7.5.inp.out,202.72626258548183,-0.1637,0.3311,25.0743,56.0,-1305.7390836437,93.30006943809252,2.9118800542392567,-5764.6787387555,0.1668954860997473
BENO_red_108_cutoff_7.5.inp.out,202.0352441915875,-0.1742,0.3062,17.3368,50.0,-1307.8224040705,0.5578292573220539,-22.87822274193728,-5313.5359308114,0.1779150999000194
BENO_red_109_cutoff_7.5.inp.out,201.96171500970095,-0.1825,0.2952,16.4123,55.0,-1306.5550676797,-10.433163159345115,10.222440331471034,-5689.994871916,0.1795057515000735
BENO_red_10_cutoff_7.5.inp.out,198.19669828650535,-0.185,0.3033,11.5392,58.0,-1304.847820306,-89.70068895199421,-12.740554358631954,-5914.8044153728,0.1898977528999239
BENO_red_110_cutoff_7.5.inp.out,199.7178407801088,-0.1703,0.3103,28.8955,56.0,-1306.0844700911,-70.78232708164654,-5.581347307708487,-5765.0543275082,0.1798394554998594
BENO_red_111_cutoff_7.5.inp.out,199.75737179834445,-0.1789,0.3152,26.9936,55.0,-1306.0954159897,-27.844621288750876,44.1205648628227,-5689.5508572549,0.1796825521996652
BENO_red_112_cutoff_7.5.inp.out,197.95562647897592,-0.1614,0.322,16.6006,54.0,-1306.8378944874,-22.616339938222865,6.973437787139077,-5614.6913045516,0.1682297284005471
BENO_red_113_cutoff_7.5.inp.out,200.02071775572952,-0.1823,0.2956,18.6174,54.0,-1306.793599119,18.718827404070524,21.67837914485539,-5614.6954278354,0.1838837570994655
BENO_red_114_cutoff_7.5.inp.out,197.87408067872957,-0.1713,0.3045,17.1588,57.0,-1305.8072987282,-25.239055062472588,-107.19966261424383,-5840.339983894,0.1838735964001898
BENO_red_115_cutoff_7.5.inp.out,199.82866113836707,-0.1542,0.3154,7.0843,57.0,-1305.8395956868,-2.590296252500931,-37.227652295073455,-5840.2867011123,0.1628030367000974
BENO_red_116_cutoff_7.5.inp.out,199.90938337557893,-0.1721,0.3183,15.0525,53.0,-1307.2029270782,59.43798533209909,14.148556213460727,-5539.6292850779,0.1729861106996395
BENO_red_117_cutoff_7.5.inp.out,201.54371324077204,-0.1566,0.3257,4.4208,51.0,-1307.7341934318,9.18090401088148,-3.163526001938069,-5389.0073877971,0.1645619229002477
BENO_red_118_cutoff_7.5.inp.out,202.60138084985945,-0.1756,0.3128,11.6001,55.0,-1306.7098685982,-89.57124828598057,20.778970789461944,-5690.1572454615,0.1778398896003636
BENO_red_119_cutoff_7.5.inp.out,200.77419504274383,-0.1979,0.2991,11.3463,51.0,-1307.9151255309,-93.5754034599274,5.317845690798385,-5389.182844552,0.1984796275000917
BENO_red_11_cutoff_7.5.inp.out,198.5624789732741,-0.152,0.3313,18.5123,57.0,-1305.5682907168,-24.90693444832433,51.867832223929966,-5839.9690809506,0.1615071178002836
BENO_red_120_cutoff_7.5.inp.out,198.11440555207088,-0.1732,0.3018,40.5229,58.0,-1304.9190213303,-43.838314965659,30.620717292053893,-5914.9605583301,0.1821009798004524
BENO_red_121_cutoff_7.5.inp.out,198.59078031846377,-0.1618,0.3175,37.1672,58.0,-1304.884215965,87.77211541956747,51.24813701429674,-5914.867332519,0.1685964192001847
BENO_red_122_cutoff_7.5.inp.out,199.50422355014473,-0.1577,0.3163,31.2576,56.0,-1305.6817985041,-110.66980978917232,-19.10989706255536,-5764.6267255699,0.168599575299595
BENO_red_123_cutoff_7.5.inp.out,199.4573389688069,-0.1519,0.3379,23.0733,54.0,-1306.6399273934,-3.5340755780234963,40.571201674667705,-5614.5143604804,0.1578342222001083
BENO_red_124_cutoff_7.5.inp.out,201.5543857950414,-0.1601,0.331,24.8328,56.0,-1305.8076035884,-104.23597075866256,19.062828831378077,-5764.7654036463,0.1636909935004951
BENO_red_125_cutoff_7.5.inp.out,201.55965062380105,-0.1669,0.3418,42.0353,55.0,-1305.9351126433,53.19233264083837,57.966054277277806,-5689.3004458953,0.1685718837998138
BENO_red_126_cutoff_7.5.inp.out,202.4850169097265,-0.1532,0.3339,36.5119,53.0,-1306.9863016566,-50.62907401722869,-50.982668092424944,-5539.2728232784,0.1533538553003381
BENO_red_127_cutoff_7.5.inp.out,202.37863544759685,-0.1607,0.3366,33.3894,53.0,-1307.0983666111,-232.2282352485037,29.877531177047945,-5539.3639434571,0.1641446860994619
BENO_red_128_cutoff_7.5.inp.out,200.9811810639548,-0.1581,0.3244,35.0678,52.0,-1307.3309266043,-4.409354409702254,9.442197912101506,-5464.1288030535,0.1620827695996922
BENO_red_129_cutoff_7.5.inp.out,199.9349751561564,-0.1371,0.3282,29.6892,56.0,-1305.9346713334,88.30873658197295,-3.388792341686198,-5764.7977126052,0.1449703984999359
BENO_red_12_cutoff_7.5.inp.out,200.02175850870444,-0.1708,0.3129,22.9648,54.0,-1306.3024876547,-25.740116212296694,12.845389427239557,-5614.1711321861,0.1772255616997426
BENO_red_130_cutoff_7.5.inp.out,197.72484979357353,-0.1597,0.3237,26.1267,50.0,-1307.5284536164,87.84901917699773,18.127659620724504,-5313.2417176977,0.1636251217005337
BENO_red_131_cutoff_7.5.inp.out,199.60655384423265,-0.18,0.2992,17.5277,51.0,-1307.2191929223,-74.72667659377146,20.640734024127305,-5388.4607849527,0.1808503473002929
BENO_red_132_cutoff_7.5.inp.out,199.26003579767325,-0.1516,0.3383,27.5102,54.0,-1306.3294998796,-10.840459039342988,0.2460653443651595,-5614.1463970599,0.156679842700214
BENO_red_133_cutoff_7.5.inp.out,200.78480337054472,-0.1596,0.336,24.0445,51.0,-1307.3025226819,-77.52914256383478,-36.25445337774306,-5388.5346412596,0.1633670242999869
BENO_red_134_cutoff_7.5.inp.out,200.54463059888224,-0.1796,0.3193,38.01,51.0,-1307.715569388,19.54901386539176,51.54617347901492,-5389.000338526,0.1793075565001345
BENO_red_135_cutoff_7.5.inp.out,200.55219026029903,-0.1815,0.3197,28.2077,55.0,-1306.5201045409,-98.96903139711628,11.52019390278894,-5689.8698928426,0.1826413791995946
BENO_red_136_cutoff_7.5.inp.out,201.3034611079466,-0.1683,0.3192,34.7245,56.0,-1305.7418709015,-124.57432604791218,-57.93049456975253,-5764.6766241898,0.1677280415997302
BENO_red_137_cutoff_7.5.inp.out,199.29373691262924,-0.1626,0.3326,22.2064,54.0,-1306.2261802202,-62.00303352290047,-57.121753475677686,-5614.0991526608,0.1677608127001804
BENO_red_138_cutoff_7.5.inp.out,199.6801930824089,-0.138,0.3401,21.5907,57.0,-1305.2901539221,12.863003742749438,-25.601311148094595,-5839.7858148941,0.1458835153998734
BENO_red_139_cutoff_7.5.inp.out,199.37946264600677,-0.1512,0.3352,31.2796,57.0,-1305.5156288781,-78.07101593292204,-32.218879916119334,-5839.9710256127,0.1622080350998658
BENO_red_13_cutoff_7.5.inp.out,200.46228787808795,-0.1806,0.3071,24.398,53.0,-1306.5219493502,-79.32521975532202,-9.335923620133403,-5538.815115527,0.1830188037001789
BENO_red_140_cutoff_7.5.inp.out,199.3688137105328,-0.1674,0.323,27.0639,56.0,-1305.5479565243,-83.82759665871875,-33.0999345891317,-5764.5417720369,0.1734634601007201
BENO_red_141_cutoff_7.5.inp.out,199.24395103821269,-0.1652,0.317,24.8247,54.0,-1306.659312438,-68.6436514916523,-74.31258474553496,-5614.5664238207,0.1721876193996649
BENO_red_142_cutoff_7.5.inp.out,198.1951756519454,-0.1619,0.3279,24.4448,52.0,-1307.346201567,-84.8292268285775,-75.42677060806061,-5464.2485443301,0.1685108621004474
BENO_red_143_cutoff_7.5.inp.out,198.83520575700564,-0.1524,0.3215,30.2419,54.0,-1306.5184371426,-16.425334251343045,-55.825046593483975,-5614.3903995097,0.1619975453995721
BENO_red_144_cutoff_7.5.inp.out,199.92093604498208,-0.1805,0.3121,40.9472,54.0,-1306.7376097646,16.95588998290063,29.116004014554303,-5614.6005435554,0.1806447367007422
BENO_red_145_cutoff_7.5.inp.out,200.5194435090532,-0.1927,0.3004,37.3804,54.0,-1306.1264031742,48.08075281330807,3.646671610075544,-5614.0290488925,0.1920013674998699
BENO_red_146_cutoff_7.5.inp.out,201.0812588796491,-0.1784,0.3284,35.221,59.0,-1305.109714582,-45.33390918935183,48.344510223623736,-5990.6263321661,0.1796598192004239
BENO_red_147_cutoff_7.5.inp.out,201.61000174374772,-0.1762,0.3215,25.1697,58.0,-1305.5319947915,32.140146359533354,11.32935805704169,-5915.5303631325,0.1753949218000343
BENO_red_148_cutoff_7.5.inp.out,201.99243780841425,-0.1639,0.3326,26.4228,58.0,-1304.9838888064,24.041371642136852,56.251405132268175,-5915.0151894958,0.1694552160006424
BENO_red_149_cutoff_7.5.inp.out,200.9444370511552,-0.1789,0.3065,37.6829,61.0,-1304.2970936659,116.46358080275198,112.3881915413982,-6140.8713651175,0.1813808926999627
BENO_red_14_cutoff_7.5.inp.out,201.46351967136897,-0.193,0.3016,31.1457,53.0,-1306.6919305016,-103.31454075013492,23.050137150700262,-5539.0106599246,0.190099478600132
BENO_red_150_cutoff_7.5.inp.out,200.23594484786207,-0.1718,0.3146,32.2988,59.0,-1304.9686009303,62.36960353019224,41.83528457841293,-5990.5458828598,0.1778629672999159
BENO_red_151_cutoff_7.5.inp.out,201.0272601682421,-0.169,0.3137,32.1351,57.0,-1305.831762942,-46.38184492233741,11.482977401433695,-5840.2417965356,0.1697477968991734
BENO_red_152_cutoff_7.5.inp.out,198.6756720456088,-0.1714,0.2953,32.1581,60.0,-1304.9325975701,97.1966923053737,76.13164190546779,-6065.9847010883,0.1799928353002542
BENO_red_153_cutoff_7.5.inp.out,200.838801290578,-0.1512,0.3217,33.8111,60.0,-1304.9254023344,52.74674392269806,-36.36375406579448,-6065.9139811388,0.161924273799741
BENO_red_154_cutoff_7.5.inp.out,199.7872738404246,-0.1631,0.3109,35.7985,57.0,-1305.8090147359,1.6257249755151482,-60.209535644010174,-5840.2480254552,0.1699922444995536
BENO_red_155_cutoff_7.5.inp.out,199.4613245107818,-0.1559,0.3254,31.1515,58.0,-1305.1843222609,-44.8413389843531,-142.00897240984264,-5915.1798047301,0.1631920126001205
BENO_red_156_cutoff_7.5.inp.out,200.2882612083185,-0.1528,0.3336,15.0725,53.0,-1307.1246496999,-80.91451209943347,-84.26846789883587,-5539.4652175824,0.1569145571993431
BENO_red_157_cutoff_7.5.inp.out,201.04453383745357,-0.1771,0.3266,16.5316,51.0,-1307.7943729879,0.6528418522578381,44.672089634283424,-5389.0325142254,0.1762115544006519
BENO_red_158_cutoff_7.5.inp.out,201.4296440659244,-0.1771,0.3031,16.8547,52.0,-1307.2140678315,-29.429466873721715,-32.459053529580565,-5463.9621761046,0.1827999064007599
BENO_red_159_cutoff_7.5.inp.out,199.74715028275793,-0.1759,0.3123,18.7482,53.0,-1307.2615880081,-430.8068636028797,24.099258010725848,-5539.6387261914,0.1816402075000951
BENO_red_15_cutoff_7.5.inp.out,201.51712745721733,-0.1514,0.3223,39.0665,56.0,-1305.3779080129,51.08979434517175,30.046900519200243,-5764.2957892136,0.1609092732005592
BENO_red_160_cutoff_7.5.inp.out,198.6533794076091,-0.1362,0.328,5.9208,52.0,-1307.8136050497,-16.884797049881634,-11.935457733802988,-5464.5784935193,0.1477859206006542
BENO_red_161_cutoff_7.5.inp.out,201.5450423514976,-0.1492,0.3331,17.4097,54.0,-1306.782095019,33.2699269300856,6.365473512530294,-5614.6470104096,0.1520328911001343
BENO_red_162_cutoff_7.5.inp.out,200.66241288649067,-0.1538,0.34,20.8819,55.0,-1306.6948766905,8.041745944088014,-8.708731756805511,-5690.1432187554,0.1586491286998352
BENO_red_163_cutoff_7.5.inp.out,199.83629725285925,-0.1835,0.2989,25.9584,56.0,-1305.5335874853,-10.29114607477541,-4.5393410201707765,-5764.5224633299,0.1885518246999709
BENO_red_164_cutoff_7.5.inp.out,200.11035513025087,-0.1606,0.3208,21.0176,57.0,-1305.4200493364,-52.44922951414133,-7.730884350187452,-5839.9132474611,0.1701547678003407
BENO_red_165_cutoff_7.5.inp.out,199.9186909157966,-0.1671,0.3044,27.828,61.0,-1304.1162479358,-20.66601994341913,-55.44952276657959,-6140.7113536236,0.1733225527004833
BENO_red_166_cutoff_7.5.inp.out,198.64473222257664,-0.1736,0.313,14.6928,53.0,-1306.8280891255,-40.722350058294374,-72.49610818392655,-5539.210764625,0.1821625176999077
BENO_red_167_cutoff_7.5.inp.out,199.99734666474384,-0.1676,0.3058,11.7023,51.0,-1307.6406861687,-34.04380013902271,-72.33635109180486,-5389.0044615689,0.1764593365996916
BENO_red_168_cutoff_7.5.inp.out,201.25781289306667,-0.1513,0.3223,17.9096,52.0,-1307.5732283124,18.354481007732453,-91.55923923299837,-5464.4267728023,0.1578193475997977
BENO_red_169_cutoff_7.5.inp.out,203.54840963376293,-0.1962,0.3239,19.2602,51.0,-1307.6092136596,-68.70807486594903,-18.590390248289285,-5388.9368109277,0.1888078616002531
BENO_red_16_cutoff_7.5.inp.out,202.35131266829495,-0.1553,0.3308,27.3142,54.0,-1306.239400481,-0.7045242583385952,47.11794981814701,-5614.066647952,0.160963252300462
BENO_red_170_cutoff_7.5.inp.out,202.38791646865087,-0.1957,0.3117,10.8964,48.0,-1308.6622285488,-32.16163073222899,-5.9002216326744765,-5163.3714272055,0.1935796822999691
BENO_red_171_cutoff_7.5.inp.out,201.92924343020977,-0.1709,0.3268,19.4086,53.0,-1307.2995772849,-3.7127132417626463,-3.242207064665001,-5539.6188037895,0.17412205959954
BENO_red_172_cutoff_7.5.inp.out,198.28862361712228,-0.1682,0.2975,25.3559,53.0,-1307.0701295307,-2.6215837761117826,42.78377991636172,-5539.3802840057,0.1768089749002683
BENO_red_173_cutoff_7.5.inp.out,197.78068733281177,-0.1494,0.3149,26.8867,52.0,-1307.5141482232,63.59855371004388,33.08491271539897,-5464.3239579734,0.1609724238005583
BENO_red_174_cutoff_7.5.inp.out,198.88223099732025,-0.1654,0.3185,25.0701,51.0,-1307.7858725183,23.94108251082495,11.290482898575585,-5389.1236312172,0.1716855692002354
BENO_red_175_cutoff_7.5.inp.out,200.2515030174234,-0.1811,0.3123,29.4517,49.0,-1308.3454297348,31.42525932713688,41.96422311241484,-5238.6038422271,0.1857177925994619
BENO_red_176_cutoff_7.5.inp.out,201.18624090610672,-0.1487,0.3336,31.9381,48.0,-1309.1505015361,31.683852731281327,-0.9459819409134004,-5163.8492622642,0.1548688136999771
BENO_red_177_cutoff_7.5.inp.out,202.6311692702401,-0.1812,0.3242,33.832,50.0,-1308.4891117534,105.87900764471676,61.61199045307285,-5314.3012864427,0.1812186617007682
BENO_red_178_cutoff_7.5.inp.out,203.17410979901183,-0.1565,0.3441,18.212,48.0,-1308.8467294869,156.15073720028818,-12.020861003670012,-5163.5602329,0.1578285093992235
BENO_red_179_cutoff_7.5.inp.out,201.59229595770796,-0.2038,0.2836,35.3467,51.0,-1307.7363916752,-20.27344730878597,41.00695883765301,-5389.0758584101,0.2021957605002171
BENO_red_17_cutoff_7.5.inp.out,201.2484504382203,-0.1675,0.3297,34.0948,53.0,-1306.7622699471,72.48967062361253,167.79568296413663,-5539.0654105546,0.1693628205002824
BENO_red_180_cutoff_7.5.inp.out,197.72484979357353,-0.1597,0.3237,26.1267,50.0,-1307.5283549845,87.85072873757127,18.12749353400148,-5313.2416209642,0.163625256499472
BENO_red_181_cutoff_7.5.inp.out,199.489766768064,-0.1715,0.3013,17.4607,51.0,-1307.2227351853,-41.46448146655028,19.760116291705227,-5388.4567061353,0.1743030732004626
BENO_red_182_cutoff_7.5.inp.out,199.60995816401729,-0.1403,0.3356,23.3834,51.0,-1307.3617351022,36.34676512489121,-23.991037380286205,-5388.5681088884,0.1479370275001201
BENO_red_183_cutoff_7.5.inp.out,199.4963321895708,-0.1594,0.3375,23.074,53.0,-1306.7190017575,-71.03360890716661,-0.4960075107542193,-5539.0024373328,0.1609736323007382
BENO_red_184_cutoff_7.5.inp.out,199.54566667033805,-0.1612,0.321,28.6411,55.0,-1305.6235756408,-4.494096704423237,9.7842470405352,-5689.0199424999,0.1692926154000815
BENO_red_185_cutoff_7.5.inp.out,199.81322658169591,-0.1613,0.3249,30.3257,53.0,-1306.6638478214,105.59242412634228,-15.751293171132374,-5538.9409203761,0.1668099808994156
BENO_red_186_cutoff_7.5.inp.out,200.2579501482961,-0.1831,0.3096,31.6984,53.0,-1306.5488509234,-16.341813852235934,-10.464486001800676,-5538.8911971365,0.185876002000441
BENO_red_187_cutoff_7.5.inp.out,200.9093579086706,-0.1775,0.3173,37.804,52.0,-1307.1684015514,5.9083612501772,-0.9693191019550836,-5463.9647929634,0.183478879199356
BENO_red_188_cutoff_7.5.inp.out,201.8552044062039,-0.1848,0.3239,31.3149,53.0,-1306.4979830795,-8.924436284362239,9.673808034206797,-5538.847391294,0.1850778345997241
BENO_red_189_cutoff_7.5.inp.out,200.8672752709867,-0.1739,0.3209,28.003,56.0,-1305.5169392555,52.22025814444365,7.220803367807733,-5764.4302057807,0.1788274003001788
BENO_red_18_cutoff_7.5.inp.out,199.99103023329445,-0.1661,0.3179,40.6489,54.0,-1306.16104549,45.45676286519134,86.83623110488602,-5614.0380344575,0.1740258319996428
BENO_red_190_cutoff_7.5.inp.out,200.87789762908747,-0.1567,0.3247,32.0221,58.0,-1304.9889731088,54.756397292368064,25.40307127372218,-5914.9465447492,0.1646633734999341
BENO_red_191_cutoff_7.5.inp.out,199.3064165175186,-0.1775,0.307,22.8723,56.0,-1305.6599740634,40.61770807292571,32.91396382976112,-5764.6326710276,0.184253059299408
BENO_red_192_cutoff_7.5.inp.out,199.0891994956772,-0.1774,0.3183,25.2371,55.0,-1306.1206779054,21.971080008659857,36.85206641669686,-5689.5211568492,0.1829299512000943
BENO_red_193_cutoff_7.5.inp.out,199.20185674286736,-0.189,0.2936,21.8295,55.0,-1306.0474196202,-48.97322500338782,17.826862283763223,-5689.4264338611,0.1944062904995007
BENO_red_194_cutoff_7.5.inp.out,199.86378541945476,-0.1744,0.2959,23.8408,57.0,-1305.41162751,-42.34254935956553,-3.3384384478700335,-5839.8388490834,0.1794167137004478
BENO_red_195_cutoff_7.5.inp.out,200.90597481762404,-0.1975,0.3052,18.1535,54.0,-1305.9903678619,-2.1782160517040836,-0.2757927238754541,-5613.8865536041,0.1962346930995409
BENO_red_196_cutoff_7.5.inp.out,200.35428339714937,-0.1835,0.3183,24.6909,56.0,-1305.7239357077,0.7047112896783215,-3.2636407860965257,-5764.6071488086,0.1868070769996848
BENO_red_197_cutoff_7.5.inp.out,199.43381845553156,-0.1812,0.3145,27.2908,55.0,-1306.0931337416,-32.71360746511862,-4.649267868423137,-5689.496041351,0.1825452025996128
BENO_red_198_cutoff_7.5.inp.out,201.00714147714655,-0.1874,0.3047,22.6207,51.0,-1307.1162289318,-60.227963311219646,-22.546302081400437,-5388.3703976022,0.1867365961998075
BENO_red_199_cutoff_7.5.inp.out,201.52905076440777,-0.1467,0.3374,17.1208,53.0,-1306.8686719494,75.68448266158063,-13.470631743799483,-5539.1480354668,0.1538598715997068
BENO_red_19_cutoff_7.5.inp.out,199.0632844194482,-0.1612,0.326,32.262,53.0,-1306.8761215993,-52.581867458213736,-27.241494817622645,-5539.2503790022,0.1667894161000731
BENO_red_1_cutoff_7.5.inp.out,199.70614616230944,-0.1724,0.3027,17.1586,51.0,-1307.2023135156,-42.32581489589667,18.801271694822496,-5388.4346472593,0.1743365019992779
BENO_red_200_cutoff_7.5.inp.out,201.59099131617756,-0.154,0.3253,17.0539,50.0,-1307.976062892,87.18452249740983,54.00806103657572,-5313.6729179665,0.1613764591002109
BENO_red_201_cutoff_7.5.inp.out,200.37907932011672,-0.1737,0.3155,16.0881,47.0,-1308.5624010098,13.053366047433029,9.568819602958229,-5087.6365818223,0.1790544410005168
BENO_red_202_cutoff_7.5.inp.out,199.1518659302401,-0.157,0.3272,15.9623,48.0,-1308.5153017306,91.04087465085593,40.819690898662806,-5163.1345144156,0.1629024740996101
BENO_red_203_cutoff_7.5.inp.out,198.89138890837663,-0.162,0.3308,17.0508,52.0,-1306.837039932,288.4571014369728,56.631889678806054,-5463.5537013215,0.1677927363998606
BENO_red_204_cutoff_7.5.inp.out,200.51792341038387,-0.1735,0.3222,24.0623,49.0,-1308.0846671588,42.196028369363056,65.17488240593961,-5238.3155526365,0.1741317432997675
BENO_red_205_cutoff_7.5.inp.out,199.81376400996996,-0.1978,0.296,21.837,51.0,-1307.2002711748,261.128383054057,50.267837622954296,-5388.560685465,0.1959237380997365
BENO_red_206_cutoff_7.5.inp.out,200.52641453456505,-0.1777,0.3014,23.6083,55.0,-1306.2292417153,22.38952133386853,42.95093523290311,-5689.6501479969,0.183579328900123
BENO_red_207_cutoff_7.5.inp.out,199.8486403119514,-0.1655,0.3205,28.8587,55.0,-1306.0040698704,-15.873530958913182,18.8145652218404,-5689.3788796722,0.1678436417996636
BENO_red_208_cutoff_7.5.inp.out,199.53147737293384,-0.1568,0.3379,26.7587,52.0,-1307.0856093471,59.275273513266875,13.5736277498743,-5463.8684843996,0.16240541570005
BENO_red_209_cutoff_7.5.inp.out,200.20874945081923,-0.1516,0.3384,25.1251,55.0,-1306.3910895527,67.80962203125819,48.77877241667198,-5689.7432757463,0.1560875203003888
BENO_red_20_cutoff_7.5.inp.out,197.72484979357353,-0.1597,0.3237,26.1267,50.0,-1307.5284170318,87.84914572285815,18.12732526011899,-5313.2416811879,0.1636249927005337
BENO_red_210_cutoff_7.5.inp.out,199.32498656077985,-0.151,0.3421,26.9473,54.0,-1306.4674212019,100.0741999532623,79.63203532634033,-5614.2597944813,0.154595795399473
BENO_red_211_cutoff_7.5.inp.out,199.96274772658967,-0.1667,0.3262,33.9335,54.0,-1306.5342431547,-68.93897962098453,55.87876264417255,-5614.3991889787,0.1696513809993121
BENO_red_212_cutoff_7.5.inp.out,200.7149197833151,-0.1758,0.3069,29.6372,53.0,-1306.97607842,-49.34915568444936,11.299403607156377,-5539.3575232251,0.1806508354993639
BENO_red_213_cutoff_7.5.inp.out,201.21872415035176,-0.1754,0.3089,27.4616,57.0,-1305.5515127406,22.95457014558458,11.084977330968254,-5839.9613009238,0.1800404896002874
BENO_red_214_cutoff_7.5.inp.out,200.19267773684135,-0.1719,0.3226,22.7937,56.0,-1305.9551128803,24.637863165276485,8.763671738603568,-5764.8380708407,0.1770468636996156
BENO_red_215_cutoff_7.5.inp.out,200.26478660176568,-0.192,0.2961,30.9888,51.0,-1307.3517282961,-27.790491339333855,79.7024334650173,-5388.6688712377,0.1952789402994312
BENO_red_216_cutoff_7.5.inp.out,200.66483629465935,-0.1807,0.314,33.5638,53.0,-1306.82071076,-29.36867813042273,82.44105929614899,-5539.1546304553,0.1828448086998833
BENO_red_217_cutoff_7.5.inp.out,199.64215566628195,-0.1967,0.301,34.7929,56.0,-1305.8953134832,10.63487518927353,90.57375383956892,-5764.8237874109,0.1975597769005617
BENO_red_218_cutoff_7.5.inp.out,200.01236791370167,-0.1876,0.3087,40.312,58.0,-1305.0429743223,-166.41862068707627,-63.40075746048978,-5915.1003043018,0.1909336527996856
BENO_red_219_cutoff_7.5.inp.out,200.89555404415336,-0.179,0.3205,46.4089,56.0,-1305.6783343611,-37.495209564052224,-12.506660759032606,-5764.6573442581,0.1830433768000148
BENO_red_21_cutoff_7.5.inp.out,199.1449169170883,-0.1727,0.3007,17.7607,51.0,-1307.1937454626,-47.44911526599979,19.013258365387127,-5388.4246722157,0.1756036745991878
BENO_red_220_cutoff_7.5.inp.out,202.80847867176033,-0.2059,0.2937,41.0397,56.0,-1305.7374529033,-65.83836933703918,30.826887785252,-5764.7074899506,0.2034677092005949
BENO_red_221_cutoff_7.5.inp.out,201.341586086561,-0.1993,0.3027,43.2874,58.0,-1304.9894553346,196.3373683793035,120.34067161090012,-5915.0838477608,0.199552433300596
BENO_red_222_cutoff_7.5.inp.out,200.1345056546478,-0.1698,0.3236,36.3173,60.0,-1304.22661742,13.045170687619208,25.590476862072148,-6065.2268684651,0.1758934909003073
BENO_red_223_cutoff_7.5.inp.out,198.84081124718932,-0.1849,0.3025,38.0705,58.0,-1305.1441513066,-5.6241084182843855,20.72095759485055,-5915.115226447,0.1888004648999413
BENO_red_224_cutoff_7.5.inp.out,197.576902312688,-0.1726,0.296,32.5333,55.0,-1306.0767949564,-6.679723458554892,0.5742472781958707,-5689.4609778721,0.1818051333002586
BENO_red_225_cutoff_7.5.inp.out,198.89522081586097,-0.195,0.2994,43.8506,55.0,-1306.021994689,-16.97675967148585,66.50046585167577,-5689.3940589604,0.1975115935001667
BENO_red_226_cutoff_7.5.inp.out,200.49141198105625,-0.1728,0.3171,38.1335,56.0,-1305.8163456767,53.74089462769887,54.66001168078471,-5764.7410583392,0.1777526662999662
BENO_red_227_cutoff_7.5.inp.out,201.11257092706975,-0.1702,0.3253,36.856,56.0,-1306.0582929789,-68.7696369039248,-23.582755714065,-5765.0524783794,0.1753264843000579
BENO_red_228_cutoff_7.5.inp.out,201.44896915242157,-0.1947,0.2985,32.6727,55.0,-1306.3384544971,-172.79174627570205,32.47314235885862,-5689.7958049254,0.1982134824993409
BENO_red_229_cutoff_7.5.inp.out,201.90760768271903,-0.1798,0.3051,32.873,55.0,-1306.2481394739,-175.04157563060363,-53.72613267669427,-5689.6648169364,0.1844798585998432
BENO_red_22_cutoff_7.5.inp.out,199.46706273495175,-0.1652,0.322,19.2146,53.0,-1306.4550552002,-36.9105845588548,-20.732916423201296,-5538.7173527901,0.1700667397999495
BENO_red_230_cutoff_7.5.inp.out,198.01214094487733,-0.1664,0.2957,33.5086,56.0,-1305.6991114141,4.45638131756937,-13.031527547481025,-5764.6158802345,0.1791530387999955
BENO_red_231_cutoff_7.5.inp.out,197.2526828103672,-0.1543,0.3242,41.2944,53.0,-1306.9701678762,-36.41787664040629,-107.31986382518812,-5539.2991914569,0.1658107475996075
BENO_red_232_cutoff_7.5.inp.out,197.78244751764836,-0.1391,0.3256,34.2894,55.0,-1305.8189667195,-7.876305559840498,-76.21798994104594,-5689.1859816174,0.1509149038001851
BENO_red_233_cutoff_7.5.inp.out,197.71544403834136,-0.163,0.3012,36.3714,54.0,-1306.3316856315,-116.44990648639482,-139.82002104517633,-5614.2414762321,0.1760040489998573
BENO_red_234_cutoff_7.5.inp.out,197.10523347370483,-0.1859,0.2844,29.0703,53.0,-1306.814345445,-78.71627764452062,-55.97996103824367,-5539.1490163024,0.1965030353003385
BENO_red_235_cutoff_7.5.inp.out,201.06494830032003,-0.1516,0.317,30.204,56.0,-1305.6816494696,70.56314066122287,-25.902115723156413,-5764.5901037433,0.1558997304991862
BENO_red_236_cutoff_7.5.inp.out,198.72318343457664,-0.1487,0.3465,35.5995,58.0,-1305.2089574277,31.432400764884655,33.85553965222655,-5915.2124814316,0.1591624559996489
BENO_red_237_cutoff_7.5.inp.out,200.64890812877968,-0.1733,0.3283,41.1095,57.0,-1305.4515600276,112.35522129639676,77.42012479962253,-5839.874604327,0.1723298316001091
BENO_red_238_cutoff_7.5.inp.out,200.68229240571023,-0.177,0.3119,42.5251,55.0,-1306.0119876718,45.48499377630135,3.70100868530439,-5689.4398316102,0.1810103232000983
BENO_red_239_cutoff_7.5.inp.out,200.32354258408503,-0.179,0.3164,41.2263,58.0,-1305.3171535169,-4.197227255771937,-48.76767938017557,-5915.326894212,0.1828814119999151
BENO_red_23_cutoff_7.5.inp.out,200.9824358488872,-0.1656,0.3206,21.8776,53.0,-1306.9148560537,-117.23487770888612,-28.75600738787853,-5539.2077771193,0.1710468341998421
BENO_red_240_cutoff_7.5.inp.out,197.72484979357353,-0.1597,0.3237,26.1267,50.0,-1307.5284685764,87.8487731954351,18.12734887700162,-5313.2417331814,0.1636250229003053
BENO_red_241_cutoff_7.5.inp.out,199.3159002916736,-0.1678,0.3029,17.4745,51.0,-1307.2236538805,-40.48421480122862,21.38341770010362,-5388.4571790093,0.1715929826004867
BENO_red_242_cutoff_7.5.inp.out,200.0644706777753,-0.1515,0.3384,22.9594,50.0,-1307.5918100379,34.676449714198654,-11.25858998963335,-5313.2817829082,0.1572855842005083
BENO_red_243_cutoff_7.5.inp.out,201.18329011850176,-0.1705,0.3202,21.2101,51.0,-1307.5782280987,-360.0313950012685,-33.668352257849264,-5388.7868400802,0.1752978520007673
BENO_red_244_cutoff_7.5.inp.out,202.82378473547823,-0.1638,0.3447,26.9768,54.0,-1306.3838537798,85.93680739341538,1.2742130125418234,-5614.1972967876,0.1634679905000666
BENO_red_245_cutoff_7.5.inp.out,202.3003001794664,-0.1761,0.326,22.7322,53.0,-1306.4977442001,-51.35949270727707,-34.22882477606345,-5538.8426124223,0.1738270167006703
BENO_red_246_cutoff_7.5.inp.out,203.56665192123376,-0.1725,0.3362,27.6977,53.0,-1306.6234381089,-26.289787859348067,18.74156705265265,-5538.9480272424,0.1720214779998059
BENO_red_247_cutoff_7.5.inp.out,202.16090563107804,-0.1924,0.3181,28.4065,48.0,-1308.0091310486,-77.02957992451549,-12.153555929078426,-5162.7251912209,0.1860032260001389
BENO_red_248_cutoff_7.5.inp.out,200.76619893024943,-0.1556,0.3347,26.9239,50.0,-1308.0139377416,23.994294805134885,-11.86206472312867,-5313.7262282713,0.16039700049987
BENO_red_249_cutoff_7.5.inp.out,200.7160735369652,-0.1543,0.345,26.3395,54.0,-1306.4537921468,72.11542455243011,15.359433733502444,-5614.2794902452,0.1586949980001009
BENO_red_24_cutoff_7.5.inp.out,201.1797374330262,-0.1785,0.3241,20.4584,54.0,-1306.8628514846,-101.73809780591073,16.306113292866844,-5614.7217473232,0.1789323762995991
BENO_red_250_cutoff_7.5.inp.out,200.63416429266243,-0.1729,0.3239,18.5065,52.0,-1307.4175172507,11.630466213813824,34.65482750552593,-5464.2255593314,0.1740879014996608
BENO_red_251_cutoff_7.5.inp.out,199.3646262346016,-0.1689,0.3165,17.6557,52.0,-1307.101591131,8.315474612042426,10.6331954698661,-5463.8740986793,0.17627487270056
BENO_red_252_cutoff_7.5.inp.out,199.71473140341084,-0.1718,0.3101,22.8706,53.0,-1307.0764507367,124.51502423251114,-6.371606195853711,-5539.4263641414,0.1779531240999858
BENO_red_253_cutoff_7.5.inp.out,200.29626673728103,-0.1718,0.316,29.1421,53.0,-1307.2492128573,70.62924337755614,-1.4667337673949643,-5539.5270341477,0.1754491373003475
BENO_red_254_cutoff_7.5.inp.out,201.1744939829667,-0.1945,0.2815,27.1562,58.0,-1305.5835574048,-63.34196307456039,-37.45792777971449,-5915.5946238834,0.1965960692004955
BENO_red_255_cutoff_7.5.inp.out,200.6060863852596,-0.1618,0.3177,27.0066,56.0,-1306.2011373832,-16.817309862049747,-16.628823782180373,-5765.087950159,0.1686528782001914
BENO_red_256_cutoff_7.5.inp.out,199.17778508076495,-0.1631,0.318,27.9507,54.0,-1306.7525506462,42.95728151786451,54.36752463277735,-5614.5643039186,0.1715546129998983
BENO_red_257_cutoff_7.5.inp.out,200.43133235960929,-0.1772,0.3144,34.005,55.0,-1306.8536431267,-56.31969687025541,35.001600761426204,-5690.2336809147,0.1835486068002865
BENO_red_258_cutoff_7.5.inp.out,201.95858727645992,-0.1883,0.3214,24.3815,54.0,-1306.8901597828,-15.819931929277184,22.162300823985845,-5614.7839811333,0.1896645160995831
BENO_red_259_cutoff_7.5.inp.out,202.05638991212615,-0.1685,0.3234,28.4168,53.0,-1307.2369824044,-64.34983509042246,-15.681315138979356,-5539.5342297778,0.1717929208998612
BENO_red_25_cutoff_7.5.inp.out,202.33877589497487,-0.1829,0.322,23.1402,56.0,-1305.8003163498,-69.15686936967138,-45.52837621514349,-5764.7737334933,0.1813541755000187
BENO_red_260_cutoff_7.5.inp.out,199.3323925736087,-0.1792,0.3134,29.4875,53.0,-1307.4022801513,38.216909616620384,-30.594327036993032,-5539.7855425333,0.1831296596001266
BENO_red_261_cutoff_7.5.inp.out,199.8417372021276,-0.1636,0.303,30.8716,52.0,-1307.8829321211,16.470361687405294,23.782282588570062,-5464.6414682839,0.168394485400313
BENO_red_262_cutoff_7.5.inp.out,198.14260092109672,-0.1706,0.3207,33.7514,48.0,-1309.2048670232,50.868437119300594,6.367269149477783,-5163.8610221245,0.1789675218997217
BENO_red_263_cutoff_7.5.inp.out,200.50815841340167,-0.1646,0.3041,29.1845,50.0,-1308.2918889761,-80.42521407037592,-74.49106648597925,-5313.9843461142,0.1708476709000024
BENO_red_264_cutoff_7.5.inp.out,201.5149986126075,-0.1709,0.3173,27.8869,53.0,-1306.7986678417,9.756762871713736,-65.0419428776065,-5539.1590365221,0.1775092384004892
BENO_red_265_cutoff_7.5.inp.out,200.88419639492497,-0.1685,0.3167,19.0448,52.0,-1307.1436442874,-62.789387031848726,-12.233400606710578,-5463.9736173104,0.1760698195002987
BENO_red_266_cutoff_7.5.inp.out,200.33753646314395,-0.1715,0.3259,17.3988,53.0,-1306.7416500225,-55.75664083906174,0.6491094252835989,-5539.0744910794,0.1734108579994426
BENO_red_267_cutoff_7.5.inp.out,200.29690537919532,-0.2009,0.2997,25.083,53.0,-1307.2670562107,-141.42775858774095,-81.04154430464013,-5539.6576507097,0.2014664428998003
BENO_red_268_cutoff_7.5.inp.out,202.1191551537444,-0.1775,0.3093,18.5121,55.0,-1306.2968462114,-130.81783768067288,-37.00101943218927,-5689.7155580563,0.1810210902003746
BENO_red_269_cutoff_7.5.inp.out,201.1072663725726,-0.1542,0.3317,17.4719,56.0,-1306.244531355,-34.500951954594576,-29.78841985476238,-5765.1705589749,0.161771309800315
BENO_red_26_cutoff_7.5.inp.out,201.86296050598256,-0.1724,0.32,30.3515,56.0,-1305.6172464868,-43.37392058557463,-5.201048005600707,-5764.465199739,0.1742267955996794
BENO_red_270_cutoff_7.5.inp.out,201.5723248279599,-0.1465,0.3545,18.8992,57.0,-1305.4494894484,-1.35831870706761,-17.142294534436683,-5839.8862298058,0.1495833647004474
BENO_red_271_cutoff_7.5.inp.out,200.75154059902408,-0.1641,0.3272,14.6176,57.0,-1305.3741873943,-129.40788006339037,-20.12367673782889,-5839.8530338789,0.166156313999636
BENO_red_272_cutoff_7.5.inp.out,200.5651663774904,-0.1733,0.3205,18.2076,63.0,-1303.5174049814,-100.986799163868,-57.718819068203906,-6291.2394256291,0.1757111766000889
BENO_red_273_cutoff_7.5.inp.out,200.24051701952536,-0.1546,0.3377,21.2804,61.0,-1304.306300289,0.3708377928736458,-30.109345285498986,-6140.9144126878,0.1612827503004155
BENO_red_274_cutoff_7.5.inp.out,199.2520159989489,-0.175,0.3105,23.2316,61.0,-1303.9560176218,7.603252780955695,-23.015655810294056,-6140.6215669506,0.178816949600332
BENO_red_275_cutoff_7.5.inp.out,200.1200160841053,-0.1558,0.323,23.3938,55.0,-1306.1181428093,-12.199938182055872,10.73496782457366,-5689.5396316622,0.1654805525004121
BENO_red_276_cutoff_7.5.inp.out,200.2418497728425,-0.1893,0.313,22.2893,52.0,-1307.3114471066,24.193751668650755,22.519962636971737,-5464.1785724491,0.1889391852000699
BENO_red_277_cutoff_7.5.inp.out,203.22773117469495,-0.1833,0.3147,18.806,53.0,-1306.6938975001,-1.8064583708586075,39.658964651273266,-5539.1205058673,0.1830663045002438
BENO_red_278_cutoff_7.5.inp.out,202.75339603483764,-0.148,0.3499,26.3632,52.0,-1306.8545020995,12.451662349002504,54.3827535872012,-5463.7009987184,0.1514870332002829
BENO_red_279_cutoff_7.5.inp.out,200.8302882337889,-0.1767,0.3142,24.4679,51.0,-1307.5179287919,26.758184402496667,11.237434309474056,-5388.9142839646,0.1792150719002165
BENO_red_27_cutoff_7.5.inp.out,201.9064516012531,-0.1723,0.3368,22.5432,56.0,-1305.8069628414,-12.735426760351368,62.85107695243511,-5764.663657258,0.1728463019999253
BENO_red_280_cutoff_7.5.inp.out,198.52458499232543,-0.1743,0.3023,21.6188,51.0,-1307.5290065633,6.832251615962679,38.49281518209263,-5388.8471236382,0.1857036629999129
BENO_red_281_cutoff_7.5.inp.out,198.3359261592578,-0.1782,0.2958,20.3492,52.0,-1307.0001984619,54.07676732615792,29.70192803440512,-5463.8425650335,0.1854289600996708
BENO_red_282_cutoff_7.5.inp.out,200.07751053269257,-0.1822,0.3001,24.4685,53.0,-1306.6316092751,29.48697247321064,42.999833263672166,-5539.0103326995,0.1846587293994162
BENO_red_283_cutoff_7.5.inp.out,201.02355122569412,-0.1492,0.3418,18.9265,54.0,-1306.2388570957,23.495478674492848,52.48646299907335,-5614.1370444202,0.1571192964001966
BENO_red_284_cutoff_7.5.inp.out,200.71003367001532,-0.19,0.3126,15.3606,58.0,-1305.231852609,-69.14990539329173,4.657699049594898,-5915.324794495,0.1913031748008506
BENO_red_285_cutoff_7.5.inp.out,201.32776251614484,-0.1669,0.3251,17.5957,57.0,-1305.6713564839,-12.467137607017788,24.66673214007266,-5840.14934682,0.1701244582000072
BENO_red_286_cutoff_7.5.inp.out,201.5865876090306,-0.1887,0.3061,16.4322,55.0,-1306.0260262414,-1.4632648952643754,-29.79943642433727,-5689.5149771966,0.1870965149000767
BENO_red_287_cutoff_7.5.inp.out,202.0259230566065,-0.1545,0.3415,16.8367,59.0,-1304.9948148148,-1.290971589018941,5.112707239227865,-5990.5308991213,0.1578016418998231
BENO_red_288_cutoff_7.5.inp.out,201.55484825801335,-0.1806,0.3122,29.6719,56.0,-1305.766311409,-30.043950406840256,-5.976987762301133,-5764.775973307,0.1856451082003332
BENO_red_289_cutoff_7.5.inp.out,202.11060481536924,-0.1684,0.318,37.8307,61.0,-1303.731664085,-45.12524326606719,-25.72475858983684,-6140.3575770468,0.1755696643995179
BENO_red_28_cutoff_7.5.inp.out,201.77699042916893,-0.1798,0.3181,21.9442,56.0,-1305.6405127266,-77.84791710246243,42.64222651851733,-5764.5349851773,0.1790927666997959
BENO_red_290_cutoff_7.5.inp.out,197.72484979357353,-0.1597,0.3237,26.1267,50.0,-1307.5284038021,87.85081915492243,18.127510164428433,-5313.241667976,0.1636250888004724
BENO_red_291_cutoff_7.5.inp.out,199.2445156323458,-0.1681,0.3022,17.6415,51.0,-1307.1646686797,-51.11725012992642,27.423600422532196,-5388.3978266816,0.1718047766999006
BENO_red_292_cutoff_7.5.inp.out,200.61280792323524,-0.1523,0.3342,24.8396,51.0,-1307.2434650774,2.3278988134973,-35.09159192627209,-5388.4892828345,0.1564697485000579
BENO_red_293_cutoff_7.5.inp.out,201.6760327928992,-0.1447,0.3437,28.7515,53.0,-1306.6269045081,-96.65697403821316,-45.55450419342584,-5538.9003039133,0.1493306177999329
BENO_red_294_cutoff_7.5.inp.out,200.9520458464619,-0.1805,0.3206,29.6585,55.0,-1306.2366717609,-99.77037822557844,-40.001120606209454,-5689.6222940535,0.1802489096999124
BENO_red_295_cutoff_7.5.inp.out,203.00252427187428,-0.1628,0.3306,29.5225,52.0,-1306.9908161949,-136.32892569951045,-34.43732083729026,-5463.7597307606,0.167641836799703
BENO_red_296_cutoff_7.5.inp.out,202.57963151752384,-0.1641,0.3259,45.0356,53.0,-1306.5540994154,-47.580172431679486,24.00935906953964,-5538.8548237513,0.1685422120999646
BENO_red_297_cutoff_7.5.inp.out,202.01048691219205,-0.1628,0.3309,36.1445,56.0,-1305.5438729721,-145.49441175094438,-38.93062437630934,-5764.4730657645,0.1648462866996851
BENO_red_298_cutoff_7.5.inp.out,200.67028317698777,-0.1768,0.322,38.4937,56.0,-1305.538540815,31.57089576797467,31.874583038700372,-5764.4612091373,0.1777618074002021
BENO_red_299_cutoff_7.5.inp.out,199.72045700669688,-0.157,0.3222,38.7622,56.0,-1305.576682881,-8.650549213804753,-14.774709849012051,-5764.5099484596,0.1638987306996568
BENO_red_29_cutoff_7.5.inp.out,200.9822770951486,-0.1588,0.3254,14.9652,53.0,-1306.7469486883,76.99834190967972,57.078043946864135,-5539.0274835394,0.1607790318003026
BENO_red_2_cutoff_7.5.inp.out,200.89946306081575,-0.1508,0.3335,26.778,53.0,-1306.4804982826,-16.178640546771557,-8.905895924347693,-5538.7532658048,0.156201596199935
BENO_red_300_cutoff_7.5.inp.out,200.7504035340907,-0.1782,0.3129,34.2765,56.0,-1305.8920507104,-72.59481888254601,-44.34709306974827,-5764.8560802135,0.1805059199996321
BENO_red_301_cutoff_7.5.inp.out,200.46814391301328,-0.1631,0.3283,35.3079,58.0,-1305.1267209402,-112.79048125441656,43.88323776367637,-5915.0970698038,0.1688407746996745
BENO_red_302_cutoff_7.5.inp.out,200.41312869789024,-0.1542,0.3278,36.8253,54.0,-1306.3533657593,-19.530484600900635,50.84134267239408,-5614.269058261,0.1563151452000966
BENO_red_303_cutoff_7.5.inp.out,198.68901276969623,-0.1919,0.3021,35.636,51.0,-1307.6237114983,-104.99385796272686,-25.635839288796035,-5388.9517677313,0.1944902305003779
BENO_red_304_cutoff_7.5.inp.out,198.0110742576691,-0.1708,0.3177,27.7855,55.0,-1306.2757206613,-92.60090456023848,21.594705650602933,-5689.6551515119,0.175905439100461
BENO_red_305_cutoff_7.5.inp.out,198.7694501183318,-0.1482,0.3208,25.487,60.0,-1304.2257338065,-183.60470353923745,27.336378966187272,-6065.2913040445,0.160146579600223
BENO_red_306_cutoff_7.5.inp.out,198.9863104555405,-0.1372,0.333,27.8382,55.0,-1306.1981673067,-24.24025079992416,-13.550752099217146,-5689.6336741676,0.1511454387991762
BENO_red_307_cutoff_7.5.inp.out,199.71010968861395,-0.1536,0.3079,38.5584,55.0,-1306.0253622812,20.8778071025074,24.94641889784037,-5689.3972310145,0.1648997717002203
BENO_red_308_cutoff_7.5.inp.out,202.0411103580055,-0.1772,0.3274,46.8842,60.0,-1304.8145184154,-12.515398557729808,-12.71504981435689,-6065.8978643697,0.1779814096998961
BENO_red_309_cutoff_7.5.inp.out,203.26138226699436,-0.1682,0.3362,42.7138,58.0,-1305.0178051046,2.8477178043674045,41.445560856848225,-5915.0583939313,0.1701088745003289
BENO_red_30_cutoff_7.5.inp.out,200.5492927680702,-0.1357,0.3409,15.2018,58.0,-1305.484566792,23.36049812649994,15.21832815907178,-5915.405222744,0.1465603501001169
BENO_red_310_cutoff_7.5.inp.out,203.0905954283482,-0.1619,0.3262,38.7702,56.0,-1305.7368688463,54.23269395747982,77.47156415157018,-5764.6079740446,0.1674645107996184
BENO_red_311_cutoff_7.5.inp.out,202.7548515562956,-0.1715,0.3274,39.8724,55.0,-1305.7574404651,199.4996252923666,146.15193172922267,-5689.1779837485,0.1711122836004506
BENO_red_312_cutoff_7.5.inp.out,198.38258258293527,-0.1775,0.3119,39.2067,49.0,-1307.8810704473,87.58106045265998,170.71204047212356,-5238.1748592841,0.1830972108000423
BENO_red_313_cutoff_7.5.inp.out,200.0745468271598,-0.1525,0.3209,35.2264,50.0,-1307.7094729739,110.50750965103548,85.52092081774357,-5313.4343366677,0.1622061733996815
BENO_red_314_cutoff_7.5.inp.out,199.20237720095065,-0.1597,0.3224,44.461,54.0,-1306.6602714637,107.59228749273794,62.07045285083433,-5614.6392907527,0.169481050399554
BENO_red_315_cutoff_7.5.inp.out,198.72238809575452,-0.1716,0.3101,52.8952,58.0,-1304.618426383,57.41609629741621,126.3668273206004,-5914.7035104256,0.1772359934002452
BENO_red_316_cutoff_7.5.inp.out,197.66774546300792,-0.1845,0.3032,56.3919,54.0,-1306.4172656408,119.92351984649902,177.9483365617078,-5614.3741457991,0.1883520096998836
BENO_red_317_cutoff_7.5.inp.out,199.24208993814045,-0.164,0.3093,50.9905,53.0,-1306.8453188612,83.5671987833191,127.72966143277009,-5539.2550426203,0.1705251568992025
BENO_red_318_cutoff_7.5.inp.out,196.41958999954093,-0.155,0.3196,53.2273,53.0,-1306.6422723084,55.62051767447033,106.26445513975756,-5539.059293417,0.1650311128996691
BENO_red_319_cutoff_7.5.inp.out,199.15138570000417,-0.1714,0.2869,48.4878,53.0,-1306.8295157223,-38.05979693535742,31.76948410454549,-5539.2079275346,0.1758012765994863
BENO_red_31_cutoff_7.5.inp.out,199.4275074019814,-0.1375,0.3508,15.5382,53.0,-1306.788257297,14.423596811893754,23.155193863372933,-5539.050013492,0.1479742658002578
BENO_red_320_cutoff_7.5.inp.out,199.4240178008517,-0.1716,0.3267,36.6627,55.0,-1305.8512299373,47.68619252388494,10.529863432515638,-5689.2331486015,0.176667761700628
BENO_red_321_cutoff_7.5.inp.out,199.41077745524615,-0.1713,0.3124,42.598,57.0,-1305.28638185,7.326986813446164,47.274011816128706,-5839.787546494,0.1796671513002365
BENO_red_322_cutoff_7.5.inp.out,200.3625942024675,-0.1928,0.2961,30.2336,58.0,-1304.7742606521,61.51463845260178,100.07666726506224,-5914.8196308745,0.1912456805002875
BENO_red_323_cutoff_7.5.inp.out,202.10390915537877,-0.1792,0.3206,35.0625,55.0,-1305.6945101979,145.76427043619196,148.75782458292915,-5689.1329626752,0.1783204688999831
BENO_red_324_cutoff_7.5.inp.out,201.42064379367412,-0.16,0.3331,28.8023,53.0,-1306.2818576154,39.35386212639053,7.757354588431003,-5538.6484492768,0.1654115603005266
BENO_red_325_cutoff_7.5.inp.out,199.90849818876669,-0.1868,0.3035,26.9277,56.0,-1305.6190710025,-4.3060156317079965,8.477030054681148,-5764.6013717682,0.1869487213007232
BENO_red_326_cutoff_7.5.inp.out,200.14701601101424,-0.1656,0.3153,25.4338,55.0,-1305.6683353836,-0.0667028153466739,9.640929467010306,-5689.0971001774,0.1739883919008207
BENO_red_327_cutoff_7.5.inp.out,198.99564509255487,-0.1605,0.319,35.3329,53.0,-1306.4944011063,-42.61087771427603,23.529997955916297,-5538.8310616945,0.170603189600115
BENO_red_328_cutoff_7.5.inp.out,198.7180794215919,-0.1837,0.3,40.4766,56.0,-1305.4471926533,53.42193650338669,94.95780055862096,-5764.3763232189,0.1886588934003157
BENO_red_329_cutoff_7.5.inp.out,199.21163934998555,-0.1713,0.3105,33.5158,58.0,-1304.6972053594,42.648912537443046,75.71184254790757,-5914.6806553552,0.1756105568001658
BENO_red_32_cutoff_7.5.inp.out,198.5143634684889,-0.1708,0.316,9.6179,55.0,-1306.2611844318,7.0580799609565155,-36.61347142945602,-5689.6627562582,0.1739109690997793
BENO_red_330_cutoff_7.5.inp.out,199.3785667528144,-0.1613,0.3168,31.3467,57.0,-1304.9671271794,164.39377286776747,206.81272264688877,-5839.4050013631,0.1695143335000466
BENO_red_331_cutoff_7.5.inp.out,198.4995506496569,-0.1511,0.3238,28.166,53.0,-1306.6410710909,87.81207695473961,109.43044733686448,-5538.9735903577,0.1606911429998945
BENO_red_332_cutoff_7.5.inp.out,200.21853872856607,-0.1694,0.3138,33.798,53.0,-1306.4123980861,-13.776067590480723,25.35312517902215,-5538.7192807531,0.1738249262998579
BENO_red_333_cutoff_7.5.inp.out,199.7969358493398,-0.1683,0.3085,22.8881,55.0,-1305.8676057423,12.471243907948374,-6.199532507350683,-5689.2842409764,0.1763510234995919
BENO_red_334_cutoff_7.5.inp.out,200.60557043714704,-0.1852,0.3023,21.4972,56.0,-1305.6856608658,-46.636059076449584,-31.32740806513508,-5764.6729900806,0.1888549696996051
BENO_red_335_cutoff_7.5.inp.out,199.79142526810497,-0.1651,0.3086,13.6744,55.0,-1305.662190378,-102.98926577379936,-8.921006190914007,-5689.0100484791,0.1739999230994726
BENO_red_336_cutoff_7.5.inp.out,199.84504340108876,-0.1867,0.2958,16.2593,56.0,-1305.8629699102,-53.82468519794657,-16.505896982545075,-5764.8199558782,0.1903144719999545
BENO_red_337_cutoff_7.5.inp.out,199.774471922936,-0.1657,0.3102,11.3024,54.0,-1305.9942428543,2.4115269372358585,0.0882261470427838,-5613.8383650942,0.1743905549001283
BENO_red_338_cutoff_7.5.inp.out,200.2105247176165,-0.1466,0.3445,8.9566,54.0,-1305.9995218728,56.36417360158747,-39.8991797131008,-5613.8555193747,0.1543924962998062
BENO_red_339_cutoff_7.5.inp.out,200.38717293268357,-0.1564,0.3313,16.4488,53.0,-1306.4044755979,38.57392628890572,13.1928009010157,-5538.7269102189,0.1653621186997043
BENO_red_33_cutoff_7.5.inp.out,199.64661258914865,-0.1488,0.3489,17.8553,54.0,-1306.8029339145,66.26501536785467,55.394465644838235,-5614.6359311404,0.1544341404005536
BENO_red_340_cutoff_7.5.inp.out,201.8852046457313,-0.1692,0.3065,34.524,57.0,-1305.4639746398,-92.19928942713372,-94.18138818634031,-5839.9535646603,0.1746528857993325
BENO_red_341_cutoff_7.5.inp.out,201.27567314812632,-0.1712,0.3147,39.4744,52.0,-1307.1311894148,-38.58232949451375,-26.78448674315849,-5463.9164887837,0.181023215199275
BENO_red_342_cutoff_7.5.inp.out,201.3374004220951,-0.1627,0.3256,28.4992,51.0,-1307.5176247156,-72.83656051843168,-15.525984364125028,-5388.8206630641,0.1657555617002799
BENO_red_343_cutoff_7.5.inp.out,200.39949814156284,-0.1842,0.3032,18.8345,49.0,-1308.1566296472,-16.153950021316536,-47.89681051702699,-5238.3341973862,0.1921659779000037
BENO_red_344_cutoff_7.5.inp.out,200.93002678208333,-0.1869,0.3182,25.6726,52.0,-1307.2936439435,0.5133146627557514,-40.86008789471194,-5464.0791483007,0.1898021236993372
BENO_red_345_cutoff_7.5.inp.out,199.91799851207588,-0.1745,0.314,31.2218,54.0,-1306.3805688859,-58.49199503042015,-30.92405910807528,-5614.2148859732,0.1827884229996925
BENO_red_346_cutoff_7.5.inp.out,200.209356302186,-0.15,0.3409,30.4116,54.0,-1306.5233639953,74.80866860780024,-13.129569191264022,-5614.3759861266,0.1542516910003541
BENO_red_347_cutoff_7.5.inp.out,200.77452962875816,-0.164,0.3204,36.8922,52.0,-1307.2559923959,-37.69842693027243,-56.09171278796433,-5464.036418924,0.1673368849997132
BENO_red_348_cutoff_7.5.inp.out,200.37394225991497,-0.1691,0.3195,42.9064,52.0,-1307.2959949658,-48.39412466155856,-37.544436518753464,-5464.1230596079,0.1705910602004223
BENO_red_349_cutoff_7.5.inp.out,201.119394653881,-0.1655,0.3189,32.9072,52.0,-1307.4664887276,26.509233569265515,-36.469240533998295,-5464.207749141,0.1715856131004329
BENO_red_34_cutoff_7.5.inp.out,199.47209208221588,-0.1789,0.31,11.027,51.0,-1307.7821374136,12.87120055564004,30.796254399936625,-5389.037998065,0.1866389670994976
BENO_red_350_cutoff_7.5.inp.out,197.72484979357353,-0.1597,0.3237,26.1267,50.0,-1307.5284170318,87.84905470671109,18.127302586003623,-5313.2416811879,0.1636249926004893
BENO_red_351_cutoff_7.5.inp.out,199.49844407578735,-0.1771,0.2975,18.0934,51.0,-1307.2731249236,-61.78290735648885,21.13576490295705,-5388.5152953714,0.1786786800994377
BENO_red_352_cutoff_7.5.inp.out,200.1121267928099,-0.1464,0.3386,29.1393,55.0,-1305.9033613207,-43.41970439718549,-48.23107624821886,-5689.242987995,0.1525681453003926
BENO_red_353_cutoff_7.5.inp.out,201.1748365104984,-0.1491,0.3356,26.1879,53.0,-1306.8936760355,-34.965488644719535,-11.647308440227128,-5539.1707390208,0.1553394785996715
BENO_red_354_cutoff_7.5.inp.out,201.78254487590465,-0.1751,0.3335,26.5589,52.0,-1307.0926145595,-58.92769487390094,-2.423851707339743,-5463.8768632704,0.1742429948999415
BENO_red_355_cutoff_7.5.inp.out,201.718906111746,-0.1956,0.2927,16.6597,50.0,-1307.7762269635,-80.64877218869677,17.636823356723234,-5313.5252748286,0.1958743083996523
BENO_red_356_cutoff_7.5.inp.out,200.2745419289657,-0.1691,0.3316,29.3413,50.0,-1308.1788481127,-46.93062532112591,-35.84307530340427,-5313.8930645919,0.1713473037998483
BENO_red_357_cutoff_7.5.inp.out,200.5213093138388,-0.1806,0.2986,31.0724,55.0,-1306.1631555907,-43.74360349450367,15.800634086834329,-5689.6068117967,0.1864141333999214
BENO_red_358_cutoff_7.5.inp.out,200.92343176520845,-0.1757,0.3193,34.3978,60.0,-1304.7004775603,1.379883206536738,30.881605200103877,-6065.8291790275,0.180090709799515
BENO_red_359_cutoff_7.5.inp.out,200.0929458765385,-0.1759,0.3052,40.2631,62.0,-1303.9134242464,-1.025314364399963,46.89342128876081,-6216.0512050143,0.1822847861994887
BENO_red_35_cutoff_7.5.inp.out,199.32938450723927,-0.1882,0.2973,7.6182,52.0,-1307.1713352442,-84.99544331743024,42.532102403413994,-5464.0029387941,0.1913877480001247
BENO_red_360_cutoff_7.5.inp.out,199.43842226032493,-0.1669,0.3146,34.6957,60.0,-1304.8809358882,-74.75752124418749,-4.919581582908668,-6066.0207731335,0.173530173099607
BENO_red_361_cutoff_7.5.inp.out,199.14121151945335,-0.184,0.2972,36.8398,61.0,-1304.3486132356,10.671615913328395,53.54100869245845,-6140.9309878198,0.1907750629006841
BENO_red_362_cutoff_7.5.inp.out,199.16556120603627,-0.1463,0.3394,36.7283,60.0,-1304.8471980327,74.83111907220422,23.043748775325188,-6065.8795267946,0.1566943615998752
BENO_red_363_cutoff_7.5.inp.out,199.66233128818257,-0.1481,0.3329,29.7673,58.0,-1305.3530524554,-14.333331524608456,28.879384608654075,-5915.3508100083,0.1575452244996995
BENO_red_364_cutoff_7.5.inp.out,198.0293980047233,-0.182,0.3139,38.9254,59.0,-1305.1871154649,59.52678916723595,32.38950195768278,-5990.7889071976,0.1834455623002213
BENO_red_365_cutoff_7.5.inp.out,200.49580639736664,-0.1673,0.3034,25.4283,54.0,-1306.8340656626,-29.469051945749367,21.71955716373024,-5614.7113638333,0.1723222194996196
BENO_red_366_cutoff_7.5.inp.out,199.91858458727853,-0.1626,0.3092,19.3451,54.0,-1307.6298249608,-41.86066216460394,-1.140068066310962,-5615.4236929703,0.1728882799998246
BENO_red_367_cutoff_7.5.inp.out,199.60197707597445,-0.1807,0.3077,17.9522,55.0,-1307.365067578,-51.75519075046871,7.415074287831617,-5690.7421163385,0.1849043956999594
BENO_red_368_cutoff_7.5.inp.out,200.55248644772425,-0.154,0.3299,19.5922,52.0,-1307.5236156476,43.446469649098034,-2.2593554487273373,-5464.2983742705,0.1599522863007223
BENO_red_369_cutoff_7.5.inp.out,200.7012230335611,-0.1892,0.3043,21.8119,54.0,-1307.1632371412,-5.47728430909116,23.71099464065184,-5615.0507139746,0.1924825905998659
BENO_red_36_cutoff_7.5.inp.out,199.4340393504127,-0.1752,0.3007,6.3962,52.0,-1307.1782457178,-86.52626220753918,40.90336797846237,-5464.0288553414,0.1811807526000848
BENO_red_370_cutoff_7.5.inp.out,201.7219015357613,-0.1803,0.3218,24.2934,53.0,-1307.3408280385,-35.088282555621596,-79.30791583755786,-5539.7108956514,0.1811523053993369
BENO_red_371_cutoff_7.5.inp.out,202.50645909156196,-0.1916,0.3129,30.6548,52.0,-1307.6501165374,-67.66801643623602,14.07220572062629,-5464.5146715756,0.1895566337998389
BENO_red_372_cutoff_7.5.inp.out,201.8326914405948,-0.18,0.3279,31.8528,52.0,-1307.7723472502,11.392323595015796,-38.285449442184216,-5464.628097082,0.1791447384002822
BENO_red_373_cutoff_7.5.inp.out,200.31640103835028,-0.1699,0.3185,37.9585,54.0,-1307.3184200885,-55.25451164616574,2.5502621609217555,-5615.1570331358,0.1737586544004443
BENO_red_374_cutoff_7.5.inp.out,197.91984034552837,-0.1637,0.328,44.6288,51.0,-1308.0741193701,59.777010437893225,-56.99836464552621,-5389.3370233352,0.1706433917006506
BENO_red_375_cutoff_7.5.inp.out,198.19007441403343,-0.179,0.2912,39.4059,50.0,-1308.4781964503,-51.60140972206501,-3.404010711946724,-5314.1718969442,0.1844088148000082
BENO_red_376_cutoff_7.5.inp.out,199.6830769010792,-0.1752,0.2964,38.7165,52.0,-1307.6436389761,14.896035494381684,37.23429389343771,-5464.481438959,0.1839346054994166
BENO_red_377_cutoff_7.5.inp.out,200.8547140556995,-0.1758,0.3177,41.7441,51.0,-1308.5540100689,36.83832875836536,59.15670269894997,-5389.8422748131,0.1806259873001181
BENO_red_378_cutoff_7.5.inp.out,200.98043191615673,-0.1687,0.3029,44.0712,53.0,-1307.255750964,-62.51891689958561,8.59641140129468,-5539.6087652498,0.1746585520995722
BENO_red_379_cutoff_7.5.inp.out,201.00814749726024,-0.1769,0.3209,53.3158,54.0,-1307.0156764964,60.1414480916522,41.08437319870188,-5614.9154952083,0.1800957774994458
BENO_red_37_cutoff_7.5.inp.out,200.67728439039436,-0.1554,0.3386,22.0437,54.0,-1306.7633922771,126.41725015776684,91.0877393765893,-5614.5321056305,0.1605110413001966
BENO_red_380_cutoff_7.5.inp.out,200.12922308402605,-0.1934,0.2981,54.4495,54.0,-1307.0627823013,32.756509637345644,64.37964148831351,-5614.9308960944,0.1966454010998859
BENO_red_381_cutoff_7.5.inp.out,199.77945152600668,-0.1959,0.2759,49.3937,54.0,-1307.3903422976,3.060636446402155,98.31984523325414,-5615.3111955365,0.2004847240004892
BENO_red_382_cutoff_7.5.inp.out,199.64947829653852,-0.1832,0.2958,52.2535,53.0,-1307.3596203444,10.90588748904134,58.4831112533981,-5539.6870676232,0.1870028907997039
BENO_red_383_cutoff_7.5.inp.out,201.4237941024735,-0.205,0.2963,43.4028,54.0,-1307.2863423878,-74.17051788812515,-36.05258969809455,-5615.1984125727,0.2028274565000174
BENO_red_384_cutoff_7.5.inp.out,200.45159174765303,-0.1931,0.3013,34.9862,52.0,-1308.0162859268,-111.86114528946078,-11.164452760208132,-5464.837754539,0.1974971186000402
BENO_red_385_cutoff_7.5.inp.out,201.6443257494822,-0.1749,0.3085,32.0425,54.0,-1306.9665693595,17.015789054025593,-23.68571659519659,-5614.8356843714,0.1767608100999496
BENO_red_386_cutoff_7.5.inp.out,202.1156556423607,-0.179,0.3134,31.1678,53.0,-1307.4242517971,17.056402204957518,5.656380206650968,-5539.7749887648,0.1834058591002758
BENO_red_387_cutoff_7.5.inp.out,199.74603901417075,-0.1851,0.3144,37.7521,51.0,-1308.3567965728,-39.2879409615099,-89.96967167890806,-5389.6585810324,0.1894085912999799
BENO_red_388_cutoff_7.5.inp.out,199.7629524637037,-0.1753,0.3153,32.0541,51.0,-1307.6777655565,20.608762263737898,-24.309727218824264,-5388.9972895437,0.1814471626003069
BENO_red_389_cutoff_7.5.inp.out,198.4805895748909,-0.1634,0.3217,28.7094,54.0,-1306.5243250791,-5.525817488389833,18.356391842452012,-5614.4060924157,0.171734402400034
BENO_red_38_cutoff_7.5.inp.out,201.1329337264282,-0.1854,0.294,19.4827,59.0,-1304.8689467065,-20.7889724995983,136.71677161843678,-5990.3913763769,0.1894711592995008
BENO_red_390_cutoff_7.5.inp.out,199.0164628331258,-0.1671,0.311,23.2726,60.0,-1304.6553155971,95.02483341771088,82.07435943560387,-6065.7249485721,0.1789554638999106
BENO_red_391_cutoff_7.5.inp.out,200.72283837622845,-0.1755,0.3124,16.0199,56.0,-1305.9846100344,70.77600856297812,68.7572929705646,-5764.8936580068,0.1814325286004532
BENO_red_392_cutoff_7.5.inp.out,200.10182199631083,-0.1653,0.3242,17.0625,58.0,-1304.9569846928,-55.75653128943135,28.097220258785352,-5915.0029435149,0.174083082699326
BENO_red_393_cutoff_7.5.inp.out,201.24466725063,-0.1723,0.3077,24.3638,55.0,-1306.0785979304,-6.2901249614277965,-9.566100136890917,-5689.5217573761,0.174995952399513
BENO_red_394_cutoff_7.5.inp.out,202.8981271778825,-0.1645,0.3343,34.7309,54.0,-1306.4619773722,-46.28717056005228,-62.15298112106964,-5614.4419938532,0.1682145003005644
BENO_red_395_cutoff_7.5.inp.out,202.46216658647612,-0.1772,0.3064,28.0104,51.0,-1307.4892775187,-74.81204635631026,-7.1797724684642485,-5388.8592040121,0.1809685606003768
BENO_red_396_cutoff_7.5.inp.out,200.99051946717483,-0.1716,0.3181,20.2837,58.0,-1305.3160725313,-14.42089617700727,25.027808163434823,-5915.3745720671,0.1758868238002833
BENO_red_397_cutoff_7.5.inp.out,200.16905247143055,-0.1968,0.2866,33.441,56.0,-1306.093768144,-65.78924409121036,-78.04760820384601,-5765.0879896413,0.2006806070994571
BENO_red_398_cutoff_7.5.inp.out,199.42603801148215,-0.172,0.3263,34.1052,55.0,-1306.4264146903,-20.53202687718852,17.625136996534852,-5689.8451366786,0.1769705172000613
BENO_red_399_cutoff_7.5.inp.out,198.2957412286264,-0.1822,0.3018,26.4452,56.0,-1305.8226814356,19.29882431716123,65.61901936396642,-5764.7216636357,0.1853296601002512
BENO_red_39_cutoff_7.5.inp.out,199.6766307683701,-0.1239,0.3685,24.6584,56.0,-1305.4691076915,177.32127409044747,84.95790435810163,-5764.4330992758,0.1374310292003429
BENO_red_3_cutoff_7.5.inp.out,201.07203518745888,-0.1531,0.3396,20.0793,53.0,-1306.67569772,-58.85928925361758,-11.755715974085785,-5538.9292802005,0.1550849412997195
BENO_red_400_cutoff_7.5.inp.out,197.72484979357353,-0.1597,0.3237,26.1267,50.0,-1307.5283829546,87.85097188759514,18.127863490889975,-5313.2416471562,0.1636248544000409
BENO_red_401_cutoff_7.5.inp.out,199.61675050298183,-0.173,0.3011,17.3724,51.0,-1307.1585452619,-44.60315485364054,18.678915763313867,-5388.392261352,0.1753871557002639
BENO_red_402_cutoff_7.5.inp.out,199.78572098294143,-0.1547,0.3325,25.9082,50.0,-1307.6799314319,-40.543956503264496,11.09625373757726,-5313.3661181316,0.1617716164000739
BENO_red_403_cutoff_7.5.inp.out,201.12009328225136,-0.1517,0.3255,28.3419,52.0,-1307.3734209742,-80.7679677979273,-32.33376644526188,-5464.1067748032,0.1558068113999979
BENO_red_404_cutoff_7.5.inp.out,201.98000833751755,-0.1791,0.3114,23.9554,55.0,-1306.0811529796,-144.7230923453057,-51.03479675027233,-5689.4794881076,0.1811187705998236
BENO_red_405_cutoff_7.5.inp.out,202.6763197190495,-0.191,0.3172,37.6152,55.0,-1306.2164353762,38.10297410620468,4.419985460213767,-5689.5820406557,0.19049516890027
BENO_red_406_cutoff_7.5.inp.out,202.89467398918725,-0.1931,0.3101,28.4663,55.0,-1305.9936463421,-279.7799758498512,-46.45077701963569,-5689.4015421723,0.1913303351002468
BENO_red_407_cutoff_7.5.inp.out,201.3387894013536,-0.1728,0.3144,35.5014,55.0,-1306.127134465,-63.83614328991612,-29.71277880446292,-5689.492764507,0.1795323256001211
BENO_red_408_cutoff_7.5.inp.out,201.3330948514825,-0.1795,0.3262,28.9412,56.0,-1305.7520683153,-113.27532093539044,-22.768499118284563,-5764.6202710164,0.1830978921998394
BENO_red_409_cutoff_7.5.inp.out,200.98917336005735,-0.1725,0.314,31.7302,58.0,-1305.0435925294,-46.861944649043075,-26.63163823392331,-5914.9766030221,0.1778175036997709
BENO_red_40_cutoff_7.5.inp.out,200.08466723171912,-0.1718,0.3113,25.2696,54.0,-1306.7642382329,46.97283033373259,146.16442985408725,-5614.7287277148,0.1762653946007049
BENO_red_410_cutoff_7.5.inp.out,200.9199520218972,-0.168,0.3224,31.1322,60.0,-1304.3930573575,-85.21555626197068,-39.54784984011574,-6065.3944094228,0.1743690096000136
BENO_red_411_cutoff_7.5.inp.out,200.37543533923332,-0.1603,0.3318,46.9699,58.0,-1305.526243113,-42.27395782203529,-58.999411906611165,-5915.5100806777,0.168463452099786
BENO_red_412_cutoff_7.5.inp.out,200.07894392718745,-0.1598,0.3242,49.8276,58.0,-1305.2269522757,4.1835471947340155,-5.213394566911032,-5915.1889197216,0.1683431254996321
BENO_red_413_cutoff_7.5.inp.out,201.31019958820136,-0.1641,0.3245,42.7193,55.0,-1306.3763538894,15.125791621043115,7.723353085717237,-5689.7697845087,0.1679536582996661
BENO_red_414_cutoff_7.5.inp.out,201.45055792492627,-0.1887,0.3058,39.8011,54.0,-1306.629369113,-36.14121382129429,16.599692124667264,-5614.5165037467,0.191360392000206
BENO_red_415_cutoff_7.5.inp.out,202.3965427098601,-0.19,0.3266,47.4396,57.0,-1305.1118852086,36.370519957943394,-20.47529625149111,-5839.6467554238,0.1896555264002017
BENO_red_416_cutoff_7.5.inp.out,204.68635953500905,-0.1556,0.3272,40.2424,54.0,-1306.1899210735,3.919894353212813,-82.6403000681278,-5614.1354252509,0.1589420427999357
BENO_red_417_cutoff_7.5.inp.out,200.30589878771667,-0.1726,0.3184,45.2419,55.0,-1306.0293469407,71.92899053383745,8.66885638254531,-5689.4688673022,0.1780997621999631
BENO_red_418_cutoff_7.5.inp.out,200.0919470716109,-0.1701,0.3043,41.3072,54.0,-1306.2465133921,-55.397281167403925,-33.08467250322346,-5614.1801120862,0.1790328823999516
BENO_red_419_cutoff_7.5.inp.out,198.8319930960728,-0.1593,0.3159,43.7776,55.0,-1306.3053052478,56.032184569427194,-116.80192528003532,-5689.7774395028,0.166052002699871
BENO_red_41_cutoff_7.5.inp.out,200.6176792609452,-0.1801,0.3066,20.9331,54.0,-1306.0397536055,-41.732364327032414,29.331896352236942,-5613.958748804,0.1860970062998603
BENO_red_420_cutoff_7.5.inp.out,197.6323593789376,-0.1693,0.3142,44.9769,58.0,-1305.1072572884,-7.055580712245283,-6.738891102694916,-5915.111328319,0.1759551823006404
BENO_red_421_cutoff_7.5.inp.out,200.25229964633843,-0.1564,0.3217,52.7608,59.0,-1304.3810605195,16.10342665569878,16.629127810519286,-5989.8830609828,0.1607839174002947
BENO_red_422_cutoff_7.5.inp.out,199.5600880766414,-0.1728,0.3152,36.3852,57.0,-1305.6467121779,-10.930625238531755,30.79984685138514,-5840.0977481357,0.1785216988000684
BENO_red_423_cutoff_7.5.inp.out,201.36532091096413,-0.163,0.3383,32.3292,55.0,-1306.1257706992,27.871459674083763,6.944198587011093,-5689.5474640096,0.1692336214000533
BENO_red_424_cutoff_7.5.inp.out,202.2599100677613,-0.1887,0.3069,34.4637,56.0,-1305.8666180047,45.033103068091094,13.219499364171371,-5764.8332692183,0.188656338099463
BENO_red_425_cutoff_7.5.inp.out,200.53026434651383,-0.1813,0.3037,40.7576,55.0,-1305.9025352775,49.87970303886827,58.98666229015925,-5689.2836120733,0.1873552076003761
BENO_red_426_cutoff_7.5.inp.out,199.985482700117,-0.1732,0.3221,38.8621,55.0,-1306.1831117458,79.82427659065927,-37.942997549527675,-5689.5755286336,0.1757519167995269
BENO_red_427_cutoff_7.5.inp.out,199.44971640399615,-0.1519,0.3235,34.411,55.0,-1306.6174818628,-83.52287219214091,-95.25430584188658,-5689.9395578497,0.1633575223995649
BENO_red_428_cutoff_7.5.inp.out,198.32232379672504,-0.1514,0.3418,39.4954,57.0,-1305.584486897,26.49432338973654,4.522266993721917,-5840.0098427973,0.1573729404999539
BENO_red_429_cutoff_7.5.inp.out,198.98354045873788,-0.1521,0.3203,31.9107,56.0,-1305.7042914341,30.046920717391977,19.69750712742595,-5764.6058170622,0.1591413449996253
BENO_red_42_cutoff_7.5.inp.out,200.8922610458418,-0.1882,0.3135,20.1706,50.0,-1307.5751084051,-51.87846146321794,67.56130920496634,-5313.3584145947,0.1891963087000476
BENO_red_430_cutoff_7.5.inp.out,198.39043323562183,-0.1583,0.3172,35.1315,56.0,-1305.8443014655,-34.14336545356696,-51.82833589670679,-5764.7606224018,0.1670055053000396
BENO_red_431_cutoff_7.5.inp.out,198.8255841396797,-0.1751,0.3022,45.9503,60.0,-1304.337208821,-74.19824324120148,-37.93815101221557,-6065.3565885755,0.1847309219001545
BENO_red_432_cutoff_7.5.inp.out,200.1052069538638,-0.1926,0.3078,39.8064,59.0,-1304.9913485806,-105.38588728026284,-55.97680933626992,-5990.5196260715,0.1974408175001372
BENO_red_433_cutoff_7.5.inp.out,201.98343315413487,-0.1956,0.3025,43.5845,58.0,-1305.0216025626,-64.73198522353222,-24.905395821631437,-5915.0471427305,0.1947797131997504
BENO_red_434_cutoff_7.5.inp.out,202.44078174156084,-0.1546,0.329,42.8438,57.0,-1305.5824020423,39.238917735036985,7.371361278006909,-5840.0489855357,0.1613899074000073
BENO_red_435_cutoff_7.5.inp.out,201.73505233426752,-0.1946,0.2959,36.299,54.0,-1306.8154047062,-35.91771130082677,-7.804638389806672,-5614.6313090467,0.1904767843998343
BENO_red_436_cutoff_7.5.inp.out,200.3156072675586,-0.1828,0.3308,47.6164,56.0,-1305.5844813537,16.50032324543368,13.268209242936235,-5764.5425250328,0.1845971529000962
BENO_red_437_cutoff_7.5.inp.out,201.56194307518012,-0.1663,0.3262,51.2039,55.0,-1306.1024297192,93.08870933594582,69.49822734496209,-5689.4822570365,0.1697472897003535
BENO_red_438_cutoff_7.5.inp.out,199.3128738746413,-0.1915,0.3097,46.4892,56.0,-1305.4919286131,53.23689890780137,24.848241637211256,-5764.4450815772,0.197810052600289
BENO_red_439_cutoff_7.5.inp.out,200.2077791391833,-0.1728,0.3062,42.8261,57.0,-1305.6112757093,-31.59272426719689,7.762828492631296,-5840.1191695777,0.1782185623997065
BENO_red_43_cutoff_7.5.inp.out,200.7807758020535,-0.149,0.3585,32.8487,51.0,-1307.8423736455,70.87693149450645,133.54352455582767,-5389.1154678275,0.1521146883997062
BENO_red_440_cutoff_7.5.inp.out,200.0036130992156,-0.1694,0.322,35.2815,57.0,-1305.6134630306,10.110674354940883,33.73850498102701,-5840.1590452064,0.1777618345004157
BENO_red_441_cutoff_7.5.inp.out,200.25239113611045,-0.1844,0.3121,51.2298,52.0,-1307.3190714201,115.43564447881124,228.34281135239988,-5464.1940426838,0.1887788622998414
BENO_red_442_cutoff_7.5.inp.out,200.9024702419401,-0.1862,0.3002,43.1288,53.0,-1306.8806926284,100.3807884552812,195.16177772547348,-5539.2466300716,0.1915712570998948
BENO_red_443_cutoff_7.5.inp.out,200.061154002086,-0.1961,0.3053,47.5979,52.0,-1307.2911575725,-33.07707995560381,23.54564950585854,-5464.1907820228,0.1953255958005684
BENO_red_444_cutoff_7.5.inp.out,200.4127285077612,-0.1808,0.3008,39.1791,56.0,-1306.1323474123,-137.55421878570257,-46.928578322498296,-5765.1349233579,0.1853876649001904
BENO_red_445_cutoff_7.5.inp.out,199.52601405726756,-0.1566,0.3287,37.9823,56.0,-1306.2112789605,54.84831846781947,46.49021295846818,-5765.1258838513,0.1678779450994625
BENO_red_446_cutoff_7.5.inp.out,199.7398832323325,-0.1779,0.3121,34.6433,54.0,-1306.7007459536,-12.010714890120324,9.408962599936617,-5614.5694219763,0.1813851041997622
BENO_red_447_cutoff_7.5.inp.out,199.31057005574095,-0.1711,0.3214,40.5841,54.0,-1306.6793776983,-132.89765652314065,37.42971198800625,-5614.6168560099,0.1810902744000486
BENO_red_448_cutoff_7.5.inp.out,199.93588446520633,-0.1766,0.316,49.3561,58.0,-1305.6885552145,37.25795963423187,41.067630414768686,-5915.7239057149,0.1798766087003969
BENO_red_449_cutoff_7.5.inp.out,201.87111853751003,-0.1878,0.2997,49.9903,54.0,-1307.110360909,1.189437185506223,94.90755957092853,-5614.9896059925,0.1886584221992961
BENO_red_44_cutoff_7.5.inp.out,199.06709732526107,-0.1739,0.3131,26.585,50.0,-1308.1117724497,22.596708554867515,71.15437325994392,-5313.856127378,0.1782213506994594
BENO_red_450_cutoff_7.5.inp.out,197.72484979357353,-0.1597,0.3237,26.1267,50.0,-1307.5284170318,87.8492646577322,18.127346798468174,-5313.2416811879,0.1636249925004449
BENO_red_451_cutoff_7.5.inp.out,199.82047225845065,-0.1762,0.2966,18.4247,51.0,-1307.2320030246,-61.01990318079389,16.913468121562605,-5388.4725329714,0.1785201462998884
BENO_red_452_cutoff_7.5.inp.out,199.81027253163208,-0.1565,0.3478,28.0802,53.0,-1306.6045773902,-48.08808921846916,-21.21486445931456,-5538.8372325807,0.1609960873993259
BENO_red_453_cutoff_7.5.inp.out,201.279195435497,-0.1518,0.329,22.2157,54.0,-1306.3131104902,-87.68191647613314,-39.568233538497466,-5614.1293389989,0.1577569320998009
BENO_red_454_cutoff_7.5.inp.out,199.736339174225,-0.1863,0.3136,29.959,52.0,-1306.6988861643,-24.20074606806515,-23.88978502191368,-5463.4716925055,0.1883795924995865
BENO_red_455_cutoff_7.5.inp.out,200.12316303332005,-0.1668,0.3396,32.993,50.0,-1308.0801393316,79.0388075561216,21.713952768556624,-5313.8021064228,0.1704239806995247
BENO_red_456_cutoff_7.5.inp.out,201.71061916604003,-0.1757,0.3169,29.1297,53.0,-1306.8070653008,18.89356822903728,51.230539095919475,-5539.0393427993,0.1777198264999242
BENO_red_457_cutoff_7.5.inp.out,199.8266903304821,-0.1668,0.3268,29.2257,54.0,-1306.1790426493,27.61967778659949,17.833602046753192,-5614.0288146164,0.1735662985001909
BENO_red_458_cutoff_7.5.inp.out,201.31881245693225,-0.1688,0.3058,25.3298,53.0,-1306.7817948355,-19.815320496170106,46.87324853169351,-5539.0924674267,0.173108423400663
BENO_red_459_cutoff_7.5.inp.out,201.3123495267198,-0.1864,0.3111,29.4371,51.0,-1307.5224742651,-67.74455654854884,124.93126750039087,-5388.7350952327,0.1877133688994945
BENO_red_45_cutoff_7.5.inp.out,202.13736024534023,-0.1814,0.3178,23.1752,53.0,-1306.8246740964,5.701279577579451,10.460140076781292,-5539.1561233762,0.1779362442002821
BENO_red_460_cutoff_7.5.inp.out,201.624862919072,-0.1736,0.3361,26.7579,51.0,-1307.6045369787,-25.533484994954915,104.85999239310586,-5388.89695902,0.1769123389003652
BENO_red_461_cutoff_7.5.inp.out,200.65546295247273,-0.18,0.3186,26.5077,51.0,-1307.7630971314,-19.23440119847868,74.91936146525211,-5389.0286621317,0.1808368215997688
BENO_red_462_cutoff_7.5.inp.out,199.8929529370877,-0.173,0.3131,25.7848,52.0,-1307.221243749,17.28524433106859,83.99971348238932,-5464.0183771778,0.1802308105998236
BENO_red_463_cutoff_7.5.inp.out,200.71913122357137,-0.1415,0.3354,32.8634,50.0,-1308.0574268227,77.84359410744301,-1.643757171521106,-5313.7684135451,0.1481698903999131
BENO_red_464_cutoff_7.5.inp.out,199.02131251439704,-0.1713,0.3149,19.2125,49.0,-1308.5908944267,54.47983139183344,-5.428366043175038,-5238.7775759583,0.1781605809001121
BENO_red_465_cutoff_7.5.inp.out,198.90577036186392,-0.1856,0.2812,22.4276,49.0,-1308.3529586146,-4.649336156539796,-4.863522844840553,-5238.5392650639,0.1895040367999172
BENO_red_466_cutoff_7.5.inp.out,197.98601414897715,-0.1828,0.309,31.409,50.0,-1307.9402968988,34.1609512210044,76.25803863097332,-5313.6957754209,0.187938245899204
BENO_red_467_cutoff_7.5.inp.out,199.34196053661032,-0.161,0.3217,18.8081,50.0,-1308.2647020696,0.630873595934456,-19.910901020838295,-5313.9849201699,0.1636925940001674
BENO_red_468_cutoff_7.5.inp.out,200.88413981206563,-0.1807,0.3135,18.0478,54.0,-1306.6570875001,-185.09748172275417,10.34321073684852,-5614.5253621906,0.1836087714000314
BENO_red_469_cutoff_7.5.inp.out,201.54542072641223,-0.1876,0.3118,13.3543,53.0,-1306.9861732548,-48.29859044896205,39.454325641685976,-5539.3004556207,0.1887691184001596
BENO_red_46_cutoff_7.5.inp.out,199.10328772914627,-0.1705,0.3184,26.1527,52.0,-1307.1063875122,-62.1150788116508,12.46429122386378,-5463.9044803652,0.1788742508997529
BENO_red_470_cutoff_7.5.inp.out,200.86919863179827,-0.1622,0.3077,21.125,54.0,-1306.4412944643,-41.539509158445625,106.73292090404236,-5614.2626893374,0.1663995119997707
BENO_red_471_cutoff_7.5.inp.out,199.4479688773731,-0.1687,0.3132,17.2899,52.0,-1307.310121777,13.213225965264622,54.38442694903424,-5464.1407528632,0.1738319194000723
BENO_red_472_cutoff_7.5.inp.out,200.01310679160557,-0.1851,0.3055,13.9141,51.0,-1307.6201352494,-118.88539627306332,21.162586551387346,-5388.883896983,0.1886569550006243
BENO_red_473_cutoff_7.5.inp.out,199.3169085097745,-0.1801,0.3089,9.3337,53.0,-1307.0063312501,-64.78909845827687,-20.03035555853987,-5539.3551585369,0.1878608268998505
BENO_red_474_cutoff_7.5.inp.out,200.6796018284572,-0.1545,0.3452,6.563,52.0,-1307.5440684297,-67.82697562948138,17.738283651725677,-5464.3364911776,0.1597833073001311
BENO_red_475_cutoff_7.5.inp.out,200.1173965124398,-0.1479,0.3404,8.5367,51.0,-1306.9940717239,11.1646820480983,-0.821895938961305,-5388.2369519401,0.1544665288993201
BENO_red_476_cutoff_7.5.inp.out,199.77931235458576,-0.1827,0.3043,17.2736,54.0,-1306.6377979092,-135.48128778201595,31.417417428038423,-5614.467308738,0.1886271687008047
BENO_red_477_cutoff_7.5.inp.out,200.7446300416306,-0.1665,0.3253,17.3907,57.0,-1305.5350850144,25.99168586304084,78.46591653382369,-5839.9657847739,0.1677661603998785
BENO_red_478_cutoff_7.5.inp.out,201.35645515506408,-0.1865,0.3195,22.5979,58.0,-1305.0096366358,-35.64822014828047,57.77855934925517,-5915.018098569,0.1835551264994137
BENO_red_479_cutoff_7.5.inp.out,200.7716180433271,-0.1829,0.3166,20.6875,54.0,-1306.4639510189,-32.596756982498064,16.06083744729988,-5614.3070745138,0.1843841499994596
BENO_red_47_cutoff_7.5.inp.out,198.72743733174667,-0.1514,0.3374,31.7729,52.0,-1307.5842223912,73.74837753704011,46.749231040132,-5464.3819576201,0.1587668989996018
BENO_red_480_cutoff_7.5.inp.out,201.59885554009443,-0.1857,0.3041,15.3156,57.0,-1304.9659009038,-100.8323240765584,45.310986845577915,-5839.4174079859,0.1840616029003285
BENO_red_481_cutoff_7.5.inp.out,199.7440581601732,-0.1648,0.3236,16.358,57.0,-1305.4468835409,-86.19243867106569,5.761132729084327,-5839.8819147308,0.1747431873000096
BENO_red_482_cutoff_7.5.inp.out,200.247221591724,-0.179,0.3118,13.9603,54.0,-1306.5100965957,-51.30890247050929,8.480637994669337,-5614.4065750292,0.1825121253004908
BENO_red_483_cutoff_7.5.inp.out,200.83284253820156,-0.1645,0.3102,11.8146,54.0,-1306.7167011902,1.854261103546924,-23.505338420390295,-5614.5574061186,0.1712029321997761
BENO_red_484_cutoff_7.5.inp.out,199.72734272898688,-0.1753,0.3284,9.7162,56.0,-1306.0713143039,90.42038455089588,-13.7613843843757,-5765.0653902872,0.1774554719004299
BENO_red_485_cutoff_7.5.inp.out,202.0010055356612,-0.1736,0.3205,17.3201,53.0,-1307.0804826229,12.228116778792014,-77.65970178585384,-5539.4370915522,0.1725334888997167
BENO_red_486_cutoff_7.5.inp.out,200.10608695807704,-0.1689,0.3191,18.6775,52.0,-1307.4665350406,-88.29663562736538,43.32151554678882,-5464.2642824685,0.176155259799998
BENO_red_487_cutoff_7.5.inp.out,199.686309523129,-0.1848,0.307,7.6159,56.0,-1306.3066853803,-78.4181363371791,30.471984786116774,-5765.2443251133,0.1851439882002523
BENO_red_488_cutoff_7.5.inp.out,199.316654156362,-0.1733,0.3048,21.2388,56.0,-1305.9377900136,-145.0554644197356,68.97424790923056,-5764.8732375285,0.1795129130996429
BENO_red_489_cutoff_7.5.inp.out,200.05456747533373,-0.1533,0.329,14.9751,60.0,-1304.6302595337,-45.991564304742184,12.145776558484318,-6065.6378724076,0.1608214719999523
BENO_red_48_cutoff_7.5.inp.out,198.0776739685885,-0.1818,0.2937,36.8588,49.0,-1308.3589303371,-20.20473855536261,115.945134853949,-5238.5403797095,0.1854411861004337
BENO_red_490_cutoff_7.5.inp.out,198.3567045185275,-0.1823,0.2985,14.083,62.0,-1303.8822915295,-82.29299412257794,1.159522343842537,-6215.9816102163,0.184516104100112
BENO_red_491_cutoff_7.5.inp.out,198.28848104516877,-0.1647,0.3197,15.0246,55.0,-1306.3551544773,-46.3173474545268,-58.4831195100752,-5689.7532948859,0.1721866887000942
BENO_red_492_cutoff_7.5.inp.out,201.62388062153576,-0.1697,0.3172,6.2831,57.0,-1305.5041085438,-90.1682595506471,-9.088068087126135,-5839.8912146536,0.1686845467002058
BENO_red_493_cutoff_7.5.inp.out,200.63881373782465,-0.1596,0.3392,12.9033,55.0,-1306.2769728053,-31.342126224033507,-7.734855847327498,-5689.6681745858,0.1644634228996437
BENO_red_494_cutoff_7.5.inp.out,201.46033715409,-0.1829,0.3293,7.9389,55.0,-1306.6997834246,-69.93507865048502,-22.993491998156937,-5690.1306376879,0.1813068618002944
BENO_red_495_cutoff_7.5.inp.out,201.9786204223317,-0.1849,0.3247,8.5453,55.0,-1305.7070682223,-29.19444256888233,-8.922173470504372,-5689.097364879,0.1864162752999618
BENO_red_496_cutoff_7.5.inp.out,200.96617062045212,-0.1807,0.3279,19.0305,55.0,-1306.2626012081,0.9691219541749344,104.93367436616909,-5689.7321469805,0.1835250973999791
BENO_red_497_cutoff_7.5.inp.out,201.61012436012464,-0.172,0.3184,20.5031,53.0,-1307.0691636304,-82.7030015533713,29.725962518274244,-5539.3307450039,0.1773322564995396
BENO_red_498_cutoff_7.5.inp.out,199.24197225262057,-0.1774,0.3052,11.9871,54.0,-1306.5158040611,-107.59901174026236,-60.05415953526729,-5614.3621770893,0.1881219083006726
BENO_red_499_cutoff_7.5.inp.out,199.36947693409857,-0.1673,0.3223,31.4202,54.0,-1306.451600671,7.877160879335307,14.473526428435449,-5614.3230066435,0.170485069100323
BENO_red_49_cutoff_7.5.inp.out,196.41979183825623,-0.161,0.303,29.8153,51.0,-1307.8712687627,-21.899459602003695,28.011216549971486,-5389.1238938757,0.1743119414004468
BENO_red_4_cutoff_7.5.inp.out,200.81152938539475,-0.1893,0.3154,10.3285,52.0,-1307.1579000419,-82.5821377338619,-17.09048313426917,-5463.8731345512,0.1894629845000963
BENO_red_50_cutoff_7.5.inp.out,198.1730506682762,-0.1657,0.3252,24.6779,51.0,-1307.6115050295,-28.4921089303586,19.49217951146447,-5388.9174779029,0.166207498100448
BENO_red_51_cutoff_7.5.inp.out,200.3318386607184,-0.1604,0.3182,20.9388,52.0,-1307.3248951584,-74.62005876161909,23.324540450103875,-5464.0781237395,0.1667491092994169
BENO_red_52_cutoff_7.5.inp.out,201.2510124517733,-0.1625,0.3347,21.9716,58.0,-1305.2190367869,15.893962914510412,48.00962130317651,-5915.2485198116,0.1640293220998501
BENO_red_53_cutoff_7.5.inp.out,202.4319903805785,-0.162,0.3372,29.3178,59.0,-1305.0012546447,63.92737287175706,30.515748876140695,-5990.517185886,0.1628839932000119
BENO_red_54_cutoff_7.5.inp.out,201.67799110639336,-0.1779,0.3211,33.8483,59.0,-1305.3273092206,14.305016156728753,48.26358932226896,-5990.8426988159,0.1791042029999516
BENO_red_55_cutoff_7.5.inp.out,201.743888838989,-0.1607,0.3345,29.6915,56.0,-1306.1909110316,28.916384024302573,62.38677563011485,-5765.0840268474,0.1668784466000943
BENO_red_56_cutoff_7.5.inp.out,200.5800307018717,-0.1618,0.3288,37.0166,57.0,-1305.4966701954,105.25249883860346,128.0195045564894,-5839.9323156683,0.1649725945999307
BENO_red_57_cutoff_7.5.inp.out,201.90950111818145,-0.1695,0.3168,35.8966,59.0,-1305.1881056739,101.34927104394812,143.6683595891955,-5990.744189441,0.1702677389994278
BENO_red_58_cutoff_7.5.inp.out,199.14298979581017,-0.1526,0.3185,33.2895,58.0,-1305.2646074341,75.26889013229294,85.92208087197737,-5915.2568664761,0.161294910700235
BENO_red_59_cutoff_7.5.inp.out,201.6836575727886,-0.1666,0.3238,31.478,55.0,-1306.3861839715,51.94624763924307,15.19318474054596,-5689.7245798199,0.1689440007003213
BENO_red_5_cutoff_7.5.inp.out,201.40335239462897,-0.1767,0.319,16.1216,56.0,-1305.4512113826,-5.564642664757988,-68.39826652931708,-5764.3373725632,0.173514699399675
BENO_red_60_cutoff_7.5.inp.out,202.1872713204878,-0.1709,0.3235,32.0355,57.0,-1305.7142437997,20.331121971453,63.74981980872025,-5840.0984853192,0.1690454706995297
BENO_red_61_cutoff_7.5.inp.out,202.44860602689872,-0.1818,0.3245,26.2005,53.0,-1306.9055085944,70.15164358968217,11.19956701459632,-5539.2621508461,0.1820113100002345
BENO_red_62_cutoff_7.5.inp.out,201.05275911545803,-0.1902,0.295,20.6859,54.0,-1306.6275622877,41.27573081220345,0.1386225615447662,-5614.4331200056,0.1906801308996364
BENO_red_63_cutoff_7.5.inp.out,200.8154970027576,-0.2047,0.2754,21.7899,53.0,-1306.9073822639,66.42687240525261,107.89141693079182,-5539.2163089798,0.2069014960998174
BENO_red_64_cutoff_7.5.inp.out,199.97701450761215,-0.1841,0.3056,23.932,46.0,-1309.3406713956,99.6645914050979,162.3003505994126,-5012.9947053812,0.1828665982002348
BENO_red_65_cutoff_7.5.inp.out,202.57359708837072,-0.1872,0.3214,17.5039,52.0,-1307.1599872833,-52.04247464761785,37.88212529609236,-5463.9992185897,0.1859826835998319
BENO_red_66_cutoff_7.5.inp.out,202.50887868630355,-0.1819,0.3185,19.1672,53.0,-1307.1093801679,46.021045062967815,42.44319778665273,-5539.4570039389,0.1833040923002045
BENO_red_67_cutoff_7.5.inp.out,201.2035840483072,-0.174,0.3146,19.7091,55.0,-1306.3630756546,-3.0219330249327836,-1.8766268818785816,-5689.7972278805,0.1774610112997834
BENO_red_68_cutoff_7.5.inp.out,201.04755513847695,-0.1652,0.3263,24.8583,58.0,-1304.8324765066,133.899666712242,-31.747389410891707,-5914.8680750363,0.1705320180008129
BENO_red_69_cutoff_7.5.inp.out,198.97442402724897,-0.175,0.309,31.2128,57.0,-1305.6383779535,-24.670735627285584,-21.366974539303907,-5840.1187624591,0.1799187598999196
BENO_red_6_cutoff_7.5.inp.out,201.0221788580798,-0.1764,0.3247,13.4351,48.0,-1307.9775595802,10.542643210837817,-35.763058605825115,-5162.6280488177,0.1815044507002312
BENO_red_70_cutoff_7.5.inp.out,197.72484979357353,-0.1597,0.3237,26.1267,50.0,-1307.5284768842,87.84888545749708,18.127625474063855,-5313.2417410138,0.1636250125993683
BENO_red_71_cutoff_7.5.inp.out,199.31535245808868,-0.1682,0.3025,17.518,51.0,-1307.1822306047,-41.65097942493719,20.963963364769565,-5388.4155354114,0.1719524132004153
BENO_red_72_cutoff_7.5.inp.out,200.15923891060967,-0.1559,0.3186,21.2646,50.0,-1307.6336562195,-8.576412696834153,-1.1795939357073872,-5313.3032398024,0.1594550206000349
BENO_red_73_cutoff_7.5.inp.out,200.36118755703353,-0.1435,0.3419,15.7783,53.0,-1306.8595556534,-76.08163970973808,-27.522920236177693,-5539.091401696,0.1515081183997608
BENO_red_74_cutoff_7.5.inp.out,200.2612131794497,-0.1898,0.3017,20.0142,53.0,-1306.7412129641,-222.53844007254773,-19.0142766807567,-5539.0082426594,0.1902797353995993
BENO_red_75_cutoff_7.5.inp.out,201.75261739382887,-0.1691,0.3378,22.9739,53.0,-1306.6832108787,34.52874497057332,-4.298541105735183,-5538.9673109447,0.1711516889999984
BENO_red_76_cutoff_7.5.inp.out,201.48728001379217,-0.2019,0.307,33.9409,56.0,-1305.6685320847,-82.27012575105816,37.584635397606505,-5764.535688199,0.1982935546002409
BENO_red_77_cutoff_7.5.inp.out,200.11006468071895,-0.1715,0.3334,30.14,58.0,-1305.0387928139,-35.24373816953762,-7.277702078336618,-5914.9657771545,0.1783893440997417
BENO_red_78_cutoff_7.5.inp.out,199.7453416712009,-0.1759,0.3025,28.1962,59.0,-1304.6388182336,-113.76972715167322,-4.62510856388729,-5990.064712435,0.1785932623997723
BENO_red_79_cutoff_7.5.inp.out,199.6755107229186,-0.1694,0.3019,20.0726,54.0,-1306.0725653168,-0.7269610098392048,18.34442111462193,-5613.8944533054,0.1741482670995537
BENO_red_7_cutoff_7.5.inp.out,201.87219918815072,-0.1987,0.2998,16.1655,52.0,-1306.5923076693,-31.871197618496648,-1.4507647351406556,-5463.4253918666,0.1936738579997836
BENO_red_80_cutoff_7.5.inp.out,199.0736257329247,-0.1754,0.3122,29.2821,52.0,-1307.1721005198,-46.50213708360175,114.5403845455819,-5463.9108685442,0.1810148614995341
BENO_red_81_cutoff_7.5.inp.out,198.97923367748257,-0.1601,0.3234,15.8855,50.0,-1307.9399677788,82.90821900894498,66.97216520827149,-5313.6295050479,0.166818275800324
BENO_red_82_cutoff_7.5.inp.out,198.94235367369055,-0.1727,0.3127,16.1411,53.0,-1306.5225641222,-19.952852398919855,59.63745034808199,-5538.8633932873,0.1775663722992249
BENO_red_83_cutoff_7.5.inp.out,199.82814390011148,-0.1686,0.3164,16.753,55.0,-1305.9866811314,-6.595445971150818,77.58789378393108,-5689.4174812537,0.1764374420999956
BENO_red_84_cutoff_7.5.inp.out,201.40582839876927,-0.1706,0.3341,16.1695,55.0,-1306.4248923316,24.639939468914022,100.10596955532957,-5689.8316102391,0.1716075373997228
BENO_red_85_cutoff_7.5.inp.out,200.6563340489824,-0.1715,0.3095,25.683,59.0,-1304.9974202307,13.8864172904109,21.03040701012968,-5990.466014166,0.1786433014995054
BENO_red_86_cutoff_7.5.inp.out,199.51820928625688,-0.1696,0.3123,29.0739,58.0,-1304.858463944,114.9445363165416,-18.03873823654241,-5914.8582012465,0.1728380877002564
BENO_red_87_cutoff_7.5.inp.out,198.84879521961503,-0.1544,0.3333,28.5401,57.0,-1305.7695402559,62.20297101117274,22.076913484137577,-5840.1553630706,0.160885475899704
BENO_red_88_cutoff_7.5.inp.out,198.6840701516739,-0.176,0.2973,21.1281,54.0,-1306.8041887039,-20.601331360629462,46.93130415191367,-5614.5816943552,0.1820583956005066
BENO_red_89_cutoff_7.5.inp.out,199.07543064222733,-0.1792,0.302,18.9162,56.0,-1306.2386608937,-41.19262994685284,45.058065625475784,-5765.1187001191,0.184935673200016
BENO_red_8_cutoff_7.5.inp.out,198.2364998984356,-0.1537,0.3265,18.272,54.0,-1305.8596322343,-61.26087066721343,-39.536772684328035,-5613.6970821108,0.1642984605996389
BENO_red_90_cutoff_7.5.inp.out,198.60789971060169,-0.173,0.3115,20.5033,53.0,-1307.2179384207,19.142150493742264,43.182456262586854,-5539.5213324899,0.1783075294997615
BENO_red_91_cutoff_7.5.inp.out,200.3311293976789,-0.173,0.321,22.2241,54.0,-1306.7219861522,51.36770721553673,48.710268094690115,-5614.5509196908,0.179701826499695
BENO_red_92_cutoff_7.5.inp.out,201.3797424934348,-0.1756,0.3118,16.4557,54.0,-1307.0298097166,6.344170966780964,-40.9506472373368,-5614.8812664895,0.1778606543994101
BENO_red_93_cutoff_7.5.inp.out,201.06628262925815,-0.1632,0.3275,21.2005,57.0,-1305.7304075915,-23.54199297838977,-9.001033926563315,-5840.1550510616,0.1679568079998716
BENO_red_94_cutoff_7.5.inp.out,201.09911112343255,-0.1523,0.336,20.9348,55.0,-1306.4203788425,22.358035508067807,4.200834661398765,-5689.7693956758,0.1577319694997641
BENO_red_95_cutoff_7.5.inp.out,199.96193664659,-0.176,0.3116,21.8342,54.0,-1306.9399158052,-12.38479993067512,-67.9155806613373,-5614.8005081623,0.1803617854993717
BENO_red_96_cutoff_7.5.inp.out,199.31025860546293,-0.163,0.3291,22.9321,52.0,-1307.6121449937,-42.9931943419801,12.807510582905376,-5464.404178062,0.1701252667999142
BENO_red_97_cutoff_7.5.inp.out,197.99989906526835,-0.1573,0.3232,19.694,52.0,-1307.367748693,3.883888399312649,-6.665647250673396,-5464.2143002116,0.1654069371998048
BENO_red_98_cutoff_7.5.inp.out,199.56450486658977,-0.1667,0.32,17.3886,52.0,-1306.9751403581,-20.789340625264444,-5.192700570430248,-5463.8143939556,0.1703810714998326
BENO_red_99_cutoff_7.5.inp.out,200.3891326962015,-0.1656,0.321,26.0287,52.0,-1307.0913954463,-42.08543594289946,12.688884459522445,-5463.9592383443,0.1733044394004537
BENO_red_9_cutoff_7.5.inp.out,198.3918483464459,-0.1554,0.3058,20.2441,57.0,-1305.0825528888,38.88134435119227,33.80816525907205,-5839.5171598898,0.1663196938998226
