file_name,NRE,HOMO,LUMO,Dipole_mom,Num_waters,chg_chg,elec5,elec10,delE_hf,delE_dft
BENO_red_0_cutoff_0.0.inp.out,197.72484979357353,-0.1580,0.2298,0.3111,0.0,-1324.7776837902,0.2392974631811502,-0.10161177666993373,-1555.4648025123,0.16553307820004193
BENO_red_100_cutoff_0.0.inp.out,200.77572652877026,-0.1641,0.2167,0.5218,0.0,-1325.2664162926,-2.5685892491819873,-3.170529606755845,-1555.945008865,0.17185796640001172
BENO_red_101_cutoff_0.0.inp.out,199.90122873130042,-0.1506,0.2325,0.5101,0.0,-1325.3689181096,0.7141400273529754,-1.4541700453489297,-1556.0440265244,0.15571808430013334
BENO_red_102_cutoff_0.0.inp.out,199.03712729691205,-0.1542,0.2119,0.8858,0.0,-1325.6406810741,0.23831357054265423,-0.2246519785085378,-1556.3153335864,0.159801019500037
BENO_red_103_cutoff_0.0.inp.out,197.97615606600783,-0.1628,0.2126,0.2943,0.0,-1325.5516278811,-1.8147882980661953,-0.34711466223829146,-1556.2262111066,0.1697763509998822
BENO_red_104_cutoff_0.0.inp.out,199.62289637001209,-0.1603,0.2159,1.0144,0.0,-1325.1550097375,3.60646223613286,1.9908457119837601,-1555.8322999157,0.16697764150012517
BENO_red_105_cutoff_0.0.inp.out,201.2736851321774,-0.1570,0.2350,0.7787,0.0,-1325.5850374672,5.4118083430498,7.454769902445794,-1556.2688297256,0.16149092280011246
BENO_red_106_cutoff_0.0.inp.out,203.13027764161842,-0.1713,0.2230,0.9513,0.0,-1325.2079148436,2.9696377711064663,1.1394100328602614,-1555.8977805207,0.17675393319996147
BENO_red_107_cutoff_0.0.inp.out,202.72626258548183,-0.1590,0.2194,0.5125,0.0,-1325.0963351847,1.4136376869479093,6.923229335623397,-1555.7733528027,0.1653574342999491
BENO_red_108_cutoff_0.0.inp.out,202.0352441915875,-0.1720,0.2175,0.5675,0.0,-1325.0679822618,4.7727489964766505,7.463856780951421,-1555.7285059658,0.1786542228999224
BENO_red_109_cutoff_0.0.inp.out,201.96171500970095,-0.1754,0.1966,0.3948,0.0,-1325.6018447909,-0.32015409200707645,-0.38834710733298566,-1556.2736609268,0.18322907629999463
BENO_red_10_cutoff_0.0.inp.out,198.19669828650535,-0.1863,0.1894,1.6682,0.0,-1324.8812281328,-6.344063843777323,-3.971545756346744,-1555.5546447909,0.19181071340017297
BENO_red_110_cutoff_0.0.inp.out,199.71784078010882,-0.1733,0.2073,0.5151,0.0,-1325.4897768074,-3.0853106243157016,-3.4283486128084943,-1556.1552122533,0.17945186010001635
BENO_red_111_cutoff_0.0.inp.out,199.75737179834445,-0.1681,0.2142,0.5859,0.0,-1325.1374795471,0.6617868538983616,0.3554213383602463,-1555.8204041725,0.17546986050001578
BENO_red_112_cutoff_0.0.inp.out,197.95562647897592,-0.1682,0.2062,0.7872,0.0,-1325.5084800107,3.1355469967509033,4.3032301868568315,-1556.1672202328,0.17372926040002312
BENO_red_113_cutoff_0.0.inp.out,200.02071775572952,-0.1809,0.1764,0.4956,0.0,-1325.4590885288,0.5131931632377559,0.4743015965817627,-1556.1264076199,0.18875227979992815
BENO_red_114_cutoff_0.0.inp.out,197.87408067872957,-0.1735,0.2089,0.4769,0.0,-1325.6017720856,-0.9448873615571796,-2.9139564353530414,-1556.2720825075,0.18062463019987263
BENO_red_115_cutoff_0.0.inp.out,199.82866113836707,-0.1609,0.2085,0.6022,0.0,-1325.5442500589,0.8155972700742623,3.2694287102398962,-1556.2033408585,0.16671690580005816
BENO_red_116_cutoff_0.0.inp.out,199.90938337557893,-0.1710,0.2116,0.3835,0.0,-1325.6113204090,-0.08427029518494172,-0.38233715174061705,-1556.2969779184,0.17862373120010488
BENO_red_117_cutoff_0.0.inp.out,201.54371324077204,-0.1563,0.2315,0.4821,0.0,-1325.3514161814,-2.0964672929044332,-1.6690992384499475,-1556.0243382654,0.16274372780003432
BENO_red_118_cutoff_0.0.inp.out,202.60138084985942,-0.1652,0.2188,0.4349,0.0,-1325.7268365767,0.20078762823853707,1.1681942221019945,-1556.4095885563,0.17297867169986603
BENO_red_119_cutoff_0.0.inp.out,200.77419504274386,-0.1863,0.2068,0.8871,0.0,-1325.5264710032,-1.0467446971790553,0.2843710799030179,-1556.2145468099,0.19362411510019228
BENO_red_11_cutoff_0.0.inp.out,198.5624789732741,-0.1537,0.2182,1.4022,0.0,-1325.2240296284,-13.746911990368032,-12.250792315133987,-1555.8883135126,0.16003631870012214
BENO_red_120_cutoff_0.0.inp.out,198.11440555207088,-0.1783,0.1914,1.2679,0.0,-1325.0083238652,-4.044137665413246,-6.399154583101526,-1555.6727633378,0.18541746730011255
BENO_red_121_cutoff_0.0.inp.out,198.59078031846377,-0.1600,0.2288,0.4042,0.0,-1324.9349823195,-0.8777478854818654,-1.572275949198601,-1555.6205230159,0.1676563116000125
BENO_red_122_cutoff_0.0.inp.out,199.50422355014473,-0.1547,0.2275,0.9639,0.0,-1325.0584559449,-2.110143649837224,0.5541248124432809,-1555.7241084187,0.16090825519995633
BENO_red_123_cutoff_0.0.inp.out,199.4573389688069,-0.1490,0.2144,1.1689,0.0,-1325.3146989156,-0.10564386335133134,-0.02003796356185461,-1555.9915360235,0.15573209579997638
BENO_red_124_cutoff_0.0.inp.out,201.5543857950414,-0.1610,0.2314,0.8821,0.0,-1325.2265007235,0.27470406552390975,1.92985215986748,-1555.9118409461,0.16670124910001505
BENO_red_125_cutoff_0.0.inp.out,201.55965062380105,-0.1640,0.2161,0.7100,0.0,-1324.9265181027,-0.516542122697918,-1.9395989712967576,-1555.6096516432,0.16816068949992768
BENO_red_126_cutoff_0.0.inp.out,202.4850169097265,-0.1498,0.2330,0.6255,0.0,-1325.2296812828,0.08029660298100401,-0.00032829028598249654,-1555.9129463029,0.15627183979995607
BENO_red_127_cutoff_0.0.inp.out,202.37863544759685,-0.1556,0.2176,0.3447,0.0,-1325.3600610021,-1.4651297673771335,-1.96606124297797,-1556.0387920113,0.16054094070000247
BENO_red_128_cutoff_0.0.inp.out,200.9811810639548,-0.1570,0.2167,0.4890,0.0,-1325.2981401439,2.3380523729710756,3.5289269970043446,-1555.9786482069,0.16462812249983472
BENO_red_129_cutoff_0.0.inp.out,199.9349751561564,-0.1345,0.2337,1.1178,0.0,-1325.2272292818,3.2851357591944024,1.1948834134006225,-1555.8968857513,0.14272408400006498
BENO_red_12_cutoff_0.0.inp.out,200.02175850870444,-0.1648,0.2077,0.8268,0.0,-1324.9549717741,-8.988628404681712,-6.317640407306301,-1555.6246352598,0.1709463104000406
BENO_red_130_cutoff_0.0.inp.out,197.72484979357353,-0.1580,0.2298,0.3111,0.0,-1324.7777351237,0.2392863738164659,-0.10162176811482102,-1555.4648538405,0.165533006799933
BENO_red_131_cutoff_0.0.inp.out,199.60655384423265,-0.1759,0.2039,0.4279,0.0,-1324.8251571830,-1.2507841391957477,-1.2388790869067787,-1555.5042832616,0.18241119050003363
BENO_red_132_cutoff_0.0.inp.out,199.26003579767323,-0.1545,0.2143,0.5073,0.0,-1324.9152271890,-4.66028314268011,-2.0116680374685934,-1555.6012887092,0.16060622630016042
BENO_red_133_cutoff_0.0.inp.out,200.78480337054472,-0.1563,0.2160,0.9161,0.0,-1324.8580232794,-1.4486575853036205,-0.9300468210413083,-1555.546147607,0.16241596730014862
BENO_red_134_cutoff_0.0.inp.out,200.54463059888226,-0.1735,0.2004,0.7152,0.0,-1325.3393630367,0.8181302054009192,1.1007209183842828,-1556.0339018252,0.17979572000012922
BENO_red_135_cutoff_0.0.inp.out,200.55219026029906,-0.1752,0.2171,0.4869,0.0,-1325.4613064881,3.919674272134471,3.4662632605152295,-1556.1544949934,0.18137156089983364
BENO_red_136_cutoff_0.0.inp.out,201.3034611079466,-0.1608,0.2160,0.5603,0.0,-1325.0664015179,1.447372948471223,1.8291247938604889,-1555.7563670344,0.16858387699994637
BENO_red_137_cutoff_0.0.inp.out,199.29373691262924,-0.1592,0.2164,0.8113,0.0,-1324.8970975147,0.7000814145222811,-1.4013466701151327,-1555.5764184547,0.16547407349980858
BENO_red_138_cutoff_0.0.inp.out,199.68019308240886,-0.1399,0.2187,1.1096,0.0,-1325.0283097007,0.7949154038663795,4.383825953070692,-1555.7099269504,0.1477552250998997
BENO_red_139_cutoff_0.0.inp.out,199.37946264600677,-0.1539,0.2230,1.5306,0.0,-1325.2466300092,-1.4837593343518354,0.5044775318943252,-1555.9152204395,0.1606328964999193
BENO_red_13_cutoff_0.0.inp.out,200.46228787808795,-0.1799,0.2049,0.8184,0.0,-1324.8245377451,0.41055664912720774,0.18415834894288052,-1555.5038939146,0.18496669659998588
BENO_red_140_cutoff_0.0.inp.out,199.36881371053278,-0.1651,0.2059,1.4194,0.0,-1324.9344171244,2.214422435972481,1.7083446080343876,-1555.603273116,0.17056814610009496
BENO_red_141_cutoff_0.0.inp.out,199.24395103821269,-0.1602,0.2158,0.5136,0.0,-1325.3499300222,1.1340369395999892,0.08808715708893852,-1556.0237851317,0.1674376022999695
BENO_red_142_cutoff_0.0.inp.out,198.1951756519454,-0.1600,0.2109,0.5070,0.0,-1325.4251275328,0.932962936045581,1.4412971635863037,-1556.0962625654,0.16550295850015573
BENO_red_143_cutoff_0.0.inp.out,198.83520575700564,-0.1528,0.2144,0.8205,0.0,-1325.1815999910,0.8379806881985322,4.181118873622513,-1555.8547380748,0.1603203193999434
BENO_red_144_cutoff_0.0.inp.out,199.92093604498208,-0.1808,0.2106,0.4576,0.0,-1325.4341781279,0.2557369337261528,1.4121818999640843,-1556.1173275333,0.18744900000001508
BENO_red_145_cutoff_0.0.inp.out,200.5194435090532,-0.1909,0.1934,0.5749,0.0,-1324.7846516879,4.904592910771643,4.630442946401972,-1555.4720585468,0.1973919467000087
BENO_red_146_cutoff_0.0.inp.out,201.08125887964914,-0.1752,0.2149,0.4474,0.0,-1325.5020827872,2.8511332924492114,5.059210494476019,-1556.1871054054,0.18040879230011342
BENO_red_147_cutoff_0.0.inp.out,201.61000174374772,-0.1714,0.2008,0.4387,0.0,-1325.5686989245,2.728406942575498,7.810246885211541,-1556.2562709743,0.17842914070001825
BENO_red_148_cutoff_0.0.inp.out,201.99243780841425,-0.1648,0.2253,0.3618,0.0,-1325.0539433213,0.7050395793789452,1.4881509366862684,-1555.7344154949,0.16948840510008267
BENO_red_149_cutoff_0.0.inp.out,200.9444370511552,-0.1784,0.2108,0.7768,0.0,-1325.3749424532,-0.7779976230013707,0.8961800208651834,-1556.0623372048,0.18502827719999004
BENO_red_14_cutoff_0.0.inp.out,201.46351967136894,-0.1865,0.1802,0.2083,0.0,-1324.9660969637,0.4459511751471622,1.1494006886124442,-1555.6486497346,0.19258284540001114
BENO_red_150_cutoff_0.0.inp.out,200.23594484786207,-0.1722,0.2174,0.5844,0.0,-1325.3741997033,1.689171403791987,-1.6383060045798892,-1556.06128573,0.17947389329992802
BENO_red_151_cutoff_0.0.inp.out,201.0272601682421,-0.1698,0.2119,0.4040,0.0,-1325.4823346892,0.48390661866377027,1.220253551224042,-1556.1627466835,0.17616368979997787
BENO_red_152_cutoff_0.0.inp.out,198.67567204560882,-0.1713,0.2155,0.3659,0.0,-1325.6681411213,2.8349643764194448,2.1153448476544927,-1556.3322827395,0.17894304800006466
BENO_red_153_cutoff_0.0.inp.out,200.83880129057798,-0.1442,0.2317,0.8334,0.0,-1325.6077926858,4.139077941656274,5.5374059093200145,-1556.2669296515,0.14965869569982715
BENO_red_154_cutoff_0.0.inp.out,199.7872738404246,-0.1631,0.2159,0.3610,0.0,-1325.4933697899,2.7595101764352794,-1.5487877652403432,-1556.1640098262,0.17087033440020605
BENO_red_155_cutoff_0.0.inp.out,199.4613245107818,-0.1514,0.2324,0.9308,0.0,-1325.2399142376,-0.8662582023943457,-4.0852619052073145,-1555.918840702,0.1583950698998251
BENO_red_156_cutoff_0.0.inp.out,200.28826120831846,-0.1451,0.2289,0.8899,0.0,-1325.4163693154,-3.819073008782389,-6.236082217012367,-1556.0904070415,0.15148823760000596
BENO_red_157_cutoff_0.0.inp.out,201.04453383745357,-0.1708,0.2258,0.5713,0.0,-1325.3875799744,-3.3636998284786017,-3.7302929898899526,-1556.0740311822,0.17604148620011983
BENO_red_158_cutoff_0.0.inp.out,201.4296440659244,-0.1749,0.2015,0.1610,0.0,-1325.1689695792,-2.979810717435136,-3.6564669522515034,-1555.8403060046,0.1815864283000792
BENO_red_159_cutoff_0.0.inp.out,199.74715028275793,-0.1713,0.2100,0.5371,0.0,-1325.6155558639,-0.5996206144266318,-1.7589409207979765,-1556.2863559687,0.17763703709988476
BENO_red_15_cutoff_0.0.inp.out,201.51712745721733,-0.1549,0.2091,0.6010,0.0,-1324.7097974329,2.298317043725599,1.916895144541335,-1555.375002625,0.16179927109988057
BENO_red_160_cutoff_0.0.inp.out,198.65337940760907,-0.1365,0.2268,1.0045,0.0,-1325.7479632908,-1.4293712634273286,-0.3619616713457384,-1556.4193927272,0.1449580399998922
BENO_red_161_cutoff_0.0.inp.out,201.5450423514976,-0.1497,0.2290,0.1101,0.0,-1325.4366778112,0.0854382998659435,-0.647554621270051,-1556.1074995978,0.15555565740010024
BENO_red_162_cutoff_0.0.inp.out,200.66241288649067,-0.1483,0.2292,0.5123,0.0,-1325.7476291808,-0.20802686414367885,-0.011199281046408882,-1556.4262339544,0.15429790100006358
BENO_red_163_cutoff_0.0.inp.out,199.83629725285925,-0.1739,0.2166,0.5853,0.0,-1324.9436730429,0.8646867845264875,2.7187980732967785,-1555.619482291,0.18078324309999516
BENO_red_164_cutoff_0.0.inp.out,200.11035513025087,-0.1563,0.2270,0.5778,0.0,-1325.1573820611,-0.1936539129669611,0.8183720304546268,-1555.8247885252,0.16291119509992313
BENO_red_165_cutoff_0.0.inp.out,199.9186909157966,-0.1628,0.2089,0.6918,0.0,-1325.2205620204,0.18546300169929508,1.9159708762782444,-1555.8785467509,0.17081070369999907
BENO_red_166_cutoff_0.0.inp.out,198.64473222257666,-0.1732,0.2074,0.8047,0.0,-1325.1710863165,-3.6771948102202177,-2.0056190907182048,-1555.8381658893,0.17950243409995892
BENO_red_167_cutoff_0.0.inp.out,199.99734666474382,-0.1639,0.2160,0.4946,0.0,-1325.3431892473,-0.7118902932975034,-4.345062870608249,-1556.0230055566,0.17259473660010372
BENO_red_168_cutoff_0.0.inp.out,201.25781289306667,-0.1503,0.2206,0.9617,0.0,-1325.6012749825,-8.687516376831061,-11.305659163086554,-1556.2744597101,0.15788262610021775
BENO_red_169_cutoff_0.0.inp.out,203.54840963376293,-0.1871,0.1942,0.6289,0.0,-1325.2569690024,-1.3944688356850627,-2.7337214067997997,-1555.9497388955,0.1922122495000167
BENO_red_16_cutoff_0.0.inp.out,202.35131266829498,-0.1484,0.2267,0.9460,0.0,-1324.8720755816,-3.0435959582267516,-3.0478397859936024,-1555.5421855553,0.1540018085001975
BENO_red_170_cutoff_0.0.inp.out,202.38791646865087,-0.1932,0.2030,0.6824,0.0,-1325.2866272889,-6.5981823090737075,-8.661585293231033,-1555.9722203951,0.1981155460998707
BENO_red_171_cutoff_0.0.inp.out,201.92924343020977,-0.1624,0.2096,1.4918,0.0,-1325.6026723419,0.23256641137033798,-1.2084010893263195,-1556.2849042124,0.16879058669996994
BENO_red_172_cutoff_0.0.inp.out,198.28862361712228,-0.1740,0.1932,1.1066,0.0,-1325.3874195036,-6.288168870926831,-7.7927656160781895,-1556.0609832105,0.18161675599981209
BENO_red_173_cutoff_0.0.inp.out,197.78068733281177,-0.1489,0.2050,0.8487,0.0,-1325.5064441054,-0.32266540619037914,0.3253654951363707,-1556.1761502597,0.15763043890001427
BENO_red_174_cutoff_0.0.inp.out,198.88223099732025,-0.1668,0.2071,0.7565,0.0,-1325.4918411148,-1.9355464839521426,-2.6946524057158747,-1556.1634669625,0.17352845840014197
BENO_red_175_cutoff_0.0.inp.out,200.2515030174234,-0.1756,0.1956,0.6222,0.0,-1325.3187724060,-3.914627459413543,-8.184513759598035,-1555.9979465589,0.18152136780008732
BENO_red_176_cutoff_0.0.inp.out,201.18624090610672,-0.1447,0.2279,0.8537,0.0,-1325.7652909109,-2.039102959109445,-2.6167515568024045,-1556.4461145177,0.1524306799999522
BENO_red_177_cutoff_0.0.inp.out,202.63116927024006,-0.1696,0.2128,0.7348,0.0,-1325.8124294850,-1.075022541194371,-1.4831080415541509,-1556.5048949067,0.1755003743000998
BENO_red_178_cutoff_0.0.inp.out,203.17410979901183,-0.1502,0.2191,0.4148,0.0,-1325.4120089034,1.1864537198202487,-0.5100604500463792,-1556.0962331302,0.15592872170009286
BENO_red_179_cutoff_0.0.inp.out,201.59229595770796,-0.1968,0.1796,0.3036,0.0,-1325.4318374712,-1.4458789282420015,-2.9213049268967155,-1556.1179589928,0.20419026760009729
BENO_red_17_cutoff_0.0.inp.out,201.2484504382203,-0.1633,0.2087,1.1726,0.0,-1325.0466419015,-11.264061778552698,-11.852680913166763,-1555.7309810641,0.16962019970014808
BENO_red_180_cutoff_0.0.inp.out,197.72484979357353,-0.1580,0.2298,0.3111,0.0,-1324.7776381533,0.23941977441340256,-0.10145126010915936,-1555.4647568754,0.16553313600002184
BENO_red_181_cutoff_0.0.inp.out,199.48976676806402,-0.1674,0.2088,0.3153,0.0,-1324.8270131237,-1.8747470720676214,-1.5664488811216069,-1555.5046035879,0.17511870110001837
BENO_red_182_cutoff_0.0.inp.out,199.60995816401726,-0.1424,0.2333,0.6177,0.0,-1324.9253641637,0.5364483282694308,-2.542042468859378,-1555.5979228573,0.14781788890013559
BENO_red_183_cutoff_0.0.inp.out,199.49633218957078,-0.1616,0.2326,0.6723,0.0,-1325.0264921072,-1.737274288856169,-0.46451475258198394,-1555.7128563561,0.16825457680010913
BENO_red_184_cutoff_0.0.inp.out,199.54566667033805,-0.1637,0.2170,0.5328,0.0,-1324.6380031258,-0.6789908551801428,-1.783547047469465,-1555.3208381211,0.17097513790008634
BENO_red_185_cutoff_0.0.inp.out,199.81322658169594,-0.1575,0.2315,0.5605,0.0,-1324.9157472343,-0.6441300698676085,-0.49488049649643,-1555.5943381452,0.164065040999958
BENO_red_186_cutoff_0.0.inp.out,200.25795014829606,-0.1759,0.2161,0.6710,0.0,-1324.8384500861,-1.1854237775856626,-0.517476335771643,-1555.5235945826,0.18183758470013345
BENO_red_187_cutoff_0.0.inp.out,200.9093579086706,-0.1747,0.2126,1.1149,0.0,-1325.1130827582,0.3900356892454695,-0.2262387273141674,-1555.8031633879,0.18110678790003476
BENO_red_188_cutoff_0.0.inp.out,201.85520440620394,-0.1743,0.2126,0.4459,0.0,-1324.7720649969,0.06380041433962541,-0.47602649990015206,-1555.4632345242,0.1798008147998189
BENO_red_189_cutoff_0.0.inp.out,200.8672752709867,-0.1650,0.2259,0.6066,0.0,-1324.8383750373,0.2632407991706742,-0.7621002531105754,-1555.5283415909,0.17117698250012836
BENO_red_18_cutoff_0.0.inp.out,199.99103023329445,-0.1658,0.2158,0.6827,0.0,-1324.8533423611,-5.837548953467082,-6.799624131238096,-1555.5247631473,0.1728721320000659
BENO_red_190_cutoff_0.0.inp.out,200.87789762908747,-0.1588,0.2155,0.8821,0.0,-1325.0234502906,-0.49434876965492464,0.6099507155359271,-1555.6929291009,0.16456782960017335
BENO_red_191_cutoff_0.0.inp.out,199.3064165175186,-0.1704,0.2172,0.5274,0.0,-1325.0439134069,5.059038052654344,2.312772126045034,-1555.7235230794,0.17743441269999494
BENO_red_192_cutoff_0.0.inp.out,199.08919949567718,-0.1724,0.2141,0.3864,0.0,-1325.1217844476,4.142091051707416,3.3672732484394863,-1555.8004140363,0.17751396380003825
BENO_red_193_cutoff_0.0.inp.out,199.20185674286736,-0.1841,0.1943,1.0395,0.0,-1325.0712453095,0.9220913753355414,0.5765643897046676,-1555.7494431689,0.1906095933998131
BENO_red_194_cutoff_0.0.inp.out,199.86378541945476,-0.1753,0.2050,1.4033,0.0,-1325.1092480326,1.6264385364612879,0.44169599621093847,-1555.7755155907,0.18178972870009602
BENO_red_195_cutoff_0.0.inp.out,200.90597481762404,-0.1832,0.2114,0.9933,0.0,-1324.6645038502,-0.4325259518162543,-1.4306068580384266,-1555.3525368721,0.18900886409983286
BENO_red_196_cutoff_0.0.inp.out,200.35428339714935,-0.1771,0.2087,0.4339,0.0,-1325.0272408721,1.4931132701913126,2.147821549911821,-1555.7102039993,0.1822023992999675
BENO_red_197_cutoff_0.0.inp.out,199.43381845553156,-0.1774,0.2012,1.1344,0.0,-1325.0944350822,0.010029926968540881,0.29760258195672196,-1555.7820680281,0.18361881530017854
BENO_red_198_cutoff_0.0.inp.out,201.00714147714658,-0.1777,0.2060,0.5420,0.0,-1324.7122123478,0.27743493115781515,0.6239181064612918,-1555.3994569977,0.18471385790007844
BENO_red_199_cutoff_0.0.inp.out,201.52905076440774,-0.1457,0.2314,0.7206,0.0,-1325.1208801768,-0.185011986175467,-0.7961642217452243,-1555.8008216042,0.15252069090001896
BENO_red_19_cutoff_0.0.inp.out,199.0632844194482,-0.1578,0.2163,1.4116,0.0,-1325.2199286978,-10.402134429329136,-8.097428346213665,-1555.8984750612,0.16573917870005062
BENO_red_1_cutoff_0.0.inp.out,199.70614616230944,-0.1674,0.2099,0.3899,0.0,-1324.8021351763,-1.2131780473550289,-1.4443124193446104,-1555.4777692425,0.1743910209997921
BENO_red_200_cutoff_0.0.inp.out,201.59099131617756,-0.1474,0.2368,0.9947,0.0,-1325.2232484939,-0.7673458167105482,-3.3032157855685473,-1555.9033384722,0.15450966580010572
BENO_red_201_cutoff_0.0.inp.out,200.37907932011674,-0.1710,0.2094,0.8986,0.0,-1324.7193316506,0.7322978289448809,1.3963705484024,-1555.4004882646,0.17688005150012032
BENO_red_202_cutoff_0.0.inp.out,199.1518659302401,-0.1510,0.2371,0.2230,0.0,-1325.0290980826,0.25674196271556465,-0.5406878411680593,-1555.7046173683,0.15801416399995105
BENO_red_203_cutoff_0.0.inp.out,198.89138890837663,-0.1615,0.2263,0.8206,0.0,-1324.7839594585,5.264153925185491,5.50470666973477,-1555.4639061223,0.16650432849996832
BENO_red_204_cutoff_0.0.inp.out,200.51792341038387,-0.1663,0.2178,1.0954,0.0,-1325.0398848556,-3.198941090277647,-2.009474559317105,-1555.7202814157,0.1719620843998655
BENO_red_205_cutoff_0.0.inp.out,199.81376400996996,-0.1949,0.1987,0.5675,0.0,-1324.8861071308,1.1192240842028847,3.6777816209938075,-1555.5692503512,0.20062203700013015
BENO_red_206_cutoff_0.0.inp.out,200.52641453456505,-0.1739,0.2177,0.4764,0.0,-1325.2639088257,-1.9875538474715204,0.14820879649399793,-1555.9415162828,0.18196298500015473
BENO_red_207_cutoff_0.0.inp.out,199.8486403119514,-0.1647,0.2114,0.5206,0.0,-1325.0067229191,-2.2010208036846466,-0.8733852748065615,-1555.6844301352,0.1712621739000042
BENO_red_208_cutoff_0.0.inp.out,199.53147737293386,-0.1538,0.2227,0.8944,0.0,-1325.0438701985,-0.09719116278705656,1.9059616158970372,-1555.7338636445,0.16044597619998058
BENO_red_209_cutoff_0.0.inp.out,200.20874945081925,-0.1546,0.2157,0.6803,0.0,-1325.3688229300,3.548370806673712,2.3996153981404325,-1556.0489198453,0.16057448990000012
BENO_red_20_cutoff_0.0.inp.out,197.72484979357353,-0.1580,0.2298,0.3111,0.0,-1324.7776986097,0.23928647949528958,-0.10161987648952217,-1555.4648173283,0.16553287550004825
BENO_red_210_cutoff_0.0.inp.out,199.32498656077982,-0.1481,0.2352,0.7976,0.0,-1325.0738900817,-2.389831244034507,-2.9263590672035242,-1555.7580619409,0.15450374959982582
BENO_red_211_cutoff_0.0.inp.out,199.96274772658967,-0.1650,0.2227,0.5273,0.0,-1325.1718304789,-2.0963057782927152,-3.2681093571432847,-1555.8612617495,0.17212514769994414
BENO_red_212_cutoff_0.0.inp.out,200.71491978331514,-0.1757,0.2026,0.5028,0.0,-1325.3097036324,-3.0036109735993155,-0.6059742463029429,-1555.9861153292,0.18234118209988992
BENO_red_213_cutoff_0.0.inp.out,201.21872415035176,-0.1667,0.2092,1.0463,0.0,-1325.1961947743,-0.7328943197580017,0.4238389895591488,-1555.8794404669,0.17423919289990408
BENO_red_214_cutoff_0.0.inp.out,200.19267773684138,-0.1682,0.2076,1.0888,0.0,-1325.2836520887,1.4166715566410164,1.536852710570345,-1555.9629193139,0.1737665703001312
BENO_red_215_cutoff_0.0.inp.out,200.26478660176568,-0.1857,0.2033,0.7818,0.0,-1324.9968538320,-5.688918356421952,-8.453217626133862,-1555.6807967206,0.19280310289991576
BENO_red_216_cutoff_0.0.inp.out,200.66483629465938,-0.1812,0.2090,0.3513,0.0,-1325.1197454402,-3.150334914394941,-5.5534854145069525,-1555.801327408,0.18632741440001155
BENO_red_217_cutoff_0.0.inp.out,199.64215566628195,-0.1918,0.1901,0.5939,0.0,-1325.2471255115,1.0160323603152426,0.45602646433063976,-1555.9236707658,0.19782348779995118
BENO_red_218_cutoff_0.0.inp.out,200.01236791370167,-0.1850,0.2046,0.2887,0.0,-1325.1410324161,-2.7837187478530736,-3.307485689835616,-1555.8275832168,0.19097676180012968
BENO_red_219_cutoff_0.0.inp.out,200.89555404415336,-0.1737,0.2095,0.6998,0.0,-1325.0689216565,-0.5760053352026645,1.039187368473855,-1555.7548268349,0.18013864599993212
BENO_red_21_cutoff_0.0.inp.out,199.1449169170883,-0.1687,0.2071,0.3796,0.0,-1324.7969738286,-1.204099263487552,-1.2249030079333054,-1555.4703432633,0.17563882950003062
BENO_red_220_cutoff_0.0.inp.out,202.80847867176033,-0.1969,0.2024,0.5470,0.0,-1325.1535995964,-0.37138277672782327,1.1980015589270485,-1555.839369606,0.20264241750010115
BENO_red_221_cutoff_0.0.inp.out,201.341586086561,-0.1958,0.2037,0.8763,0.0,-1325.1337671660,-2.8821324188429376,-2.2607043521778802,-1555.8254419458,0.20194807920006497
BENO_red_222_cutoff_0.0.inp.out,200.1345056546478,-0.1659,0.2231,1.3336,0.0,-1324.9036198698,1.1486296154633215,1.7151721495390544,-1555.5801230271,0.1703039164999609
BENO_red_223_cutoff_0.0.inp.out,198.84081124718932,-0.1811,0.2093,1.1674,0.0,-1325.1760157246,-0.7983040973549005,0.375638434060273,-1555.8528621297,0.1871167305000654
BENO_red_224_cutoff_0.0.inp.out,197.57690231268802,-0.1720,0.2048,1.0269,0.0,-1325.0701227605,2.1036233922648515,2.402901664942722,-1555.7305596752,0.17961475790002623
BENO_red_225_cutoff_0.0.inp.out,198.89522081586097,-0.1904,0.2034,0.7700,0.0,-1324.9845400111,-10.602767657133969,-5.214195822640175,-1555.6617243255,0.19688308130002952
BENO_red_226_cutoff_0.0.inp.out,200.49141198105622,-0.1702,0.2118,0.7071,0.0,-1325.1580516912,2.7027627717513796,0.1961889188862731,-1555.8404511371,0.17616636359980475
BENO_red_227_cutoff_0.0.inp.out,201.11257092706975,-0.1659,0.2196,0.3175,0.0,-1325.4483946487,-0.09346927904616786,1.8784217042348852,-1556.1354950895,0.17232954140013135
BENO_red_228_cutoff_0.0.inp.out,201.44896915242157,-0.1890,0.2020,0.5783,0.0,-1325.3833973190,-3.292142213855485,-3.827329875163633,-1556.0635407168,0.195035450100022
BENO_red_229_cutoff_0.0.inp.out,201.90760768271903,-0.1773,0.1883,0.6814,0.0,-1325.2848663213,-0.9088804846560395,-1.160344578778362,-1555.9485454922,0.1825126310000087
BENO_red_22_cutoff_0.0.inp.out,199.46706273495175,-0.1657,0.2041,0.7144,0.0,-1324.6774399840,1.392094062840847,-1.3121117332292385,-1555.355593285,0.17076298570009385
BENO_red_230_cutoff_0.0.inp.out,198.01214094487733,-0.1674,0.1864,1.6230,0.0,-1325.0679777361,-3.0020022264228836,-2.210435243093578,-1555.7329312905,0.17465847709991067
BENO_red_231_cutoff_0.0.inp.out,197.2526828103672,-0.1560,0.2264,0.5035,0.0,-1325.2457545561,6.356155908033973,10.486940800683172,-1555.9182536607,0.16313788429988563
BENO_red_232_cutoff_0.0.inp.out,197.78244751764836,-0.1444,0.2227,0.9368,0.0,-1324.8391610163,-1.821146563839932,-0.22967347274488947,-1555.4992334427,0.15146656709998751
BENO_red_233_cutoff_0.0.inp.out,197.71544403834136,-0.1661,0.2079,1.3782,0.0,-1325.0302369699,-0.8369299066468963,-0.6558235471350295,-1555.7004785077,0.1738773969000249
BENO_red_234_cutoff_0.0.inp.out,197.10523347370483,-0.1815,0.1860,0.9989,0.0,-1325.0912363008,0.8858618549390234,-0.48437762627593395,-1555.7618155833,0.18932385120001527
BENO_red_235_cutoff_0.0.inp.out,201.06494830032005,-0.1504,0.2247,0.4876,0.0,-1325.0394438619,0.1762323521325494,1.712043474332952,-1555.7103793623,0.15612205759998687
BENO_red_236_cutoff_0.0.inp.out,198.72318343457664,-0.1438,0.2310,0.3502,0.0,-1325.2635168248,-3.4521917322478877,-5.056826828685611,-1555.9446963025,0.1500405261999731
BENO_red_237_cutoff_0.0.inp.out,200.64890812877968,-0.1693,0.2107,0.2777,0.0,-1325.1219994292,3.421007729749337,0.6001326938453919,-1555.8074001586,0.17405244479982684
BENO_red_238_cutoff_0.0.inp.out,200.68229240571023,-0.1712,0.2105,0.3019,0.0,-1325.0138981910,-0.588071438061301,-0.11392673003867754,-1555.7018458163,0.17821922910002286
BENO_red_239_cutoff_0.0.inp.out,200.32354258408503,-0.1727,0.2136,0.7436,0.0,-1325.3707411402,0.5314132742734949,4.911771019480046,-1556.0553081567,0.17958182500001385
BENO_red_23_cutoff_0.0.inp.out,200.9824358488872,-0.1618,0.2189,0.5825,0.0,-1325.1968302784,-1.620112001890039,-1.0360522061586916,-1555.8846113639,0.1690211682998779
BENO_red_240_cutoff_0.0.inp.out,197.72484979357353,-0.1580,0.2298,0.3111,0.0,-1324.7777506034,0.2392830752261006,-0.10165113434146386,-1555.4648693124,0.1655329093000546
BENO_red_241_cutoff_0.0.inp.out,199.31590029167361,-0.1641,0.2101,0.3346,0.0,-1324.8305110970,-1.3402739876224643,-1.2401886903200958,-1555.5038950326,0.1716113436998512
BENO_red_242_cutoff_0.0.inp.out,200.06447067777526,-0.1524,0.2199,0.8527,0.0,-1324.8207753026,-1.37962182550678,-3.7897045327240875,-1555.5011517186,0.15828927630013823
BENO_red_243_cutoff_0.0.inp.out,201.18329011850176,-0.1708,0.2065,0.6465,0.0,-1325.1611703340,-0.9860624765532673,0.4581916133723302,-1555.8496505237,0.17756566380012373
BENO_red_244_cutoff_0.0.inp.out,202.82378473547826,-0.1560,0.2338,0.4160,0.0,-1324.9907594133,-0.6839513308910146,-0.5812826288699814,-1555.6850036725,0.16167788849998033
BENO_red_245_cutoff_0.0.inp.out,202.30030017946638,-0.1736,0.2069,0.6584,0.0,-1324.8252283388,0.3296247303600088,0.9571971899188594,-1555.5187531992,0.1798698533998504
BENO_red_246_cutoff_0.0.inp.out,203.56665192123376,-0.1696,0.2122,0.1342,0.0,-1324.9156587611,-1.1958453325549916,0.19245193234865404,-1555.6081606832,0.17503575320006348
BENO_red_247_cutoff_0.0.inp.out,202.16090563107804,-0.1936,0.2003,1.0973,0.0,-1324.6511640402,-4.202752077033323,-4.696933228085078,-1555.3445956556,0.19842506889995093
BENO_red_248_cutoff_0.0.inp.out,200.76619893024943,-0.1576,0.2204,1.0959,0.0,-1325.2698591298,-2.48727163378247,-2.0831404583214406,-1555.9499446717,0.16428315600001042
BENO_red_249_cutoff_0.0.inp.out,200.71607353696518,-0.1577,0.2282,0.7866,0.0,-1325.0799481770,0.603416679355268,0.2046333613720262,-1555.7617954105,0.16238936139984617
BENO_red_24_cutoff_0.0.inp.out,201.1797374330262,-0.1769,0.2155,0.3956,0.0,-1325.4959148158,-7.254133315368617,-5.128625493019627,-1556.1885142589,0.18266295030002766
BENO_red_250_cutoff_0.0.inp.out,200.63416429266243,-0.1683,0.2084,1.0404,0.0,-1325.3630013562,0.26181452812109585,-1.6124773428423271,-1556.0531782107,0.17436762669990458
BENO_red_251_cutoff_0.0.inp.out,199.36462623460162,-0.1708,0.2202,0.1801,0.0,-1325.0770786930,1.3932318837933875,1.1662831082757035,-1555.7582193638,0.17747213689995078
BENO_red_252_cutoff_0.0.inp.out,199.71473140341084,-0.1765,0.1986,0.8463,0.0,-1325.4100794994,0.21408750690474188,-0.18611670493565768,-1556.0935023443,0.18337124279992167
BENO_red_253_cutoff_0.0.inp.out,200.29626673728106,-0.1650,0.2206,1.3095,0.0,-1325.5177567069,-4.051921324143519,-2.072277888670188,-1556.1980259891,0.17141052780016253
BENO_red_254_cutoff_0.0.inp.out,201.17449398296674,-0.1950,0.1891,0.3986,0.0,-1325.6175321135,0.8272295146169686,3.1403364552846114,-1556.29962934,0.20277501620012117
BENO_red_255_cutoff_0.0.inp.out,200.6060863852596,-0.1648,0.2188,0.3167,0.0,-1325.5221235385,0.021790558102372792,-0.4437630334723574,-1556.1989446261,0.1712169652000739
BENO_red_256_cutoff_0.0.inp.out,199.17778508076495,-0.1605,0.2125,0.8924,0.0,-1325.3546423148,1.5687818556015625,1.5704456292809723,-1556.0400947924,0.16785874340007467
BENO_red_257_cutoff_0.0.inp.out,200.43133235960926,-0.1720,0.2193,0.4300,0.0,-1325.8429702032,-2.062854266727794,-1.432826967324449,-1556.5296299936,0.1788082282000687
BENO_red_258_cutoff_0.0.inp.out,201.95858727645992,-0.1807,0.2083,0.6811,0.0,-1325.5766901650,-2.065560695854426,-1.7682303377219886,-1556.2628863125,0.1848744581000119
BENO_red_259_cutoff_0.0.inp.out,202.05638991212618,-0.1622,0.2210,0.7863,0.0,-1325.5102016800,2.5744905142854106,2.9711572801686086,-1556.1896704267,0.16773014149998744
BENO_red_25_cutoff_0.0.inp.out,202.33877589497487,-0.1784,0.2080,0.0840,0.0,-1325.2111567034,1.8241676103563234,1.4430840791842454,-1555.9025730808,0.183967507099851
BENO_red_260_cutoff_0.0.inp.out,199.3323925736087,-0.1783,0.2082,0.6278,0.0,-1325.7535331212,-3.259456100297414,-3.1559848773726564,-1556.4356194583,0.18426697519998925
BENO_red_261_cutoff_0.0.inp.out,199.84173720212758,-0.1639,0.2089,0.4847,0.0,-1325.8214969617,0.8134473663466855,-0.37791436564123654,-1556.4882483218,0.1712981487999059
BENO_red_262_cutoff_0.0.inp.out,198.14260092109672,-0.1650,0.2187,0.7522,0.0,-1325.7569338442,2.445488597292097,3.145484410776884,-1556.4400541474,0.17155834049981422
BENO_red_263_cutoff_0.0.inp.out,200.50815841340167,-0.1689,0.1993,0.9859,0.0,-1325.5114601801,2.012083416864164,6.231011638959784,-1556.1821682013,0.17486523529987608
BENO_red_264_cutoff_0.0.inp.out,201.5149986126075,-0.1672,0.2239,1.0666,0.0,-1325.1507528747,-0.16927541937702462,1.1205944189070647,-1555.8353022728,0.1728466592001041
BENO_red_265_cutoff_0.0.inp.out,200.88419639492494,-0.1652,0.2263,1.0220,0.0,-1325.1169986328,-1.8736424448297988,1.067564906233225,-1555.8079168595,0.17193243099995925
BENO_red_266_cutoff_0.0.inp.out,200.33753646314395,-0.1647,0.2351,1.1768,0.0,-1325.0292559911,0.1700174263801024,0.16881160879167512,-1555.7232067569,0.17100221099985902
BENO_red_267_cutoff_0.0.inp.out,200.29690537919532,-0.1932,0.1980,0.9134,0.0,-1325.6384358587,1.1464007605400703,2.8725823057697983,-1556.3230814609,0.19808374839999487
BENO_red_268_cutoff_0.0.inp.out,202.1191551537444,-0.1679,0.2173,0.8631,0.0,-1325.2832276831,1.940424927391232,2.610795688022245,-1555.965778801,0.17490258330008146
BENO_red_269_cutoff_0.0.inp.out,201.1072663725726,-0.1511,0.2296,1.0022,0.0,-1325.6000456305,1.2477953462744438,-0.4192769649360624,-1556.2790669649,0.1569137678000061
BENO_red_26_cutoff_0.0.inp.out,201.86296050598258,-0.1689,0.2162,0.3440,0.0,-1324.9007459420,0.4983239129709423,0.9672649650435173,-1555.5898383865,0.1752432823000163
BENO_red_270_cutoff_0.0.inp.out,201.5723248279599,-0.1442,0.2417,0.7149,0.0,-1325.1445147631,0.9861289490355738,0.5659026415206554,-1555.8337057507,0.15049459929991826
BENO_red_271_cutoff_0.0.inp.out,200.75154059902408,-0.1608,0.2219,0.3734,0.0,-1325.0660960934,2.2515672266076487,3.541999894296928,-1555.7520866302,0.16786063269978513
BENO_red_272_cutoff_0.0.inp.out,200.56516637749039,-0.1668,0.2103,0.8677,0.0,-1325.3758765642,0.21515939677512064,-0.3935712201775606,-1556.0601577228,0.17164866260009148
BENO_red_273_cutoff_0.0.inp.out,200.24051701952536,-0.1533,0.2241,0.4122,0.0,-1325.4325964361,2.526749698464575,3.5983409618942552,-1556.1199387293,0.1591947773999891
BENO_red_274_cutoff_0.0.inp.out,199.2520159989489,-0.1728,0.2113,0.6776,0.0,-1325.1192465532,3.024524221283904,4.457132321750107,-1555.801474988,0.18007732410001154
BENO_red_275_cutoff_0.0.inp.out,200.12001608410526,-0.1588,0.2097,0.1945,0.0,-1325.1388627042,6.717861320047499,9.275109681729889,-1555.8137323969,0.16644919970008232
BENO_red_276_cutoff_0.0.inp.out,200.2418497728425,-0.1858,0.2125,0.5411,0.0,-1325.3385515819,3.351771722055728,4.032308065396558,-1556.0263531666,0.19180507600003693
BENO_red_277_cutoff_0.0.inp.out,203.22773117469498,-0.1799,0.2055,0.5426,0.0,-1325.0834304025,0.9102207364246228,1.8106630523917853,-1555.7608596288,0.1850875420000193
BENO_red_278_cutoff_0.0.inp.out,202.75339603483764,-0.1490,0.2279,0.9437,0.0,-1324.8671291559,1.801561548946293,3.7562842846888973,-1555.549528464,0.1525358203000451
BENO_red_279_cutoff_0.0.inp.out,200.8302882337889,-0.1752,0.2065,0.3421,0.0,-1325.2644750911,-3.624918726422321,-3.413932106941807,-1555.9375308179,0.18069137210000008
BENO_red_27_cutoff_0.0.inp.out,201.90645160125314,-0.1700,0.2279,0.5478,0.0,-1325.0742347518,1.0329586060457336,1.6206708765695366,-1555.7656980768,0.1750405719999435
BENO_red_280_cutoff_0.0.inp.out,198.52458499232546,-0.1681,0.2011,0.6106,0.0,-1325.1913350277,-0.17459201141485303,2.7496791407959127,-1555.8661327588,0.1761932025999613
BENO_red_281_cutoff_0.0.inp.out,198.3359261592578,-0.1834,0.1957,0.2942,0.0,-1325.0242307853,-1.8525477005747775,-1.660357616471612,-1555.6995671691,0.19058838780006226
BENO_red_282_cutoff_0.0.inp.out,200.07751053269254,-0.1774,0.2055,0.2796,0.0,-1324.9649453278,4.846253353107357,5.107342964044484,-1555.6405920556,0.1837988919999134
BENO_red_283_cutoff_0.0.inp.out,201.02355122569412,-0.1462,0.2360,0.3798,0.0,-1324.9335371729,-0.9692801272437983,-2.775411007807793,-1555.611234515,0.15312201610004195
BENO_red_284_cutoff_0.0.inp.out,200.71003367001532,-0.1844,0.2085,1.0266,0.0,-1325.3554972451,-0.9466429485295056,-1.1386572081970896,-1556.0401221685,0.19004960969982676
BENO_red_285_cutoff_0.0.inp.out,201.32776251614484,-0.1610,0.2197,0.7145,0.0,-1325.3886288539,0.2616062902586712,3.1805429494508757,-1556.0731215439,0.1668497378000211
BENO_red_286_cutoff_0.0.inp.out,201.5865876090306,-0.1801,0.2140,0.6234,0.0,-1325.1175457122,-0.7814707172257539,0.05858983234347617,-1555.8074412615,0.18638057230009508
BENO_red_287_cutoff_0.0.inp.out,202.0259230566065,-0.1495,0.2375,0.6341,0.0,-1325.4027656011,-0.25233849515991325,-0.18347403173167526,-1556.0918939008,0.1554199583999889
BENO_red_288_cutoff_0.0.inp.out,201.55484825801335,-0.1732,0.2185,0.3794,0.0,-1325.2285612302,-1.818863877628714,-3.4407457908530006,-1555.9152483052,0.17949386660006894
BENO_red_289_cutoff_0.0.inp.out,202.11060481536924,-0.1596,0.2228,0.9137,0.0,-1324.8245805228,-4.115329981343444,-5.573123974317168,-1555.5073533464,0.16721050380010638
BENO_red_28_cutoff_0.0.inp.out,201.77699042916893,-0.1790,0.2093,0.3765,0.0,-1324.9526473992,5.7668790788202005,8.24217623489896,-1555.6347097277,0.18429766569988715
BENO_red_290_cutoff_0.0.inp.out,197.72484979357353,-0.1580,0.2298,0.3111,0.0,-1324.7776853897,0.23929349203226935,-0.10162721784038856,-1555.4648041117,0.16553297230007047
BENO_red_291_cutoff_0.0.inp.out,199.2445156323458,-0.1647,0.2092,0.2951,0.0,-1324.7708342818,-1.6697320708162928,-1.4259492616048437,-1555.4446319158,0.17228505110006154
BENO_red_292_cutoff_0.0.inp.out,200.61280792323524,-0.1519,0.2327,0.8271,0.0,-1324.8227886040,2.1755551271574216,-2.4293199605338605,-1555.5064365797,0.1570594533000076
BENO_red_293_cutoff_0.0.inp.out,201.6760327928992,-0.1399,0.2371,0.5424,0.0,-1324.8587428211,-2.2822556205763553,0.17201027985371364,-1555.5438649706,0.14705060929986757
BENO_red_294_cutoff_0.0.inp.out,200.95204584646194,-0.1732,0.2152,0.4635,0.0,-1325.2368605638,-1.4416632173201753,-2.9430060501440933,-1555.9180851292,0.1779627386001721
BENO_red_295_cutoff_0.0.inp.out,203.00252427187428,-0.1534,0.2183,1.1636,0.0,-1324.9039770463,-5.281390015246529,-8.467867404071503,-1555.5848051931,0.1597697591000724
BENO_red_296_cutoff_0.0.inp.out,202.57963151752386,-0.1594,0.1988,1.1362,0.0,-1324.8529238298,-1.3260747583645207,-1.8993434042616975,-1555.5384557784,0.16583322949986723
BENO_red_297_cutoff_0.0.inp.out,202.01048691219205,-0.1631,0.2213,0.6152,0.0,-1324.8981533742,-0.8732112842375077,-0.647757024052425,-1555.5837830246,0.1690146550999998
BENO_red_298_cutoff_0.0.inp.out,200.67028317698777,-0.1690,0.2015,0.7691,0.0,-1324.8989679770,-2.8973021555923126,-4.499679766191167,-1555.5852753379,0.17570321550010704
BENO_red_299_cutoff_0.0.inp.out,199.72045700669688,-0.1572,0.2073,1.0567,0.0,-1324.9536298520,-2.9007408594979687,-5.565779633790296,-1555.6243582903,0.1631940314998701
BENO_red_29_cutoff_0.0.inp.out,200.9822770951486,-0.1534,0.2239,0.9400,0.0,-1325.0090965044,1.7754310550317696,2.0574246024420457,-1555.6933718798,0.16132156129992836
BENO_red_2_cutoff_0.0.inp.out,200.89946306081578,-0.1512,0.2182,0.6290,0.0,-1324.7274048345,-1.662023323961914,-6.15715167171352,-1555.4042381145,0.15721927189997587
BENO_red_300_cutoff_0.0.inp.out,200.75040353409074,-0.1733,0.2059,0.4903,0.0,-1325.2532458822,-2.218983611663876,-6.291218100717141,-1555.9368876339,0.17968521490001876
BENO_red_301_cutoff_0.0.inp.out,200.46814391301328,-0.1633,0.2087,0.7617,0.0,-1325.1673015165,-1.5944615487170906,-0.6301828061004509,-1555.8507642565,0.16937506590011253
BENO_red_302_cutoff_0.0.inp.out,200.41312869789022,-0.1465,0.2249,0.9873,0.0,-1325.0397367639,-1.5305174543304543,-1.1597168188840978,-1555.7218273189,0.15436191570006486
BENO_red_303_cutoff_0.0.inp.out,198.68901276969623,-0.1922,0.2033,0.6500,0.0,-1325.2681815878,-1.0151216810443986,-1.2678464333054122,-1555.9516248017,0.19782158439988962
BENO_red_304_cutoff_0.0.inp.out,198.01107425766907,-0.1762,0.2130,0.4461,0.0,-1325.2889987294,-3.0258631673197027,-2.3366626820489684,-1555.9690467346,0.18252581179990557
BENO_red_305_cutoff_0.0.inp.out,198.7694501183318,-0.1507,0.2211,1.0306,0.0,-1325.0234410420,-3.7640499877525664,-2.9670330574321464,-1555.6910517409,0.15886508950006828
BENO_red_306_cutoff_0.0.inp.out,198.9863104555405,-0.1376,0.2247,0.9855,0.0,-1325.2784265291,-2.9754440658446164,-2.694815042400315,-1555.9462952587,0.14560973269999522
BENO_red_307_cutoff_0.0.inp.out,199.71010968861395,-0.1588,0.2187,0.6009,0.0,-1325.0366525651,1.1497462280500992,0.29426804419739094,-1555.7021436233,0.16641932129982706
BENO_red_308_cutoff_0.0.inp.out,202.04111035800554,-0.1708,0.2231,0.1223,0.0,-1325.5487344908,-0.678242123587534,0.29299689031942905,-1556.2310804323,0.17627935950008577
BENO_red_309_cutoff_0.0.inp.out,203.26138226699436,-0.1624,0.2371,0.6331,0.0,-1325.1068823544,-1.4392718493824423,-1.1015590369406913,-1555.8049397096,0.16846022310005537
BENO_red_30_cutoff_0.0.inp.out,200.5492927680702,-0.1326,0.2438,0.9732,0.0,-1325.4451094011,1.0939527985797168,-1.2321926416859745,-1556.1309559367,0.14077427210008864
BENO_red_310_cutoff_0.0.inp.out,203.0905954283482,-0.1555,0.2179,0.2840,0.0,-1325.0526794971,-0.95486780325192,-0.42302217558374483,-1555.7319489164,0.16156399359988427
BENO_red_311_cutoff_0.0.inp.out,202.7548515562956,-0.1629,0.2329,0.7355,0.0,-1324.7588947172,7.543215956114495,8.402042269478008,-1555.4501919076,0.16985953380003593
BENO_red_312_cutoff_0.0.inp.out,198.38258258293527,-0.1755,0.2109,1.3835,0.0,-1324.8983094578,8.719270103986519,16.074435847386475,-1555.5792600025,0.18140651310000067
BENO_red_313_cutoff_0.0.inp.out,200.0745468271598,-0.1496,0.2101,1.3892,0.0,-1325.0245034870,-0.4326208604685671,3.9590816413637007,-1555.6921787827,0.15715241699990656
BENO_red_314_cutoff_0.0.inp.out,199.20237720095062,-0.1597,0.2163,0.7064,0.0,-1325.3929519431,6.238364850379501,8.566447985168928,-1556.0595754833,0.16652889269994375
BENO_red_315_cutoff_0.0.inp.out,198.72238809575452,-0.1699,0.2186,0.5343,0.0,-1324.7924896457,-0.26777620573445915,-0.9260790274314923,-1555.4569402219,0.17700289079994036
BENO_red_316_cutoff_0.0.inp.out,197.66774546300792,-0.1842,0.2014,0.1867,0.0,-1325.1864545455,-1.5680288943978207,-5.176308262851137,-1555.8474032703,0.1899861981999038
BENO_red_317_cutoff_0.0.inp.out,199.24208993814045,-0.1633,0.2207,0.7813,0.0,-1325.2433434675,-1.0883866111963227,-1.3299220052009668,-1555.9138240014,0.16997183529997528
BENO_red_318_cutoff_0.0.inp.out,196.41958999954093,-0.1618,0.2159,0.4592,0.0,-1325.0488438051,0.27440266194609364,-0.9233504736152272,-1555.7057761029,0.16825078130000293
BENO_red_319_cutoff_0.0.inp.out,199.15138570000417,-0.1678,0.2035,0.6663,0.0,-1325.1892017467,-2.3491731749824654,-4.246577763070377,-1555.8515842098,0.17518641579999894
BENO_red_31_cutoff_0.0.inp.out,199.4275074019814,-0.1377,0.2380,0.2860,0.0,-1325.0339645117,-1.1353227684967857,-2.2010432314645776,-1555.7160387807,0.1445762616999673
BENO_red_320_cutoff_0.0.inp.out,199.42401780085166,-0.1704,0.2273,0.2996,0.0,-1324.8261374925,-0.9713967828632498,0.2756184055621174,-1555.5114476824,0.17539293320010074
BENO_red_321_cutoff_0.0.inp.out,199.41077745524615,-0.1689,0.2119,0.8382,0.0,-1325.0048954010,0.7694669895117157,0.7600611881757762,-1555.6822889356,0.17469130990002668
BENO_red_322_cutoff_0.0.inp.out,200.3625942024675,-0.1852,0.2086,0.6537,0.0,-1324.8426564045,-0.4882577600410327,2.061144458876957,-1555.5325425342,0.19181012080002802
BENO_red_323_cutoff_0.0.inp.out,202.10390915537877,-0.1727,0.2051,0.9883,0.0,-1324.7445673043,-6.612635247465396,-8.64573183622859,-1555.4235619781,0.17789645080006267
BENO_red_324_cutoff_0.0.inp.out,201.42064379367412,-0.1522,0.2236,1.4972,0.0,-1324.6047904455,-1.8333608658908978,-1.8406483058795962,-1555.296597191,0.15935741680004867
BENO_red_325_cutoff_0.0.inp.out,199.90849818876669,-0.1811,0.2078,0.5704,0.0,-1325.0485066803,-0.2253303177352664,-0.8694721659362936,-1555.7279088894,0.18750859340002535
BENO_red_326_cutoff_0.0.inp.out,200.14701601101422,-0.1579,0.2239,0.7792,0.0,-1324.6574230618,-0.7696279416960684,-1.403719286547124,-1555.3385719587,0.16537936579993584
BENO_red_327_cutoff_0.0.inp.out,198.99564509255487,-0.1548,0.2285,1.2027,0.0,-1324.8064901708,-0.11211223758883175,2.4770023547111633,-1555.4788594824,0.16150346609992994
BENO_red_328_cutoff_0.0.inp.out,198.71807942159194,-0.1809,0.2111,0.2764,0.0,-1324.8084893902,3.6447048999764586,4.361789205283888,-1555.481100556,0.18749823109988029
BENO_red_329_cutoff_0.0.inp.out,199.21163934998557,-0.1688,0.2173,0.4323,0.0,-1324.7382397417,0.07779032915808101,1.8541397281684202,-1555.3978810492,0.1745569020001767
BENO_red_32_cutoff_0.0.inp.out,198.5143634684889,-0.1687,0.2036,0.8886,0.0,-1325.2626211549,-2.502083851843307,-0.46876696275161217,-1555.9411418425,0.17589907100000346
BENO_red_330_cutoff_0.0.inp.out,199.37856675281438,-0.1564,0.2195,0.8770,0.0,-1324.6797732915,1.118184685699777,0.37069943886313517,-1555.3501520678,0.16454636859998573
BENO_red_331_cutoff_0.0.inp.out,198.4995506496569,-0.1512,0.2275,0.4901,0.0,-1324.9563069685,-3.325350619219098,-5.6907581634141025,-1555.6234560182,0.15766084019992377
BENO_red_332_cutoff_0.0.inp.out,200.21853872856607,-0.1600,0.2283,0.2338,0.0,-1324.7049591474,-0.6929485762436909,-2.824684184925025,-1555.3880184572,0.16768622159997904
BENO_red_333_cutoff_0.0.inp.out,199.7969358493398,-0.1678,0.2190,1.0106,0.0,-1324.8776518995,-1.5229188218563965,-1.9653668512183835,-1555.5553419069,0.17496843260005335
BENO_red_334_cutoff_0.0.inp.out,200.60557043714704,-0.1805,0.1964,0.5368,0.0,-1325.0684342790,2.412603890902298,0.4589378036776869,-1555.751003555,0.18732555309998133
BENO_red_335_cutoff_0.0.inp.out,199.79142526810494,-0.1644,0.2067,0.3515,0.0,-1324.6393125549,-1.011148903541476,0.6242206486433621,-1555.3040294677,0.17168635560005896
BENO_red_336_cutoff_0.0.inp.out,199.84504340108876,-0.1872,0.1997,0.7887,0.0,-1325.2431897263,1.2725485212860579,2.1316847711733717,-1555.9271337413,0.19406579689984937
BENO_red_337_cutoff_0.0.inp.out,199.77447192293602,-0.1588,0.2149,0.7686,0.0,-1324.6604863346,1.2783273030513145,0.6771607960397475,-1555.3289175823,0.16526687079999647
BENO_red_338_cutoff_0.0.inp.out,200.21052471761647,-0.1440,0.2323,0.8421,0.0,-1324.6342103515,-0.2905667241372165,-3.926575916202395,-1555.3122692248,0.15035588909995568
BENO_red_339_cutoff_0.0.inp.out,200.38717293268357,-0.1534,0.2245,0.9418,0.0,-1324.6987448515,3.906186292544447,2.132760745687948,-1555.3724246322,0.159971406600107
BENO_red_33_cutoff_0.0.inp.out,199.64661258914865,-0.1492,0.2199,1.6328,0.0,-1325.3985105939,-7.656991277841979,-11.085705572578082,-1556.0899033815,0.15558116960005464
BENO_red_340_cutoff_0.0.inp.out,201.8852046457313,-0.1695,0.2001,0.8264,0.0,-1325.2131790245,0.6702063880272744,2.617930874287481,-1555.8877624282,0.1772378805999324
BENO_red_341_cutoff_0.0.inp.out,201.27567314812632,-0.1650,0.2097,0.8563,0.0,-1325.0881792784,5.066501605068192,1.1164307663603055,-1555.76324346,0.17078741519981122
BENO_red_342_cutoff_0.0.inp.out,201.3374004220951,-0.1553,0.2233,1.0897,0.0,-1325.1472878697,-2.0491597020849586,-4.266238696745953,-1555.8271412292,0.16156943019996106
BENO_red_343_cutoff_0.0.inp.out,200.39949814156284,-0.1820,0.1923,0.4923,0.0,-1325.0505544802,-4.31672161212973,-3.975379068960404,-1555.7286319702,0.18810841399999845
BENO_red_344_cutoff_0.0.inp.out,200.93002678208333,-0.1768,0.2097,0.8823,0.0,-1325.2088825552,-0.4638460594399145,0.26593879092115935,-1555.8990515017,0.18280978539996795
BENO_red_345_cutoff_0.0.inp.out,199.91799851207588,-0.1745,0.2065,0.6043,0.0,-1325.0291895664,-2.649409565763874,-2.5415854874107744,-1555.7136245518,0.18131474929987235
BENO_red_346_cutoff_0.0.inp.out,200.209356302186,-0.1439,0.2160,0.8461,0.0,-1325.1487834206,-2.168429412652851,-0.2294938932471649,-1555.8240255556,0.1504798260998541
BENO_red_347_cutoff_0.0.inp.out,200.77452962875816,-0.1597,0.2039,0.7971,0.0,-1325.2037701279,1.5759606698822965,1.7041552476896518,-1555.8811044245,0.16620309149993773
BENO_red_348_cutoff_0.0.inp.out,200.37394225991494,-0.1660,0.2165,0.1599,0.0,-1325.2694588852,-0.30755804441209755,-1.9711242277500025,-1555.9521957791,0.1722006371999214
BENO_red_349_cutoff_0.0.inp.out,201.119394653881,-0.1582,0.2266,0.2260,0.0,-1325.3797972501,1.6101806398015734,2.079106561124715,-1556.0547623105,0.16508364239984985
BENO_red_34_cutoff_0.0.inp.out,199.47209208221588,-0.1763,0.2070,0.8885,0.0,-1325.3793721781,-3.782871802479986,-5.230065126135733,-1556.0603502845,0.18204221600012715
BENO_red_350_cutoff_0.0.inp.out,197.72484979357353,-0.1580,0.2298,0.3111,0.0,-1324.7776986097,0.23928552655382962,-0.10161958687450487,-1555.4648173283,0.16553287550004825
BENO_red_351_cutoff_0.0.inp.out,199.49844407578735,-0.1729,0.2032,0.4305,0.0,-1324.8792354904,-1.5850808505108371,-1.8486002730827746,-1555.5574780131,0.17992188020002686
BENO_red_352_cutoff_0.0.inp.out,200.1121267928099,-0.1454,0.2243,0.8697,0.0,-1324.8305604663,1.7867873297056835,-0.05994452732256042,-1555.5158210982,0.15247771459985415
BENO_red_353_cutoff_0.0.inp.out,201.1748365104984,-0.1513,0.2246,0.2395,0.0,-1325.1396289953,0.56433510058367,0.12126671445370318,-1555.8214183119,0.15825735130010798
BENO_red_354_cutoff_0.0.inp.out,201.78254487590465,-0.1719,0.2108,0.7647,0.0,-1325.0175869655,-2.589001903605879,-1.5460976981579821,-1555.7100507761,0.17667621719988347
BENO_red_355_cutoff_0.0.inp.out,201.718906111746,-0.1920,0.1977,0.4573,0.0,-1325.0475067268,-1.455131140433891,-1.2238232606722255,-1555.7421083201,0.19861880019993805
BENO_red_356_cutoff_0.0.inp.out,200.2745419289657,-0.1605,0.2325,0.3316,0.0,-1325.4079528522,-0.20888181951545104,0.3258615080937971,-1556.0997160323,0.1664460312999836
BENO_red_357_cutoff_0.0.inp.out,200.5213093138388,-0.1746,0.1923,0.6199,0.0,-1325.2309582319,1.7138153098560198,0.4907651874989062,-1555.908985152,0.18184061529996143
BENO_red_358_cutoff_0.0.inp.out,200.92343176520845,-0.1732,0.2006,0.7593,0.0,-1325.5252234499,-0.7154096026727553,-1.4675009819315075,-1556.2135213113,0.17936421199988217
BENO_red_359_cutoff_0.0.inp.out,200.0929458765385,-0.1761,0.2124,0.7848,0.0,-1325.3575786183,1.1439920021412313,-0.7491753818070255,-1556.0327923016,0.1827350915000352
BENO_red_35_cutoff_0.0.inp.out,199.32938450723927,-0.1880,0.1902,0.7346,0.0,-1325.1710210204,2.2777899654704212,1.3625470266206516,-1555.8491053351,0.19532036539999353
BENO_red_360_cutoff_0.0.inp.out,199.43842226032493,-0.1675,0.2161,0.4463,0.0,-1325.6818113036,0.8747214637488301,-0.6785216961229322,-1556.3611998108,0.17411102079995544
BENO_red_361_cutoff_0.0.inp.out,199.14121151945335,-0.1832,0.1983,0.3997,0.0,-1325.4209159509,-1.9518960609502836,-0.8272192497921436,-1556.0994241424,0.19008049810008742
BENO_red_362_cutoff_0.0.inp.out,199.16556120603627,-0.1515,0.2039,1.1191,0.0,-1325.5805273583,2.8917570848747,1.00586483457546,-1556.2575548011,0.1585246463000658
BENO_red_363_cutoff_0.0.inp.out,199.66233128818257,-0.1506,0.2176,0.3939,0.0,-1325.3811092175,2.6992631174480017,3.6702331484088595,-1556.0623612831,0.1564071712000441
BENO_red_364_cutoff_0.0.inp.out,198.0293980047233,-0.1841,0.2070,0.7871,0.0,-1325.6641964285,4.0395346589215535,7.338393831033945,-1556.3431439502,0.18921660189994327
BENO_red_365_cutoff_0.0.inp.out,200.49580639736664,-0.1635,0.2085,0.6593,0.0,-1325.5108651150,-3.154553044765867,-3.3814915190850177,-1556.1807125015,0.17019193639998775
BENO_red_366_cutoff_0.0.inp.out,199.91858458727853,-0.1638,0.2107,1.1228,0.0,-1326.2502888437,-1.2161209829459267,-1.4432985046639324,-1556.9189341727,0.1699681461000182
BENO_red_367_cutoff_0.0.inp.out,199.60197707597445,-0.1840,0.2094,0.4807,0.0,-1326.3630839590,-0.27452037150543096,-1.0968458114416848,-1557.0462953285,0.19106286000010186
BENO_red_368_cutoff_0.0.inp.out,200.55248644772425,-0.1502,0.2284,0.6529,0.0,-1325.4637795036,-1.7554406580091833,-3.4228422058508783,-1556.1447240639,0.15737429410000914
BENO_red_369_cutoff_0.0.inp.out,200.7012230335611,-0.1837,0.2017,0.4293,0.0,-1325.8335462839,-0.8324367998842591,-1.2246350972283278,-1556.5189586063,0.19077896039993902
BENO_red_36_cutoff_0.0.inp.out,199.4340393504127,-0.1765,0.1924,1.6603,0.0,-1325.1929951670,-9.579992857373062,-8.917339855578598,-1555.8665651107,0.18375829830006296
BENO_red_370_cutoff_0.0.inp.out,201.7219015357613,-0.1750,0.2094,0.9307,0.0,-1325.7088054505,1.5483105244546793,1.2449407882398016,-1556.4005677536,0.18124080339998727
BENO_red_371_cutoff_0.0.inp.out,202.50645909156196,-0.1830,0.2113,0.7960,0.0,-1325.6426723852,-2.150126440480326,0.3746203042678272,-1556.3370696513,0.18910890589995688
BENO_red_372_cutoff_0.0.inp.out,201.8326914405948,-0.1759,0.2112,0.5509,0.0,-1325.7825418058,-0.7869864395643429,-1.660879925647465,-1556.4686668293,0.18122929430001022
BENO_red_373_cutoff_0.0.inp.out,200.31640103835028,-0.1649,0.2204,0.2499,0.0,-1325.9295747823,-6.347255377397414,-5.271977971653831,-1556.6116744293,0.17231002039989107
BENO_red_374_cutoff_0.0.inp.out,197.91984034552837,-0.1598,0.2238,0.5399,0.0,-1325.6669235971,-1.4804818707377785,-2.3709207552005456,-1556.3495770711,0.16652544249996026
BENO_red_375_cutoff_0.0.inp.out,198.19007441403346,-0.1757,0.2072,0.5543,0.0,-1325.7220396634,-2.469351250592168,-1.9964706933697078,-1556.3924403929,0.18337083810001786
BENO_red_376_cutoff_0.0.inp.out,199.68307690107918,-0.1719,0.2100,0.9349,0.0,-1325.6532470024,-3.865622737655913,-5.0153256367546275,-1556.3254544969,0.17935952469997574
BENO_red_377_cutoff_0.0.inp.out,200.8547140556995,-0.1707,0.2018,1.1286,0.0,-1326.1586344480,4.2376409828437005,2.555560572456283,-1556.8315764451,0.17665868020003472
BENO_red_378_cutoff_0.0.inp.out,200.98043191615673,-0.1682,0.2042,1.0723,0.0,-1325.6083733357,-3.7287206710081757,-3.562461426598034,-1556.2803113798,0.17604097529988394
BENO_red_379_cutoff_0.0.inp.out,201.00814749726024,-0.1711,0.2185,1.3168,0.0,-1325.6947140208,-8.382734743943207,-10.208681992307849,-1556.378945866,0.17743070550000084
BENO_red_37_cutoff_0.0.inp.out,200.67728439039436,-0.1564,0.2193,0.8726,0.0,-1325.3455408821,2.3184860184119502,3.008271737188709,-1556.0218406171,0.16282822790003593
BENO_red_380_cutoff_0.0.inp.out,200.12922308402605,-0.1911,0.2051,1.0701,0.0,-1325.7200922714,-7.894849002113229,-5.300312260083358,-1556.3976751287,0.19679110459992444
BENO_red_381_cutoff_0.0.inp.out,199.77945152600668,-0.1926,0.1871,0.7186,0.0,-1326.1170867577,-4.321130371077224,-8.420159415368401,-1556.7929151842,0.1999295451000762
BENO_red_382_cutoff_0.0.inp.out,199.64947829653852,-0.1880,0.1943,0.8401,0.0,-1325.6785424187,-1.3562063472789707,-0.021227578378973405,-1556.3414942733,0.194521428400094
BENO_red_383_cutoff_0.0.inp.out,201.42379410247347,-0.1958,0.1928,0.6267,0.0,-1325.9442283487,-2.3714352055373933,-0.15834816590703318,-1556.6293417435,0.2022659414001282
BENO_red_384_cutoff_0.0.inp.out,200.45159174765303,-0.1924,0.2045,0.2729,0.0,-1326.0058314554,-1.9842543463702138,0.5295703564872413,-1556.6944178422,0.19809354929998335
BENO_red_385_cutoff_0.0.inp.out,201.6443257494822,-0.1731,0.1994,0.8322,0.0,-1325.6181217610,1.0609631160399478,1.4505928866402595,-1556.3001511695,0.18010498220019144
BENO_red_386_cutoff_0.0.inp.out,202.1156556423607,-0.1716,0.2092,0.9779,0.0,-1325.7221094262,-0.9718635911552238,-0.2337461794451527,-1556.4080450099,0.17814876779993938
BENO_red_387_cutoff_0.0.inp.out,199.74603901417075,-0.1787,0.2152,0.8199,0.0,-1325.9818661771,-0.6758882967510109,-1.1756124415002176,-1556.6647519912,0.1843764894999822
BENO_red_388_cutoff_0.0.inp.out,199.7629524637037,-0.1698,0.2065,0.4888,0.0,-1325.3164761056,2.7536609908336347,1.04595830867746,-1555.9977164899,0.17654777489997286
BENO_red_389_cutoff_0.0.inp.out,198.4805895748909,-0.1624,0.2009,0.9005,0.0,-1325.1958486091,2.305403187451989,1.1610326103629647,-1555.8682879962,0.16937381379989347
BENO_red_38_cutoff_0.0.inp.out,201.1329337264282,-0.1809,0.1689,1.1792,0.0,-1325.2512717959,0.4169847958717894,2.6014727453205047,-1555.9339455427,0.18922462139994423
BENO_red_390_cutoff_0.0.inp.out,199.0164628331258,-0.1642,0.2131,0.4199,0.0,-1325.4187321881,-1.4266699639881149,-0.9500931772616223,-1556.0852472204,0.17099447219993635
BENO_red_391_cutoff_0.0.inp.out,200.72283837622845,-0.1652,0.2096,0.8088,0.0,-1325.2928491222,-1.9197950370000199,-2.768037731280022,-1555.9761739922,0.1718663357000878
BENO_red_392_cutoff_0.0.inp.out,200.10182199631083,-0.1597,0.2278,0.5742,0.0,-1325.0685429334,-4.913097691994609,-7.614401269122426,-1555.7553819922,0.16647586839985706
BENO_red_393_cutoff_0.0.inp.out,201.24466725063,-0.1664,0.2110,0.5977,0.0,-1325.1431383622,-0.21618554682419217,-0.8581317176641314,-1555.8090286636,0.17244456820003506
BENO_red_394_cutoff_0.0.inp.out,202.8981271778825,-0.1606,0.2228,0.8021,0.0,-1325.2649075570,3.5886428824465515,3.492351907181925,-1555.9391110321,0.1640697922000527
BENO_red_395_cutoff_0.0.inp.out,202.46216658647612,-0.1678,0.2113,0.5578,0.0,-1325.1822459327,0.9314462851588609,-0.047285352487489024,-1555.8560502603,0.17432628239998849
BENO_red_396_cutoff_0.0.inp.out,200.99051946717483,-0.1726,0.2159,0.3970,0.0,-1325.4238515475,1.543237278643208,2.3227963038964408,-1556.0947592917,0.17699220879990207
BENO_red_397_cutoff_0.0.inp.out,200.16905247143058,-0.1951,0.1848,0.7735,0.0,-1325.5374960868,8.929812362306462,13.912266914796572,-1556.2074118805,0.2024206144001255
BENO_red_398_cutoff_0.0.inp.out,199.42603801148215,-0.1774,0.2063,0.5123,0.0,-1325.4754754645,2.0342231834430384,4.584352912160198,-1556.1477400268,0.18261028179995265
BENO_red_399_cutoff_0.0.inp.out,198.2957412286264,-0.1835,0.1981,0.8617,0.0,-1325.1751238771,-0.36160826046378414,-2.8193317823027386,-1555.8478493544,0.18961281189990586
BENO_red_39_cutoff_0.0.inp.out,199.6766307683701,-0.1298,0.2480,1.0497,0.0,-1324.8558182311,5.820025068082658,10.52488737943744,-1555.5354829452,0.13491376150000178
BENO_red_3_cutoff_0.0.inp.out,201.07203518745888,-0.1534,0.2276,0.3194,0.0,-1324.8851834535,0.4793918615546853,-0.34100830702047025,-1555.5727204978,0.16068476480018035
BENO_red_400_cutoff_0.0.inp.out,197.72484979357353,-0.1580,0.2298,0.3111,0.0,-1324.7776645657,0.23929453515893212,-0.10162212192123679,-1555.4647832866,0.16553273839986105
BENO_red_401_cutoff_0.0.inp.out,199.61675050298186,-0.1684,0.2084,0.3461,0.0,-1324.7566707228,-1.3979560686657149,-1.554912667976337,-1555.4326882166,0.17549629879999884
BENO_red_402_cutoff_0.0.inp.out,199.78572098294143,-0.1537,0.2252,0.4609,0.0,-1324.8838216443,-1.704903826151261,-4.539031183507772,-1555.5660478294,0.1598912049998944
BENO_red_403_cutoff_0.0.inp.out,201.12009328225136,-0.1496,0.2263,0.9222,0.0,-1325.2589266632,0.25273503718164586,1.745834745809011,-1555.9346089043,0.15746167229985986
BENO_red_404_cutoff_0.0.inp.out,201.98000833751755,-0.1781,0.2016,0.7099,0.0,-1325.1036027470,-5.8723213242503745,-2.4411991989831487,-1555.7913691891,0.18532849060011358
BENO_red_405_cutoff_0.0.inp.out,202.6763197190495,-0.1829,0.2095,0.5262,0.0,-1325.1944828608,-9.553094690105716,-10.574783731628314,-1555.882806969,0.1889247922999857
BENO_red_406_cutoff_0.0.inp.out,202.89467398918725,-0.1903,0.1988,0.3227,0.0,-1324.9928726220,-1.7876306113661125,-5.814886643888281,-1555.6843245075,0.19609416210005293
BENO_red_407_cutoff_0.0.inp.out,201.3387894013536,-0.1673,0.2140,0.6287,0.0,-1325.0625920235,-3.159351037092485,-5.649492950473368,-1555.7496363447,0.17472023780010204
BENO_red_408_cutoff_0.0.inp.out,201.3330948514825,-0.1744,0.1993,0.6183,0.0,-1325.0379356392,-0.8374979958718276,-2.994830190285092,-1555.7248372306,0.1797396563001712
BENO_red_409_cutoff_0.0.inp.out,200.98917336005738,-0.1710,0.2101,0.3296,0.0,-1325.0446162222,-2.634730282948228,0.2675993594807418,-1555.7228446342,0.17813761920001525
BENO_red_40_cutoff_0.0.inp.out,200.08466723171912,-0.1683,0.2209,0.6543,0.0,-1325.5372877983,-5.044235267465856,-9.876150693009192,-1556.2238745568,0.1761245405000409
BENO_red_410_cutoff_0.0.inp.out,200.91995202189722,-0.1628,0.2109,0.9690,0.0,-1325.1003566047,0.5972559601369969,0.09846115396023496,-1555.7865440772,0.16948883439999918
BENO_red_411_cutoff_0.0.inp.out,200.37543533923332,-0.1550,0.2331,0.3297,0.0,-1325.6002916486,0.6498170982198687,-0.5944845850396224,-1556.2768614734,0.15995994550007708
BENO_red_412_cutoff_0.0.inp.out,200.07894392718745,-0.1517,0.2254,0.7841,0.0,-1325.2563562570,3.142504666283418,2.145325900113201,-1555.9330324197,0.15832609599988245
BENO_red_413_cutoff_0.0.inp.out,201.31019958820136,-0.1585,0.2244,0.1941,0.0,-1325.3978102094,0.10725629743281037,0.6004611348753858,-1556.0838503514,0.1652022355999634
BENO_red_414_cutoff_0.0.inp.out,201.45055792492627,-0.1812,0.2106,0.9045,0.0,-1325.3083661935,-4.44779713879969,-4.58858022259163,-1555.9980541729,0.18753918309994333
BENO_red_415_cutoff_0.0.inp.out,202.3965427098601,-0.1826,0.2100,1.0522,0.0,-1324.8547541881,0.9849373053009822,2.915733416480902,-1555.5397309227,0.18544638129992563
BENO_red_416_cutoff_0.0.inp.out,204.68635953500905,-0.1445,0.2225,0.9113,0.0,-1324.9275645517,-0.5532911605431798,-1.8976706545752724,-1555.5905493068,0.14979209119996995
BENO_red_417_cutoff_0.0.inp.out,200.30589878771667,-0.1648,0.2086,0.8657,0.0,-1325.0937774766,7.4150559682943396,8.698638863739061,-1555.7579052578,0.1697656671999539
BENO_red_418_cutoff_0.0.inp.out,200.0919470716109,-0.1672,0.1941,1.3345,0.0,-1324.9616471697,3.9246975147606515,3.5421485667410075,-1555.6255540683,0.17395772249983565
BENO_red_419_cutoff_0.0.inp.out,198.8319930960728,-0.1514,0.2213,0.9262,0.0,-1325.3814146370,-1.6681251899968537,-1.0153709477866653,-1556.0623502464,0.15971196899999995
BENO_red_41_cutoff_0.0.inp.out,200.6176792609452,-0.1805,0.2154,0.4148,0.0,-1324.7753025511,-4.290475320412064,-1.8108937991135245,-1555.4569695619,0.1867253885000082
BENO_red_420_cutoff_0.0.inp.out,197.63235937893762,-0.1708,0.2136,0.5713,0.0,-1325.1702843754,0.014939147372207362,-1.0636325165812497,-1555.8347591915,0.17604498879995845
BENO_red_421_cutoff_0.0.inp.out,200.25229964633843,-0.1516,0.2229,1.0682,0.0,-1324.7365059322,0.5088739385497034,-0.5343816856908986,-1555.4045278212,0.1575203202000921
BENO_red_422_cutoff_0.0.inp.out,199.5600880766414,-0.1684,0.2104,0.8435,0.0,-1325.3104921852,-1.3595696248070712,-0.4254665330685443,-1555.9956827786,0.17562405850003415
BENO_red_423_cutoff_0.0.inp.out,201.36532091096413,-0.1586,0.2235,0.5985,0.0,-1325.1427302084,0.17979230269751378,2.3553494886469153,-1555.8255365275,0.1643937037001706
BENO_red_424_cutoff_0.0.inp.out,202.2599100677613,-0.1787,0.2195,0.4801,0.0,-1325.2353993961,-4.120935661836131,-4.2935214394676064,-1555.9237985284,0.18480543810005656
BENO_red_425_cutoff_0.0.inp.out,200.53026434651383,-0.1788,0.2090,0.6506,0.0,-1324.8989166067,-2.78945979357869,-2.8460937922831633,-1555.5809322368,0.18508564049989218
BENO_red_426_cutoff_0.0.inp.out,199.985482700117,-0.1637,0.2216,0.4274,0.0,-1325.1446577541,-4.365439330575935,-6.784822242434506,-1555.8304753312,0.17010097389993462
BENO_red_427_cutoff_0.0.inp.out,199.44971640399618,-0.1465,0.2332,0.7115,0.0,-1325.5593140979,-0.9095076484544768,-2.319517579957569,-1556.2341430025,0.15307919299993955
BENO_red_428_cutoff_0.0.inp.out,198.32232379672502,-0.1427,0.2409,0.2720,0.0,-1325.2417479864,1.5893547691681345,-1.5112523390213124,-1555.9166866406,0.14944652550002502
BENO_red_429_cutoff_0.0.inp.out,198.98354045873788,-0.1504,0.2259,1.0507,0.0,-1325.0322763036,2.3581332821531285,2.1459188250393293,-1555.6970787334,0.1568813822998436
BENO_red_42_cutoff_0.0.inp.out,200.8922610458418,-0.1855,0.2123,0.7709,0.0,-1324.8677864741,-2.9976505016893005,1.7836709391291201,-1555.5609672106,0.19126439540013962
BENO_red_430_cutoff_0.0.inp.out,198.39043323562183,-0.1564,0.2323,0.3970,0.0,-1325.1965788998,1.8458837395305157,-0.1812126037136852,-1555.8687185958,0.16387971139988622
BENO_red_431_cutoff_0.0.inp.out,198.8255841396797,-0.1747,0.1960,0.9686,0.0,-1325.0828268207,-4.4281503283782095,-4.477980916065137,-1555.7560493452,0.18172559720005665
BENO_red_432_cutoff_0.0.inp.out,200.10520695386379,-0.1883,0.2015,0.3556,0.0,-1325.3688937941,1.142940116581916,-0.3216838115337638,-1556.0536375983,0.19382773930010444
BENO_red_433_cutoff_0.0.inp.out,201.98343315413487,-0.1880,0.2118,0.5153,0.0,-1325.0956724362,-1.3099815328221958,-0.42945595218546945,-1555.7801250741,0.193781574500008
BENO_red_434_cutoff_0.0.inp.out,202.44078174156084,-0.1523,0.2191,0.3560,0.0,-1325.2918044472,0.9151118978888314,-0.32636928573243384,-1555.9524071047,0.1575099638998836
BENO_red_435_cutoff_0.0.inp.out,201.73505233426752,-0.1855,0.1948,0.4801,0.0,-1325.4183373923,1.4244305090035951,1.4619106466628697,-1556.0915331314,0.1908265372999267
BENO_red_436_cutoff_0.0.inp.out,200.3156072675586,-0.1817,0.2197,0.6534,0.0,-1324.9461553257,2.926610646530162,1.502104994560826,-1555.6342853943,0.18570373710008425
BENO_red_437_cutoff_0.0.inp.out,201.56194307518012,-0.1562,0.2326,1.0086,0.0,-1325.0977755202,1.6526332410775888,1.2477532290377424,-1555.787661215,0.1631242377000035
BENO_red_438_cutoff_0.0.inp.out,199.3128738746413,-0.1901,0.2070,0.9342,0.0,-1324.8528058375,-1.1270028441080697,0.4845621781188899,-1555.5338836495,0.19484032309992472
BENO_red_439_cutoff_0.0.inp.out,200.2077791391833,-0.1680,0.2155,0.5056,0.0,-1325.3538573614,0.43218586565047823,1.1020831367331354,-1556.028773709,0.17552918130013495
BENO_red_43_cutoff_0.0.inp.out,200.7807758020535,-0.1385,0.2487,0.2589,0.0,-1325.4754299366,1.8201439138117368,-0.004164770083371988,-1556.1572533729,0.1445122442999036
BENO_red_440_cutoff_0.0.inp.out,200.00361309921558,-0.1661,0.2144,0.5716,0.0,-1325.3473473965,-1.7955415186243875,-3.388873034042427,-1556.0311649945,0.17269744290001654
BENO_red_441_cutoff_0.0.inp.out,200.25239113611045,-0.1769,0.2134,0.2986,0.0,-1325.3560972734,-8.103912542570306,-7.8153305113730624,-1556.0373219304,0.18296230440000727
BENO_red_442_cutoff_0.0.inp.out,200.9024702419401,-0.1759,0.2015,0.8820,0.0,-1325.2216237893,-5.2856810150013995,-7.046383371874349,-1555.9034003207,0.18341548280000097
BENO_red_443_cutoff_0.0.inp.out,200.061154002086,-0.1906,0.2049,0.8546,0.0,-1325.3077856141,-0.5092991889610966,-1.5197969876454962,-1555.9987572183,0.1960038569000062
BENO_red_444_cutoff_0.0.inp.out,200.41272850776122,-0.1701,0.2096,0.7554,0.0,-1325.5485699549,-3.6375316583629065,-3.0802982961053504,-1556.2339518454,0.17767650650012
BENO_red_445_cutoff_0.0.inp.out,199.52601405726756,-0.1560,0.2283,0.8579,0.0,-1325.5731354764,-2.0233310166121,-3.9031221190306726,-1556.2528352125,0.16364433700005065
BENO_red_446_cutoff_0.0.inp.out,199.73988323233246,-0.1697,0.2210,0.2738,0.0,-1325.3472741425,-1.0233120266651732,-2.2836691638668296,-1556.0342919988,0.17673617840000588
BENO_red_447_cutoff_0.0.inp.out,199.31057005574095,-0.1667,0.2159,0.5318,0.0,-1325.3853682211,-5.398712732046219,-6.685517600219502,-1556.0690264224,0.1727649076999569
BENO_red_448_cutoff_0.0.inp.out,199.93588446520633,-0.1740,0.2156,0.4140,0.0,-1325.7691605122,-1.6925301184835977,-1.252079352880677,-1556.4479401515,0.17959133060003296
BENO_red_449_cutoff_0.0.inp.out,201.87111853751003,-0.1804,0.1865,0.9102,0.0,-1325.8141488886,-3.427306809695966,-7.247217825097854,-1556.4871006256,0.1863082095999289
BENO_red_44_cutoff_0.0.inp.out,199.06709732526107,-0.1762,0.2092,0.4191,0.0,-1325.4005414550,-2.4741654704579896,0.3124941668393343,-1556.0761039966,0.1824889675999657
BENO_red_450_cutoff_0.0.inp.out,197.72484979357353,-0.1580,0.2298,0.3111,0.0,-1324.7776986097,0.23928736998430988,-0.10161908187985055,-1555.4648173283,0.16553287550004825
BENO_red_451_cutoff_0.0.inp.out,199.82047225845062,-0.1722,0.2026,0.4266,0.0,-1324.8401256258,-1.4697867592375313,-1.7233512850098778,-1555.5169840496,0.17951196540002456
BENO_red_452_cutoff_0.0.inp.out,199.81027253163208,-0.1549,0.2297,0.4867,0.0,-1324.8068160001,0.4706865252162036,-1.4321234341458928,-1555.4987811109,0.16062076709999928
BENO_red_453_cutoff_0.0.inp.out,201.279195435497,-0.1512,0.2230,0.5949,0.0,-1324.9131905014,-2.1679566550428073,-1.2803102748836657,-1555.5966185321,0.1579410314998313
BENO_red_454_cutoff_0.0.inp.out,199.736339174225,-0.1796,0.2120,0.4019,0.0,-1324.6419086398,-0.7579284133717588,-0.9404627350862786,-1555.3298319061,0.18539330369981144
BENO_red_455_cutoff_0.0.inp.out,200.12316303332003,-0.1606,0.2232,0.8369,0.0,-1325.3470869510,2.8556616169721707,2.4689579762031384,-1556.0413057535,0.16573653119985465
BENO_red_456_cutoff_0.0.inp.out,201.71061916604003,-0.1668,0.2144,0.6550,0.0,-1325.0025830155,0.8040566364884787,1.0818165596389422,-1555.6865150644,0.17218507889992907
BENO_red_457_cutoff_0.0.inp.out,199.8266903304821,-0.1689,0.2216,0.8437,0.0,-1324.8389243340,2.6510948204081277,1.0043929076855753,-1555.5243812871,0.17446356950017616
BENO_red_458_cutoff_0.0.inp.out,201.31881245693222,-0.1646,0.2034,0.5861,0.0,-1325.0500092862,0.002307775549992473,0.10035851682510061,-1555.72615542,0.17206449610011987
BENO_red_459_cutoff_0.0.inp.out,201.3123495267198,-0.1803,0.1980,1.0098,0.0,-1325.0949345659,-2.9263403649089565,-0.6048262666394745,-1555.7840000889,0.1868268677001197
BENO_red_45_cutoff_0.0.inp.out,202.13736024534023,-0.1693,0.2061,0.2958,0.0,-1325.1491027341,-0.14235981690930555,-0.2936861736400599,-1555.8237532861,0.1746411439999065
BENO_red_460_cutoff_0.0.inp.out,201.624862919072,-0.1701,0.2088,0.4758,0.0,-1325.2214287106,-1.4178713177665199,0.10323698076548296,-1555.9137480665,0.17500167820003298
BENO_red_461_cutoff_0.0.inp.out,200.65546295247273,-0.1761,0.1867,1.7396,0.0,-1325.3617266565,-1.6341191537241038,0.9782513032319465,-1556.0570539055,0.1831356391001009
BENO_red_462_cutoff_0.0.inp.out,199.8929529370877,-0.1737,0.1888,0.3996,0.0,-1325.1950728306,3.1781806457949586,3.1485489138106555,-1555.8635537856,0.17958784179995746
BENO_red_463_cutoff_0.0.inp.out,200.71913122357134,-0.1397,0.2187,0.9776,0.0,-1325.3276725526,-0.21933854060676428,1.1329249029643824,-1556.007612828,0.14744278230000418
BENO_red_464_cutoff_0.0.inp.out,199.02131251439704,-0.1725,0.1997,0.9141,0.0,-1325.4914269172,1.5710721680167938,1.7949928063309077,-1556.1778332048,0.17913492880006743
BENO_red_465_cutoff_0.0.inp.out,198.90577036186392,-0.1815,0.1838,0.7882,0.0,-1325.2999928669,-1.8630269853274088,-1.492934824260982,-1555.9735661141,0.19053562439989946
BENO_red_466_cutoff_0.0.inp.out,197.98601414897715,-0.1881,0.1980,0.3668,0.0,-1325.2281670765,-2.700321323798259,-3.4687090596177192,-1555.905124207,0.19460897509998176
BENO_red_467_cutoff_0.0.inp.out,199.34196053661034,-0.1604,0.2160,0.5028,0.0,-1325.5339379199,0.24260668101919708,1.0757412165069034,-1556.2131796369,0.16778900140002406
BENO_red_468_cutoff_0.0.inp.out,200.88413981206565,-0.1836,0.1948,0.6022,0.0,-1325.3093539307,0.5648559235655302,0.44517940256899674,-1555.9909152209,0.19006226030001017
BENO_red_469_cutoff_0.0.inp.out,201.54542072641226,-0.1858,0.1902,0.4711,0.0,-1325.2909336054,2.1123853134898756,1.5601442823349694,-1555.9673353506,0.19170555689993307
BENO_red_46_cutoff_0.0.inp.out,199.10328772914627,-0.1708,0.1966,0.8513,0.0,-1325.0589599515,-4.950530704749191,-4.578924161063446,-1555.7312543255,0.17646946250010842
BENO_red_470_cutoff_0.0.inp.out,200.86919863179827,-0.1582,0.2164,1.0818,0.0,-1325.0797067867,6.564964999914729,8.96347579189576,-1555.7493779898,0.16573107859994707
BENO_red_471_cutoff_0.0.inp.out,199.4479688773731,-0.1652,0.2033,0.7801,0.0,-1325.3071062427,-2.9029215864861135,-4.527381446815518,-1555.9763293474,0.17122084020002148
BENO_red_472_cutoff_0.0.inp.out,200.01310679160557,-0.1745,0.2098,0.5348,0.0,-1325.2387073752,0.47281510016317574,1.414478940801668,-1555.9254095291,0.18168089829987366
BENO_red_473_cutoff_0.0.inp.out,199.31690850977446,-0.1805,0.2024,1.1819,0.0,-1325.3058454775,1.951390941986134,1.5768402565295168,-1555.9869366859,0.18580808449996766
BENO_red_474_cutoff_0.0.inp.out,200.6796018284572,-0.1488,0.2050,1.2499,0.0,-1325.4780143639,-2.4358021655126576,-0.10826991521803242,-1556.1652876186,0.15526029610009573
BENO_red_475_cutoff_0.0.inp.out,200.1173965124398,-0.1421,0.2088,0.8281,0.0,-1324.5504984450,-3.8211765023697994,0.8267111026362594,-1555.2296386861,0.14848453250010607
BENO_red_476_cutoff_0.0.inp.out,199.77931235458576,-0.1843,0.1879,0.7986,0.0,-1325.2626504320,-4.165442362368916,-3.1813056859946633,-1555.9454622675,0.19100065030011137
BENO_red_477_cutoff_0.0.inp.out,200.7446300416306,-0.1614,0.2099,0.4526,0.0,-1325.1705933119,0.13039334935383615,-3.131282450745932,-1555.8506844506,0.16772546040010639
BENO_red_478_cutoff_0.0.inp.out,201.35645515506408,-0.1753,0.2130,0.3825,0.0,-1325.0318006711,-1.1413251651866914,-1.0737184315643729,-1555.7215181773,0.18108047030000307
BENO_red_479_cutoff_0.0.inp.out,200.7716180433271,-0.1838,0.2055,0.5068,0.0,-1325.0544012484,-1.0196010278006953,0.5203388008094879,-1555.7308719065,0.18898737370000163
BENO_red_47_cutoff_0.0.inp.out,198.72743733174667,-0.1479,0.2260,0.9607,0.0,-1325.5298881828,0.02568534036262543,-0.7344343771078286,-1556.2008476407,0.1544176382999467
BENO_red_480_cutoff_0.0.inp.out,201.59885554009443,-0.1769,0.2027,1.0379,0.0,-1324.6330669199,-3.227561683692772,-1.008974209108085,-1555.3202740498,0.18536188710004353
BENO_red_481_cutoff_0.0.inp.out,199.7440581601732,-0.1694,0.2190,0.6745,0.0,-1325.1295757543,0.4632087395580514,0.553100844340892,-1555.8033691428,0.1742386021001039
BENO_red_482_cutoff_0.0.inp.out,200.247221591724,-0.1700,0.2172,0.7969,0.0,-1325.1594754248,-2.3504189415373578,-0.9228296373118444,-1555.8483787529,0.17640391800000543
BENO_red_483_cutoff_0.0.inp.out,200.83284253820156,-0.1637,0.2185,0.3270,0.0,-1325.3655331062,-1.9991525557710124,-2.0060747378758146,-1556.043632467,0.1722573202998774
BENO_red_484_cutoff_0.0.inp.out,199.72734272898688,-0.1718,0.2279,0.4900,0.0,-1325.4595751240,-2.7803880994759727,-3.227225574392472,-1556.1419653522,0.17613816850007424
BENO_red_485_cutoff_0.0.inp.out,202.00100553566122,-0.1684,0.2198,0.8204,0.0,-1325.4141690654,6.536780213168432,4.424915442221558,-1556.1075571191,0.17567179029992985
BENO_red_486_cutoff_0.0.inp.out,200.10608695807704,-0.1738,0.1995,0.2768,0.0,-1325.4441387357,-0.5555230293482178,0.5018117278197106,-1556.1160198229,0.17992405929999222
BENO_red_487_cutoff_0.0.inp.out,199.686309523129,-0.1838,0.1893,1.3501,0.0,-1325.6629547378,-7.226919320812075,-0.010034011315140035,-1556.3477291567,0.19080125180016694
BENO_red_488_cutoff_0.0.inp.out,199.316654156362,-0.1714,0.2007,0.5011,0.0,-1325.2846749436,1.1358005399797044,0.03218648071278096,-1555.9611412865,0.17831415530008599
BENO_red_489_cutoff_0.0.inp.out,200.05456747533373,-0.1544,0.2180,0.8428,0.0,-1325.3456382181,2.4137871326597256,7.36462778477342,-1556.0157621825,0.15918401399994764
BENO_red_48_cutoff_0.0.inp.out,198.0776739685885,-0.1853,0.1997,1.6235,0.0,-1325.2669519811,-2.8984575338383403,-2.099537683339473,-1555.9344811686,0.19110407120001582
BENO_red_490_cutoff_0.0.inp.out,198.3567045185275,-0.1806,0.2182,0.8912,0.0,-1325.2900032963,-4.247895808145355,-2.430428668417292,-1555.9686794437,0.1881529099000545
BENO_red_491_cutoff_0.0.inp.out,198.28848104516877,-0.1659,0.2053,1.4605,0.0,-1325.3430901934,-5.206502000621028,-4.228254899610792,-1556.0156726376,0.17134803199996895
BENO_red_492_cutoff_0.0.inp.out,201.62388062153576,-0.1678,0.1994,0.8285,0.0,-1325.1424225343,1.4202275836789766,3.407456644528149,-1555.825173797,0.17543884740007343
BENO_red_493_cutoff_0.0.inp.out,200.63881373782465,-0.1562,0.2180,0.4692,0.0,-1325.2617367245,-1.1902750240632,-1.692667327422213,-1555.9416302483,0.16185211439983505
BENO_red_494_cutoff_0.0.inp.out,201.46033715409,-0.1794,0.2030,0.6882,0.0,-1325.7198266239,-3.6593856163681373,-6.3316523297982865,-1556.4186817559,0.18531619070017769
BENO_red_495_cutoff_0.0.inp.out,201.97862042233166,-0.1750,0.2256,0.5688,0.0,-1324.7160292792,-0.7643708306101107,-1.1743251203716247,-1555.417175055,0.180908534900027
BENO_red_496_cutoff_0.0.inp.out,200.96617062045212,-0.1791,0.2167,0.9720,0.0,-1325.3077031709,1.181363949993807,5.837722427330727,-1555.9986614638,0.18403105669995057
BENO_red_497_cutoff_0.0.inp.out,201.61012436012462,-0.1615,0.2225,0.3597,0.0,-1325.2992405366,9.812874903282939,18.431670192708,-1555.9903289699,0.16800383479994707
BENO_red_498_cutoff_0.0.inp.out,199.24197225262057,-0.1786,0.2035,0.6849,0.0,-1325.1419694701,5.8961265771476,8.913664189631453,-1555.8229323008,0.18524634780010274
BENO_red_499_cutoff_0.0.inp.out,199.36947693409854,-0.1678,0.2130,0.4190,0.0,-1325.1140561289,-2.9669031274969537,-5.467635018543892,-1555.7998381557,0.17407300960007888
BENO_red_49_cutoff_0.0.inp.out,196.41979183825623,-0.1635,0.1994,0.7044,0.0,-1325.5024694764,-1.926565189857642,0.030745282250900674,-1556.1611810596,0.17095859229993948
BENO_red_4_cutoff_0.0.inp.out,200.81152938539475,-0.1890,0.2016,0.9351,0.0,-1325.0289191496,-5.026640146880023,-5.814211979981764,-1555.7248608109,0.19481715599999916
BENO_red_50_cutoff_0.0.inp.out,198.1730506682762,-0.1651,0.2200,0.4655,0.0,-1325.2157001504,-0.36645749164438124,1.1039963345650188,-1555.8885084578,0.1708122930999707
BENO_red_51_cutoff_0.0.inp.out,200.33183866071838,-0.1620,0.2016,0.8170,0.0,-1325.2170699417,-0.5095575142555746,0.43995854182940325,-1555.8859792834,0.16923039000016615
BENO_red_52_cutoff_0.0.inp.out,201.2510124517733,-0.1579,0.2125,0.9001,0.0,-1325.2945266701,2.8367701432671018,3.7236139470151186,-1555.9746568926,0.1641290637999191
BENO_red_53_cutoff_0.0.inp.out,202.4319903805785,-0.1566,0.2037,0.6227,0.0,-1325.4048965203,4.884106594956047,4.685595412813362,-1556.0826334451,0.16333152740003243
BENO_red_54_cutoff_0.0.inp.out,201.67799110639336,-0.1742,0.2054,0.7399,0.0,-1325.6960670455,4.259103030932794,5.0504887458286944,-1556.371679949,0.17947181210001872
BENO_red_55_cutoff_0.0.inp.out,201.743888838989,-0.1612,0.2125,0.1691,0.0,-1325.5225126559,-2.0201722948724146,-1.2696227784164726,-1556.1959121021,0.16729126089990132
BENO_red_56_cutoff_0.0.inp.out,200.58003070187166,-0.1595,0.2041,1.4070,0.0,-1325.1656555879,1.1758506779542994,2.496866500937148,-1555.8513663039,0.16605166809995353
BENO_red_57_cutoff_0.0.inp.out,201.90950111818142,-0.1647,0.2275,0.5017,0.0,-1325.6165665922,1.5825768388342534,0.7886721498348555,-1556.2877611709,0.16938562270001967
BENO_red_58_cutoff_0.0.inp.out,199.14298979581014,-0.1539,0.2126,0.5510,0.0,-1325.3123712834,3.3422157219859585,3.6326160120228588,-1555.9797595771,0.1615917640999669
BENO_red_59_cutoff_0.0.inp.out,201.6836575727886,-0.1598,0.2071,0.6216,0.0,-1325.3554409157,1.888030797775246,0.6420040800231087,-1556.0282123683,0.1656174805000319
BENO_red_5_cutoff_0.0.inp.out,201.40335239462897,-0.1712,0.2194,0.7696,0.0,-1324.7794900030,-2.3760317055986557,-3.0700812151636874,-1555.4719153685,0.17800063649997355
BENO_red_60_cutoff_0.0.inp.out,202.1872713204878,-0.1676,0.2172,0.5030,0.0,-1325.3466655437,-4.617351060700109,-8.00334123872112,-1556.0150725781,0.1721218159000273
BENO_red_61_cutoff_0.0.inp.out,202.44860602689872,-0.1680,0.2145,0.6577,0.0,-1325.2050488675,0.15578994804666857,0.4342152984298307,-1555.8870667771,0.17379639649993806
BENO_red_62_cutoff_0.0.inp.out,201.05275911545803,-0.1791,0.1999,0.9023,0.0,-1325.2476490682,-7.097915597916235,-7.858033911474799,-1555.9288041598,0.18609286919991064
BENO_red_63_cutoff_0.0.inp.out,200.8154970027576,-0.2044,0.1842,0.5288,0.0,-1325.2242042907,15.343434178837803,29.64957220728892,-1555.8993134115,0.2104199709999648
BENO_red_64_cutoff_0.0.inp.out,199.97701450761218,-0.1810,0.1914,1.1595,0.0,-1325.2651073813,-6.126459542700031,-6.283485838876874,-1555.946884302,0.18748266599982344
BENO_red_65_cutoff_0.0.inp.out,202.57359708837072,-0.1794,0.1967,1.2244,0.0,-1325.1327961169,3.7615483077760477,8.734573957378576,-1555.8236450501,0.18542190740004116
BENO_red_66_cutoff_0.0.inp.out,202.50887868630355,-0.1781,0.1958,0.2480,0.0,-1325.4435824352,5.962859004349067,5.730063969888693,-1556.1272636442,0.18480127270004232
BENO_red_67_cutoff_0.0.inp.out,201.20358404830722,-0.1666,0.2180,0.5820,0.0,-1325.4129027287,-0.49532789285404377,0.6037084692439985,-1556.0968836539,0.17360802620009963
BENO_red_68_cutoff_0.0.inp.out,201.04755513847695,-0.1603,0.2202,0.7268,0.0,-1324.9144143403,3.291587249802299,-0.6111369046972981,-1555.5976594623,0.16758606309986135
BENO_red_69_cutoff_0.0.inp.out,198.97442402724894,-0.1751,0.1937,1.2097,0.0,-1325.3537076917,-5.258062395183376,-6.59074664018405,-1556.0398710095,0.18215317740009596
BENO_red_6_cutoff_0.0.inp.out,201.0221788580798,-0.1724,0.2222,0.6342,0.0,-1324.5187692272,1.8050362329423602,4.750730191893284,-1555.2065277236,0.17760515919985664
BENO_red_70_cutoff_0.0.inp.out,197.72484979357353,-0.1580,0.2298,0.3111,0.0,-1324.7777584362,0.2392880838550504,-0.10161755772667022,-1555.4648771555,0.16553289569992558
BENO_red_71_cutoff_0.0.inp.out,199.31535245808868,-0.1645,0.2097,0.3334,0.0,-1324.7888812475,-1.3295753030937922,-1.2123393907961009,-1555.4622539057,0.1719661499000722
BENO_red_72_cutoff_0.0.inp.out,200.15923891060967,-0.1567,0.2200,0.6932,0.0,-1324.8331301619,0.13048608811793347,-4.030827488038643,-1555.5075650763,0.16244460540019645
BENO_red_73_cutoff_0.0.inp.out,200.36118755703353,-0.1433,0.2344,0.4222,0.0,-1325.0589933964,-1.3700219279146673,-1.88435627940168,-1555.7450757332,0.15049174330010828
BENO_red_74_cutoff_0.0.inp.out,200.2612131794497,-0.1824,0.2125,0.5768,0.0,-1324.9884532148,0.48674037332616,-0.737512955756036,-1555.6755140941,0.18856968070008406
BENO_red_75_cutoff_0.0.inp.out,201.75261739382887,-0.1620,0.2339,0.4953,0.0,-1324.9191271591,-1.5654942427900795,-3.6220056280002373,-1555.61829732,0.16732999379996727
BENO_red_76_cutoff_0.0.inp.out,201.48728001379214,-0.1931,0.1990,1.0704,0.0,-1324.9301106727,-2.875806623529258,-6.931640900496133,-1555.6236772068,0.19868149269996138
BENO_red_77_cutoff_0.0.inp.out,200.11006468071895,-0.1641,0.2352,0.7586,0.0,-1325.0348359414,-2.2468572202281716,-3.4657974278962445,-1555.7308085383,0.1699883313999635
BENO_red_78_cutoff_0.0.inp.out,199.7453416712009,-0.1796,0.1960,0.7569,0.0,-1324.9778023206,-1.0843400280062427,-0.3799130582192938,-1555.6495744716,0.18545932660003928
BENO_red_79_cutoff_0.0.inp.out,199.6755107229186,-0.1708,0.1853,1.4559,0.0,-1324.7166510318,-3.976154625419872,-4.2412707844020945,-1555.3823696283,0.17725183230004404
BENO_red_7_cutoff_0.0.inp.out,201.87219918815074,-0.1880,0.2089,0.7928,0.0,-1324.5898069022,5.166283801962522,7.0675453278700076,-1555.2720232664,0.19467051650008216
BENO_red_80_cutoff_0.0.inp.out,199.07362573292474,-0.1756,0.2061,0.7182,0.0,-1325.0498184713,3.553875362061588,5.93735633884344,-1555.7330639364,0.18175136740001108
BENO_red_81_cutoff_0.0.inp.out,198.97923367748257,-0.1528,0.2231,0.6137,0.0,-1325.1297353730,2.5123297600451537,4.60221765355009,-1555.8140076173,0.15976320980007586
BENO_red_82_cutoff_0.0.inp.out,198.94235367369055,-0.1705,0.2016,1.5590,0.0,-1324.8499864172,-7.483178019788711,-10.099396407047237,-1555.5347181601,0.17791254920007304
BENO_red_83_cutoff_0.0.inp.out,199.82814390011148,-0.1708,0.2178,0.9440,0.0,-1325.0315795935,1.2228989317631194,2.496644827129546,-1555.7197429452,0.17716750289991978
BENO_red_84_cutoff_0.0.inp.out,201.40582839876927,-0.1657,0.2215,0.5087,0.0,-1325.4330035913,-2.9644741687278935,-5.018282373753679,-1556.126104959,0.17128476350012534
BENO_red_85_cutoff_0.0.inp.out,200.65633404898242,-0.1712,0.2164,0.7993,0.0,-1325.3787601939,3.8678175349330197,5.5152344597603795,-1556.0552370471,0.17819508220009084
BENO_red_86_cutoff_0.0.inp.out,199.51820928625688,-0.1647,0.2165,0.6009,0.0,-1324.9182426502,3.3951025359131255,1.498031486361982,-1555.5985857516,0.17141514440004357
BENO_red_87_cutoff_0.0.inp.out,198.84879521961506,-0.1549,0.2158,0.5676,0.0,-1325.3926153464,-0.5666664020698943,-0.4996978066583065,-1556.0732481319,0.16194455959998777
BENO_red_88_cutoff_0.0.inp.out,198.6840701516739,-0.1736,0.2019,0.9534,0.0,-1325.3808059935,4.6558047999571714,2.4352959501471156,-1556.0539013615,0.18025453929999458
BENO_red_89_cutoff_0.0.inp.out,199.07543064222733,-0.1769,0.1967,0.9347,0.0,-1325.4787288296,1.1690862849303982,1.52489373614919,-1556.1584097074,0.18418077879982775
BENO_red_8_cutoff_0.0.inp.out,198.2364998984356,-0.1539,0.2305,0.9565,0.0,-1324.5158090551,-2.177638717911399,-4.050951851514547,-1555.1794194001,0.16041022850004083
BENO_red_90_cutoff_0.0.inp.out,198.60789971060166,-0.1695,0.1946,1.4345,0.0,-1325.5030648383,-6.128680212814861,-4.976592704486668,-1556.1834822263,0.17649958979995972
BENO_red_91_cutoff_0.0.inp.out,200.33112939767886,-0.1732,0.2051,0.8003,0.0,-1325.3379885228,0.3333843752063097,-0.8599919701136103,-1556.0159524858,0.17941015689984852
BENO_red_92_cutoff_0.0.inp.out,201.37974249343478,-0.1661,0.2104,1.1752,0.0,-1325.6596293157,-1.2328647622499345,0.03160408262962355,-1556.3486106203,0.17301580770003966
BENO_red_93_cutoff_0.0.inp.out,201.06628262925818,-0.1594,0.2114,0.7461,0.0,-1325.3928606741,-6.063762127312831,-5.644809702618706,-1556.0779721624,0.16674558790009542
BENO_red_94_cutoff_0.0.inp.out,201.09911112343255,-0.1500,0.2389,0.7051,0.0,-1325.4103732385,-1.2313309996029966,-2.4033822302788614,-1556.0954202424,0.1563069512999391
BENO_red_95_cutoff_0.0.inp.out,199.96193664658998,-0.1670,0.2218,0.6697,0.0,-1325.5823291381,-3.2752591295524014,-9.909731585227714,-1556.270070945,0.17417738059998555
BENO_red_96_cutoff_0.0.inp.out,199.31025860546293,-0.1542,0.2307,0.4958,0.0,-1325.5278395166,-1.3916990299805327,-2.2996734681221507,-1556.2127003312,0.16072735759985335
BENO_red_97_cutoff_0.0.inp.out,197.99989906526835,-0.1531,0.2319,0.5408,0.0,-1325.3815653556,-3.0649393418711575,-5.200483091743974,-1556.0609972225,0.16019095539991213
BENO_red_98_cutoff_0.0.inp.out,199.56450486658974,-0.1654,0.2182,0.4261,0.0,-1324.9701232853,1.176029275286423,3.0493721104531057,-1555.6494093649,0.17174868600000082
BENO_red_99_cutoff_0.0.inp.out,200.3891326962015,-0.1565,0.2166,0.5875,0.0,-1325.1037435161,-0.5803630381004352,-3.332070861130382,-1555.7763191341,0.16273819809998713
BENO_red_9_cutoff_0.0.inp.out,198.3918483464459,-0.1539,0.2119,1.6558,0.0,-1324.7978787372,-3.4807733867748216,-3.915958552460976,-1555.4594191371,0.1619226406000962
