file_name,NRE,HOMO,LUMO,Dipole_mom,Num_waters,chg_chg,elec5,elec10,delE_hf,delE_dft
BENO_red_0_cutoff_7.5.inp.out,197.72484979357353,-0.1614,0.1606,27.6326,50.0,-1307.5284020755,161.97590237148086,46.35457965064567,-5340.0196238667,0.16362519660015096
BENO_red_100_cutoff_7.5.inp.out,200.77572652877026,-0.1749,0.1598,18.6815,55.0,-1306.1465403142,-34.28708358660513,-38.200846679039316,-5718.9971608464,0.1766098026000691
BENO_red_101_cutoff_7.5.inp.out,199.90122873130042,-0.1563,0.1629,24.1833,57.0,-1305.7435578426,28.125524010169194,-62.888807493932866,-5870.4679745741,0.1564578965999317
BENO_red_102_cutoff_7.5.inp.out,199.03712729691205,-0.1585,0.1562,31.1425,56.0,-1306.2958679314,144.67283161561994,10.575373650775509,-5795.0316957654,0.15737255240037484
BENO_red_103_cutoff_7.5.inp.out,197.97615606600783,-0.1687,0.1611,17.3133,55.0,-1306.5671450419,-14.368213276224841,24.383993445240424,-5719.2992935455,0.16937338929983525
BENO_red_104_cutoff_7.5.inp.out,199.62289637001209,-0.1748,0.1558,23.7405,52.0,-1307.1594390915,-64.4614204218509,81.40983252586481,-5491.7923343684,0.17643786440021358
BENO_red_105_cutoff_7.5.inp.out,201.2736851321774,-0.1711,0.1659,23.4074,50.0,-1308.2694521555,-105.76789418460639,54.827992993024345,-5340.8579385855,0.17080013200029498
BENO_red_106_cutoff_7.5.inp.out,203.13027764161842,-0.1754,0.1733,27.4002,53.0,-1306.8770470366,15.385706249953113,57.3996399570035,-5567.5362255277,0.17431871779990615
BENO_red_107_cutoff_7.5.inp.out,202.72626258548183,-0.1664,0.1678,26.6293,56.0,-1305.7390836437,149.62722990721272,23.42699749953269,-5794.488286336,0.16689548609974736
BENO_red_108_cutoff_7.5.inp.out,202.0352441915875,-0.1772,0.1608,19.7378,50.0,-1307.8224040705,-6.118915337367644,-39.588121653522535,-5340.3103983766,0.1779150999000194
BENO_red_109_cutoff_7.5.inp.out,201.96171500970095,-0.1785,0.1505,18.9160,55.0,-1306.5550676797,-22.223340275612852,13.23981416370842,-5719.3082160113,0.17950575150007353
BENO_red_10_cutoff_7.5.inp.out,198.19669828650535,-0.1911,0.1394,12.4908,58.0,-1304.8478203060,-155.73721360662447,-20.439535191106547,-5945.5971510278,0.18989775289992394
BENO_red_110_cutoff_7.5.inp.out,199.71784078010882,-0.1797,0.1505,32.0634,56.0,-1306.0844700911,-121.67146703318818,-15.398650575404673,-5794.8598020877,0.17983945549985947
BENO_red_111_cutoff_7.5.inp.out,199.75737179834445,-0.1784,0.1556,29.9158,55.0,-1306.0954159897,-48.646243312158695,76.08610006302075,-5718.8429444897,0.17968255219966522
BENO_red_112_cutoff_7.5.inp.out,197.95562647897592,-0.1689,0.1558,18.7113,54.0,-1306.8378944874,-47.02824459265711,1.438801182569061,-5643.4764385538,0.16822972840054717
BENO_red_113_cutoff_7.5.inp.out,200.02071775572952,-0.1821,0.1379,20.9451,54.0,-1306.7935991190,44.059580760873246,35.105523877669,-5643.5076791851,0.18388375709946558
BENO_red_114_cutoff_7.5.inp.out,197.87408067872957,-0.1816,0.1428,19.3774,57.0,-1305.8072987282,-39.523589124569234,-169.10661814846685,-5870.6416015003,0.18387359640018985
BENO_red_115_cutoff_7.5.inp.out,199.82866113836707,-0.1627,0.1535,8.4561,57.0,-1305.8395956868,-12.103626888918642,-67.05309738256983,-5870.5696193551,0.16280303670009744
BENO_red_116_cutoff_7.5.inp.out,199.90938337557893,-0.1717,0.1620,17.2968,53.0,-1307.2029270782,112.19440266788335,14.134230230199115,-5567.9088789484,0.17298611069963954
BENO_red_117_cutoff_7.5.inp.out,201.54371324077204,-0.1635,0.1646,4.6754,51.0,-1307.7341934318,34.15469067403576,5.882746899216489,-5416.3011816936,0.16456192290024774
BENO_red_118_cutoff_7.5.inp.out,202.60138084985942,-0.1758,0.1641,13.2753,55.0,-1306.7098685982,-152.42604972899585,33.67409600226778,-5719.4821524649,0.17783988960036368
BENO_red_119_cutoff_7.5.inp.out,200.77419504274386,-0.1976,0.1522,12.7507,51.0,-1307.9151255309,-156.6149955351758,-2.774220665786519,-5416.4453074334,0.19847962750009174
BENO_red_11_cutoff_7.5.inp.out,198.5624789732741,-0.1604,0.1419,17.6935,57.0,-1305.5682907168,-70.14507450452494,63.78797353894991,-5870.2705248821,0.1615071178002836
BENO_red_120_cutoff_7.5.inp.out,198.11440555207088,-0.1824,0.1564,43.9726,58.0,-1304.9190213303,-66.20634142925597,39.90356062348314,-5945.7540949912,0.18210097980045248
BENO_red_121_cutoff_7.5.inp.out,198.59078031846377,-0.1675,0.1467,39.0961,58.0,-1304.8842159650,137.89326942754542,68.11754358999089,-5945.6687479089,0.16859641920018476
BENO_red_122_cutoff_7.5.inp.out,199.50422355014473,-0.1687,0.1641,33.9238,56.0,-1305.6817985041,-168.3168244390881,-12.540732008442411,-5794.4146015754,0.16859957529959502
BENO_red_123_cutoff_7.5.inp.out,199.4573389688069,-0.1570,0.1545,23.9396,54.0,-1306.6399273934,-7.852439775650518,70.16190773695766,-5643.2879378179,0.15783422220010834
BENO_red_124_cutoff_7.5.inp.out,201.5543857950414,-0.1646,0.1653,27.2281,56.0,-1305.8076035884,-219.54664740264212,15.74530695738074,-5794.5757231547,0.1636909935004951
BENO_red_125_cutoff_7.5.inp.out,201.55965062380105,-0.1703,0.1517,44.0173,55.0,-1305.9351126433,88.72281492528742,88.18061157083964,-5718.5950633566,0.1685718837998138
BENO_red_126_cutoff_7.5.inp.out,202.4850169097265,-0.1532,0.1637,40.2325,53.0,-1306.9863016566,-92.9310485916748,-87.95118882645318,-5567.5662707363,0.15335385530033818
BENO_red_127_cutoff_7.5.inp.out,202.37863544759685,-0.1649,0.1338,34.8551,53.0,-1307.0983666111,-445.1367913285397,38.82082168370443,-5567.6391565485,0.16414468609946198
BENO_red_128_cutoff_7.5.inp.out,200.9811810639548,-0.1616,0.1443,37.4157,52.0,-1307.3309266043,-15.73936396304387,11.430581343952124,-5491.8859385872,0.16208276959969226
BENO_red_129_cutoff_7.5.inp.out,199.9349751561564,-0.1428,0.1599,30.9672,56.0,-1305.9346713334,137.29660823201897,-6.5078660703919,-5794.5875988783,0.14497039849993598
BENO_red_12_cutoff_7.5.inp.out,200.02175850870444,-0.1765,0.1551,23.6618,54.0,-1306.3024876547,-64.90986682314106,6.439871095053309,-5642.9869143988,0.17722556169974268
BENO_red_130_cutoff_7.5.inp.out,197.72484979357353,-0.1614,0.1606,27.6326,50.0,-1307.5284536164,161.97434822060018,46.35411399446488,-5340.0196751413,0.16362512170053378
BENO_red_131_cutoff_7.5.inp.out,199.60655384423265,-0.1804,0.1465,18.6521,51.0,-1307.2191929223,-132.9828385773694,23.357114801302455,-5415.741088169,0.18085034730029292
BENO_red_132_cutoff_7.5.inp.out,199.26003579767323,-0.1557,0.1458,28.4410,54.0,-1306.3294998796,-41.39940260072468,-13.516562584460171,-5642.9468593698,0.15667984270021407
BENO_red_133_cutoff_7.5.inp.out,200.78480337054472,-0.1622,0.1513,26.9343,51.0,-1307.3025226819,-129.22251529941556,-51.77326898947972,-5415.8154277932,0.16336702429998695
BENO_red_134_cutoff_7.5.inp.out,200.54463059888226,-0.1790,0.1302,40.0668,51.0,-1307.7155693880,31.91244111328668,84.55354526937074,-5416.2687958469,0.17930755650013452
BENO_red_135_cutoff_7.5.inp.out,200.55219026029906,-0.1819,0.1456,30.3447,55.0,-1306.5201045409,-164.56091996111206,29.540487726280265,-5719.161350045,0.18264137919959467
BENO_red_136_cutoff_7.5.inp.out,201.3034611079466,-0.1657,0.1476,37.2955,56.0,-1305.7418709015,-202.53076665445553,-67.23693305472352,-5794.4808073748,0.1677280415997302
BENO_red_137_cutoff_7.5.inp.out,199.29373691262924,-0.1666,0.1521,24.1680,54.0,-1306.2261802202,-96.13964377506284,-101.60341652875988,-5642.8857757282,0.1677608127001804
BENO_red_138_cutoff_7.5.inp.out,199.68019308240886,-0.1435,0.1622,23.0309,57.0,-1305.2901539221,20.509838286081486,-53.23270275535324,-5870.0798391339,0.14588351539987343
BENO_red_139_cutoff_7.5.inp.out,199.37946264600677,-0.1609,0.1500,32.6655,57.0,-1305.5156288781,-125.84967681961272,-51.66183480916528,-5870.2490053288,0.1622080350998658
BENO_red_13_cutoff_7.5.inp.out,200.46228787808795,-0.1848,0.1531,24.9276,53.0,-1306.5219493502,-131.51717461432415,-12.073706463339496,-5567.1000241477,0.18301880370017898
BENO_red_140_cutoff_7.5.inp.out,199.36881371053278,-0.1742,0.1423,28.9188,56.0,-1305.5479565243,-127.27633327266022,-53.03299267622878,-5794.3444437129,0.1734634601007201
BENO_red_141_cutoff_7.5.inp.out,199.24395103821269,-0.1707,0.1530,25.5134,54.0,-1306.6593124380,-130.46745481069874,-116.50281471266847,-5643.3458959031,0.17218761939966498
BENO_red_142_cutoff_7.5.inp.out,198.1951756519454,-0.1685,0.1437,25.8415,52.0,-1307.3462015670,-166.40812818907457,-142.07591276658354,-5492.0450330489,0.1685108621004474
BENO_red_143_cutoff_7.5.inp.out,198.83520575700564,-0.1595,0.1460,32.8348,54.0,-1306.5184371426,-29.693906068114583,-80.68781205776556,-5643.1810057878,0.16199754539957212
BENO_red_144_cutoff_7.5.inp.out,199.92093604498208,-0.1817,0.1337,41.8669,54.0,-1306.7376097646,21.98763890345211,40.74880008849023,-5643.3628265799,0.18064473670074221
BENO_red_145_cutoff_7.5.inp.out,200.5194435090532,-0.1924,0.1392,39.5315,54.0,-1306.1264031742,82.65327514888739,20.208813979321548,-5642.8153245001,0.19200136749986996
BENO_red_146_cutoff_7.5.inp.out,201.08125887964914,-0.1801,0.1250,37.1675,59.0,-1305.1097145820,-81.99153906057643,109.22529382381803,-6021.9328576514,0.17965981920042395
BENO_red_147_cutoff_7.5.inp.out,201.61000174374772,-0.1761,0.1554,27.1176,58.0,-1305.5319947915,62.64079189909926,21.97660866489198,-5946.3302092042,0.17539492180003435
BENO_red_148_cutoff_7.5.inp.out,201.99243780841425,-0.1713,0.1526,28.6834,58.0,-1304.9838888064,27.274071158611832,100.33945138367244,-5945.8326042076,0.1694552160006424
BENO_red_149_cutoff_7.5.inp.out,200.9444370511552,-0.1828,0.1535,39.2107,61.0,-1304.2970936659,200.1459015719529,171.635493650855,-6173.1879708697,0.18138089269996271
BENO_red_14_cutoff_7.5.inp.out,201.46351967136894,-0.1907,0.1365,32.8919,53.0,-1306.6919305016,-168.36134328619895,54.95621179313097,-5567.2890520913,0.190099478600132
BENO_red_150_cutoff_7.5.inp.out,200.23594484786207,-0.1779,0.1539,33.3948,59.0,-1304.9686009303,84.38900301851153,49.001530765387095,-6021.8431883103,0.1778629672999159
BENO_red_151_cutoff_7.5.inp.out,201.0272601682421,-0.1710,0.1500,33.9470,57.0,-1305.8317629420,-86.6299703053144,23.86334757942294,-5870.5031486915,0.1697477968991734
BENO_red_152_cutoff_7.5.inp.out,198.67567204560882,-0.1799,0.1544,33.6001,60.0,-1304.9325975701,149.90645801555647,111.2389580755358,-6097.7971079113,0.17999283530025423
BENO_red_153_cutoff_7.5.inp.out,200.83880129057798,-0.1618,0.1380,35.7723,60.0,-1304.9254023344,74.73832427578755,-66.86538074512193,-6097.7351856393,0.16192427379974106
BENO_red_154_cutoff_7.5.inp.out,199.7872738404246,-0.1696,0.1527,38.1666,57.0,-1305.8090147359,2.489732397749971,-100.05297444884681,-5870.5360556433,0.16999224449955364
BENO_red_155_cutoff_7.5.inp.out,199.4613245107818,-0.1621,0.1553,33.4645,58.0,-1305.1843222609,-47.47037007576398,-213.3679392202869,-5945.9836124253,0.1631920126001205
BENO_red_156_cutoff_7.5.inp.out,200.28826120831846,-0.1562,0.1596,16.3496,53.0,-1307.1246496999,-148.67899780890673,-151.93911486201685,-5567.7524233676,0.1569145571993431
BENO_red_157_cutoff_7.5.inp.out,201.04453383745357,-0.1779,0.1562,16.9810,51.0,-1307.7943729879,-23.57290266287509,55.05166723959961,-5416.3108049429,0.17621155440065195
BENO_red_158_cutoff_7.5.inp.out,201.4296440659244,-0.1824,0.1435,17.7966,52.0,-1307.2140678315,-55.28215448316703,-60.47177732850308,-5491.7462194038,0.18279990640075994
BENO_red_159_cutoff_7.5.inp.out,199.74715028275793,-0.1810,0.1502,20.2445,53.0,-1307.2615880081,-821.5043603522613,-27.21065586466521,-5567.9430399773,0.18164020750009513
BENO_red_15_cutoff_7.5.inp.out,201.51712745721733,-0.1594,0.1277,40.0690,56.0,-1305.3779080129,71.77915630879366,44.162733025131104,-5794.1149262403,0.16090927320055926
BENO_red_160_cutoff_7.5.inp.out,198.65337940760907,-0.1442,0.1687,6.5913,52.0,-1307.8136050497,-32.876493447657,-22.65329363968751,-5492.3602897026,0.1477859206006542
BENO_red_161_cutoff_7.5.inp.out,201.5450423514976,-0.1519,0.1608,18.4958,54.0,-1306.7820950190,50.78384293198146,12.349202079081351,-5643.4513766719,0.1520328911001343
BENO_red_162_cutoff_7.5.inp.out,200.66241288649067,-0.1578,0.1641,24.1324,55.0,-1306.6948766905,8.086913021674242,-23.575435543066952,-5719.4565573971,0.15864912869983527
BENO_red_163_cutoff_7.5.inp.out,199.83629725285925,-0.1877,0.1501,28.4760,56.0,-1305.5335874853,-10.404633609512548,-11.985442673267196,-5794.3532323452,0.1885518246999709
BENO_red_164_cutoff_7.5.inp.out,200.11035513025087,-0.1686,0.1574,22.6836,57.0,-1305.4200493364,-99.57912313001827,-21.189846196692347,-5870.2271977258,0.17015476780034078
BENO_red_165_cutoff_7.5.inp.out,199.9186909157966,-0.1717,0.1427,29.1737,61.0,-1304.1162479358,1.8410013173513928,-45.02848128274478,-6173.0162153919,0.17332255270048336
BENO_red_166_cutoff_7.5.inp.out,198.64473222257666,-0.1822,0.1477,15.8893,53.0,-1306.8280891255,-82.90638732302114,-135.98026104591202,-5567.523312309,0.18216251769990777
BENO_red_167_cutoff_7.5.inp.out,199.99734666474382,-0.1738,0.1547,13.8057,51.0,-1307.6406861687,-52.19898113838947,-123.60197714254974,-5416.2976665142,0.1764593365996916
BENO_red_168_cutoff_7.5.inp.out,201.25781289306667,-0.1554,0.1597,20.2134,52.0,-1307.5732283124,30.86841754971899,-156.6043293609708,-5492.2301478562,0.15781934759979777
BENO_red_169_cutoff_7.5.inp.out,203.54840963376293,-0.1897,0.1491,21.0349,51.0,-1307.6092136596,-117.83651032554324,-27.32190677253728,-5416.2265600563,0.1888078616002531
BENO_red_16_cutoff_7.5.inp.out,202.35131266829498,-0.1601,0.1575,28.9612,54.0,-1306.2394004810,-23.664865560441864,50.83545369453464,-5642.8678565412,0.16096325230046205
BENO_red_170_cutoff_7.5.inp.out,202.38791646865087,-0.1945,0.1565,11.9374,48.0,-1308.6622285488,-70.1024328986546,-42.34983487646564,-5189.1510978839,0.19357968229996914
BENO_red_171_cutoff_7.5.inp.out,201.92924343020977,-0.1731,0.1509,20.9163,53.0,-1307.2995772849,-35.72739459843175,-31.719737045244653,-5567.913315198,0.17412205959954008
BENO_red_172_cutoff_7.5.inp.out,198.28862361712228,-0.1756,0.1421,27.6457,53.0,-1307.0701295307,-60.14141174065337,22.37307231107849,-5567.659892474,0.17680897490026837
BENO_red_173_cutoff_7.5.inp.out,197.78068733281177,-0.1569,0.1496,28.5405,52.0,-1307.5141482232,103.13386029116774,49.19211356935781,-5492.1173153941,0.16097242380055832
BENO_red_174_cutoff_7.5.inp.out,198.88223099732025,-0.1710,0.1567,26.7678,51.0,-1307.7858725183,39.432305788364815,16.155606612476543,-5416.4056432285,0.17168556920023548
BENO_red_175_cutoff_7.5.inp.out,200.2515030174234,-0.1848,0.1347,31.2515,49.0,-1308.3454297348,17.517756517435505,28.447521672401905,-5264.8789794039,0.18571779259946197
BENO_red_176_cutoff_7.5.inp.out,201.18624090610672,-0.1524,0.1548,34.4941,48.0,-1309.1505015361,56.49950131027281,-5.17474198556783,-5189.6212108909,0.15486881369997718
BENO_red_177_cutoff_7.5.inp.out,202.63116927024006,-0.1810,0.1461,36.0384,50.0,-1308.4891117534,165.54560900700852,104.40971936240041,-5341.074571811,0.18121866170076828
BENO_red_178_cutoff_7.5.inp.out,203.17410979901183,-0.1570,0.1679,20.0985,48.0,-1308.8467294869,251.4473899526288,-52.993301833086754,-5189.3493395384,0.15782850939922355
BENO_red_179_cutoff_7.5.inp.out,201.59229595770796,-0.2011,0.1179,37.8664,51.0,-1307.7363916752,-42.81644593093455,62.89165662313954,-5416.3599235029,0.20219576050021715
BENO_red_17_cutoff_7.5.inp.out,201.2484504382203,-0.1688,0.1512,35.6018,53.0,-1306.7622699471,90.83982907132878,240.03419516941008,-5567.3535997626,0.1693628205002824
BENO_red_180_cutoff_7.5.inp.out,197.72484979357353,-0.1614,0.1606,27.6326,50.0,-1307.5283549845,161.97794730730254,46.35481605431669,-5340.0195785208,0.16362525649947202
BENO_red_181_cutoff_7.5.inp.out,199.48976676806402,-0.1725,0.1445,18.7834,51.0,-1307.2227351853,-79.52757776147625,15.792009963848402,-5415.7377148211,0.17430307320046268
BENO_red_182_cutoff_7.5.inp.out,199.60995816401726,-0.1471,0.1675,24.2402,51.0,-1307.3617351022,80.48358695309537,-41.61667299811156,-5415.850868968,0.14793702750012017
BENO_red_183_cutoff_7.5.inp.out,199.49633218957078,-0.1603,0.1527,24.4043,53.0,-1306.7190017575,-116.55087698413875,4.068012021170981,-5567.2684563641,0.16097363230073825
BENO_red_184_cutoff_7.5.inp.out,199.54566667033805,-0.1673,0.1344,29.4420,55.0,-1305.6235756408,-12.719855530193792,18.508420893356863,-5718.3151865576,0.16929261540008156
BENO_red_185_cutoff_7.5.inp.out,199.81322658169594,-0.1658,0.1523,32.0130,53.0,-1306.6638478214,183.99710607198483,-22.575864029825503,-5567.2160207423,0.16680998089941568
BENO_red_186_cutoff_7.5.inp.out,200.25795014829606,-0.1853,0.1299,32.7799,53.0,-1306.5488509234,-30.25012799223052,-16.479366271936797,-5567.1973907595,0.18587600200044108
BENO_red_187_cutoff_7.5.inp.out,200.9093579086706,-0.1825,0.1402,38.9944,52.0,-1307.1684015514,-10.392072833996375,-8.520324439229997,-5491.7643082124,0.18347887919935602
BENO_red_188_cutoff_7.5.inp.out,201.85520440620394,-0.1843,0.1373,32.5490,53.0,-1306.4979830795,-17.5267831874021,12.864603693592647,-5567.1638987534,0.18507783459972416
BENO_red_189_cutoff_7.5.inp.out,200.8672752709867,-0.1781,0.1360,29.2557,56.0,-1305.5169392555,74.77407448281758,4.297030571988219,-5794.2362835707,0.17882740030017885
BENO_red_18_cutoff_7.5.inp.out,199.99103023329445,-0.1725,0.1466,43.7243,54.0,-1306.1610454900,47.10873963086279,123.22025660321229,-5642.8488843307,0.17402583199964283
BENO_red_190_cutoff_7.5.inp.out,200.87789762908747,-0.1652,0.1395,34.1291,58.0,-1304.9889731088,103.67106153526417,56.04585375923192,-5945.7616192761,0.1646633734999341
BENO_red_191_cutoff_7.5.inp.out,199.3064165175186,-0.1844,0.1599,23.7530,56.0,-1305.6599740634,61.02844555505591,51.367991927602574,-5794.4262849908,0.18425305929940805
BENO_red_192_cutoff_7.5.inp.out,199.08919949567718,-0.1840,0.1578,26.6954,55.0,-1306.1206779054,27.905630467810738,54.97904489024145,-5718.7972821979,0.18292995120009437
BENO_red_193_cutoff_7.5.inp.out,199.20185674286736,-0.1951,0.1374,22.9334,55.0,-1306.0474196202,-87.72567074293815,29.514994903324368,-5718.7000899009,0.19440629049950076
BENO_red_194_cutoff_7.5.inp.out,199.86378541945476,-0.1804,0.1380,25.7171,57.0,-1305.4116275100,-74.92239392390775,-2.15577886712242,-5870.1160532717,0.17941671370044787
BENO_red_195_cutoff_7.5.inp.out,200.90597481762404,-0.1968,0.1551,19.8965,54.0,-1305.9903678619,-3.5025870182855403,0.7277911417607272,-5642.6727816824,0.1962346930995409
BENO_red_196_cutoff_7.5.inp.out,200.35428339714935,-0.1874,0.1463,26.4963,56.0,-1305.7239357077,4.257111066157773,-9.277580927292238,-5794.4022252482,0.1868070769996848
BENO_red_197_cutoff_7.5.inp.out,199.43381845553156,-0.1826,0.1390,29.4984,55.0,-1306.0931337416,-46.40773773367515,-1.1334426905616821,-5718.7905440893,0.18254520259961282
BENO_red_198_cutoff_7.5.inp.out,201.00714147714658,-0.1859,0.1588,24.6611,51.0,-1307.1162289318,-91.9591259972831,-28.679373993525815,-5415.6445393157,0.18673659619980754
BENO_red_199_cutoff_7.5.inp.out,201.52905076440774,-0.1522,0.1689,19.6548,53.0,-1306.8686719494,130.87371974611517,-20.939080399906757,-5567.4302657954,0.15385987159970682
BENO_red_19_cutoff_7.5.inp.out,199.0632844194482,-0.1645,0.1570,33.9777,53.0,-1306.8761215993,-94.97950076072713,-61.01664013815859,-5567.5508206885,0.16678941610007314
BENO_red_1_cutoff_7.5.inp.out,199.70614616230944,-0.1733,0.1465,18.4703,51.0,-1307.2023135156,-72.64191079949607,20.328485286849073,-5415.7151960363,0.17433650199927797
BENO_red_200_cutoff_7.5.inp.out,201.59099131617756,-0.1590,0.1495,18.7208,50.0,-1307.9760628920,121.05857977936981,71.39187924645194,-5340.4496788151,0.16137645910021092
BENO_red_201_cutoff_7.5.inp.out,200.37907932011674,-0.1782,0.1583,18.4776,47.0,-1308.5624010098,7.643281471212014,-5.536081454152228,-5112.8941229571,0.17905444100051682
BENO_red_202_cutoff_7.5.inp.out,199.1518659302401,-0.1607,0.1657,18.8966,48.0,-1308.5153017306,153.63347110272025,55.23000885171443,-5188.9014263333,0.16290247409961012
BENO_red_203_cutoff_7.5.inp.out,198.89138890837663,-0.1686,0.1519,18.9244,52.0,-1306.8370399320,549.5521307753215,89.14357692774695,-5491.3171829189,0.1677927363998606
BENO_red_204_cutoff_7.5.inp.out,200.51792341038387,-0.1749,0.1583,26.1464,49.0,-1308.0846671588,53.106545704568056,99.86605461058562,-5264.5745213226,0.17413174329976755
BENO_red_205_cutoff_7.5.inp.out,199.81376400996996,-0.1977,0.1430,23.7928,51.0,-1307.2002711748,498.74998435501885,101.16191218307118,-5415.8530255219,0.1959237380997365
BENO_red_206_cutoff_7.5.inp.out,200.52641453456505,-0.1812,0.1382,25.4818,55.0,-1306.2292417153,19.622509771130268,56.107448830433974,-5718.9751832845,0.18357932890012307
BENO_red_207_cutoff_7.5.inp.out,199.8486403119514,-0.1677,0.1613,30.8406,55.0,-1306.0040698704,-47.46436696549481,20.489258318228668,-5718.677527187,0.1678436417996636
BENO_red_208_cutoff_7.5.inp.out,199.53147737293386,-0.1613,0.1647,29.0119,52.0,-1307.0856093471,103.6166823952656,20.762533884259103,-5491.6227045528,0.16240541570005007
BENO_red_209_cutoff_7.5.inp.out,200.20874945081925,-0.1563,0.1730,27.7992,55.0,-1306.3910895527,103.49854728224437,84.57149734785504,-5719.0234127517,0.15608752030038886
BENO_red_20_cutoff_7.5.inp.out,197.72484979357353,-0.1614,0.1606,27.6326,50.0,-1307.5284170318,161.97483570392424,46.35396583765946,-5340.0196386485,0.16362499270053377
BENO_red_210_cutoff_7.5.inp.out,199.32498656077982,-0.1540,0.1621,29.9104,54.0,-1306.4674212019,162.7527513448022,133.696780733517,-5643.0372373341,0.154595795399473
BENO_red_211_cutoff_7.5.inp.out,199.96274772658967,-0.1682,0.1598,37.1284,54.0,-1306.5342431547,-131.74804306642218,73.92660075597098,-5643.1961663212,0.1696513809993121
BENO_red_212_cutoff_7.5.inp.out,200.71491978331514,-0.1799,0.1403,31.9666,53.0,-1306.9760784200,-93.26531464081344,15.671470368751553,-5567.6548448584,0.1806508354993639
BENO_red_213_cutoff_7.5.inp.out,201.21872415035176,-0.1785,0.1386,28.7511,57.0,-1305.5515127406,32.60876200114374,17.734175435939573,-5870.2678794923,0.1800404896002874
BENO_red_214_cutoff_7.5.inp.out,200.19267773684138,-0.1787,0.1668,23.9854,56.0,-1305.9551128803,45.25694345623857,27.564658956425088,-5794.61491669,0.17704686369961564
BENO_red_215_cutoff_7.5.inp.out,200.26478660176568,-0.1944,0.1390,33.2216,51.0,-1307.3517282961,-70.4365950083945,104.05909514642539,-5415.9448470116,0.19527894029943127
BENO_red_216_cutoff_7.5.inp.out,200.66483629465938,-0.1841,0.1500,36.3151,53.0,-1306.8207107600,-67.4623405739925,100.43526330211999,-5567.4380710323,0.1828448086998833
BENO_red_217_cutoff_7.5.inp.out,199.64215566628195,-0.1980,0.1360,37.7358,56.0,-1305.8953134832,6.189414439085122,129.55319270760972,-5794.6373859538,0.1975597769005617
BENO_red_218_cutoff_7.5.inp.out,200.01236791370167,-0.1911,0.1456,44.2653,58.0,-1305.0429743223,-289.5233682999051,-107.3510676401632,-5945.9157500996,0.19093365279968566
BENO_red_219_cutoff_7.5.inp.out,200.89555404415336,-0.1828,0.1528,51.1757,56.0,-1305.6783343611,-79.82889516617453,-30.187824135731177,-5794.4741079236,0.1830433768000148
BENO_red_21_cutoff_7.5.inp.out,199.1449169170883,-0.1746,0.1437,19.1179,51.0,-1307.1937454626,-83.9245300451926,20.05452805714976,-5415.7058733549,0.1756036745991878
BENO_red_220_cutoff_7.5.inp.out,202.80847867176033,-0.2051,0.1455,45.5902,56.0,-1305.7374529033,-127.6721883817522,41.469981524393624,-5794.4946722775,0.20346770920059498
BENO_red_221_cutoff_7.5.inp.out,201.341586086561,-0.2008,0.1473,46.5331,58.0,-1304.9894553346,332.2320061698028,187.45531480488637,-5945.91225039,0.19955243330059602
BENO_red_222_cutoff_7.5.inp.out,200.1345056546478,-0.1771,0.1481,39.1057,60.0,-1304.2266174200,16.38654020006677,30.38490474297835,-6097.0308692211,0.17589349090030737
BENO_red_223_cutoff_7.5.inp.out,198.84081124718932,-0.1892,0.1472,40.4146,58.0,-1305.1441513066,-8.400848321774678,47.32934263854349,-5945.9239016449,0.1888004648999413
BENO_red_224_cutoff_7.5.inp.out,197.57690231268802,-0.1803,0.1502,34.6934,55.0,-1306.0767949564,-9.832615011290049,0.729685344060738,-5718.7744857363,0.1818051333002586
BENO_red_225_cutoff_7.5.inp.out,198.89522081586097,-0.1975,0.1335,46.8628,55.0,-1306.0219946890,-52.754560673491035,112.71256250854921,-5718.6816041746,0.19751159350016678
BENO_red_226_cutoff_7.5.inp.out,200.49141198105622,-0.1780,0.1558,40.6659,56.0,-1305.8163456767,108.73326433798982,98.23542424867229,-5794.539268724,0.17775266629996622
BENO_red_227_cutoff_7.5.inp.out,201.11257092706975,-0.1750,0.1617,39.9829,56.0,-1306.0582929789,-105.20118491418614,-17.790053233196495,-5794.8518217793,0.17532648430005793
BENO_red_228_cutoff_7.5.inp.out,201.44896915242157,-0.1985,0.1418,35.8518,55.0,-1306.3384544971,-285.2338047572839,82.48036789420948,-5719.098235456,0.1982134824993409
BENO_red_229_cutoff_7.5.inp.out,201.90760768271903,-0.1855,0.1392,35.2975,55.0,-1306.2481394739,-301.3136768151805,-88.8046993836832,-5718.9500043576,0.18447985859984328
BENO_red_22_cutoff_7.5.inp.out,199.46706273495175,-0.1702,0.1584,19.8785,53.0,-1306.4550552002,-37.259736687132126,-26.725735377135294,-5567.0081045344,0.17006673979994957
BENO_red_230_cutoff_7.5.inp.out,198.01214094487733,-0.1784,0.1218,35.5902,56.0,-1305.6991114141,-43.950392308566634,-40.722854207797646,-5794.4063999156,0.17915303879999556
BENO_red_231_cutoff_7.5.inp.out,197.2526828103672,-0.1639,0.1577,45.0906,53.0,-1306.9701678762,-51.86594414665039,-168.78581245297175,-5567.6301360225,0.16581074759960757
BENO_red_232_cutoff_7.5.inp.out,197.78244751764836,-0.1498,0.1692,36.7122,55.0,-1305.8189667195,-5.444678845502022,-107.93228509627095,-5718.4889229408,0.15091490380018513
BENO_red_233_cutoff_7.5.inp.out,197.71544403834136,-0.1738,0.1571,39.7047,54.0,-1306.3316856315,-198.01030654837103,-237.7949165785395,-5643.0614208236,0.17600404899985733
BENO_red_234_cutoff_7.5.inp.out,197.10523347370483,-0.1944,0.1432,31.7518,53.0,-1306.8143454450,-140.06192108068055,-91.40216937569654,-5567.4751360782,0.19650303530033852
BENO_red_235_cutoff_7.5.inp.out,201.06494830032005,-0.1565,0.1699,32.2271,56.0,-1305.6816494696,103.89404247543122,-69.66609298188318,-5794.4189469971,0.15589973049918626
BENO_red_236_cutoff_7.5.inp.out,198.72318343457664,-0.1579,0.1609,38.2260,58.0,-1305.2089574277,40.2928517780106,34.22812626440367,-5946.0372665161,0.15916245599964896
BENO_red_237_cutoff_7.5.inp.out,200.64890812877968,-0.1747,0.1512,42.2443,57.0,-1305.4515600276,174.5285704023818,127.3850119946632,-5870.1681820301,0.17232983160010917
BENO_red_238_cutoff_7.5.inp.out,200.68229240571023,-0.1796,0.1420,45.8979,55.0,-1306.0119876718,79.00547363907278,1.8934564348578486,-5718.7461405821,0.18101032320009836
BENO_red_239_cutoff_7.5.inp.out,200.32354258408503,-0.1819,0.1399,44.2368,58.0,-1305.3171535169,7.237513758538334,-51.226078941201756,-5946.1386281806,0.18288141199991514
BENO_red_23_cutoff_7.5.inp.out,200.9824358488872,-0.1687,0.1553,23.7748,53.0,-1306.9148560537,-196.08473426440253,-40.28609064789423,-5567.4966293669,0.17104683419984212
BENO_red_240_cutoff_7.5.inp.out,197.72484979357353,-0.1614,0.1606,27.6326,50.0,-1307.5284685764,161.97400383701256,46.35374788165542,-5340.0196907569,0.16362502290030534
BENO_red_241_cutoff_7.5.inp.out,199.31590029167361,-0.1699,0.1456,18.8422,51.0,-1307.2236538805,-76.85038812429411,19.603890974448266,-5415.7378736293,0.17159298260048672
BENO_red_242_cutoff_7.5.inp.out,200.06447067777526,-0.1564,0.1585,23.6469,50.0,-1307.5918100379,74.29000731844812,-26.96634104345658,-5340.0586572952,0.1572855842005083
BENO_red_243_cutoff_7.5.inp.out,201.18329011850176,-0.1739,0.1454,22.9988,51.0,-1307.5782280987,-644.7352394831794,-56.1798771113348,-5416.0608662726,0.1752978520007673
BENO_red_244_cutoff_7.5.inp.out,202.82378473547826,-0.1632,0.1533,27.9349,54.0,-1306.3838537798,170.0621688998011,11.803146786563651,-5642.9804739441,0.16346799050006666
BENO_red_245_cutoff_7.5.inp.out,202.30030017946638,-0.1739,0.1545,25.0609,53.0,-1306.4977442001,-80.01785717905327,-43.55327193847745,-5567.1285769159,0.17382701670067036
BENO_red_246_cutoff_7.5.inp.out,203.56665192123376,-0.1723,0.1504,30.0524,53.0,-1306.6234381089,-44.12887558311608,29.314850048219093,-5567.2078024321,0.17202147799980594
BENO_red_247_cutoff_7.5.inp.out,202.16090563107804,-0.1894,0.1539,29.6735,48.0,-1308.0091310486,-122.03072049356008,-20.645004401303947,-5188.4777469724,0.18600322600013897
BENO_red_248_cutoff_7.5.inp.out,200.76619893024943,-0.1595,0.1556,28.9448,50.0,-1308.0139377416,38.23858712122275,-16.11326634527609,-5340.4917743698,0.16039700049987005
BENO_red_249_cutoff_7.5.inp.out,200.71607353696518,-0.1602,0.1548,28.2443,54.0,-1306.4537921468,136.77429829810683,26.904832598895467,-5643.0704498838,0.1586949980001009
BENO_red_24_cutoff_7.5.inp.out,201.1797374330262,-0.1797,0.1412,21.2976,54.0,-1306.8628514846,-171.63608179954795,14.100490758936314,-5643.5060700867,0.17893237629959913
BENO_red_250_cutoff_7.5.inp.out,200.63416429266243,-0.1739,0.1514,19.6108,52.0,-1307.4175172507,13.321253424363869,34.22082123860655,-5492.0104935179,0.1740879014996608
BENO_red_251_cutoff_7.5.inp.out,199.36462623460162,-0.1756,0.1423,17.2308,52.0,-1307.1015911310,14.07958898594664,23.706430746420388,-5491.645391793,0.17627487270056008
BENO_red_252_cutoff_7.5.inp.out,199.71473140341084,-0.1769,0.1465,24.5182,53.0,-1307.0764507367,208.38459545419428,-14.300557008404013,-5567.7341785646,0.17795312409998587
BENO_red_253_cutoff_7.5.inp.out,200.29626673728106,-0.1747,0.1433,30.5979,53.0,-1307.2492128573,140.09114906353233,34.75548682614871,-5567.8307116228,0.1754491373003475
BENO_red_254_cutoff_7.5.inp.out,201.17449398296674,-0.1959,0.1406,29.2918,58.0,-1305.5835574048,-100.87705677984418,-36.11227755104445,-5946.4299230037,0.19659606920049555
BENO_red_255_cutoff_7.5.inp.out,200.6060863852596,-0.1682,0.1608,29.5765,56.0,-1306.2011373832,-27.336541219356228,-27.468670141849664,-5794.878185606,0.16865287820019148
BENO_red_256_cutoff_7.5.inp.out,199.17778508076495,-0.1702,0.1312,29.1714,54.0,-1306.7525506462,67.18725796103806,86.27941251860555,-5643.3570332657,0.17155461299989838
BENO_red_257_cutoff_7.5.inp.out,200.43133235960926,-0.1825,0.1316,35.6776,55.0,-1306.8536431267,-101.67041130125412,48.75814590582315,-5719.5312882166,0.1835486068002865
BENO_red_258_cutoff_7.5.inp.out,201.95858727645992,-0.1916,0.1466,25.7081,54.0,-1306.8901597828,-28.90839020931472,32.56170504851525,-5643.5859125121,0.18966451609958312
BENO_red_259_cutoff_7.5.inp.out,202.05638991212618,-0.1715,0.1437,30.6065,53.0,-1307.2369824044,-132.24841781965912,-30.78600469990111,-5567.8315101632,0.1717929208998612
BENO_red_25_cutoff_7.5.inp.out,202.33877589497487,-0.1822,0.1399,23.4382,56.0,-1305.8003163498,-99.66186624092008,-62.72885766614265,-5794.5687795325,0.18135417550001875
BENO_red_260_cutoff_7.5.inp.out,199.3323925736087,-0.1840,0.1587,31.6892,53.0,-1307.4022801513,78.82545278766824,-63.90925802874004,-5568.0796332956,0.18312965960012662
BENO_red_261_cutoff_7.5.inp.out,199.84173720212758,-0.1676,0.1532,32.4378,52.0,-1307.8829321211,29.724781305828056,29.002621705592492,-5492.4218764298,0.168394485400313
BENO_red_262_cutoff_7.5.inp.out,198.14260092109672,-0.1773,0.1506,34.9738,48.0,-1309.2048670232,93.97678316827552,30.45576828451255,-5189.6339494541,0.17896752189972176
BENO_red_263_cutoff_7.5.inp.out,200.50815841340167,-0.1710,0.1515,30.5458,50.0,-1308.2918889761,-113.60480669281758,-95.38066596347932,-5340.7628993343,0.1708476709000024
BENO_red_264_cutoff_7.5.inp.out,201.5149986126075,-0.1779,0.1508,27.9921,53.0,-1306.7986678417,24.9295802895302,-103.74301128721508,-5567.4394746267,0.17750923840048927
BENO_red_265_cutoff_7.5.inp.out,200.88419639492494,-0.1750,0.1545,19.7333,52.0,-1307.1436442874,-130.01580028681013,-42.15141454730695,-5491.7635155064,0.17606981950029876
BENO_red_266_cutoff_7.5.inp.out,200.33753646314395,-0.1736,0.1728,17.5300,53.0,-1306.7416500225,-82.14838613080074,21.616323989678897,-5567.3706149226,0.17341085799944267
BENO_red_267_cutoff_7.5.inp.out,200.29690537919532,-0.2030,0.1384,25.9602,53.0,-1307.2670562107,-191.12578646698583,-64.69721553992794,-5567.9367981989,0.2014664428998003
BENO_red_268_cutoff_7.5.inp.out,202.1191551537444,-0.1798,0.1485,19.9244,55.0,-1306.2968462114,-229.72692301159282,-31.946062055437547,-5719.0257362539,0.1810210902003746
BENO_red_269_cutoff_7.5.inp.out,201.1072663725726,-0.1615,0.1648,19.3408,56.0,-1306.2445313550,-54.55527786388435,-40.840362318658755,-5794.9744165808,0.16177130980031507
BENO_red_26_cutoff_7.5.inp.out,201.86296050598258,-0.1740,0.1408,31.6394,56.0,-1305.6172464868,-65.01677572589927,-3.3832169733270865,-5794.2360618517,0.17422679559967946
BENO_red_270_cutoff_7.5.inp.out,201.5723248279599,-0.1498,0.1766,19.8247,57.0,-1305.4494894484,2.8765751268612325,-12.595887427902978,-5870.1652215919,0.14958336470044742
BENO_red_271_cutoff_7.5.inp.out,200.75154059902408,-0.1662,0.1519,16.4187,57.0,-1305.3741873943,-237.92957417402417,-9.716040823978995,-5870.1363738685,0.16615631399963604
BENO_red_272_cutoff_7.5.inp.out,200.56516637749039,-0.1777,0.1568,21.2817,63.0,-1303.5174049814,-158.2702081431029,-66.65091237208398,-6324.5559234964,0.17571117660008895
BENO_red_273_cutoff_7.5.inp.out,200.24051701952536,-0.1616,0.1578,22.8420,61.0,-1304.3063002890,4.189575469354514,-37.468070532894956,-6173.2130881879,0.1612827503004155
BENO_red_274_cutoff_7.5.inp.out,199.2520159989489,-0.1797,0.1544,24.4519,61.0,-1303.9560176218,29.313746983411214,-5.969451935811004,-6172.9101645203,0.178816949600332
BENO_red_275_cutoff_7.5.inp.out,200.12001608410526,-0.1642,0.1511,24.3116,55.0,-1306.1181428093,-0.006353141410650465,45.11492781277224,-5718.8297024158,0.16548055250041216
BENO_red_276_cutoff_7.5.inp.out,200.2418497728425,-0.1901,0.1536,23.4946,52.0,-1307.3114471066,41.77949821805647,31.35677430865381,-5491.9623273518,0.18893918520006991
BENO_red_277_cutoff_7.5.inp.out,203.22773117469498,-0.1843,0.1507,20.6635,53.0,-1306.6938975001,15.808114742380925,77.25430063792149,-5567.420987965,0.18306630450024386
BENO_red_278_cutoff_7.5.inp.out,202.75339603483764,-0.1531,0.1659,28.3861,52.0,-1306.8545020995,13.19542406420807,84.01703802800967,-5491.485915114,0.1514870332002829
BENO_red_279_cutoff_7.5.inp.out,200.8302882337889,-0.1809,0.1457,26.1564,51.0,-1307.5179287919,41.17599210051068,10.932951991461412,-5416.1831221708,0.17921507190021657
BENO_red_27_cutoff_7.5.inp.out,201.90645160125314,-0.1742,0.1346,23.8215,56.0,-1305.8069628414,-26.980412527865425,98.86237286084372,-5794.4544461757,0.17284630199992534
BENO_red_280_cutoff_7.5.inp.out,198.52458499232546,-0.1836,0.1501,23.9595,51.0,-1307.5290065633,3.1178235152032423,56.78201298166578,-5416.1085140334,0.18570366299991292
BENO_red_281_cutoff_7.5.inp.out,198.3359261592578,-0.1859,0.1487,21.7403,52.0,-1307.0001984619,79.40718528442505,36.42559245317226,-5491.6217770632,0.1854289600996708
BENO_red_282_cutoff_7.5.inp.out,200.07751053269254,-0.1854,0.1395,26.6761,53.0,-1306.6316092751,99.36548459639708,112.74615171220042,-5567.2902684214,0.1846587293994162
BENO_red_283_cutoff_7.5.inp.out,201.02355122569412,-0.1553,0.1622,21.4762,54.0,-1306.2388570957,46.874711083524225,91.02116492257328,-5642.9354246884,0.15711929640019662
BENO_red_284_cutoff_7.5.inp.out,200.71003367001532,-0.1930,0.1537,18.0440,58.0,-1305.2318526090,-128.1150061248014,18.979046084457092,-5946.1550543454,0.19130317480085068
BENO_red_285_cutoff_7.5.inp.out,201.32776251614484,-0.1708,0.1630,19.8303,57.0,-1305.6713564839,-21.670692874433026,52.08199948531748,-5870.4430976911,0.1701244582000072
BENO_red_286_cutoff_7.5.inp.out,201.5865876090306,-0.1880,0.1566,19.0769,55.0,-1306.0260262414,-4.815900712764849,-65.17945555545835,-5718.8129325684,0.18709651490007673
BENO_red_287_cutoff_7.5.inp.out,202.0259230566065,-0.1574,0.1628,19.7339,59.0,-1304.9948148148,1.1668583678065731,14.82232018867634,-6021.8447909481,0.15780164189982315
BENO_red_288_cutoff_7.5.inp.out,201.55484825801335,-0.1859,0.1508,32.6363,56.0,-1305.7663114090,-54.28337257727387,-25.01231791098312,-5794.5576501356,0.1856451082003332
BENO_red_289_cutoff_7.5.inp.out,202.11060481536924,-0.1731,0.1420,42.1131,61.0,-1303.7316640850,-49.493811631682746,-32.53147984276631,-6172.6849704011,0.17556966439951793
BENO_red_28_cutoff_7.5.inp.out,201.77699042916893,-0.1803,0.1378,23.2907,56.0,-1305.6405127266,-104.93046210611992,92.77107718180132,-5794.3271146337,0.1790927666997959
BENO_red_290_cutoff_7.5.inp.out,197.72484979357353,-0.1614,0.1606,27.6326,50.0,-1307.5284038021,161.97821277785474,46.35486973314728,-5340.0196254394,0.16362508880047244
BENO_red_291_cutoff_7.5.inp.out,199.2445156323458,-0.1701,0.1453,19.1010,51.0,-1307.1646686797,-94.6362757304005,29.933204559778652,-5415.6780613346,0.17180477669990069
BENO_red_292_cutoff_7.5.inp.out,200.61280792323524,-0.1563,0.1683,26.3331,51.0,-1307.2434650774,40.58766352612719,-53.44240573768258,-5415.7822408559,0.1564697485000579
BENO_red_293_cutoff_7.5.inp.out,201.6760327928992,-0.1467,0.1470,30.9081,53.0,-1306.6269045081,-168.8916676506929,-68.11581293940249,-5567.1968109567,0.14933061779993295
BENO_red_294_cutoff_7.5.inp.out,200.95204584646194,-0.1821,0.1506,31.0694,55.0,-1306.2366717609,-169.28284625097334,-62.58758445469893,-5718.903530699,0.18024890969991247
BENO_red_295_cutoff_7.5.inp.out,203.00252427187428,-0.1662,0.1515,31.9869,52.0,-1306.9908161949,-231.9908811137332,-66.7193553349921,-5491.5488460099,0.16764183679970301
BENO_red_296_cutoff_7.5.inp.out,202.57963151752386,-0.1678,0.1371,47.2543,53.0,-1306.5540994154,-61.921642022121745,37.58820283553879,-5567.1227306987,0.16854221209996467
BENO_red_297_cutoff_7.5.inp.out,202.01048691219205,-0.1656,0.1563,38.8697,56.0,-1305.5438729721,-233.4642674654514,-69.25155930788739,-5794.2589627742,0.16484628669968515
BENO_red_298_cutoff_7.5.inp.out,200.67028317698777,-0.1777,0.1419,40.6660,56.0,-1305.5385408150,19.265321083070724,-2.3067870622418516,-5794.240550192,0.1777618074002021
BENO_red_299_cutoff_7.5.inp.out,199.72045700669688,-0.1643,0.1494,40.7136,56.0,-1305.5766828810,-16.60889484744155,-43.29989591625187,-5794.3029889661,0.16389873069965688
BENO_red_29_cutoff_7.5.inp.out,200.9822770951486,-0.1591,0.1512,15.3065,53.0,-1306.7469486883,128.07068636070912,90.92737860963852,-5567.303818103,0.16077903180030262
BENO_red_2_cutoff_7.5.inp.out,200.89946306081578,-0.1550,0.1528,27.3110,53.0,-1306.4804982826,-19.77508139949373,-27.78316306069929,-5567.0598095486,0.156201596199935
BENO_red_300_cutoff_7.5.inp.out,200.75040353409074,-0.1804,0.1339,37.1010,56.0,-1305.8920507104,-141.82168994847586,-86.91663305083664,-5794.675061542,0.18050591999963217
BENO_red_301_cutoff_7.5.inp.out,200.46814391301328,-0.1697,0.1416,37.8891,58.0,-1305.1267209402,-202.23543257955603,70.56393027200251,-5945.8783323923,0.1688407746996745
BENO_red_302_cutoff_7.5.inp.out,200.41312869789022,-0.1551,0.1616,37.6344,54.0,-1306.3533657593,-32.635296519445205,82.18688104066838,-5643.0522881042,0.1563151452000966
BENO_red_303_cutoff_7.5.inp.out,198.68901276969623,-0.1962,0.1433,38.2984,51.0,-1307.6237114983,-141.81360273230706,-30.69064795562818,-5416.2302670095,0.19449023050037795
BENO_red_304_cutoff_7.5.inp.out,198.01107425766907,-0.1760,0.1514,29.0489,55.0,-1306.2757206613,-168.71476669765352,28.115480058507142,-5718.9441222491,0.17590543910046108
BENO_red_305_cutoff_7.5.inp.out,198.7694501183318,-0.1577,0.1546,26.5639,60.0,-1304.2257338065,-355.6682362908624,43.425696337830715,-6097.1125720607,0.16014657960022305
BENO_red_306_cutoff_7.5.inp.out,198.9863104555405,-0.1479,0.1540,30.0647,55.0,-1306.1981673067,-37.0888846518437,-22.21895199109281,-5718.9258178002,0.1511454387991762
BENO_red_307_cutoff_7.5.inp.out,199.71010968861395,-0.1634,0.1441,42.4818,55.0,-1306.0253622812,34.99506148935727,34.53712329416153,-5718.7003246408,0.1648997717002203
BENO_red_308_cutoff_7.5.inp.out,202.04111035800554,-0.1790,0.1608,50.7776,60.0,-1304.8145184154,-22.776187441548558,-19.638976664943907,-6097.7289067358,0.17798140969989618
BENO_red_309_cutoff_7.5.inp.out,203.26138226699436,-0.1702,0.1712,46.6578,58.0,-1305.0178051046,6.7495963035864435,61.908140122176334,-5945.8771857024,0.17010887450032897
BENO_red_30_cutoff_7.5.inp.out,200.5492927680702,-0.1436,0.1557,15.5222,58.0,-1305.4845667920,31.248019947164842,13.210866131220772,-5946.2023055714,0.14656035010011692
BENO_red_310_cutoff_7.5.inp.out,203.0905954283482,-0.1667,0.1559,42.5413,56.0,-1305.7368688463,85.32674500383334,112.46498812626957,-5794.3993905836,0.16746451079961844
BENO_red_311_cutoff_7.5.inp.out,202.7548515562956,-0.1704,0.1513,43.1894,55.0,-1305.7574404651,360.4327803134518,261.1649625594465,-5718.4894628475,0.1711122836004506
BENO_red_312_cutoff_7.5.inp.out,198.38258258293527,-0.1839,0.1641,42.7919,49.0,-1307.8810704473,131.5681086308981,256.3630968756626,-5264.4487623434,0.18309721080004238
BENO_red_313_cutoff_7.5.inp.out,200.0745468271598,-0.1601,0.1545,38.6819,50.0,-1307.7094729739,179.06918763492385,129.6585465208008,-5340.2000869954,0.16220617339968157
BENO_red_314_cutoff_7.5.inp.out,199.20237720095062,-0.1680,0.1430,49.1800,54.0,-1306.6602714637,167.0555622563592,81.6456645600355,-5643.4640653392,0.16948105039955408
BENO_red_315_cutoff_7.5.inp.out,198.72238809575452,-0.1766,0.1365,57.0076,58.0,-1304.6184263830,80.3258390169254,175.22331299311344,-5945.5109824374,0.1772359934002452
BENO_red_316_cutoff_7.5.inp.out,197.66774546300792,-0.1897,0.1540,60.5039,54.0,-1306.4172656408,168.4813805562266,257.966623596425,-5643.1885671461,0.18835200969988364
BENO_red_317_cutoff_7.5.inp.out,199.24208993814045,-0.1703,0.1468,54.9504,53.0,-1306.8453188612,100.34568459062744,147.26499479757805,-5567.5469924414,0.17052515689920256
BENO_red_318_cutoff_7.5.inp.out,196.41958999954093,-0.1646,0.1453,56.9597,53.0,-1306.6422723084,87.93140573101248,175.53414980557508,-5567.3716949736,0.1650311128996691
BENO_red_319_cutoff_7.5.inp.out,199.15138570000417,-0.1752,0.1315,52.5561,53.0,-1306.8295157223,-59.446660515650414,38.09537412636382,-5567.4753591753,0.1758012765994863
BENO_red_31_cutoff_7.5.inp.out,199.4275074019814,-0.1452,0.1558,16.3676,53.0,-1306.7882572970,30.872969831261166,36.899407300375785,-5567.3301860113,0.14797426580025785
BENO_red_320_cutoff_7.5.inp.out,199.42401780085166,-0.1777,0.1445,39.9620,55.0,-1305.8512299373,91.35636190540905,22.80337088396408,-5718.5268392579,0.17666776170062803
BENO_red_321_cutoff_7.5.inp.out,199.41077745524615,-0.1790,0.1361,46.1103,57.0,-1305.2863818500,17.366363747671354,75.46121881221563,-5870.0972826906,0.17966715130023658
BENO_red_322_cutoff_7.5.inp.out,200.3625942024675,-0.1923,0.1446,33.0788,58.0,-1304.7742606521,88.41352544583643,133.5491477698598,-5945.6377136555,0.19124568050028756
BENO_red_323_cutoff_7.5.inp.out,202.10390915537877,-0.1802,0.1501,37.6381,55.0,-1305.6945101979,205.23753142577843,189.80174274713147,-5718.4270311071,0.1783204688999831
BENO_red_324_cutoff_7.5.inp.out,201.42064379367412,-0.1640,0.1640,30.9546,53.0,-1306.2818576154,85.5448153692411,9.980901988996111,-5566.9126287301,0.16541156030052662
BENO_red_325_cutoff_7.5.inp.out,199.90849818876669,-0.1880,0.1491,28.9039,56.0,-1305.6190710025,6.943939889062472,2.2019495231343695,-5794.3673152503,0.18694872130072326
BENO_red_326_cutoff_7.5.inp.out,200.14701601101422,-0.1722,0.1587,27.3054,55.0,-1305.6683353836,11.654566757509995,12.750642766848157,-5718.3827256964,0.17398839190082072
BENO_red_327_cutoff_7.5.inp.out,198.99564509255487,-0.1691,0.1570,38.5337,53.0,-1306.4944011063,-65.51870016750367,52.41023449697504,-5567.1193219901,0.170603189600115
BENO_red_328_cutoff_7.5.inp.out,198.71807942159194,-0.1887,0.1465,44.0837,56.0,-1305.4471926533,73.62650807845003,147.60522993012378,-5794.1847403258,0.18865889340031572
BENO_red_329_cutoff_7.5.inp.out,199.21163934998557,-0.1771,0.1550,36.2874,58.0,-1304.6972053594,69.63410630124727,88.23320443753026,-5945.4958466383,0.1756105568001658
BENO_red_32_cutoff_7.5.inp.out,198.5143634684889,-0.1733,0.1544,10.7109,55.0,-1306.2611844318,17.761035048297,-39.866239285639175,-5718.9538746822,0.17391096909977932
BENO_red_330_cutoff_7.5.inp.out,199.37856675281438,-0.1670,0.1534,33.4279,57.0,-1304.9671271794,214.33883984114945,299.655864934305,-5869.6971720968,0.16951433350004663
BENO_red_331_cutoff_7.5.inp.out,198.4995506496569,-0.1601,0.1527,28.8920,53.0,-1306.6410710909,110.12833011749547,132.16025806672707,-5567.2725878703,0.1606911429998945
BENO_red_332_cutoff_7.5.inp.out,200.21853872856607,-0.1719,0.1526,35.6564,53.0,-1306.4123980861,-50.823644572205616,25.717915747010565,-5567.0026716432,0.1738249262998579
BENO_red_333_cutoff_7.5.inp.out,199.7969358493398,-0.1758,0.1684,24.2170,55.0,-1305.8676057423,4.201634579164086,-19.274944479664548,-5718.602808959,0.17635102349959197
BENO_red_334_cutoff_7.5.inp.out,200.60557043714704,-0.1888,0.1530,23.7968,56.0,-1305.6856608658,-37.60682087135112,-29.88885945172736,-5794.496325615,0.18885496969960514
BENO_red_335_cutoff_7.5.inp.out,199.79142526810494,-0.1736,0.1474,14.7837,55.0,-1305.6621903780,-204.9824092210648,-21.2499136587482,-5718.2984397622,0.17399992309947265
BENO_red_336_cutoff_7.5.inp.out,199.84504340108876,-0.1911,0.1539,18.1232,56.0,-1305.8629699102,-88.58385105818462,-28.012220435962092,-5794.6104652339,0.19031447199995455
BENO_red_337_cutoff_7.5.inp.out,199.77447192293602,-0.1743,0.1631,13.0617,54.0,-1305.9942428543,4.942955218777004,-1.3026528634994055,-5642.5974805137,0.17439055490012834
BENO_red_338_cutoff_7.5.inp.out,200.21052471761647,-0.1535,0.1584,10.6530,54.0,-1305.9995218728,85.09521678663576,-74.0536368952749,-5642.6565259336,0.15439249629980623
BENO_red_339_cutoff_7.5.inp.out,200.38717293268357,-0.1646,0.1680,17.8824,53.0,-1306.4044755979,66.52563415287463,24.225504266295953,-5567.0353195721,0.1653621186997043
BENO_red_33_cutoff_7.5.inp.out,199.64661258914865,-0.1540,0.1424,16.9594,54.0,-1306.8029339145,96.89880537964495,64.4444506346221,-5643.432411216,0.1544341404005536
BENO_red_340_cutoff_7.5.inp.out,201.8852046457313,-0.1730,0.1357,37.8457,57.0,-1305.4639746398,-137.7593835102947,-133.7185346400982,-5870.2540113885,0.17465288579933258
BENO_red_341_cutoff_7.5.inp.out,201.27567314812632,-0.1806,0.1399,42.3003,52.0,-1307.1311894148,-72.07500307064461,-42.9869383018178,-5491.7076676854,0.181023215199275
BENO_red_342_cutoff_7.5.inp.out,201.3374004220951,-0.1655,0.1664,31.4118,51.0,-1307.5176247156,-125.58606380756139,-29.795029469354095,-5416.1142491913,0.16575556170027994
BENO_red_343_cutoff_7.5.inp.out,200.39949814156284,-0.1926,0.1388,20.6965,49.0,-1308.1566296472,-23.685942455762724,-73.46617467580711,-5264.6081805841,0.19216597790000378
BENO_red_344_cutoff_7.5.inp.out,200.93002678208333,-0.1897,0.1497,28.4423,52.0,-1307.2936439435,3.695822455500777,-59.29630262326132,-5491.8564051248,0.18980212369933724
BENO_red_345_cutoff_7.5.inp.out,199.91799851207588,-0.1826,0.1507,34.5263,54.0,-1306.3805688859,-114.19833231571259,-52.46595768770768,-5642.9951143683,0.18278842299969256
BENO_red_346_cutoff_7.5.inp.out,200.209356302186,-0.1530,0.1569,33.7261,54.0,-1306.5233639953,108.6239859395332,-33.23943312692989,-5643.1791863205,0.15425169100035419
BENO_red_347_cutoff_7.5.inp.out,200.77452962875816,-0.1671,0.1602,40.3899,52.0,-1307.2559923959,-12.692661410774983,-52.05699313030255,-5491.8182939222,0.16733688499971322
BENO_red_348_cutoff_7.5.inp.out,200.37394225991494,-0.1718,0.1625,46.8079,52.0,-1307.2959949658,-88.12716320049402,-60.25208030181897,-5491.889401011,0.17059106020042236
BENO_red_349_cutoff_7.5.inp.out,201.119394653881,-0.1698,0.1418,36.0004,52.0,-1307.4664887276,54.404428292212174,-36.53535045556519,-5491.9860271098,0.17158561310043297
BENO_red_34_cutoff_7.5.inp.out,199.47209208221588,-0.1867,0.1316,10.6425,51.0,-1307.7821374136,-4.185983284448856,30.422864850654683,-5416.3202836671,0.18663896709949768
BENO_red_350_cutoff_7.5.inp.out,197.72484979357353,-0.1614,0.1606,27.6326,50.0,-1307.5284170318,161.9746854480794,46.35394283243548,-5340.0196386485,0.16362499260048935
BENO_red_351_cutoff_7.5.inp.out,199.49844407578735,-0.1778,0.1447,19.3558,51.0,-1307.2731249236,-111.97087858679987,19.807982713102916,-5415.7963931575,0.17867868009943777
BENO_red_352_cutoff_7.5.inp.out,200.1121267928099,-0.1503,0.1577,30.5184,55.0,-1305.9033613207,-44.80772944068655,-65.58353458392635,-5718.5457464045,0.15256814530039264
BENO_red_353_cutoff_7.5.inp.out,201.1748365104984,-0.1529,0.1317,27.2406,53.0,-1306.8936760355,-58.006856454668295,-26.25861410035194,-5567.4717929769,0.15533947859967157
BENO_red_354_cutoff_7.5.inp.out,201.78254487590465,-0.1751,0.1315,26.9788,52.0,-1307.0926145595,-110.84137817379339,-13.950189832222096,-5491.6591597879,0.17424299489994155
BENO_red_355_cutoff_7.5.inp.out,201.718906111746,-0.1953,0.1266,16.5690,50.0,-1307.7762269635,-146.98188070122666,25.82341839338926,-5340.3019384308,0.19587430839965236
BENO_red_356_cutoff_7.5.inp.out,200.2745419289657,-0.1704,0.1365,30.1945,50.0,-1308.1788481127,-82.5346159127412,-50.80088346525579,-5340.6665305389,0.1713473037998483
BENO_red_357_cutoff_7.5.inp.out,200.5213093138388,-0.1852,0.1373,33.0655,55.0,-1306.1631555907,-75.92963428405882,27.85200005312887,-5718.9056047296,0.1864141333999214
BENO_red_358_cutoff_7.5.inp.out,200.92343176520845,-0.1803,0.1232,37.0210,60.0,-1304.7004775603,6.742004967315971,55.848940702071076,-6097.6444246687,0.18009070979951503
BENO_red_359_cutoff_7.5.inp.out,200.0929458765385,-0.1825,0.1329,42.7275,62.0,-1303.9134242464,-4.877328014354295,62.97020711945806,-6248.8679109768,0.18228478619948874
BENO_red_35_cutoff_7.5.inp.out,199.32938450723927,-0.1904,0.1317,6.7398,52.0,-1307.1713352442,-182.4759854173133,46.6789378334099,-5491.7981329367,0.1913877480001247
BENO_red_360_cutoff_7.5.inp.out,199.43842226032493,-0.1738,0.1504,37.1221,60.0,-1304.8809358882,-136.99841988457678,-0.4749752019631792,-6097.8388960009,0.17353017309960705
BENO_red_361_cutoff_7.5.inp.out,199.14121151945335,-0.1902,0.1291,40.0865,61.0,-1304.3486132356,25.291409175364738,97.18499033697688,-6173.2443531701,0.19077506290068413
BENO_red_362_cutoff_7.5.inp.out,199.16556120603627,-0.1554,0.1432,39.0950,60.0,-1304.8471980327,119.9396761007699,31.29302468707684,-6097.6895822577,0.15669436159987526
BENO_red_363_cutoff_7.5.inp.out,199.66233128818257,-0.1573,0.1492,32.2004,58.0,-1305.3530524554,-43.47810532158841,33.246054052436726,-5946.1499251358,0.15754522449969954
BENO_red_364_cutoff_7.5.inp.out,198.0293980047233,-0.1863,0.1635,40.8580,59.0,-1305.1871154649,92.12589309471535,51.13404930140778,-6022.1068736017,0.18344556230022135
BENO_red_365_cutoff_7.5.inp.out,200.49580639736664,-0.1719,0.1602,28.4278,54.0,-1306.8340656626,-79.85670236623788,9.800547260313905,-5643.5196357806,0.17232221949961968
BENO_red_366_cutoff_7.5.inp.out,199.91858458727853,-0.1716,0.1368,21.9770,54.0,-1307.6298249608,-74.71773888718327,3.4633424213329747,-5644.2121268611,0.1728882799998246
BENO_red_367_cutoff_7.5.inp.out,199.60197707597445,-0.1837,0.1414,19.8483,55.0,-1307.3650675780,-104.51036283720786,0.09811581296008637,-5720.0469099141,0.18490439569995942
BENO_red_368_cutoff_7.5.inp.out,200.55248644772425,-0.1572,0.1532,21.1831,52.0,-1307.5236156476,64.38733670299163,-14.626522044141778,-5492.1005558976,0.15995228630072233
BENO_red_369_cutoff_7.5.inp.out,200.7012230335611,-0.1912,0.1441,22.6703,54.0,-1307.1632371412,-35.202530839730336,30.860085370967653,-5643.8684628219,0.19248259059986594
BENO_red_36_cutoff_7.5.inp.out,199.4340393504127,-0.1804,0.1424,6.6658,52.0,-1307.1782457178,-97.53183206872212,125.58080571230319,-5491.8185359573,0.18118075260008482
BENO_red_370_cutoff_7.5.inp.out,201.7219015357613,-0.1803,0.1395,25.9392,53.0,-1307.3408280385,-64.89199116119427,-103.1762006001997,-5567.9899882135,0.1811523053993369
BENO_red_371_cutoff_7.5.inp.out,202.50645909156196,-0.1900,0.1536,32.7659,52.0,-1307.6501165374,-116.44642130781801,40.35101282152579,-5492.3012251458,0.1895566337998389
BENO_red_372_cutoff_7.5.inp.out,201.8326914405948,-0.1804,0.1665,34.9582,52.0,-1307.7723472502,19.89301623188856,-69.94295431827177,-5492.401708952,0.17914473840028222
BENO_red_373_cutoff_7.5.inp.out,200.31640103835028,-0.1717,0.1464,40.8578,54.0,-1307.3184200885,-95.00980319638388,-9.05030249315113,-5643.9450316575,0.17375865440044436
BENO_red_374_cutoff_7.5.inp.out,197.91984034552837,-0.1687,0.1563,47.8151,51.0,-1308.0741193701,117.30969043405169,-86.43987448703096,-5416.6299480958,0.17064339170065068
BENO_red_375_cutoff_7.5.inp.out,198.19007441403346,-0.1819,0.1374,41.4495,50.0,-1308.4781964503,-96.23987446568518,-12.36048424053348,-5340.9636716928,0.18440881480000826
BENO_red_376_cutoff_7.5.inp.out,199.68307690107918,-0.1821,0.1465,41.1561,52.0,-1307.6436389761,27.896330481833065,59.626109676180675,-5492.2873975363,0.18393460549941665
BENO_red_377_cutoff_7.5.inp.out,200.8547140556995,-0.1805,0.1463,45.1864,51.0,-1308.5540100689,26.346032110406373,66.2388417813825,-5417.1401744331,0.18062598730011814
BENO_red_378_cutoff_7.5.inp.out,200.98043191615673,-0.1727,0.1421,47.2113,53.0,-1307.2557509640,-115.94063546604951,-1.15044154260815,-5567.9010834211,0.17465855209957226
BENO_red_379_cutoff_7.5.inp.out,201.00814749726024,-0.1804,0.1521,57.3861,54.0,-1307.0156764964,121.31498845398737,84.66683139156353,-5643.7128886134,0.18009577749944583
BENO_red_37_cutoff_7.5.inp.out,200.67728439039436,-0.1600,0.1380,22.0131,54.0,-1306.7633922771,222.68758901966467,153.4720334093682,-5643.3155192557,0.16051104130019667
BENO_red_380_cutoff_7.5.inp.out,200.12922308402605,-0.1978,0.1420,58.3301,54.0,-1307.0627823013,28.049035650370122,85.41245550075674,-5643.7195700544,0.19664540109988593
BENO_red_381_cutoff_7.5.inp.out,199.77945152600668,-0.2008,0.1461,53.4696,54.0,-1307.3903422976,-8.175377716873356,126.94345983407305,-5644.113745854,0.20048472400048922
BENO_red_382_cutoff_7.5.inp.out,199.64947829653852,-0.1881,0.1410,56.5106,53.0,-1307.3596203444,36.008507907408,111.46545290834482,-5567.9723112336,0.1870028907997039
BENO_red_383_cutoff_7.5.inp.out,201.42379410247347,-0.2035,0.1410,47.8928,54.0,-1307.2863423878,-113.80480405814708,-54.76734761470707,-5644.0173248454,0.20282745650001743
BENO_red_384_cutoff_7.5.inp.out,200.45159174765303,-0.1987,0.1344,38.0522,52.0,-1308.0162859268,-207.83336338047002,-9.962693176724143,-5492.6234107193,0.19749711860004027
BENO_red_385_cutoff_7.5.inp.out,201.6443257494822,-0.1769,0.1519,34.6534,54.0,-1306.9665693595,33.096863056884146,-28.848376612638326,-5643.6335203295,0.1767608100999496
BENO_red_386_cutoff_7.5.inp.out,202.1156556423607,-0.1820,0.1410,33.7216,53.0,-1307.4242517971,16.838974192437355,1.8203853373308339,-5568.0676262386,0.18340585910027585
BENO_red_387_cutoff_7.5.inp.out,199.74603901417075,-0.1899,0.1548,41.7838,51.0,-1308.3567965728,-64.44206633201829,-145.0894896212306,-5416.9499015941,0.1894085912999799
BENO_red_388_cutoff_7.5.inp.out,199.7629524637037,-0.1803,0.1484,35.1804,51.0,-1307.6777655565,14.133456524412633,-54.34929108305604,-5416.2961124471,0.1814471626003069
BENO_red_389_cutoff_7.5.inp.out,198.4805895748909,-0.1708,0.1409,30.3747,54.0,-1306.5243250791,-66.85754142630964,-10.40031264890923,-5643.1900469851,0.17173440240003401
BENO_red_38_cutoff_7.5.inp.out,201.1329337264282,-0.1872,0.1184,19.5076,59.0,-1304.8689467065,-33.22554554759872,223.40143184693514,-6021.7043538586,0.18947115929950087
BENO_red_390_cutoff_7.5.inp.out,199.0164628331258,-0.1780,0.1446,24.9193,60.0,-1304.6553155971,143.10610181042145,125.27128512455637,-6097.5352965989,0.17895546389991068
BENO_red_391_cutoff_7.5.inp.out,200.72283837622845,-0.1805,0.1391,16.5268,56.0,-1305.9846100344,90.16818370232673,83.12581499346356,-5794.6927108268,0.18143252860045322
BENO_red_392_cutoff_7.5.inp.out,200.10182199631083,-0.1733,0.1525,18.3857,58.0,-1304.9569846928,-162.80082175471736,-20.789019313941665,-5945.8026916601,0.17408308269932604
BENO_red_393_cutoff_7.5.inp.out,201.24466725063,-0.1758,0.1406,26.2915,55.0,-1306.0785979304,-23.73257195034973,-30.420737254327825,-5718.7925329416,0.17499595239951304
BENO_red_394_cutoff_7.5.inp.out,202.8981271778825,-0.1708,0.1632,37.5210,54.0,-1306.4619773722,-35.317781175981835,-52.777271303928444,-5643.23152241,0.1682145003005644
BENO_red_395_cutoff_7.5.inp.out,202.46216658647612,-0.1799,0.1443,30.1512,51.0,-1307.4892775187,-136.93107295960903,-18.037490128152754,-5416.1675994658,0.1809685606003768
BENO_red_396_cutoff_7.5.inp.out,200.99051946717483,-0.1769,0.1493,21.8365,58.0,-1305.3160725313,-24.056642619830356,29.12830351054565,-5946.2318702824,0.1758868238002833
BENO_red_397_cutoff_7.5.inp.out,200.16905247143058,-0.2000,0.1293,34.7278,56.0,-1306.0937681440,-94.76749478421699,-107.48447114125506,-5794.9084276782,0.20068060709945712
BENO_red_398_cutoff_7.5.inp.out,199.42603801148215,-0.1779,0.1407,35.5075,55.0,-1306.4264146903,-57.72973688555104,0.5784099272707517,-5719.1496677114,0.1769705172000613
BENO_red_399_cutoff_7.5.inp.out,198.2957412286264,-0.1864,0.1419,28.7829,56.0,-1305.8226814356,10.126516221099621,85.48201508389835,-5794.5116064539,0.1853296601002512
BENO_red_39_cutoff_7.5.inp.out,199.6766307683701,-0.1372,0.1574,26.0058,56.0,-1305.4691076915,312.45343861811637,151.93279800886975,-5794.2561430924,0.1374310292003429
BENO_red_3_cutoff_7.5.inp.out,201.07203518745888,-0.1532,0.1503,21.7548,53.0,-1306.6756977200,-91.42975015688876,-11.527420329736433,-5567.2240326043,0.1550849412997195
BENO_red_400_cutoff_7.5.inp.out,197.72484979357353,-0.1614,0.1606,27.6326,50.0,-1307.5283829546,161.9781000781162,46.35498973222074,-5340.0196046401,0.16362485440004093
BENO_red_401_cutoff_7.5.inp.out,199.61675050298186,-0.1742,0.1454,18.7367,51.0,-1307.1585452619,-80.7778100705614,15.763881501876167,-5415.6717844288,0.17538715570026397
BENO_red_402_cutoff_7.5.inp.out,199.78572098294143,-0.1600,0.1595,26.7651,50.0,-1307.6799314319,-79.70196067571732,10.582492685783585,-5340.1534337135,0.16177161640007398
BENO_red_403_cutoff_7.5.inp.out,201.12009328225136,-0.1533,0.1571,30.3083,52.0,-1307.3734209742,-141.01308229011596,-48.78122105627093,-5491.9120588993,0.15580681139999797
BENO_red_404_cutoff_7.5.inp.out,201.98000833751755,-0.1799,0.1523,25.8537,55.0,-1306.0811529796,-227.69106685598288,-63.6202321890201,-5718.7784560811,0.18111877059982362
BENO_red_405_cutoff_7.5.inp.out,202.6763197190495,-0.1906,0.1316,39.0554,55.0,-1306.2164353762,67.07237370342303,-4.280911339291891,-5718.8797158821,0.19049516890027007
BENO_red_406_cutoff_7.5.inp.out,202.89467398918725,-0.1921,0.1336,30.4507,55.0,-1305.9936463421,-473.7839805550679,-69.16643250425625,-5718.6927329291,0.19133033510024688
BENO_red_407_cutoff_7.5.inp.out,201.3387894013536,-0.1777,0.1443,38.3787,55.0,-1306.1271344650,-109.93893889004826,-42.756336816776276,-5718.7999736507,0.1795323256001211
BENO_red_408_cutoff_7.5.inp.out,201.3330948514825,-0.1833,0.1263,30.4371,56.0,-1305.7520683153,-184.64849176469835,-28.87858890363929,-5794.41758169,0.1830978921998394
BENO_red_409_cutoff_7.5.inp.out,200.98917336005738,-0.1767,0.1463,34.0865,58.0,-1305.0435925294,-74.77561884110597,-51.086705639011356,-5945.7779637311,0.1778175036997709
BENO_red_40_cutoff_7.5.inp.out,200.08466723171912,-0.1747,0.1527,26.6857,54.0,-1306.7642382329,67.69210870469433,229.74514946348776,-5643.5203262823,0.1762653946007049
BENO_red_410_cutoff_7.5.inp.out,200.91995202189722,-0.1737,0.1429,33.3050,60.0,-1304.3930573575,-151.1537845393787,-58.733814323359084,-6097.1900457869,0.17436900960001367
BENO_red_411_cutoff_7.5.inp.out,200.37543533923332,-0.1688,0.1444,49.4971,58.0,-1305.5262431130,-68.17496266263014,-100.46271167016242,-5946.308701903,0.16846345209978608
BENO_red_412_cutoff_7.5.inp.out,200.07894392718745,-0.1679,0.1360,51.9268,58.0,-1305.2269522757,-13.658038568571108,-20.663728679532948,-5945.9808119539,0.16834312549963215
BENO_red_413_cutoff_7.5.inp.out,201.31019958820136,-0.1681,0.1386,45.6960,55.0,-1306.3763538894,14.882886483781853,11.443607557246542,-5719.0416750944,0.16795365829966613
BENO_red_414_cutoff_7.5.inp.out,201.45055792492627,-0.1912,0.1382,42.4383,54.0,-1306.6293691130,-76.92601093808997,6.2396040370383625,-5643.2990037119,0.19136039200020605
BENO_red_415_cutoff_7.5.inp.out,202.3965427098601,-0.1931,0.1394,50.5869,57.0,-1305.1118852086,60.676055363050224,-22.95857445046874,-5869.9529570414,0.18965552640020178
BENO_red_416_cutoff_7.5.inp.out,204.68635953500905,-0.1587,0.1528,43.1951,54.0,-1306.1899210735,11.88394089773117,-117.29769909545392,-5642.9448832955,0.15894204279993573
BENO_red_417_cutoff_7.5.inp.out,200.30589878771667,-0.1798,0.1490,48.1722,55.0,-1306.0293469407,141.76516447602583,31.360131298659944,-5718.7334276986,0.17809976219996315
BENO_red_418_cutoff_7.5.inp.out,200.0919470716109,-0.1791,0.1448,44.8651,54.0,-1306.2465133921,-82.90095546621063,-43.3375190769189,-5642.9538617464,0.17903288239995163
BENO_red_419_cutoff_7.5.inp.out,198.8319930960728,-0.1639,0.1493,47.0630,55.0,-1306.3053052478,122.63579500365589,-192.80173331387607,-5719.0570275583,0.16605200269987108
BENO_red_41_cutoff_7.5.inp.out,200.6176792609452,-0.1861,0.1571,21.9500,54.0,-1306.0397536055,-62.042357663600434,66.44787108215554,-5642.7461263739,0.18609700629986037
BENO_red_420_cutoff_7.5.inp.out,197.63235937893762,-0.1778,0.1377,46.8117,58.0,-1305.1072572884,-19.625695188336987,-24.702241883953633,-5945.9096610848,0.17595518230064044
BENO_red_421_cutoff_7.5.inp.out,200.25229964633843,-0.1611,0.1460,55.9612,59.0,-1304.3810605195,31.21809726991773,29.893677904522498,-6021.19242384,0.16078391740029474
BENO_red_422_cutoff_7.5.inp.out,199.5600880766414,-0.1775,0.1401,37.9550,57.0,-1305.6467121779,-26.11325444265691,40.27817859403233,-5870.3804865661,0.1785216988000684
BENO_red_423_cutoff_7.5.inp.out,201.36532091096413,-0.1693,0.1591,34.5885,55.0,-1306.1257706992,53.5321021653425,20.59625042509108,-5718.8341199024,0.16923362140005338
BENO_red_424_cutoff_7.5.inp.out,202.2599100677613,-0.1895,0.1457,36.3473,56.0,-1305.8666180047,74.7617527168689,-3.219865776739132,-5794.6179287677,0.18865633809946303
BENO_red_425_cutoff_7.5.inp.out,200.53026434651383,-0.1880,0.1403,43.3317,55.0,-1305.9025352775,90.08154819481383,87.95047743704899,-5718.5683654484,0.18735520760037616
BENO_red_426_cutoff_7.5.inp.out,199.985482700117,-0.1754,0.1427,41.5192,55.0,-1306.1831117458,129.14399818165563,-77.22673805368822,-5718.8633901819,0.17575191679952695
BENO_red_427_cutoff_7.5.inp.out,199.44971640399618,-0.1618,0.1609,36.8684,55.0,-1306.6174818628,-131.3507735240009,-123.00613166321276,-5719.2177523824,0.16335752239956491
BENO_red_428_cutoff_7.5.inp.out,198.32232379672502,-0.1561,0.1679,41.3792,57.0,-1305.5844868970,28.113058767426274,1.5992473572178065,-5870.3016063992,0.15737294049995398
BENO_red_429_cutoff_7.5.inp.out,198.98354045873788,-0.1592,0.1677,35.3487,56.0,-1305.7042914341,41.73767129037707,30.80153789401946,-5794.3839357389,0.1591413449996253
BENO_red_42_cutoff_7.5.inp.out,200.8922610458418,-0.1909,0.1466,21.3235,50.0,-1307.5751084051,-82.54208090746182,119.13154064497726,-5340.1390441741,0.18919630870004767
BENO_red_430_cutoff_7.5.inp.out,198.39043323562183,-0.1662,0.1723,37.4904,56.0,-1305.8443014655,-51.07078960121807,-74.16635353771589,-5794.5342508655,0.16700550530003966
BENO_red_431_cutoff_7.5.inp.out,198.8255841396797,-0.1850,0.1450,48.3342,60.0,-1304.3372088210,-159.66349977931307,-87.66131241658661,-6097.1464425642,0.1847309219001545
BENO_red_432_cutoff_7.5.inp.out,200.10520695386379,-0.1989,0.1379,43.0100,59.0,-1304.9913485806,-200.46192253799006,-116.83210356721062,-6021.8223165861,0.1974408175001372
BENO_red_433_cutoff_7.5.inp.out,201.98343315413487,-0.1974,0.1502,47.5104,58.0,-1305.0216025626,-117.47180800413129,-40.2332791921169,-5945.8254947052,0.1947797131997504
BENO_red_434_cutoff_7.5.inp.out,202.44078174156084,-0.1621,0.1517,46.1946,57.0,-1305.5824020423,41.08756581836675,3.875522122777194,-5870.3521807421,0.16138990740000736
BENO_red_435_cutoff_7.5.inp.out,201.73505233426752,-0.1932,0.1481,38.8422,54.0,-1306.8154047062,-68.5683428428705,-13.902709216824265,-5643.4111675856,0.1904767843998343
BENO_red_436_cutoff_7.5.inp.out,200.3156072675586,-0.1872,0.1579,51.5018,56.0,-1305.5844813537,34.89428161262084,23.24731099570724,-5794.3411247208,0.18459715290009626
BENO_red_437_cutoff_7.5.inp.out,201.56194307518012,-0.1688,0.1514,54.9925,55.0,-1306.1024297192,135.57669901328615,75.516332408587,-5718.7685954839,0.16974728970035358
BENO_red_438_cutoff_7.5.inp.out,199.3128738746413,-0.1997,0.1318,49.3032,56.0,-1305.4919286131,67.66325717006674,10.31670556859621,-5794.2486505958,0.19781005260028905
BENO_red_439_cutoff_7.5.inp.out,200.2077791391833,-0.1769,0.1535,45.8941,57.0,-1305.6112757093,-54.560307970125116,-7.612629890529218,-5870.4361007498,0.17821856239970657
BENO_red_43_cutoff_7.5.inp.out,200.7807758020535,-0.1511,0.1661,34.7394,51.0,-1307.8423736455,101.38348498005651,205.193550048278,-5416.3972702054,0.1521146883997062
BENO_red_440_cutoff_7.5.inp.out,200.00361309921558,-0.1771,0.1541,37.8820,57.0,-1305.6134630306,-10.864727773321938,20.86505385880394,-5870.4838293181,0.17776183450041572
BENO_red_441_cutoff_7.5.inp.out,200.25239113611045,-0.1885,0.1447,54.9256,52.0,-1307.3190714201,139.37863247187613,287.3428772048772,-5491.9695771986,0.18877886229984142
BENO_red_442_cutoff_7.5.inp.out,200.9024702419401,-0.1902,0.1428,47.2301,53.0,-1306.8806926284,112.06097134807592,244.18824662577316,-5567.5444650742,0.19157125709989486
BENO_red_443_cutoff_7.5.inp.out,200.061154002086,-0.1975,0.1563,50.9742,52.0,-1307.2911575725,-58.9702590154517,25.232385005111244,-5491.9722732689,0.1953255958005684
BENO_red_444_cutoff_7.5.inp.out,200.41272850776122,-0.1843,0.1478,42.5017,56.0,-1306.1323474123,-199.79776219589124,-57.21486865433925,-5794.9309070247,0.18538766490019043
BENO_red_445_cutoff_7.5.inp.out,199.52601405726756,-0.1663,0.1456,40.2972,56.0,-1306.2112789605,96.52194614723129,61.2075477547586,-5794.9126996065,0.16787794509946252
BENO_red_446_cutoff_7.5.inp.out,199.73988323233246,-0.1808,0.1408,36.8858,54.0,-1306.7007459536,-24.25753075735734,0.16053063638067733,-5643.333980513,0.18138510419976228
BENO_red_447_cutoff_7.5.inp.out,199.31057005574095,-0.1802,0.1429,42.2712,54.0,-1306.6793776983,-253.6904282813339,44.85672917784549,-5643.4114173992,0.18109027440004866
BENO_red_448_cutoff_7.5.inp.out,199.93588446520633,-0.1810,0.1487,52.6606,58.0,-1305.6885552145,53.065365010155624,69.18825093128848,-5946.5248034643,0.1798766087003969
BENO_red_449_cutoff_7.5.inp.out,201.87111853751003,-0.1890,0.1312,53.9451,54.0,-1307.1103609090,-16.213875975891362,143.21600990075981,-5643.7645620855,0.18865842219929618
BENO_red_44_cutoff_7.5.inp.out,199.06709732526107,-0.1784,0.1489,28.6976,50.0,-1308.1117724497,29.72622846107676,103.25258101230163,-5340.6337872877,0.17822135069945944
BENO_red_450_cutoff_7.5.inp.out,197.72484979357353,-0.1614,0.1606,27.6326,50.0,-1307.5284170318,161.9750375142117,46.35399022139196,-5340.0196386485,0.16362499250044493
BENO_red_451_cutoff_7.5.inp.out,199.82047225845062,-0.1773,0.1445,19.7316,51.0,-1307.2320030246,-110.36184637017637,14.087094613732328,-5415.7549559621,0.17852014629988844
BENO_red_452_cutoff_7.5.inp.out,199.81027253163208,-0.1598,0.1480,28.8690,53.0,-1306.6045773902,-78.53453515798542,-35.33498788310502,-5567.1189791878,0.16099608739932592
BENO_red_453_cutoff_7.5.inp.out,201.279195435497,-0.1562,0.1546,24.2158,54.0,-1306.3131104902,-155.79957337195455,-70.01417224955152,-5642.9289288514,0.1577569320998009
BENO_red_454_cutoff_7.5.inp.out,199.736339174225,-0.1882,0.1456,32.0454,52.0,-1306.6988861643,-39.1385114198244,-40.82356126232613,-5491.2476195818,0.18837959249958658
BENO_red_455_cutoff_7.5.inp.out,200.12316303332003,-0.1703,0.1535,35.1374,50.0,-1308.0801393316,134.8412428733619,32.853686529264586,-5340.5663144761,0.1704239806995247
BENO_red_456_cutoff_7.5.inp.out,201.71061916604003,-0.1780,0.1195,30.9521,53.0,-1306.8070653008,11.878874408148953,78.93170842454768,-5567.3389568524,0.17771982649992424
BENO_red_457_cutoff_7.5.inp.out,199.8266903304821,-0.1748,0.1330,31.5386,54.0,-1306.1790426493,44.64931445633595,31.117571229674898,-5642.8250920249,0.1735662985001909
BENO_red_458_cutoff_7.5.inp.out,201.31881245693222,-0.1709,0.1424,27.6609,53.0,-1306.7817948355,-40.12999930967008,67.86707851872714,-5567.4027571232,0.17310842340066301
BENO_red_459_cutoff_7.5.inp.out,201.3123495267198,-0.1871,0.1454,32.2248,51.0,-1307.5224742651,-141.41859198832577,182.63368134439818,-5416.0030153471,0.18771336889949453
BENO_red_45_cutoff_7.5.inp.out,202.13736024534023,-0.1790,0.1492,24.8916,53.0,-1306.8246740964,19.37775516121757,12.510833386193772,-5567.4420603197,0.1779362442002821
BENO_red_460_cutoff_7.5.inp.out,201.624862919072,-0.1773,0.1536,29.6530,51.0,-1307.6045369787,-53.41883523099119,156.6574471894457,-5416.1891004985,0.17691233890036528
BENO_red_461_cutoff_7.5.inp.out,200.65546295247273,-0.1804,0.1381,29.8258,51.0,-1307.7630971314,-20.073013357386564,125.81243570176066,-5416.3261950355,0.18083682159976888
BENO_red_462_cutoff_7.5.inp.out,199.8929529370877,-0.1802,0.1342,27.2035,52.0,-1307.2212437490,20.2884946835616,115.4709461692566,-5491.8100260773,0.1802308105998236
BENO_red_463_cutoff_7.5.inp.out,200.71913122357134,-0.1456,0.1625,37.1735,50.0,-1308.0574268227,115.93788185138806,-0.8516811797231632,-5340.5526592723,0.14816989039991313
BENO_red_464_cutoff_7.5.inp.out,199.02131251439704,-0.1771,0.1478,20.9116,49.0,-1308.5908944267,91.77712874376114,-7.788906063227268,-5265.0651721869,0.1781605809001121
BENO_red_465_cutoff_7.5.inp.out,198.90577036186392,-0.1868,0.1343,24.3718,49.0,-1308.3529586146,-42.62099469829002,-40.41301016608027,-5264.8048217948,0.18950403679991723
BENO_red_466_cutoff_7.5.inp.out,197.98601414897715,-0.1880,0.1534,34.5528,50.0,-1307.9402968988,21.482732736059543,69.14527547449723,-5340.4736850717,0.18793824589920405
BENO_red_467_cutoff_7.5.inp.out,199.34196053661034,-0.1624,0.1624,20.3961,50.0,-1308.2647020696,21.402637786058342,-38.47213332796932,-5340.7428476414,0.16369259400016745
BENO_red_468_cutoff_7.5.inp.out,200.88413981206565,-0.1835,0.1425,20.1125,54.0,-1306.6570875001,-335.6055378526903,10.872884155933633,-5643.3217812512,0.1836087714000314
BENO_red_469_cutoff_7.5.inp.out,201.54542072641226,-0.1896,0.1503,15.4551,53.0,-1306.9861732548,-95.55689928241527,44.26014681724188,-5567.5850950875,0.18876911840015964
BENO_red_46_cutoff_7.5.inp.out,199.10328772914627,-0.1794,0.1372,27.0207,52.0,-1307.1063875122,-138.75385238570001,-12.31160366176804,-5491.6961637239,0.17887425089975295
BENO_red_470_cutoff_7.5.inp.out,200.86919863179827,-0.1646,0.1543,23.0665,54.0,-1306.4412944643,-50.86170123244688,205.72214933104934,-5643.0601875225,0.16639951199977077
BENO_red_471_cutoff_7.5.inp.out,199.4479688773731,-0.1736,0.1470,19.0528,52.0,-1307.3101217770,23.18868709713504,83.2642234555131,-5491.9204033442,0.17383191940007237
BENO_red_472_cutoff_7.5.inp.out,200.01310679160557,-0.1870,0.1505,15.8445,51.0,-1307.6201352494,-213.520284753075,43.71908711498667,-5416.1687922608,0.1886569550006243
BENO_red_473_cutoff_7.5.inp.out,199.31690850977446,-0.1879,0.1307,10.6092,53.0,-1307.0063312501,-95.17342183282993,1.2204065657898775,-5567.6436243033,0.1878608268998505
BENO_red_474_cutoff_7.5.inp.out,200.6796018284572,-0.1582,0.1482,8.4299,52.0,-1307.5440684297,-137.91017243347943,24.058459075727708,-5492.1368704197,0.15978330730013113
BENO_red_475_cutoff_7.5.inp.out,200.1173965124398,-0.1527,0.1523,8.5068,51.0,-1306.9940717239,-1.2021342892114821,-1.2530452520409177,-5415.5377515944,0.1544665288993201
BENO_red_476_cutoff_7.5.inp.out,199.77931235458576,-0.1878,0.1340,19.1041,54.0,-1306.6377979092,-237.08533698950922,45.893267543370044,-5643.2696520044,0.18862716870080476
BENO_red_477_cutoff_7.5.inp.out,200.7446300416306,-0.1685,0.1621,19.1483,57.0,-1305.5350850144,37.67209752251545,122.65966777658797,-5870.2596657011,0.16776616039987857
BENO_red_478_cutoff_7.5.inp.out,201.35645515506408,-0.1842,0.1506,24.1737,58.0,-1305.0096366358,-53.31151457643348,98.42033870826357,-5945.8147519077,0.18355512649941375
BENO_red_479_cutoff_7.5.inp.out,200.7716180433271,-0.1858,0.1465,22.9379,54.0,-1306.4639510189,-65.18720177261653,35.01142504238958,-5643.10541664,0.18438414999945962
BENO_red_47_cutoff_7.5.inp.out,198.72743733174667,-0.1576,0.1566,33.4620,52.0,-1307.5842223912,131.78767319094797,76.31789833093171,-5492.1799872801,0.15876689899960184
BENO_red_480_cutoff_7.5.inp.out,201.59885554009443,-0.1823,0.1391,16.8976,57.0,-1304.9659009038,-185.6955801216476,69.40768360090952,-5869.7359816425,0.18406160290032858
BENO_red_481_cutoff_7.5.inp.out,199.7440581601732,-0.1763,0.1564,18.5553,57.0,-1305.4468835409,-146.8015012543014,5.912192723251799,-5870.1966382139,0.1747431873000096
BENO_red_482_cutoff_7.5.inp.out,200.247221591724,-0.1812,0.1464,16.0071,54.0,-1306.5100965957,-85.99751553001838,12.767275766482538,-5643.2156978331,0.18251212530049088
BENO_red_483_cutoff_7.5.inp.out,200.83284253820156,-0.1686,0.1546,13.2384,54.0,-1306.7167011902,7.6451158368549335,-39.75931866754743,-5643.3582008295,0.17120293219977611
BENO_red_484_cutoff_7.5.inp.out,199.72734272898688,-0.1794,0.1558,10.2516,56.0,-1306.0713143039,167.94224104584345,-11.15849471700877,-5794.8955770309,0.17745547190042998
BENO_red_485_cutoff_7.5.inp.out,202.00100553566122,-0.1713,0.1539,18.8867,53.0,-1307.0804826229,57.884317102805014,-70.24772233625738,-5567.7225882565,0.17253348889971676
BENO_red_486_cutoff_7.5.inp.out,200.10608695807704,-0.1767,0.1351,18.5721,52.0,-1307.4665350406,-160.92931170331485,64.2692447427082,-5492.0459136423,0.17615525979999802
BENO_red_487_cutoff_7.5.inp.out,199.686309523129,-0.1859,0.1443,6.8785,56.0,-1306.3066853803,-149.47970031864367,54.17705773004711,-5795.0510083067,0.18514398820025235
BENO_red_488_cutoff_7.5.inp.out,199.316654156362,-0.1782,0.1346,21.0934,56.0,-1305.9377900136,-262.43844309852614,85.04298883212562,-5794.6749807172,0.1795129130996429
BENO_red_489_cutoff_7.5.inp.out,200.05456747533373,-0.1612,0.1464,15.6604,60.0,-1304.6302595337,-68.10405072897835,18.57537130624568,-6097.4445489989,0.16082147199995234
BENO_red_48_cutoff_7.5.inp.out,198.0776739685885,-0.1868,0.1504,38.9998,49.0,-1308.3589303371,-43.199622013275814,159.60530470702315,-5264.8114673451,0.1854411861004337
BENO_red_490_cutoff_7.5.inp.out,198.3567045185275,-0.1841,0.1575,14.1427,62.0,-1303.8822915295,-170.82608429698152,-20.219047822321063,-6248.8116631042,0.184516104100112
BENO_red_491_cutoff_7.5.inp.out,198.28848104516877,-0.1724,0.1514,16.6275,55.0,-1306.3551544773,-93.56294826018427,-115.15120844077795,-5719.0723175742,0.17218668870009424
BENO_red_492_cutoff_7.5.inp.out,201.62388062153576,-0.1679,0.1508,7.2730,57.0,-1305.5041085438,-163.8834115800451,-3.7311499639052252,-5870.1974495809,0.16868454670020583
BENO_red_493_cutoff_7.5.inp.out,200.63881373782465,-0.1645,0.1525,13.4152,55.0,-1306.2769728053,-69.50946640589189,-23.935524202616367,-5718.9607092783,0.16446342289964377
BENO_red_494_cutoff_7.5.inp.out,201.46033715409,-0.1815,0.1347,8.7726,55.0,-1306.6997834246,-119.87588393793114,-50.83567929942661,-5719.4359099807,0.18130686180029443
BENO_red_495_cutoff_7.5.inp.out,201.97862042233166,-0.1868,0.1463,9.0644,55.0,-1305.7070682223,-85.17800700277968,-55.798298511594155,-5718.394579777,0.18641627529996185
BENO_red_496_cutoff_7.5.inp.out,200.96617062045212,-0.1853,0.1441,20.7100,55.0,-1306.2626012081,-25.51834074278333,98.74838411841108,-5719.0277268234,0.18352509739997913
BENO_red_497_cutoff_7.5.inp.out,201.61012436012462,-0.1757,0.1290,21.9264,53.0,-1307.0691636304,-128.11075647670276,79.21951159562371,-5567.6056494289,0.17733225649953965
BENO_red_498_cutoff_7.5.inp.out,199.24197225262057,-0.1880,0.1458,12.7902,54.0,-1306.5158040611,-104.59945899400691,-16.60817963846556,-5643.1455847198,0.18812190830067266
BENO_red_499_cutoff_7.5.inp.out,199.36947693409854,-0.1714,0.1652,33.4726,54.0,-1306.4516006710,2.889615146239708,17.091264693218868,-5643.1018766522,0.17048506910032302
BENO_red_49_cutoff_7.5.inp.out,196.41979183825623,-0.1726,0.1389,31.7555,51.0,-1307.8712687627,-58.752304706388465,23.83417229396022,-5416.3981322461,0.1743119414004468
BENO_red_4_cutoff_7.5.inp.out,200.81152938539475,-0.1894,0.1407,10.2105,52.0,-1307.1579000419,-147.02478379990137,-44.84899212612011,-5491.637553992,0.18946298450009635
BENO_red_50_cutoff_7.5.inp.out,198.1730506682762,-0.1675,0.1476,26.0445,51.0,-1307.6115050295,-52.67493120009485,27.763535520480197,-5416.2023687757,0.166207498100448
BENO_red_51_cutoff_7.5.inp.out,200.33183866071838,-0.1653,0.1398,22.5217,52.0,-1307.3248951584,-131.61655991750928,38.90044449863622,-5491.8529737297,0.1667491092994169
BENO_red_52_cutoff_7.5.inp.out,201.2510124517733,-0.1639,0.1476,23.4178,58.0,-1305.2190367869,19.32667830285667,76.25594779785328,-5946.0613928398,0.1640293220998501
BENO_red_53_cutoff_7.5.inp.out,202.4319903805785,-0.1626,0.1466,32.3094,59.0,-1305.0012546447,117.15403901143215,64.64789618618225,-6021.8147108573,0.1628839932000119
BENO_red_54_cutoff_7.5.inp.out,201.67799110639336,-0.1810,0.1507,37.2729,59.0,-1305.3273092206,23.099263515876935,76.59758448256174,-6022.1378570008,0.17910420299995167
BENO_red_55_cutoff_7.5.inp.out,201.743888838989,-0.1674,0.1473,32.4366,56.0,-1306.1909110316,32.18007712447393,72.14727474957807,-5794.8733588572,0.16687844660009432
BENO_red_56_cutoff_7.5.inp.out,200.58003070187166,-0.1652,0.1548,40.2909,57.0,-1305.4966701954,170.12740372694444,201.9965609303448,-5870.2147769109,0.16497259459993074
BENO_red_57_cutoff_7.5.inp.out,201.90950111818142,-0.1723,0.1573,39.5660,59.0,-1305.1881056739,149.84085432642962,210.64055969287108,-6022.0546063413,0.17026773899942782
BENO_red_58_cutoff_7.5.inp.out,199.14298979581014,-0.1598,0.1521,36.2500,58.0,-1305.2646074341,109.35230650912727,138.34731835037041,-5946.0564899108,0.16129491070023505
BENO_red_59_cutoff_7.5.inp.out,201.6836575727886,-0.1691,0.1496,33.3591,55.0,-1306.3861839715,56.661494130099186,-6.019344199515315,-5718.9927048627,0.16894400070032134
BENO_red_5_cutoff_7.5.inp.out,201.40335239462897,-0.1738,0.1648,17.5502,56.0,-1305.4512113826,3.6821249696135006,-118.68093561819191,-5794.1325440099,0.173514699399675
BENO_red_60_cutoff_7.5.inp.out,202.1872713204878,-0.1712,0.1448,34.9198,57.0,-1305.7142437997,-32.96327529345589,35.16085797488865,-5870.4029242058,0.1690454706995297
BENO_red_61_cutoff_7.5.inp.out,202.44860602689872,-0.1827,0.1595,27.9913,53.0,-1306.9055085944,59.81296339398236,-75.66383992185143,-5567.5573149106,0.18201131000023452
BENO_red_62_cutoff_7.5.inp.out,201.05275911545803,-0.1903,0.1353,21.5826,54.0,-1306.6275622877,37.52547858310522,-57.003599822391,-5643.2120883178,0.19068013089963642
BENO_red_63_cutoff_7.5.inp.out,200.8154970027576,-0.2079,0.1290,23.0606,53.0,-1306.9073822639,131.6020112431925,210.41744088387256,-5567.5118017175,0.20690149609981745
BENO_red_64_cutoff_7.5.inp.out,199.97701450761218,-0.1833,0.1563,25.1026,46.0,-1309.3406713956,229.4188163068704,352.16000762707205,-5037.7793119817,0.18286659820023488
BENO_red_65_cutoff_7.5.inp.out,202.57359708837072,-0.1858,0.1465,17.4107,52.0,-1307.1599872833,-74.47390115806853,89.6803136293899,-5491.8064936924,0.18598268359983194
BENO_red_66_cutoff_7.5.inp.out,202.50887868630355,-0.1832,0.1377,19.4798,53.0,-1307.1093801679,87.908103660444,83.83737642918886,-5567.7695801144,0.1833040923002045
BENO_red_67_cutoff_7.5.inp.out,201.20358404830722,-0.1772,0.1660,22.1137,55.0,-1306.3630756546,-7.717501289634924,6.224603804592438,-5719.0918648221,0.17746101129978342
BENO_red_68_cutoff_7.5.inp.out,201.04755513847695,-0.1693,0.1566,27.4427,58.0,-1304.8324765066,247.02248009951347,-46.96727571539955,-5945.679954859,0.17053201800081297
BENO_red_69_cutoff_7.5.inp.out,198.97442402724894,-0.1795,0.1435,34.1041,57.0,-1305.6383779535,-49.09849212361601,-51.51866619459743,-5870.415510848,0.17991875989991968
BENO_red_6_cutoff_7.5.inp.out,201.0221788580798,-0.1814,0.1566,14.2924,48.0,-1307.9775595802,8.384061862623938,-72.29926194822107,-5188.3894510058,0.18150445070023125
BENO_red_70_cutoff_7.5.inp.out,197.72484979357353,-0.1614,0.1606,27.6326,50.0,-1307.5284768842,161.97415273282107,46.35415284722357,-5340.019698472,0.16362501259936835
BENO_red_71_cutoff_7.5.inp.out,199.31535245808868,-0.1702,0.1451,18.8805,51.0,-1307.1822306047,-79.01655539254465,18.431794969252486,-5415.6962382045,0.17195241320041532
BENO_red_72_cutoff_7.5.inp.out,200.15923891060967,-0.1590,0.1573,21.6723,50.0,-1307.6336562195,0.6832789758462635,-17.239654599220984,-5340.0811604197,0.1594550206000349
BENO_red_73_cutoff_7.5.inp.out,200.36118755703353,-0.1488,0.1645,16.7381,53.0,-1306.8595556534,-121.16796136707279,-49.904226743670165,-5567.3708391388,0.15150811839976086
BENO_red_74_cutoff_7.5.inp.out,200.2612131794497,-0.1900,0.1403,20.0126,53.0,-1306.7412129641,-393.5598079449726,-28.44832429001194,-5567.2770489979,0.1902797353995993
BENO_red_75_cutoff_7.5.inp.out,201.75261739382887,-0.1711,0.1588,24.7521,53.0,-1306.6832108787,70.469717263922,13.627822485981449,-5567.2654338993,0.17115168899999844
BENO_red_76_cutoff_7.5.inp.out,201.48728001379214,-0.1999,0.1315,36.0293,56.0,-1305.6685320847,-146.06086226631953,53.10128685658458,-5794.3152585923,0.1982935546002409
BENO_red_77_cutoff_7.5.inp.out,200.11006468071895,-0.1777,0.1346,31.0770,58.0,-1305.0387928139,-58.91198367287268,-4.115598240206239,-5945.7545222725,0.17838934409974172
BENO_red_78_cutoff_7.5.inp.out,199.7453416712009,-0.1797,0.1242,27.9776,59.0,-1304.6388182336,-198.30126391176142,-7.029790700333483,-6021.333087702,0.17859326239977236
BENO_red_79_cutoff_7.5.inp.out,199.6755107229186,-0.1746,0.1383,20.7189,54.0,-1306.0725653168,-9.516771421709013,25.617926534810184,-5642.6939068901,0.17414826709955378
BENO_red_7_cutoff_7.5.inp.out,201.87219918815074,-0.1950,0.1397,16.6093,52.0,-1306.5923076693,-37.35837880394383,18.63088153330657,-5491.197143843,0.19367385799978365
BENO_red_80_cutoff_7.5.inp.out,199.07362573292474,-0.1808,0.1285,30.6717,52.0,-1307.1721005198,-153.99176946983098,91.28630929800742,-5491.6996685551,0.18101486149953416
BENO_red_81_cutoff_7.5.inp.out,198.97923367748257,-0.1644,0.1352,16.2155,50.0,-1307.9399677788,140.534649754433,95.84577307918224,-5340.4090294672,0.16681827580032405
BENO_red_82_cutoff_7.5.inp.out,198.94235367369055,-0.1768,0.1436,16.9123,53.0,-1306.5225641222,-75.12227046847165,41.36514517158715,-5567.1551651311,0.1775663722992249
BENO_red_83_cutoff_7.5.inp.out,199.82814390011148,-0.1762,0.1510,17.9201,55.0,-1305.9866811314,4.710032368962032,121.3487769875362,-5718.7295599386,0.17643744209999568
BENO_red_84_cutoff_7.5.inp.out,201.40582839876927,-0.1719,0.1601,17.5566,55.0,-1306.4248923316,35.72536137829402,146.64194437146804,-5719.1280994019,0.1716075373997228
BENO_red_85_cutoff_7.5.inp.out,200.65633404898242,-0.1780,0.1449,27.9966,59.0,-1304.9974202307,1.937029536551447,31.191535862793064,-6021.7657716725,0.17864330149950547
BENO_red_86_cutoff_7.5.inp.out,199.51820928625688,-0.1731,0.1562,30.3255,58.0,-1304.8584639440,205.03975985707504,-28.239911693059405,-5945.6653774874,0.17283808770025644
BENO_red_87_cutoff_7.5.inp.out,198.84879521961506,-0.1598,0.1483,31.4911,57.0,-1305.7695402559,92.30478995809837,26.71490149144586,-5870.4369559449,0.16088547589970403
BENO_red_88_cutoff_7.5.inp.out,198.6840701516739,-0.1818,0.1397,22.8369,54.0,-1306.8041887039,-61.05086553827905,60.08867271577326,-5643.3676635451,0.18205839560050663
BENO_red_89_cutoff_7.5.inp.out,199.07543064222733,-0.1844,0.1383,20.6816,56.0,-1306.2386608937,-84.90403596792336,65.40208919960504,-5794.916201944,0.18493567320001603
BENO_red_8_cutoff_7.5.inp.out,198.2364998984356,-0.1635,0.1648,19.5662,54.0,-1305.8596322343,-89.15323700212002,-36.25698001285035,-5642.4863368305,0.16429846059963893
BENO_red_90_cutoff_7.5.inp.out,198.60789971060166,-0.1778,0.1454,21.6851,53.0,-1307.2179384207,14.183256904512978,59.41966386818128,-5567.7931434034,0.17830752949976159
BENO_red_91_cutoff_7.5.inp.out,200.33112939767886,-0.1796,0.1570,23.3612,54.0,-1306.7219861522,81.270183085076,68.46309742986354,-5643.3359314531,0.17970182649969502
BENO_red_92_cutoff_7.5.inp.out,201.37974249343478,-0.1775,0.1601,17.1121,54.0,-1307.0298097166,9.193072404663493,-54.53798401103758,-5643.6572685612,0.17786065439941012
BENO_red_93_cutoff_7.5.inp.out,201.06628262925818,-0.1665,0.1520,22.7728,57.0,-1305.7304075915,-50.202765625905556,-40.603816683458064,-5870.4503377563,0.16795680799987167
BENO_red_94_cutoff_7.5.inp.out,201.09911112343255,-0.1580,0.1623,22.2558,55.0,-1306.4203788425,49.79394027414448,18.036537683761033,-5719.0535676613,0.1577319694997641
BENO_red_95_cutoff_7.5.inp.out,199.96193664658998,-0.1790,0.1541,24.2029,54.0,-1306.9399158052,-24.255775929745557,-132.01858488708075,-5643.5911887876,0.18036178549937176
BENO_red_96_cutoff_7.5.inp.out,199.31025860546293,-0.1683,0.1652,24.2785,52.0,-1307.6121449937,-76.48738169575722,-0.11599657853273779,-5492.1927361705,0.17012526679991424
BENO_red_97_cutoff_7.5.inp.out,197.99989906526835,-0.1636,0.1695,21.8898,52.0,-1307.3677486930,22.581933871931057,-9.310661213910619,-5492.0100752823,0.16540693719980482
BENO_red_98_cutoff_7.5.inp.out,199.56450486658974,-0.1701,0.1514,19.4017,52.0,-1306.9751403581,-27.469831861550222,2.802851207357826,-5491.6119045629,0.17038107149983261
BENO_red_99_cutoff_7.5.inp.out,200.3891326962015,-0.1722,0.1594,27.8424,52.0,-1307.0913954463,-80.90678624443015,-11.641815404595247,-5491.7560268186,0.1733044394004537
BENO_red_9_cutoff_7.5.inp.out,198.3918483464459,-0.1644,0.1455,20.8351,57.0,-1305.0825528888,36.71294354992598,32.380968572981885,-5869.7976186338,0.1663196938998226
