file_name,NRE,HOMO,LUMO,Dipole_mom,Num_waters,chg_chg,elec5,elec10,SCF_E,delE_dft
PHEI_red_0_cutoff_0.0.inp.out,269.80139944741285,-0.1605,0.1937,2.6365,0.0,-1325.4998715616,-7.891166524132887,-8.309402461719506,-1631.0620191308,0.1559599673992124
PHEI_red_100_cutoff_0.0.inp.out,269.93170248952754,-0.162,0.1762,2.3499,0.0,-1325.7196376718,3.7317254742606463,16.98985356659919,-1631.2850445024,0.157818487100485
PHEI_red_101_cutoff_0.0.inp.out,268.3730554909716,-0.1466,0.1972,3.2497,0.0,-1325.6105288653,1.0422125680613723,2.50703983663145,-1631.1586917305,0.1384468751002714
PHEI_red_102_cutoff_0.0.inp.out,270.7060908198657,-0.1653,0.1961,2.649,0.0,-1325.6452953475,-2.302939439833287,-1.9660591759666344,-1631.2189193366,0.155884791900462
PHEI_red_103_cutoff_0.0.inp.out,272.30779753165024,-0.1584,0.2066,2.3296,0.0,-1325.4998077943,10.436658221703595,7.362936985281851,-1631.0744842781,0.1472109545993589
PHEI_red_104_cutoff_0.0.inp.out,271.0580051327243,-0.1392,0.206,1.7797,0.0,-1325.4479700278,5.200391930152146,6.226140081631223,-1630.9985375093,0.1339632017998155
PHEI_red_105_cutoff_0.0.inp.out,271.37783454526124,-0.1468,0.2045,2.2552,0.0,-1325.3031033163,1.3515799149966836,0.538958662159702,-1630.8587736835,0.1455007038994153
PHEI_red_106_cutoff_0.0.inp.out,271.32712204567093,-0.1433,0.2063,2.2905,0.0,-1325.3884516822,1.9846445825902883,4.24252430527648,-1630.9517345545,0.138214933400377
PHEI_red_107_cutoff_0.0.inp.out,269.0669157926989,-0.1213,0.228,2.5135,0.0,-1325.5282911954,-2.53107539392222,10.36547534248636,-1631.0906335369,0.1162350864997279
PHEI_red_108_cutoff_0.0.inp.out,267.3745480282019,-0.1328,0.2186,2.6978,0.0,-1325.3882701891,0.8202468115252701,11.379855607323604,-1630.9545759475,0.1378214462001779
PHEI_red_109_cutoff_0.0.inp.out,266.8907428926448,-0.1414,0.2221,2.7168,0.0,-1325.5812279557,0.3656074126816162,1.4744096386786825,-1631.141086132,0.1381654534998233
PHEI_red_10_cutoff_0.0.inp.out,267.10282047813615,-0.1508,0.2069,2.5894,0.0,-1325.2996496172,-2.1096892361273016,-4.784420882491541,-1630.8540990673,0.1498078391996387
PHEI_red_110_cutoff_0.0.inp.out,264.1428113342627,-0.1569,0.2032,2.013,0.0,-1325.6971049882,0.999487265812138,1.2304616720180923,-1631.2394857143,0.1475791168995783
PHEI_red_111_cutoff_0.0.inp.out,266.4795094930537,-0.1358,0.2133,1.966,0.0,-1326.031482623,-1.945126305303405,-4.8141388498861595,-1631.572198857,0.1315455332996862
PHEI_red_112_cutoff_0.0.inp.out,266.33667391032145,-0.1197,0.23,1.3365,0.0,-1326.2146186856,0.3810669881923501,0.0266059195934683,-1631.7509451254,0.116517148299863
PHEI_red_113_cutoff_0.0.inp.out,267.74028987252825,-0.1334,0.2177,1.5315,0.0,-1325.8384145154,-0.148165218013462,1.456017020476062,-1631.3931505806,0.1249144813000384
PHEI_red_114_cutoff_0.0.inp.out,269.0099729221695,-0.1368,0.2187,3.0726,0.0,-1325.9148947361,2.2694404153703873,2.569265473479756,-1631.4794237342,0.1406583713996951
PHEI_red_115_cutoff_0.0.inp.out,267.05539894998304,-0.153,0.1866,3.3561,0.0,-1325.4921776565,-3.588029520297132,8.398325485475532,-1631.0514892024,0.1483710155007429
PHEI_red_116_cutoff_0.0.inp.out,268.2492640621659,-0.1401,0.2241,2.9966,0.0,-1325.6760678425,0.5922791125464966,2.572841445697883,-1631.244545754,0.1326053490993217
PHEI_red_117_cutoff_0.0.inp.out,270.8558241479216,-0.1457,0.2114,2.0186,0.0,-1325.4820499073,3.924180350685517,4.0868097866145465,-1631.0439615092,0.143799381899953
PHEI_red_118_cutoff_0.0.inp.out,268.5477753964063,-0.1263,0.2257,2.149,0.0,-1325.191443419,4.415474739508828,8.57130116877769,-1630.7418334323,0.1198020327001359
PHEI_red_119_cutoff_0.0.inp.out,272.40964332137185,-0.1354,0.2159,2.3565,0.0,-1325.4793475692,-6.378849565261897,-4.819508873522884,-1631.0438387603,0.1344501585999751
PHEI_red_11_cutoff_0.0.inp.out,265.1207115122651,-0.147,0.2109,2.3071,0.0,-1325.1005390934,5.575150314900055,12.694379031888666,-1630.6462072442,0.1434396328004368
PHEI_red_120_cutoff_0.0.inp.out,271.3056685413176,-0.1343,0.2135,1.8839,0.0,-1325.2173320177,0.8039443568995784,0.7870997031227746,-1630.7635616193,0.13041618690022
PHEI_red_121_cutoff_0.0.inp.out,269.0212541277819,-0.1423,0.2135,3.6777,0.0,-1325.537928298,2.652484088740548,6.31618466236263,-1631.0911191141,0.1378124901002593
PHEI_red_122_cutoff_0.0.inp.out,269.68558472357984,-0.149,0.1894,3.2453,0.0,-1325.4392349013,-7.478369611946387,-0.3503837815552033,-1630.9976019628,0.1437277095001263
PHEI_red_123_cutoff_0.0.inp.out,267.5310585062923,-0.1334,0.2098,3.6725,0.0,-1325.5677878361,-0.1296811774613981,-2.011264236747126,-1631.1216316538,0.1281751963006172
PHEI_red_124_cutoff_0.0.inp.out,268.93350730810084,-0.1273,0.2205,3.0963,0.0,-1325.3948562953,-5.636266864280662,-5.345013934964911,-1630.9526287759,0.1293098125006508
PHEI_red_125_cutoff_0.0.inp.out,268.6448477665381,-0.1252,0.224,3.2875,0.0,-1325.2746977308,-4.971186180440461,-9.507944787039465,-1630.8382743003,0.1257353110995609
PHEI_red_126_cutoff_0.0.inp.out,264.4316090705662,-0.1373,0.2124,3.1255,0.0,-1325.7110181042,-5.645326122240335,-15.068612599448745,-1631.2541163622,0.1373980992993893
PHEI_red_127_cutoff_0.0.inp.out,266.80292828188607,-0.1443,0.2154,2.6088,0.0,-1325.104386297,-24.974676126506328,-24.320166204852853,-1630.6601329445,0.1464394107006228
PHEI_red_128_cutoff_0.0.inp.out,268.26704856080363,-0.1317,0.2269,2.5212,0.0,-1325.3886106225,-13.506372244324533,-17.944616572019847,-1630.9454168343,0.1280128795006021
PHEI_red_129_cutoff_0.0.inp.out,266.55304324823277,-0.1311,0.2202,2.8567,0.0,-1325.1859699253,-12.506224799463396,-2.8276415588995305,-1630.7452151505,0.1327164717004052
PHEI_red_12_cutoff_0.0.inp.out,267.8929257421881,-0.1351,0.2185,2.4984,0.0,-1325.2387135213,4.566319327312676,4.0524712919900985,-1630.7961866666,0.1302865270999973
PHEI_red_130_cutoff_0.0.inp.out,266.91709896929086,-0.1366,0.2191,3.1806,0.0,-1325.3112985694,-5.943035133525001,-5.211135740490059,-1630.8682144909,0.127432444200167
PHEI_red_131_cutoff_0.0.inp.out,271.71756327705396,-0.1468,0.1984,2.4602,0.0,-1325.5557973702,-1.730383356979461,-2.9333776622626435,-1631.1240388905,0.1401506197998969
PHEI_red_132_cutoff_0.0.inp.out,268.65569276976714,-0.1626,0.2011,1.6807,0.0,-1325.060087344,2.121756634166084,-0.5738743162019093,-1630.633421127,0.1580516394005826
PHEI_red_133_cutoff_0.0.inp.out,267.7559805430694,-0.143,0.223,2.5786,0.0,-1325.3729936859,-1.3728268482478934,2.1002549912853694,-1630.9339781774,0.1390840353997191
PHEI_red_134_cutoff_0.0.inp.out,269.5436950295924,-0.1572,0.2103,2.377,0.0,-1325.2577821776,-3.384132398666684,-4.5780753670959236,-1630.8223758975,0.1626561983994179
PHEI_red_135_cutoff_0.0.inp.out,269.52434214391985,-0.1537,0.2017,1.843,0.0,-1325.2680844559,-0.1620722261498968,-1.7794092808708144,-1630.8233947553,0.1540455784006553
PHEI_red_136_cutoff_0.0.inp.out,269.4390523206499,-0.1722,0.184,3.2482,0.0,-1325.3217922107,-21.218405569120147,-23.495609281845823,-1630.8852110919,0.1677907729999788
PHEI_red_137_cutoff_0.0.inp.out,271.05495097995316,-0.1354,0.2173,2.6869,0.0,-1325.5222268114,-3.9618772173710943,-8.19258534956464,-1631.0899442344,0.1414034911995259
PHEI_red_138_cutoff_0.0.inp.out,267.5209579193215,-0.1545,0.2011,2.6303,0.0,-1325.2422826399,-7.131982528175543,-7.32281238043901,-1630.8023466865,0.1546043157004533
PHEI_red_139_cutoff_0.0.inp.out,268.4512059276945,-0.1494,0.2109,2.7309,0.0,-1325.4971294291,-0.8820657853465603,-8.667632570695174,-1631.0611315958,0.1488922595999611
PHEI_red_13_cutoff_0.0.inp.out,269.91227482586163,-0.1366,0.2189,2.664,0.0,-1325.018400765,-5.382943558254751,-3.58208718281856,-1630.5790372556,0.1334667231994899
PHEI_red_140_cutoff_0.0.inp.out,271.71964300360855,-0.1449,0.2128,2.2386,0.0,-1325.3338930435,1.114009586770413,-11.71124488078194,-1630.909979261,0.1420909193002444
PHEI_red_141_cutoff_0.0.inp.out,269.0491012025673,-0.1452,0.2162,2.5001,0.0,-1325.5689279574,4.974140681729402,5.698021727642775,-1631.122948547,0.1439041379999253
PHEI_red_142_cutoff_0.0.inp.out,268.7060574987956,-0.1474,0.2088,2.7691,0.0,-1325.258218472,11.215091880467508,12.87610509945792,-1630.828752596,0.1448570151005697
PHEI_red_143_cutoff_0.0.inp.out,270.76956283007945,-0.1524,0.2158,2.2653,0.0,-1325.4348547078,5.529907921089294,13.694754355385378,-1631.0034886026,0.1508889197002645
PHEI_red_144_cutoff_0.0.inp.out,268.2204194273378,-0.1468,0.2082,2.7277,0.0,-1325.2441504893,16.290117350919928,25.722287307876726,-1630.7970515712,0.1393735296996965
PHEI_red_145_cutoff_0.0.inp.out,266.3067280794331,-0.1584,0.2142,2.6707,0.0,-1325.532319033,-4.393206251804456,-5.3030441129785295,-1631.111740665,0.1592410882003605
PHEI_red_146_cutoff_0.0.inp.out,268.9707516323844,-0.1349,0.2242,2.9335,0.0,-1325.3080832263,-2.0423103877456854,4.1957535623599105,-1630.8638988178,0.1350891294996472
PHEI_red_147_cutoff_0.0.inp.out,272.7373285490294,-0.1413,0.1978,2.3339,0.0,-1324.8488182939,7.44054542865634,7.245614208938928,-1630.4108015778,0.1437241032008387
PHEI_red_148_cutoff_0.0.inp.out,268.68087944164483,-0.1462,0.2053,2.6063,0.0,-1325.1172541317,8.570886404864988,6.229864064175892,-1630.6723152527,0.1401326466002501
PHEI_red_149_cutoff_0.0.inp.out,268.09229021615874,-0.1527,0.2094,2.0468,0.0,-1325.0497339717,0.257659539005491,2.1483822450896763,-1630.6065687394,0.1493902162992526
PHEI_red_14_cutoff_0.0.inp.out,268.81072005850257,-0.1426,0.208,2.7144,0.0,-1325.2490705514,-1.4789190209139365,-0.3682714924918444,-1630.8067778081,0.1368112006994124
PHEI_red_150_cutoff_0.0.inp.out,270.0441022136422,-0.1292,0.2205,2.2043,0.0,-1324.9297829974,1.954239565941432,1.3512752898030145,-1630.4798364632,0.1311956025992913
PHEI_red_151_cutoff_0.0.inp.out,268.7066193634961,-0.1418,0.207,2.1247,0.0,-1324.9222562376,9.970415654888178,7.046828598377177,-1630.4709182531,0.1380283220996716
PHEI_red_152_cutoff_0.0.inp.out,266.69280858708896,-0.1404,0.2176,2.2531,0.0,-1324.7859006717,7.891862326267081,8.12571889918181,-1630.3519888824,0.1335248181994757
PHEI_red_153_cutoff_0.0.inp.out,268.8202085560669,-0.153,0.2052,2.6976,0.0,-1324.8203359953,8.813029101045831,14.433301513732056,-1630.3798587834,0.1489767848997871
PHEI_red_154_cutoff_0.0.inp.out,268.4879292930483,-0.1538,0.2097,2.7656,0.0,-1325.200535372,7.246791689891561,11.170244358077664,-1630.7616781007,0.1437348786994334
PHEI_red_155_cutoff_0.0.inp.out,268.46370702740836,-0.1346,0.227,2.3553,0.0,-1324.8375410015,5.664977863985464,9.039001589030514,-1630.4051272505,0.1315119392002088
PHEI_red_156_cutoff_0.0.inp.out,267.88363158009116,-0.1204,0.2308,2.0863,0.0,-1324.5984797513,-2.5573294094444874,-0.1248554436186842,-1630.157948464,0.1254269081000529
PHEI_red_157_cutoff_0.0.inp.out,270.987219792763,-0.1563,0.2027,2.4305,0.0,-1325.1389728543,-3.287238505372027,7.234839065240499,-1630.6969578543,0.1572831442999813
PHEI_red_158_cutoff_0.0.inp.out,269.5093012752484,-0.1523,0.2111,2.554,0.0,-1324.7539852972,3.492710159309063,7.611876540998485,-1630.3110506712,0.1469238226000015
PHEI_red_159_cutoff_0.0.inp.out,269.90336242405743,-0.1546,0.2099,2.7836,0.0,-1325.0187956289,4.409318895526172,8.012120363161277,-1630.5846540507,0.1513029456000367
PHEI_red_15_cutoff_0.0.inp.out,268.2351419185742,-0.1436,0.217,2.6319,0.0,-1325.1362313796,1.0450393098712354,-2.9970400269871433,-1630.7008576971,0.1427317621000838
PHEI_red_160_cutoff_0.0.inp.out,269.4905633310962,-0.1399,0.2276,1.5317,0.0,-1324.6431717943,-4.1877831781196,-6.195677505927137,-1630.2060535369,0.1398932467000122
PHEI_red_161_cutoff_0.0.inp.out,268.9987936739484,-0.1429,0.2197,2.4474,0.0,-1324.9289200499,0.2629082243291215,5.721636061433889,-1630.485195675,0.1371177533001173
PHEI_red_162_cutoff_0.0.inp.out,268.18796767459105,-0.1364,0.2052,3.0145,0.0,-1325.0772698754,2.2314349324031064,2.6427685523318987,-1630.6330179695,0.1392447712005378
PHEI_red_163_cutoff_0.0.inp.out,266.41421777913473,-0.1328,0.2156,2.8159,0.0,-1325.1697553002,-1.612050609044559,2.748495582674405,-1630.7215194098,0.1261980772997049
PHEI_red_164_cutoff_0.0.inp.out,270.43282256677236,-0.1225,0.2191,3.0632,0.0,-1325.0548849683,-1.8221072129249571,-2.1929296190866063,-1630.6263776916,0.1252521347996662
PHEI_red_165_cutoff_0.0.inp.out,268.8133648456782,-0.1298,0.2332,2.2357,0.0,-1325.4095815532,-0.6771877197119125,-6.868318248347839,-1630.9722784166,0.127692836499591
PHEI_red_166_cutoff_0.0.inp.out,268.214059328029,-0.1551,0.2103,2.4871,0.0,-1325.3410734337,-9.123703599009056,-12.361551324381995,-1630.9001546487,0.1506736955998349
PHEI_red_167_cutoff_0.0.inp.out,270.14928441087966,-0.1464,0.2106,2.1148,0.0,-1325.293929487,-5.315687525156419,-7.0801341770497315,-1630.856909615,0.1423789922000651
PHEI_red_168_cutoff_0.0.inp.out,271.50276169048345,-0.1144,0.2331,2.6111,0.0,-1325.2615556262,-2.192010724294742,-2.628172572107371,-1630.8243957314,0.1152442896000138
PHEI_red_169_cutoff_0.0.inp.out,270.4984321934766,-0.1533,0.2032,2.72,0.0,-1325.5060894329,1.69666644855839,-1.226851148883548,-1631.0724794964,0.1520462761000089
PHEI_red_16_cutoff_0.0.inp.out,269.87911016084877,-0.1448,0.2111,2.7688,0.0,-1325.1069321566,2.9722225816827454,3.1580702011151796,-1630.6764244135,0.1425781579000613
PHEI_red_170_cutoff_0.0.inp.out,270.066941595379,-0.164,0.1908,2.1708,0.0,-1325.6955149577,0.6781776526456209,-1.028843169965404,-1631.2752552152,0.1604387498000505
PHEI_red_171_cutoff_0.0.inp.out,270.542054545464,-0.1455,0.2175,2.3998,0.0,-1325.8987296091,-10.606798863219204,-13.533426415212618,-1631.4657324014,0.1454046236003705
PHEI_red_172_cutoff_0.0.inp.out,269.7819682492315,-0.1435,0.2105,2.4014,0.0,-1325.6258125993,1.4696618394025585,8.447389646080712,-1631.1930190698,0.1453700900001422
PHEI_red_173_cutoff_0.0.inp.out,267.1350707663896,-0.1482,0.2164,2.7031,0.0,-1325.611407355,-0.7327867595301883,-3.3602956227740837,-1631.1891349659,0.1424258364004345
PHEI_red_174_cutoff_0.0.inp.out,268.9345916482725,-0.1377,0.2196,2.371,0.0,-1325.2471538662,-2.530966067723011,-4.546306736873866,-1630.8121767227,0.1385636219001753
PHEI_red_175_cutoff_0.0.inp.out,269.195319865214,-0.1411,0.2156,2.2071,0.0,-1325.5033710708,0.53153985675282,-0.3816584370031267,-1631.0600882289,0.144006606899893
PHEI_red_176_cutoff_0.0.inp.out,269.20741408624326,-0.1575,0.204,2.1392,0.0,-1325.5091570866,-1.1900775668010544,-2.633224521657527,-1631.0739150702,0.1571140011001262
PHEI_red_177_cutoff_0.0.inp.out,270.6475669413896,-0.1583,0.2057,2.6347,0.0,-1325.3694590582,-2.130537201936643,1.767275990388718,-1630.9371024472,0.1553996998000002
PHEI_red_178_cutoff_0.0.inp.out,267.22837281117415,-0.1841,0.1922,2.5227,0.0,-1325.4104143661,-0.6789599758642986,-1.0067430072193877,-1630.9742088708,0.1788540498000657
PHEI_red_179_cutoff_0.0.inp.out,269.1682002442795,-0.1674,0.2015,3.0398,0.0,-1325.2019668273,3.903077047080899,10.677079346939102,-1630.7680714752,0.1606096816003628
PHEI_red_17_cutoff_0.0.inp.out,269.4417973997057,-0.1352,0.2048,3.0589,0.0,-1325.6305026044,-1.1752196868228797,5.012790038044037,-1631.1890279815,0.1326733419000447
PHEI_red_180_cutoff_0.0.inp.out,269.25212552738384,-0.145,0.2035,3.0034,0.0,-1325.3385646516,-0.4004643217649595,1.7717192523211067,-1630.904028989,0.141905878000216
PHEI_red_181_cutoff_0.0.inp.out,268.0123491806723,-0.1349,0.2243,2.917,0.0,-1325.7617202917,3.887946490868536,5.611465875738465,-1631.3164554016,0.1359436058000938
PHEI_red_182_cutoff_0.0.inp.out,268.52916293184506,-0.1472,0.2144,2.7603,0.0,-1325.25819421,8.16483928919414,6.783423282050725,-1630.8302166958,0.1475306952997925
PHEI_red_183_cutoff_0.0.inp.out,269.2415120665918,-0.1801,0.1876,2.545,0.0,-1325.6788342035,-4.41045039646076,-1.7159242973287503,-1631.2514134306,0.1763209194004957
PHEI_red_184_cutoff_0.0.inp.out,267.31743927106027,-0.175,0.189,2.2705,0.0,-1325.8339477849,-2.2999091082364016,-2.8804194780876275,-1631.3966567623,0.1718318359999102
PHEI_red_185_cutoff_0.0.inp.out,267.0465764932362,-0.1588,0.198,2.9818,0.0,-1325.727542368,-3.8141400950813154,-1.6499623003118105,-1631.288957799,0.1611882794995836
PHEI_red_186_cutoff_0.0.inp.out,266.32112135497897,-0.1484,0.2087,3.4045,0.0,-1325.1013462521,-6.025596205565952,-4.9045450068899115,-1630.6765013224,0.1475393794007686
PHEI_red_187_cutoff_0.0.inp.out,266.2849607538012,-0.1465,0.1894,3.0644,0.0,-1325.4998136067,-18.85551579097359,-15.15999482965333,-1631.0522882145,0.1387356418999843
PHEI_red_188_cutoff_0.0.inp.out,268.3159294221282,-0.1499,0.2051,1.7845,0.0,-1325.7596807579,-9.291000279747376,-11.43188354965958,-1631.3195144933,0.1513971822996609
PHEI_red_189_cutoff_0.0.inp.out,266.9867161903763,-0.1618,0.1922,2.1497,0.0,-1325.5107140264,7.834551969466728,11.353519719923607,-1631.068291893,0.1595634752993646
PHEI_red_18_cutoff_0.0.inp.out,269.6969945410736,-0.1542,0.2017,2.7361,0.0,-1325.0425053097,8.184091761581179,10.154711636443077,-1630.6082233559,0.144961394999882
PHEI_red_190_cutoff_0.0.inp.out,265.8663076992258,-0.1603,0.2013,1.597,0.0,-1325.1783866667,8.290555883862678,5.128890355821089,-1630.7344612378,0.1540726413995798
PHEI_red_191_cutoff_0.0.inp.out,270.11442899612126,-0.1463,0.2057,2.9015,0.0,-1325.1937007147,-7.424400409415544,-10.905976918071293,-1630.7615102231,0.1401117210998563
PHEI_red_192_cutoff_0.0.inp.out,270.98141009932067,-0.1562,0.2026,2.1118,0.0,-1325.691617755,1.7764594046233688,2.367492097776191,-1631.2468998542,0.1440599530005784
PHEI_red_193_cutoff_0.0.inp.out,269.86718620295125,-0.1476,0.1987,2.4921,0.0,-1325.462854247,-3.404836802876701,-0.5158063756033149,-1631.0050230543,0.1472739720002209
PHEI_red_194_cutoff_0.0.inp.out,271.6688093814078,-0.1367,0.2168,2.3168,0.0,-1325.3147821178,7.092881892122296,10.348736387648565,-1630.8811785988,0.1341118505997656
PHEI_red_195_cutoff_0.0.inp.out,269.7118085342649,-0.1441,0.2183,1.99,0.0,-1325.603082814,8.038181024538366,15.300267162223882,-1631.1666615094,0.1408683598001516
PHEI_red_196_cutoff_0.0.inp.out,269.4439793447786,-0.1538,0.1965,2.8417,0.0,-1325.6688721045,7.395483777838776,27.81038576885987,-1631.2284464344,0.1428056169997944
PHEI_red_197_cutoff_0.0.inp.out,271.59044718717035,-0.155,0.2101,2.2907,0.0,-1325.5178984242,7.454063420395459,14.887457652003883,-1631.092040871,0.1501791687996956
PHEI_red_198_cutoff_0.0.inp.out,269.0921257545921,-0.1507,0.213,3.0449,0.0,-1325.8079960986,9.189631167325077,26.764844691968488,-1631.368821803,0.1423405585001091
PHEI_red_199_cutoff_0.0.inp.out,269.36484972111697,-0.1473,0.2147,2.1223,0.0,-1325.7814994115,2.534076956360762,7.414901583110504,-1631.3440215911,0.1407059936000223
PHEI_red_19_cutoff_0.0.inp.out,269.6878434794604,-0.1427,0.212,2.6805,0.0,-1325.0093753811,5.177585470430809,5.291534689397517,-1630.5815327022,0.1399196538995966
PHEI_red_1_cutoff_0.0.inp.out,270.0848518684383,-0.15,0.2128,2.4868,0.0,-1325.005374277,6.205794385945922,4.7089269190129315,-1630.5567960488,0.1485218388006615
PHEI_red_200_cutoff_0.0.inp.out,267.2001678502404,-0.1545,0.2023,2.5136,0.0,-1325.4971878225,14.2672226580196,23.411635276372618,-1631.0456358769,0.1430538449003506
PHEI_red_201_cutoff_0.0.inp.out,268.09073581433586,-0.1655,0.1901,3.05,0.0,-1325.833854632,17.367467489738395,23.54719137598134,-1631.3908806331,0.1582489368001916
PHEI_red_202_cutoff_0.0.inp.out,269.4596223580447,-0.158,0.1972,2.6918,0.0,-1325.4107390727,6.824286833826251,8.927570667313512,-1630.9739001359,0.1491017161997661
PHEI_red_203_cutoff_0.0.inp.out,267.4216302858665,-0.1558,0.2016,3.1397,0.0,-1325.715009709,0.7049188492569387,13.053017221828592,-1631.2790166722,0.149370113200348
PHEI_red_204_cutoff_0.0.inp.out,266.4361946472015,-0.161,0.1904,2.6904,0.0,-1325.6319555682,-0.4741542831544889,7.262629811127518,-1631.1947870605,0.1521086108996314
PHEI_red_205_cutoff_0.0.inp.out,267.87971914467295,-0.1455,0.203,3.1099,0.0,-1325.8267368785,8.609741276779628,24.29639946274905,-1631.3877784443,0.139746725400073
PHEI_red_206_cutoff_0.0.inp.out,269.5368323863314,-0.1375,0.1992,3.8399,0.0,-1325.553326404,-0.66881710380295,5.809520947017077,-1631.1066822334,0.1308195942001475
PHEI_red_207_cutoff_0.0.inp.out,269.25597300339786,-0.1351,0.216,2.948,0.0,-1325.7802016472,11.696804477759825,19.390803493362423,-1631.3488682426,0.1286525106997942
PHEI_red_208_cutoff_0.0.inp.out,268.53028042002114,-0.1446,0.2169,1.8678,0.0,-1325.8543750222,6.312553270902755,2.770929049368113,-1631.422607769,0.1376499230000263
PHEI_red_209_cutoff_0.0.inp.out,269.4889305660281,-0.1592,0.2023,3.0271,0.0,-1325.8736503962,4.363679668668536,17.441199714239648,-1631.4409441012,0.1546186918003513
PHEI_red_20_cutoff_0.0.inp.out,269.2475946337482,-0.1479,0.2016,2.7092,0.0,-1324.9368385224,0.2574603006457941,-3.1040658824297926,-1630.5035071499,0.1396722201998272
PHEI_red_210_cutoff_0.0.inp.out,271.45002685789655,-0.1495,0.1977,2.7116,0.0,-1325.4823961445,10.402920622630834,13.336310688173723,-1631.0440760743,0.1487227730995073
PHEI_red_211_cutoff_0.0.inp.out,269.074459412738,-0.1293,0.2296,2.8554,0.0,-1325.6015958195,16.881420009993448,16.070283723773134,-1631.1603213623,0.1224835779994464
PHEI_red_212_cutoff_0.0.inp.out,271.1351737301182,-0.1505,0.2259,3.042,0.0,-1325.4733665197,4.788103391329756,18.603082368408057,-1631.0505991727,0.1449019853998834
PHEI_red_213_cutoff_0.0.inp.out,268.9804625827592,-0.1591,0.2022,2.6769,0.0,-1325.4915720661,0.2796475544915063,-4.674941414425826,-1631.0438707292,0.1534245138000187
PHEI_red_214_cutoff_0.0.inp.out,270.14722103803115,-0.1568,0.2076,2.3633,0.0,-1325.4267822612,-7.436874880712366,-10.701587797345889,-1630.9731049333,0.1512551595005788
PHEI_red_215_cutoff_0.0.inp.out,272.4485773427235,-0.1429,0.2188,3.1149,0.0,-1325.309632864,-15.97041743761574,-17.9811009815427,-1630.8747565752,0.1391001222000341
PHEI_red_216_cutoff_0.0.inp.out,270.52382171772484,-0.1529,0.2249,2.0253,0.0,-1326.0096774607,-0.3556479278945947,-4.326338499859482,-1631.5697387127,0.1481368579006812
PHEI_red_217_cutoff_0.0.inp.out,268.55038217324966,-0.1625,0.2136,2.4544,0.0,-1325.2132755161,-11.094163690659956,-16.988372215636772,-1630.7785380215,0.1544325736003884
PHEI_red_218_cutoff_0.0.inp.out,269.01978447149304,-0.1627,0.2049,3.2484,0.0,-1325.9420867615,-7.325727183713595,-8.785262251879692,-1631.5165250537,0.1567394836001767
PHEI_red_219_cutoff_0.0.inp.out,269.3535390565449,-0.1335,0.2209,3.0171,0.0,-1325.4278730251,-9.49105802271354,-9.056125035135688,-1630.9923197297,0.1322059130998241
PHEI_red_21_cutoff_0.0.inp.out,268.6930232510665,-0.1375,0.2101,2.3708,0.0,-1324.8559955069,2.972632737639328,4.5706980464765605,-1630.4166974966,0.131930873399142
PHEI_red_220_cutoff_0.0.inp.out,267.97830073718404,-0.1538,0.2083,2.0786,0.0,-1325.4710109007,-0.0531067685062605,-1.7521684929550831,-1631.0334979943,0.1531887178998658
PHEI_red_221_cutoff_0.0.inp.out,267.8678316322744,-0.1614,0.1955,3.335,0.0,-1325.884480228,-2.53675868712903,-2.1846168725077737,-1631.4423925438,0.1561604826993061
PHEI_red_222_cutoff_0.0.inp.out,267.97646898741533,-0.1611,0.1849,3.0082,0.0,-1325.5114840772,-1.9553679319120405,-5.00337090893754,-1631.0753298526,0.1582566757997483
PHEI_red_223_cutoff_0.0.inp.out,267.5451050291885,-0.1577,0.1996,2.8766,0.0,-1325.4254747416,-3.858989911594629,-8.12959514202427,-1630.9849730823,0.151688261500567
PHEI_red_224_cutoff_0.0.inp.out,269.8665963389406,-0.1538,0.1818,2.8045,0.0,-1325.2789698594,0.3950292973323622,-6.74582866597688,-1630.830054722,0.155764977200306
PHEI_red_225_cutoff_0.0.inp.out,266.5681282029394,-0.1415,0.1958,3.0373,0.0,-1325.326502664,-7.6833860743385,-7.0167110464713405,-1630.8846702831,0.1407080969001981
PHEI_red_226_cutoff_0.0.inp.out,269.9809121064483,-0.1393,0.2127,3.318,0.0,-1325.4160909183,-3.1733063019647063,-1.8334996135255377,-1630.9818707625,0.1342912547997912
PHEI_red_227_cutoff_0.0.inp.out,271.91292742089814,-0.1384,0.2151,2.3388,0.0,-1325.6409070062,2.379463918837548,6.283321160161804,-1631.2031379869,0.1369145812996066
PHEI_red_228_cutoff_0.0.inp.out,267.62025875410416,-0.1655,0.2019,2.4425,0.0,-1325.5581000705,-0.3760159432994707,0.9316346873954864,-1631.1127572964,0.1650625181000578
PHEI_red_229_cutoff_0.0.inp.out,270.1644466153482,-0.1394,0.2199,2.0382,0.0,-1324.6012414871,-0.9499002457816974,4.739734015244308,-1630.1553332946,0.1367051131001062
PHEI_red_22_cutoff_0.0.inp.out,270.4505750648491,-0.1367,0.2101,2.0344,0.0,-1324.8549536019,6.076609793494161,10.567459308082435,-1630.4161927303,0.1382330276001084
PHEI_red_230_cutoff_0.0.inp.out,273.1940387893561,-0.1526,0.2044,2.2521,0.0,-1325.7360255011,6.9586662433052755,6.078750052932907,-1631.3058576752,0.1504880546999629
PHEI_red_231_cutoff_0.0.inp.out,268.71175209665336,-0.1397,0.211,2.4274,0.0,-1324.8458916244,6.719820607632638,6.496590046588144,-1630.4086824701,0.1392262997997022
PHEI_red_232_cutoff_0.0.inp.out,268.36861657835277,-0.1656,0.1779,1.2083,0.0,-1325.7600924474,3.431368429780532,10.855630893343402,-1631.3150759011,0.1604487058002632
PHEI_red_233_cutoff_0.0.inp.out,268.65838565183464,-0.1311,0.2265,2.3334,0.0,-1325.1471198893,3.634737038028123,6.442635367058781,-1630.7158025123,0.1290166909993786
PHEI_red_234_cutoff_0.0.inp.out,264.8208494439515,-0.1347,0.2116,2.0278,0.0,-1324.9820032843,13.083333104982856,18.65718264290841,-1630.544504191,0.1298490169001525
PHEI_red_235_cutoff_0.0.inp.out,266.4795553666796,-0.1252,0.2263,2.1835,0.0,-1325.1136276404,3.25942413266525,2.982578344828476,-1630.6693965823,0.1269714373993338
PHEI_red_236_cutoff_0.0.inp.out,266.0439382947111,-0.148,0.2118,2.3142,0.0,-1325.1608512704,-3.1774351320551943,-0.8452659840158949,-1630.7349668648,0.1440214915992328
PHEI_red_237_cutoff_0.0.inp.out,266.31063878386226,-0.1641,0.1955,2.534,0.0,-1325.5246477475,-3.8203335068434106,-5.517689657895786,-1631.0718156517,0.1515603039997586
PHEI_red_238_cutoff_0.0.inp.out,268.19298443912334,-0.1412,0.1992,2.3939,0.0,-1325.323057962,-3.525666301376375,-2.3802818985854723,-1630.8771090218,0.1381613946996367
PHEI_red_239_cutoff_0.0.inp.out,267.2013201972502,-0.1425,0.2111,2.3745,0.0,-1325.6808703725,-1.7067948595842688,-1.692739137778755,-1631.247644677,0.1385735476997069
PHEI_red_23_cutoff_0.0.inp.out,268.2180900001641,-0.1382,0.2052,2.987,0.0,-1324.9192803431,8.103685657411589,13.253576058108916,-1630.4881955798,0.1416096325992839
PHEI_red_240_cutoff_0.0.inp.out,268.9564971842215,-0.1437,0.2116,2.5812,0.0,-1325.7404718785,-3.017992513157276,-4.894329146345393,-1631.3053156123,0.1346800066994546
PHEI_red_241_cutoff_0.0.inp.out,270.9425184031454,-0.1397,0.2186,2.4667,0.0,-1325.5405398159,-3.9817313439314623,-4.798323021939691,-1631.1143318064,0.1335765388002983
PHEI_red_242_cutoff_0.0.inp.out,270.33785868480663,-0.1373,0.2054,2.6609,0.0,-1325.7738168847,6.563710722781133,2.25801026953033,-1631.3296359372,0.1384839086995271
PHEI_red_243_cutoff_0.0.inp.out,272.2482979684696,-0.168,0.2063,3.2839,0.0,-1325.6570692801,0.5353264286378085,3.4685809473188,-1631.2374464494,0.1652006493004592
PHEI_red_244_cutoff_0.0.inp.out,271.07542081332025,-0.1414,0.2244,2.5511,0.0,-1325.4071418094,2.731293005736023,6.712660395723937,-1630.983444945,0.1421015275000172
PHEI_red_245_cutoff_0.0.inp.out,271.94946474798434,-0.1476,0.2167,3.2381,0.0,-1325.7887947652,-9.229986657799572,-8.041094574776954,-1631.3514595472,0.1519367281998711
PHEI_red_246_cutoff_0.0.inp.out,271.3707941078562,-0.1463,0.2214,2.8054,0.0,-1325.3952762588,-3.7016318532175583,3.6500074475751982,-1630.9790162876,0.1416925520006771
PHEI_red_247_cutoff_0.0.inp.out,269.7823454842637,-0.1332,0.2329,2.7487,0.0,-1325.2363449798,-0.9922163997094476,0.9951132766617746,-1630.8036254306,0.1309749019001174
PHEI_red_248_cutoff_0.0.inp.out,269.9747638020517,-0.1417,0.2186,2.4163,0.0,-1325.6400185841,-1.7437517879343924,-1.7077293841739476,-1631.2046988768,0.1433721792000142
PHEI_red_249_cutoff_0.0.inp.out,267.15634500986243,-0.1301,0.2298,3.0239,0.0,-1325.3766363565,-3.3947999990590207,-5.261303470070886,-1630.9225229421,0.1307966610993389
PHEI_red_24_cutoff_0.0.inp.out,269.07710263782553,-0.1433,0.2027,2.3479,0.0,-1325.2979324073,6.663407015454948,15.015650852944834,-1630.8563025756,0.143305673100258
PHEI_red_250_cutoff_0.0.inp.out,268.32585473696565,-0.1365,0.2125,2.7454,0.0,-1325.5590827352,-5.139011208457848,-2.703708095417399,-1631.1142976476,0.1308642347003115
PHEI_red_251_cutoff_0.0.inp.out,264.4976019011736,-0.1605,0.2086,2.3111,0.0,-1325.5439014687,-7.438773377331216,-8.549966172786103,-1631.1059644284,0.1579599748001783
PHEI_red_252_cutoff_0.0.inp.out,265.3845934073167,-0.1517,0.2164,2.2819,0.0,-1325.8502882586,-1.4391645706987295,-1.3434056096031457,-1631.3993540428,0.1518002509001235
PHEI_red_253_cutoff_0.0.inp.out,268.50026959635665,-0.1389,0.2259,2.5642,0.0,-1325.4747162863,-7.67141485207933,-7.0005824591814045,-1631.0368433404,0.1397959239993724
PHEI_red_254_cutoff_0.0.inp.out,268.9921188471802,-0.1314,0.2205,2.8085,0.0,-1325.854911033,-2.076101597462125,-7.917637398885544,-1631.4192260606,0.1334683656996276
PHEI_red_255_cutoff_0.0.inp.out,267.72463544744903,-0.1362,0.2141,3.0915,0.0,-1325.7284107526,-7.347687187095008,-10.740838351977082,-1631.2681549336,0.1406330538993643
PHEI_red_256_cutoff_0.0.inp.out,269.20444797856476,-0.1577,0.1904,2.9747,0.0,-1325.4030725189,2.5646459702414477,6.739832248863177,-1630.9559156777,0.1588775070995325
PHEI_red_257_cutoff_0.0.inp.out,269.7181145058209,-0.151,0.2099,2.0003,0.0,-1325.5447562411,-0.919532666947596,2.413942859972799,-1631.1149448563,0.1540113260007274
PHEI_red_258_cutoff_0.0.inp.out,270.10477397729585,-0.1454,0.2115,2.073,0.0,-1325.4010933019,2.4167819925383527,2.0648145500383057,-1630.9576346075,0.1467086791999463
PHEI_red_259_cutoff_0.0.inp.out,270.2872855930386,-0.1567,0.2102,1.5408,0.0,-1325.1943435709,2.6846288805134813,3.233322087109829,-1630.7521748156,0.1566322684002443
PHEI_red_25_cutoff_0.0.inp.out,268.22978247824017,-0.1351,0.2127,2.1328,0.0,-1325.4709634636,-1.07033519518299,-1.0045710026380312,-1631.0334765625,0.1351141252998786
PHEI_red_260_cutoff_0.0.inp.out,271.9724267147795,-0.1366,0.2087,1.8218,0.0,-1325.197976646,6.161369493418334,-0.5178210242767821,-1630.760806649,0.138830810100444
PHEI_red_261_cutoff_0.0.inp.out,271.3987407192013,-0.147,0.1989,1.1606,0.0,-1325.5073069399,6.539929980337794,1.0451224531502976,-1631.0595431298,0.1491457893998813
PHEI_red_262_cutoff_0.0.inp.out,270.3146167802497,-0.1785,0.1881,1.3985,0.0,-1325.2797550434,3.962144446598711,1.6839979537408205,-1630.855994385,0.1689428432000568
PHEI_red_263_cutoff_0.0.inp.out,272.5526885928302,-0.1475,0.2112,1.7378,0.0,-1325.5872803798,2.551353767452218,3.7435011665005447,-1631.147773771,0.1465303278000647
PHEI_red_264_cutoff_0.0.inp.out,269.90458271308574,-0.1267,0.2352,3.8911,0.0,-1325.140901562,-2.1458217289816868,-1.785953735052684,-1630.7096837423,0.1280252765000114
PHEI_red_265_cutoff_0.0.inp.out,267.03207753194226,-0.1658,0.2047,2.3088,0.0,-1325.630019305,-1.2467629152316415,0.321854720300243,-1631.193103991,0.1598936852997212
PHEI_red_266_cutoff_0.0.inp.out,270.62810449462745,-0.1357,0.215,2.7825,0.0,-1325.3751454631,0.0754440136572334,1.6431249486298831,-1630.9390048687,0.1395214848998875
PHEI_red_267_cutoff_0.0.inp.out,269.76819488424593,-0.1437,0.2236,2.1676,0.0,-1325.1066237121,-2.0913016592275935,2.596919082656647,-1630.6685285544,0.1436953306001669
PHEI_red_268_cutoff_0.0.inp.out,268.101916070357,-0.1342,0.2199,1.9445,0.0,-1325.6614925441,0.8816228531991719,1.4905332553397423,-1631.2112802483,0.1283680206997814
PHEI_red_269_cutoff_0.0.inp.out,270.5042783907087,-0.1402,0.2187,1.3253,0.0,-1325.6061982889,0.5564281941772119,-0.0157137634925693,-1631.1750505796,0.1396915288005402
PHEI_red_26_cutoff_0.0.inp.out,267.5573337467664,-0.1464,0.2101,2.1987,0.0,-1325.513246708,-5.097585860277888,-4.825115262925065,-1631.0633284463,0.1488983929002643
PHEI_red_270_cutoff_0.0.inp.out,270.12260721653377,-0.127,0.2141,1.5407,0.0,-1325.4143972013,4.918791988512829,6.237304143137918,-1630.9761003753,0.1242266789995483
PHEI_red_271_cutoff_0.0.inp.out,267.8808952290314,-0.1551,0.1936,2.0073,0.0,-1325.4933592231,3.5706105409251476,3.769908130864804,-1631.0543004543,0.1484741064996342
PHEI_red_272_cutoff_0.0.inp.out,269.20256516344875,-0.1735,0.1859,1.6822,0.0,-1325.6446371506,3.857574799226667,6.892588659887806,-1631.2028395839,0.1653468405993408
PHEI_red_273_cutoff_0.0.inp.out,266.38658698736,-0.1608,0.2062,1.8631,0.0,-1325.9051255042,3.9555244135192753,5.495877646168028,-1631.4594926828,0.158250595899517
PHEI_red_274_cutoff_0.0.inp.out,268.23324713195774,-0.1576,0.2021,2.4582,0.0,-1325.4180988409,2.1531324152652216,4.3559369639000725,-1630.9797503771,0.1563958742999602
PHEI_red_275_cutoff_0.0.inp.out,269.93279677090777,-0.1278,0.2213,2.0396,0.0,-1325.4408319644,5.79623305639293,5.273667487464272,-1631.0040653061,0.1255085081002107
PHEI_red_276_cutoff_0.0.inp.out,267.9181691391788,-0.1367,0.2132,1.9256,0.0,-1325.2544515091,12.327428970184418,19.83107171942734,-1630.8116282267,0.1386023851000573
PHEI_red_277_cutoff_0.0.inp.out,266.7665035487966,-0.1499,0.1989,2.2455,0.0,-1325.5244039644,7.643467071326314,7.182682100927132,-1631.0660304334,0.145207067600495
PHEI_red_278_cutoff_0.0.inp.out,269.92211004194763,-0.1446,0.2135,3.1239,0.0,-1325.503493374,3.990990798281408,7.149791175860464,-1631.0566370078,0.1425676769995334
PHEI_red_279_cutoff_0.0.inp.out,269.71454694300706,-0.1517,0.2148,2.3547,0.0,-1325.5471395231,4.739884540748546,5.257803169233772,-1631.0910315153,0.1482745676003105
PHEI_red_27_cutoff_0.0.inp.out,268.1250811682435,-0.1681,0.1984,3.2121,0.0,-1325.5325991022,-8.910928890224138,-3.801485526977049,-1631.0992076669,0.162244737900437
PHEI_red_280_cutoff_0.0.inp.out,267.25413821446125,-0.1635,0.2003,2.4093,0.0,-1325.6022437667,-0.4168291015320451,3.660654316346246,-1631.1547157014,0.1601112758999079
PHEI_red_281_cutoff_0.0.inp.out,269.5104908904,-0.1461,0.2101,2.5435,0.0,-1325.2877688256,10.39523460132762,17.34860698969423,-1630.8303918546,0.1442234591995657
PHEI_red_282_cutoff_0.0.inp.out,271.834360781464,-0.1443,0.2104,2.7758,0.0,-1325.7020027342,8.465065567624652,8.580717812453365,-1631.2490248378,0.1436332687999311
PHEI_red_283_cutoff_0.0.inp.out,270.82485206865897,-0.1392,0.2164,1.9857,0.0,-1325.3402940821,10.536132718816926,4.997939205834923,-1630.8970587394,0.1361941724999269
PHEI_red_284_cutoff_0.0.inp.out,268.9349890123782,-0.1686,0.1967,2.3956,0.0,-1325.869662914,0.2298974237563713,-5.202175743163539,-1631.4239705661,0.1628875615006109
PHEI_red_285_cutoff_0.0.inp.out,269.2823841498888,-0.1447,0.2102,2.62,0.0,-1325.2009788146,-0.4622398353543696,-1.03970825684409,-1630.7609326853,0.1423808939998707
PHEI_red_286_cutoff_0.0.inp.out,268.2006986962442,-0.1415,0.2206,2.0672,0.0,-1325.3947872605,-1.3736047109107743,2.3404460381785777,-1630.9552855199,0.1413106126992716
PHEI_red_287_cutoff_0.0.inp.out,266.4354553346536,-0.1246,0.2292,3.02,0.0,-1325.8070757769,-2.136722169645524,1.079022721848578,-1631.3634355098,0.1319697047001682
PHEI_red_288_cutoff_0.0.inp.out,269.30383422800355,-0.1367,0.2178,1.8993,0.0,-1324.7727891806,-1.1636352687292146,-6.785147320873827,-1630.3253537769,0.1395077921997654
PHEI_red_289_cutoff_0.0.inp.out,267.6868935399231,-0.1392,0.2139,1.9256,0.0,-1324.913682412,0.7488028632734315,-1.8571829827564863,-1630.4695091395,0.140726670299955
PHEI_red_28_cutoff_0.0.inp.out,267.26727719541753,-0.1196,0.2238,2.0583,0.0,-1325.9563610911,-5.167583912320212,-6.343532841471472,-1631.5175547693,0.1236461201006022
PHEI_red_290_cutoff_0.0.inp.out,267.3895730062321,-0.1467,0.207,2.213,0.0,-1324.9666397184,-4.147519752511521,-8.550765753843098,-1630.5185006395,0.1502575899994553
PHEI_red_291_cutoff_0.0.inp.out,268.41527190356004,-0.1474,0.2075,1.5247,0.0,-1324.9563025993,-2.5629009542223335,-5.328568490894009,-1630.5097520751,0.148488828200243
PHEI_red_292_cutoff_0.0.inp.out,268.64261539868943,-0.1497,0.1967,2.1955,0.0,-1324.8876277491,7.776327699389863,10.627700859845111,-1630.4366355358,0.1502064528003757
PHEI_red_293_cutoff_0.0.inp.out,269.4118271800626,-0.1565,0.1756,1.7788,0.0,-1325.5498368369,-1.2705425056924264,-5.8855413332391695,-1631.0879745618,0.1508844048003084
PHEI_red_294_cutoff_0.0.inp.out,268.4512930112197,-0.1425,0.2127,2.0262,0.0,-1324.9046723344,0.51618578956348,-2.1627125684912025,-1630.4571871898,0.1429395320001276
PHEI_red_295_cutoff_0.0.inp.out,268.18660271975716,-0.1535,0.2031,2.2447,0.0,-1325.4990461386,6.04295756297187,6.273256748908197,-1631.0626129703,0.1464621941995574
PHEI_red_296_cutoff_0.0.inp.out,268.93610435387006,-0.1524,0.2112,1.9607,0.0,-1325.1474004796,1.361620573866727,-0.0422049277821729,-1630.6993762024,0.1483984937995046
PHEI_red_297_cutoff_0.0.inp.out,266.974226830063,-0.1607,0.2088,2.3896,0.0,-1325.0241424005,-2.409806021610938,-0.25440223306698,-1630.5844839602,0.1578721114001382
PHEI_red_298_cutoff_0.0.inp.out,267.62225472795717,-0.1347,0.2225,2.8692,0.0,-1325.1418101547,11.396731686264864,11.515330111681951,-1630.69765168,0.1405837574002362
PHEI_red_299_cutoff_0.0.inp.out,269.46611241725674,-0.1501,0.2141,2.1875,0.0,-1325.4312275972,2.718285280070229,1.7132562394708366,-1630.9895602774,0.1440842827005326
PHEI_red_29_cutoff_0.0.inp.out,269.53971080643333,-0.1433,0.2172,2.6046,0.0,-1325.6037323706,-6.108068100662162,-7.386303016601005,-1631.1591187541,0.1428846215003432
PHEI_red_2_cutoff_0.0.inp.out,273.1188368393416,-0.1589,0.2021,2.9115,0.0,-1325.2927988718,2.648668598185346,2.0801214458204766,-1630.8705222455,0.1506335660997138
PHEI_red_300_cutoff_0.0.inp.out,268.35393472309016,-0.1338,0.2094,2.6429,0.0,-1325.4215846359,3.927138298507479,-1.929141135081192,-1630.974252295,0.136676964900289
PHEI_red_301_cutoff_0.0.inp.out,268.78817666265167,-0.1334,0.2121,1.7132,0.0,-1325.9075423936,2.579306944384075,3.0964528043889312,-1631.4583198853,0.1383590452005592
PHEI_red_302_cutoff_0.0.inp.out,266.28145288097477,-0.1568,0.2144,2.3806,0.0,-1325.1544172853,21.62134744753881,18.085748723386267,-1630.7115575772,0.1529752439000731
PHEI_red_303_cutoff_0.0.inp.out,268.01229831229875,-0.1163,0.2242,2.1735,0.0,-1325.593984268,2.838213773570464,-4.993968788417609,-1631.1475935231,0.1152388958998926
PHEI_red_304_cutoff_0.0.inp.out,268.4704562404853,-0.1148,0.2292,1.5074,0.0,-1325.3345468313,2.187249141921704,0.2472821385648123,-1630.8922023316,0.1164680640995357
PHEI_red_305_cutoff_0.0.inp.out,267.5457943183405,-0.1239,0.2168,2.3534,0.0,-1325.38369595,-7.542556368800424,-17.04256207683792,-1630.9317035471,0.1266774831001385
PHEI_red_306_cutoff_0.0.inp.out,269.0059295051238,-0.1545,0.1925,1.5079,0.0,-1325.382966307,1.663779004151411,-5.165182555217882,-1630.9493792807,0.1545871661001001
PHEI_red_307_cutoff_0.0.inp.out,267.9151257287154,-0.1705,0.1809,2.1104,0.0,-1325.3755723535,0.6880562466182782,-3.6327002993641218,-1630.9327178617,0.1680511844997454
PHEI_red_308_cutoff_0.0.inp.out,266.1695363385882,-0.151,0.2132,1.9792,0.0,-1325.4222501881,-6.284134141354069,-5.5223677078456666,-1630.9779019982,0.1536305882000306
PHEI_red_309_cutoff_0.0.inp.out,267.6585134412859,-0.1405,0.1991,2.5369,0.0,-1325.2837902686,1.3525386629503853,0.2013159291196241,-1630.8308986991,0.1473017068001354
PHEI_red_30_cutoff_0.0.inp.out,272.2880526031098,-0.1214,0.2324,2.4411,0.0,-1325.7394243045,-0.0923208911923491,-4.171886014608161,-1631.30263909,0.1191372416997182
PHEI_red_310_cutoff_0.0.inp.out,267.8452431170197,-0.1653,0.2001,2.4338,0.0,-1325.3783283494,5.845776024195648,9.670937441779325,-1630.9467576616,0.1626928583000335
PHEI_red_311_cutoff_0.0.inp.out,267.40919366347384,-0.1627,0.1982,2.9519,0.0,-1325.1565158845,8.992054179569513,18.042930116639425,-1630.7284520135,0.1586909998004557
PHEI_red_312_cutoff_0.0.inp.out,268.96507698279714,-0.1497,0.1909,2.4306,0.0,-1325.5262808465,8.964134567341544,8.177149094705422,-1631.0878922272,0.1530835923995255
PHEI_red_313_cutoff_0.0.inp.out,270.5853980188451,-0.1369,0.2144,2.9031,0.0,-1324.8604512842,-3.225360813335107,-3.7317827301164073,-1630.4255363653,0.1399938594004197
PHEI_red_314_cutoff_0.0.inp.out,268.43654487915006,-0.1626,0.1877,2.6492,0.0,-1325.5085190347,2.5266948624882297,-1.0747525307444834,-1631.0669198745,0.163171692400283
PHEI_red_315_cutoff_0.0.inp.out,270.5728786611708,-0.1698,0.2001,3.4786,0.0,-1325.4675255042,-11.286893539505751,-11.4407637785664,-1631.0377805483,0.1640103396002814
PHEI_red_316_cutoff_0.0.inp.out,267.482496352109,-0.1452,0.2056,1.8526,0.0,-1325.3665722502,-12.936798413535264,-12.236111810520873,-1630.9241377081,0.1420742947002509
PHEI_red_317_cutoff_0.0.inp.out,268.4702677167792,-0.1375,0.2054,2.8685,0.0,-1325.3817946126,5.354655492440395,7.223860478783944,-1630.9201092637,0.1339395889008301
PHEI_red_318_cutoff_0.0.inp.out,273.9005379294853,-0.1117,0.2222,2.5353,0.0,-1325.2849802412,6.6651783253778545,7.074317423537991,-1630.816345237,0.1149601252000138
PHEI_red_319_cutoff_0.0.inp.out,269.64526462522014,-0.1481,0.2001,2.3976,0.0,-1325.226714539,3.752547675476158,7.770270212367527,-1630.775254291,0.1425375619000988
PHEI_red_31_cutoff_0.0.inp.out,271.32303737244786,-0.1467,0.206,3.2241,0.0,-1325.6333509016,-0.0464361611640071,-3.2773065407371034,-1631.1951809918,0.1442553894994489
PHEI_red_320_cutoff_0.0.inp.out,265.40279757409155,-0.1424,0.2163,3.1422,0.0,-1325.3615657136,-0.6092214333619053,-0.723060037020966,-1630.9153825124,0.1328475084001183
PHEI_red_321_cutoff_0.0.inp.out,269.24776439062714,-0.1389,0.2171,2.209,0.0,-1325.0753214562,-2.4285242824217743,-1.7451241250473517,-1630.6312964791,0.1325770679995912
PHEI_red_322_cutoff_0.0.inp.out,268.66160655090584,-0.1386,0.205,2.1833,0.0,-1324.798651814,-1.778213835014622,-2.946066629603487,-1630.3362293596,0.1369803860998217
PHEI_red_323_cutoff_0.0.inp.out,265.43754447997014,-0.1393,0.2098,2.093,0.0,-1325.2313300285,-1.218594070719225,0.0244465108588632,-1630.7660420765,0.1330766105002112
PHEI_red_324_cutoff_0.0.inp.out,264.3923838455481,-0.1421,0.2107,1.9892,0.0,-1325.0384157595,-4.129989001104353,-5.717183066495243,-1630.5789472035,0.1439202670999293
PHEI_red_325_cutoff_0.0.inp.out,267.7656462939983,-0.1444,0.2116,2.952,0.0,-1325.5587756613,1.8022729824150296,5.74973364136975,-1631.1201656964,0.1451911830999961
PHEI_red_326_cutoff_0.0.inp.out,268.75453813417766,-0.1712,0.1871,2.7031,0.0,-1324.8726074088,0.4501359730557875,3.867418062489814,-1630.4441537397,0.1692936640001789
PHEI_red_327_cutoff_0.0.inp.out,266.67202170780814,-0.1828,0.1958,2.9395,0.0,-1325.4080632944,-0.6097205411667025,4.548192198121384,-1630.9741176819,0.1805601775004106
PHEI_red_328_cutoff_0.0.inp.out,267.02096558293397,-0.1576,0.202,2.707,0.0,-1325.092354072,1.348071907950395,2.622437906517535,-1630.6581583364,0.1549364241000148
PHEI_red_329_cutoff_0.0.inp.out,268.2423975534438,-0.1364,0.2163,2.7487,0.0,-1325.0791107898,-0.2046338755310773,-0.6704707691955614,-1630.6398770664,0.1405067529003645
PHEI_red_32_cutoff_0.0.inp.out,269.70239469887497,-0.1449,0.2134,2.919,0.0,-1325.3764176002,1.0187494386232534,3.2723997595651366,-1630.9367265221,0.1396494599002835
PHEI_red_330_cutoff_0.0.inp.out,267.388657887266,-0.1446,0.2072,2.7887,0.0,-1325.1088703654,0.3525695764287384,3.9814501105503184,-1630.6594694755,0.1470729831999051
PHEI_red_331_cutoff_0.0.inp.out,269.8472419591169,-0.1342,0.1902,1.6911,0.0,-1325.3111575552,7.784190652238994,4.051534854180223,-1630.8709348656,0.1374002137999923
PHEI_red_332_cutoff_0.0.inp.out,270.07168836225014,-0.1351,0.2159,2.7365,0.0,-1325.0056044798,1.0012160285403011,-2.183701490006566,-1630.5729714473,0.1388128475000485
PHEI_red_333_cutoff_0.0.inp.out,266.6160956558136,-0.1465,0.2259,2.3132,0.0,-1325.182367316,-0.936125548389406,0.22758095903699,-1630.7375309806,0.1486005172000659
PHEI_red_334_cutoff_0.0.inp.out,268.90282830638876,-0.1536,0.202,3.1219,0.0,-1324.9389914813,-0.8428816344007104,-1.9669559597657904,-1630.50562423,0.1555878264007333
PHEI_red_335_cutoff_0.0.inp.out,271.01278130119164,-0.1833,0.181,2.2335,0.0,-1325.4167562767,-4.311533404789751,-4.187929040760004,-1630.9869929937,0.177598878700337
PHEI_red_336_cutoff_0.0.inp.out,267.98870591231383,-0.1423,0.1958,2.5368,0.0,-1325.168276762,-1.38657876637513,-1.5234151642010634,-1630.7255679769,0.1368111428000702
PHEI_red_337_cutoff_0.0.inp.out,268.74938987382615,-0.1419,0.2162,2.4903,0.0,-1325.6009396406,-2.6370449740727686,-9.712498566119802,-1631.1725432992,0.1389108506000411
PHEI_red_338_cutoff_0.0.inp.out,270.07171957016135,-0.1518,0.2103,2.2469,0.0,-1325.0339143765,-4.186622948327264,-4.738360551529436,-1630.6086212208,0.1546919333995902
PHEI_red_339_cutoff_0.0.inp.out,269.94149863772407,-0.1419,0.2189,2.7669,0.0,-1325.993443592,-1.4960824741641123,0.3297132273387428,-1631.5513679395,0.136664069100334
PHEI_red_33_cutoff_0.0.inp.out,268.15334158258446,-0.1614,0.2084,2.1306,0.0,-1325.8729864238,3.61496823400575,0.1039745091743384,-1631.4379712213,0.1570154940000065
PHEI_red_340_cutoff_0.0.inp.out,271.6222471776834,-0.1565,0.209,2.4422,0.0,-1325.1575546747,-11.574319425970115,-9.860451218121652,-1630.7219220796,0.1484779065003749
PHEI_red_341_cutoff_0.0.inp.out,272.0381691752382,-0.1438,0.1954,2.7526,0.0,-1325.5313188003,-6.642721779336029,-9.69663938521836,-1631.0912102628,0.1402145404999828
PHEI_red_342_cutoff_0.0.inp.out,273.0510888236618,-0.1631,0.2073,1.983,0.0,-1325.4313222119,-5.346821694228486,-4.404338261836776,-1630.9957405316,0.1586335441006667
PHEI_red_343_cutoff_0.0.inp.out,271.72962949590743,-0.1441,0.2108,2.8697,0.0,-1325.1960965686,-7.1841980622834525,-9.561886747131105,-1630.7500833075,0.1377080155998555
PHEI_red_344_cutoff_0.0.inp.out,269.68136975065545,-0.1454,0.2045,2.7717,0.0,-1325.6153722743,1.1849402414588204,-4.510327913587376,-1631.1694686738,0.1442959108999275
PHEI_red_345_cutoff_0.0.inp.out,270.1420161775189,-0.1167,0.2394,2.6525,0.0,-1325.5524716008,-1.801825037751059,-6.44601214391544,-1631.1232906669,0.1266565927999181
PHEI_red_346_cutoff_0.0.inp.out,267.6107518668256,-0.126,0.2189,2.4836,0.0,-1325.2743347141,8.519190196431767,1.4190090429620943,-1630.8339232324,0.1291945811999539
PHEI_red_347_cutoff_0.0.inp.out,266.45062403690946,-0.1428,0.2099,1.8419,0.0,-1325.3769214332,3.9472030685817368,1.4414119955578693,-1630.9452498769,0.1442065260998788
PHEI_red_348_cutoff_0.0.inp.out,266.57565706987236,-0.159,0.2013,2.4012,0.0,-1325.6448421561,4.4492764384529,2.3913297986477877,-1631.2144558757,0.1514573653994375
PHEI_red_349_cutoff_0.0.inp.out,266.72246188913624,-0.1751,0.1927,2.7845,0.0,-1325.4573856337,-5.80500009700725,1.0813210534582542,-1631.0386147825,0.1654533655000705
PHEI_red_34_cutoff_0.0.inp.out,268.9273087455289,-0.145,0.2153,2.6366,0.0,-1325.3255943476,4.459571765769393,4.82093196540445,-1630.8883836463,0.1426900055994338
PHEI_red_350_cutoff_0.0.inp.out,266.14047523216965,-0.1411,0.2131,3.2787,0.0,-1325.274690401,-16.797140829235687,-11.232011820705187,-1630.8256482217,0.1350329567994777
PHEI_red_351_cutoff_0.0.inp.out,267.66131101970103,-0.1408,0.2,2.0945,0.0,-1325.5386445625,-6.669804450862052,-5.316363034008831,-1631.1013516012,0.1431645208995178
PHEI_red_352_cutoff_0.0.inp.out,266.9620187113736,-0.1233,0.2247,2.3811,0.0,-1325.000664453,-0.0111130002129054,0.0916963341132667,-1630.5640362423,0.1229904848996739
PHEI_red_353_cutoff_0.0.inp.out,270.2700267998769,-0.1289,0.2183,2.0626,0.0,-1325.2730698407,5.925852670364606,4.084989855684458,-1630.8391342507,0.1236822291002681
PHEI_red_354_cutoff_0.0.inp.out,268.5171840956905,-0.1442,0.2144,2.5491,0.0,-1325.4204566658,1.879655182894732,0.523753015693804,-1630.9764178229,0.1362461700000494
PHEI_red_355_cutoff_0.0.inp.out,269.1738103495745,-0.1473,0.2086,2.571,0.0,-1325.1352466387,0.7574467743719085,1.103496329546258,-1630.7041291291,0.1425005131004582
PHEI_red_356_cutoff_0.0.inp.out,268.7609624696734,-0.1336,0.2165,2.4843,0.0,-1325.322592945,-1.8445561367068168,-3.7144944452238224,-1630.8668221992,0.1379689064997364
PHEI_red_357_cutoff_0.0.inp.out,269.1496695441521,-0.1527,0.199,2.3387,0.0,-1325.2253217547,2.172590299790035,2.2070803982054175,-1630.7799264459,0.1490063812998414
PHEI_red_358_cutoff_0.0.inp.out,270.4478830241075,-0.1172,0.2235,3.1769,0.0,-1325.1704462495,0.964158391956802,0.515407722172109,-1630.7292480981,0.1195970212002066
PHEI_red_359_cutoff_0.0.inp.out,268.55799074372317,-0.1395,0.2251,2.7415,0.0,-1325.2775739515,5.795963856309506,7.270108475327266,-1630.8408234907,0.1396168935998503
PHEI_red_35_cutoff_0.0.inp.out,267.517197400552,-0.1364,0.209,3.134,0.0,-1325.7898826072,-8.743106851752085,-1.6762138901343997,-1631.3530956586,0.133183003299564
PHEI_red_360_cutoff_0.0.inp.out,267.43097200368277,-0.1357,0.2151,2.6848,0.0,-1325.1209628697,2.656426052501712,1.608139534434042,-1630.6840739863,0.134078449399567
PHEI_red_361_cutoff_0.0.inp.out,268.6841260178344,-0.1564,0.1961,2.7525,0.0,-1325.1424471935,-3.6165196808103266,-6.801694903242171,-1630.7125804969,0.1556967308997627
PHEI_red_362_cutoff_0.0.inp.out,269.28774871775505,-0.1464,0.2136,2.7878,0.0,-1325.1000948698,-7.404364486934443,-5.739093297568348,-1630.6713923443,0.1455218244000207
PHEI_red_363_cutoff_0.0.inp.out,268.58560161712535,-0.1217,0.213,2.3732,0.0,-1325.1886580438,-0.95895155714229,1.1356405902836957,-1630.7399335108,0.1334385160998863
PHEI_red_364_cutoff_0.0.inp.out,267.1805108616042,-0.1488,0.1964,2.5965,0.0,-1325.2042440059,-7.192742972914908,-0.9162619727835262,-1630.7566521595,0.1532833637002113
PHEI_red_365_cutoff_0.0.inp.out,267.8553278342159,-0.1449,0.1984,2.4502,0.0,-1325.4280616006,13.673838006374169,20.035294765965833,-1630.985146841,0.1446647016000497
PHEI_red_366_cutoff_0.0.inp.out,269.1979831219032,-0.1478,0.2026,1.7243,0.0,-1325.319705796,4.916214609285331,0.760134129753709,-1630.8872443546,0.1510840952996659
PHEI_red_367_cutoff_0.0.inp.out,268.1800762282102,-0.1244,0.2238,2.7331,0.0,-1325.1924891828,-1.760879348594547,-0.526188421667299,-1630.751301894,0.12780604280033
PHEI_red_368_cutoff_0.0.inp.out,268.7195818649351,-0.1226,0.2241,2.0021,0.0,-1325.3368536538,2.5501721127152344,3.173300180369811,-1630.9054853228,0.1223644929004876
PHEI_red_369_cutoff_0.0.inp.out,269.15131412820625,-0.1233,0.2298,2.9758,0.0,-1325.3060172935,2.940635890864834,4.20069235084559,-1630.8814548727,0.1214015233999816
PHEI_red_36_cutoff_0.0.inp.out,267.89688724852107,-0.1394,0.2203,2.4464,0.0,-1325.4624994134,-3.5519522508809827,-3.824090224837274,-1631.0242809697,0.132841248099794
PHEI_red_370_cutoff_0.0.inp.out,268.76879813113504,-0.135,0.2201,3.075,0.0,-1325.4067819771,16.92410605748938,32.70054557757471,-1630.9687516714,0.1368049574994074
PHEI_red_371_cutoff_0.0.inp.out,268.64455240552587,-0.1407,0.2218,2.3625,0.0,-1325.6452903048,4.422929695965081,6.9637184031100325,-1631.2075178757,0.1441311353000856
PHEI_red_372_cutoff_0.0.inp.out,270.5227005456709,-0.152,0.2108,1.7583,0.0,-1325.0159203934,1.7478276173649352,1.979569182417376,-1630.5881617214,0.1505761742000686
PHEI_red_373_cutoff_0.0.inp.out,267.84790945407667,-0.1487,0.2028,2.8996,0.0,-1325.6070932678,2.83643179419577,2.102184850663495,-1631.1613831729,0.1471915342999636
PHEI_red_374_cutoff_0.0.inp.out,269.2767792239389,-0.1407,0.2112,2.6143,0.0,-1325.0635158233,1.412614915135959,-0.7477834215164445,-1630.6356539216,0.1467244488003416
PHEI_red_375_cutoff_0.0.inp.out,269.40872463075993,-0.1674,0.1997,2.4913,0.0,-1325.52622964,-1.9462278027707507,0.7488075238677383,-1631.0856977996,0.1583514930998717
PHEI_red_376_cutoff_0.0.inp.out,268.2546660678423,-0.1538,0.2099,2.7109,0.0,-1325.0303601156,-1.285794447391849,-1.0460796374563452,-1630.5992718438,0.1547828331995333
PHEI_red_377_cutoff_0.0.inp.out,268.204578297599,-0.1451,0.2095,2.4924,0.0,-1325.0999069553,-2.439799011564259,-1.5181617981019884,-1630.6701189262,0.1406640920995414
PHEI_red_378_cutoff_0.0.inp.out,270.84362512140643,-0.1241,0.2205,2.7386,0.0,-1325.0889618769,3.0919045230470568,3.760812985042295,-1630.6353881528,0.1244268989003103
PHEI_red_379_cutoff_0.0.inp.out,268.2530256581832,-0.1437,0.2191,2.0111,0.0,-1325.3246959909,-1.1942555987450991,-1.3352420695624965,-1630.886656215,0.1378171529995597
PHEI_red_37_cutoff_0.0.inp.out,268.38651742519505,-0.1665,0.1948,1.9365,0.0,-1325.4653426281,-0.6013593766533079,-2.0599759850905337,-1631.041610548,0.1562864815996363
PHEI_red_380_cutoff_0.0.inp.out,267.2897238427924,-0.1528,0.2034,2.9855,0.0,-1325.003463114,-5.637162372644003,-6.4993196896214105,-1630.570244793,0.1488373723996119
PHEI_red_381_cutoff_0.0.inp.out,268.40907233261447,-0.1454,0.1945,3.0708,0.0,-1325.1773962915,-7.404882988646111,-8.227277395280137,-1630.7376359138,0.139762409400646
PHEI_red_382_cutoff_0.0.inp.out,268.9175276842998,-0.1417,0.2175,2.5743,0.0,-1325.4711381304,-2.001479524004879,1.3955904797734584,-1631.0438501042,0.137814397799957
PHEI_red_383_cutoff_0.0.inp.out,270.35473695707014,-0.1353,0.2275,2.3118,0.0,-1325.5082674319,-0.0209409744789876,2.1744803356909257,-1631.0809043086,0.1337358273003701
PHEI_red_384_cutoff_0.0.inp.out,268.94426091416204,-0.1646,0.2012,2.3904,0.0,-1325.5527816262,9.666044904050867,18.08926208889501,-1631.1176608314,0.1553597856000124
PHEI_red_385_cutoff_0.0.inp.out,268.12055587868934,-0.1548,0.2032,2.7042,0.0,-1325.4529701378,-3.5008811062479346,3.717301820903042,-1631.0136433215,0.1458098487000825
PHEI_red_386_cutoff_0.0.inp.out,268.2372529701903,-0.138,0.1955,3.4964,0.0,-1325.4069827302,-6.474392519232753,-2.5463522615409557,-1630.9713048768,0.1379622954000297
PHEI_red_387_cutoff_0.0.inp.out,268.3525114902215,-0.1567,0.2018,2.3176,0.0,-1325.318746671,4.77872280959406,5.284314852526872,-1630.8860480588,0.1559175798001888
PHEI_red_388_cutoff_0.0.inp.out,268.545587388097,-0.1543,0.1968,1.9279,0.0,-1325.4037871611,3.982730558013847,4.43549230357733,-1630.9642756845,0.1536438897001062
PHEI_red_389_cutoff_0.0.inp.out,270.1937694520367,-0.1478,0.222,1.7906,0.0,-1324.9165282488,4.784653477953592,12.860343422619778,-1630.4799066518,0.1434719570997913
PHEI_red_38_cutoff_0.0.inp.out,268.2399042987212,-0.1586,0.1971,1.836,0.0,-1325.1746446762,3.7228975363059256,3.3482491771908416,-1630.7345403115,0.1529139357999156
PHEI_red_390_cutoff_0.0.inp.out,271.8395912768264,-0.1696,0.1908,2.9019,0.0,-1325.2277365928,-4.755455940292438,4.871930058143566,-1630.8046628383,0.1669171964003908
PHEI_red_391_cutoff_0.0.inp.out,267.4768449322985,-0.1521,0.2126,2.2531,0.0,-1324.9382241396,0.4073254130572074,4.2000122788507595,-1630.4979925645,0.1514213545997336
PHEI_red_392_cutoff_0.0.inp.out,268.4436915132821,-0.1447,0.2065,1.8165,0.0,-1325.6097429557,5.762553889089358,9.30209179028042,-1631.1664356303,0.1407498650996785
PHEI_red_393_cutoff_0.0.inp.out,269.9478659578655,-0.152,0.195,2.1565,0.0,-1324.9922560763,9.63762531581769,11.413941971133788,-1630.5662126062,0.1468672762994174
PHEI_red_394_cutoff_0.0.inp.out,269.61869760731327,-0.1462,0.2089,3.036,0.0,-1325.5829500198,8.463061965763961,15.40111436984075,-1631.1559049042,0.1462632420998488
PHEI_red_395_cutoff_0.0.inp.out,268.558160873018,-0.1548,0.2198,2.1568,0.0,-1325.5207086046,4.457038700131179,15.230221689015943,-1631.0938512158,0.1551552088994867
PHEI_red_396_cutoff_0.0.inp.out,267.08407296331427,-0.1447,0.2074,2.1374,0.0,-1325.6250954104,1.9992269133991225,4.302487877827502,-1631.190625468,0.136109242999737
PHEI_red_397_cutoff_0.0.inp.out,267.04737666815254,-0.1334,0.2277,1.5242,0.0,-1325.7970721497,4.646730152681051,2.711891350124628,-1631.3609064804,0.1343512669000119
PHEI_red_398_cutoff_0.0.inp.out,268.9970319966876,-0.1345,0.2126,1.8858,0.0,-1325.3255271724,3.1360273242842323,4.073838790693425,-1630.8952892875,0.1322981701996468
PHEI_red_399_cutoff_0.0.inp.out,267.6893581089888,-0.1299,0.2161,2.5257,0.0,-1325.2527642826,1.1925007299161,1.4809381734524822,-1630.8125521128,0.1344457853001586
PHEI_red_39_cutoff_0.0.inp.out,268.6653620914156,-0.1504,0.1994,2.3588,0.0,-1325.2287740368,-2.677877676764711,-3.740362058657805,-1630.7762870944,0.1421543236001525
PHEI_red_3_cutoff_0.0.inp.out,271.3396105113833,-0.1402,0.2115,3.0869,0.0,-1325.2054681288,-1.019204057140844,-1.918497787326135,-1630.7799320827,0.1314357159999417
PHEI_red_400_cutoff_0.0.inp.out,265.355030450738,-0.1489,0.2077,3.1592,0.0,-1325.3737998989,0.7301333494413542,6.064406060383061,-1630.920439279,0.1481972838000729
PHEI_red_401_cutoff_0.0.inp.out,266.50424455876646,-0.1505,0.2167,2.527,0.0,-1325.1055047872,-0.5478721485284596,5.539027943644554,-1630.679883356,0.1457506863998787
PHEI_red_402_cutoff_0.0.inp.out,268.4744117732407,-0.1579,0.1995,2.6737,0.0,-1325.4392439983,7.513583812199502,15.857011628155528,-1631.0168244313,0.1500387619998946
PHEI_red_403_cutoff_0.0.inp.out,267.67431147798715,-0.1662,0.1937,2.6023,0.0,-1325.2894614278,4.7746526378113465,7.357208244380845,-1630.8532911272,0.159422706999976
PHEI_red_404_cutoff_0.0.inp.out,269.5619962911518,-0.1373,0.2134,2.1754,0.0,-1325.3189808991,1.9136448759238864,2.3678198294483512,-1630.8889007929,0.1385010748999775
PHEI_red_405_cutoff_0.0.inp.out,269.53314664539425,-0.1433,0.2103,2.5295,0.0,-1325.4284322373,0.3981788062288647,7.866663976028264,-1631.0052230033,0.1411844644999291
PHEI_red_406_cutoff_0.0.inp.out,270.9851244672371,-0.1487,0.2052,3.0392,0.0,-1324.9023258355,3.012028622211231,9.337778674988725,-1630.4682709441,0.1453733264997936
PHEI_red_407_cutoff_0.0.inp.out,272.87565534430087,-0.1348,0.2179,2.8035,0.0,-1325.1223324498,1.7937036755041478,4.393140078084347,-1630.6839017413,0.1322230215000672
PHEI_red_408_cutoff_0.0.inp.out,268.3245806464131,-0.1367,0.2194,2.2201,0.0,-1325.3054899744,2.6840448916051205,1.8669287632459255,-1630.8719313986,0.1317297228997631
PHEI_red_409_cutoff_0.0.inp.out,269.4609155773725,-0.1683,0.1945,2.4092,0.0,-1325.0397395054,2.519476825775084,5.502712432342662,-1630.6138418423,0.1636714931000824
PHEI_red_40_cutoff_0.0.inp.out,267.2819732581651,-0.1605,0.2025,2.3073,0.0,-1325.2080227141,-9.17645411558261,2.5245241543486414,-1630.7766169629,0.1552487847002339
PHEI_red_410_cutoff_0.0.inp.out,270.9288868502036,-0.1567,0.2094,2.4497,0.0,-1325.274440481,5.8130638625663975,1.8073469115930707,-1630.8485265106,0.1511499604994242
PHEI_red_411_cutoff_0.0.inp.out,271.11868402231624,-0.1377,0.2175,2.2995,0.0,-1325.2086244159,5.35521453511249,5.615166538548293,-1630.7745765174,0.1371172951003245
PHEI_red_412_cutoff_0.0.inp.out,271.8211497664047,-0.1417,0.2085,2.7559,0.0,-1325.321184418,2.326301824445893,1.777218157186746,-1630.8943881867,0.1451162525991094
PHEI_red_413_cutoff_0.0.inp.out,270.62031029868035,-0.1598,0.1944,3.1224,0.0,-1325.4819191993,4.427860742838871,11.705229598042845,-1631.0510109843,0.1564340417999119
PHEI_red_414_cutoff_0.0.inp.out,269.59600642956866,-0.1503,0.1845,2.5847,0.0,-1325.5796532355,3.809917096625334,2.784862464254001,-1631.1298281387,0.1506712557993523
PHEI_red_415_cutoff_0.0.inp.out,268.68758235669753,-0.1365,0.2169,2.7972,0.0,-1325.8078331842,4.034940876322994,1.4152705301213329,-1631.3778630785,0.1354764243005775
PHEI_red_416_cutoff_0.0.inp.out,269.28204413065583,-0.144,0.1973,3.3307,0.0,-1325.2984275607,-0.9200785148029138,6.182938720125863,-1630.8853739923,0.1371389173000352
PHEI_red_417_cutoff_0.0.inp.out,267.6302891624319,-0.1435,0.2102,2.7861,0.0,-1325.5116981215,-5.218980612491222,-2.4583371636031246,-1631.0731826026,0.1383086944997558
PHEI_red_418_cutoff_0.0.inp.out,267.9062504201629,-0.1459,0.2094,2.6055,0.0,-1325.6496017924,-3.0295170277170875,-5.676430469755759,-1631.2141850242,0.1474487588002375
PHEI_red_419_cutoff_0.0.inp.out,268.65804289222814,-0.1521,0.2095,2.711,0.0,-1325.5945058912,-12.875089273856805,-14.04375863997001,-1631.1707141341,0.1442632216994752
PHEI_red_41_cutoff_0.0.inp.out,265.97081198698993,-0.1438,0.2208,2.3393,0.0,-1325.6454576109,4.842791044217968,5.610551579830738,-1631.2033957343,0.1380842634998771
PHEI_red_420_cutoff_0.0.inp.out,267.9467012527439,-0.14,0.2068,3.1769,0.0,-1325.356071494,-3.964678213393188,0.7636495387695236,-1630.9230471764,0.1380154016997039
PHEI_red_421_cutoff_0.0.inp.out,268.19001727693137,-0.1389,0.2144,2.2579,0.0,-1325.6724816476,-1.1269925732998327,1.4929208456552137,-1631.2244405429,0.14045124760014
PHEI_red_422_cutoff_0.0.inp.out,269.90896158719886,-0.1547,0.193,2.4145,0.0,-1325.3779664678,-0.4357899989815634,6.6798888478243175,-1630.957237337,0.1508310780000101
PHEI_red_423_cutoff_0.0.inp.out,267.5033863080665,-0.1499,0.2099,2.9779,0.0,-1325.3402502929,5.303087477257334,11.364191070423356,-1630.9042553023,0.1498142298996754
PHEI_red_424_cutoff_0.0.inp.out,269.2905790602021,-0.1429,0.2193,2.4642,0.0,-1325.7232383457,3.951133951792997,11.40082154175194,-1631.283998128,0.1389133748998574
PHEI_red_425_cutoff_0.0.inp.out,268.6840499083094,-0.1403,0.2094,2.5187,0.0,-1325.2145905113,-3.5621265914817233,-2.7155735777696774,-1630.7687895399,0.1346816226996452
PHEI_red_426_cutoff_0.0.inp.out,268.421895465078,-0.1308,0.2175,2.291,0.0,-1325.1873486983,0.5476166404272769,-0.6650249040780973,-1630.7466937132,0.1259353265995741
PHEI_red_427_cutoff_0.0.inp.out,266.2229292977265,-0.1404,0.2089,2.9315,0.0,-1325.4669102913,-2.892367558761887,-1.427127084422814,-1631.0148302657,0.1362058631993932
PHEI_red_428_cutoff_0.0.inp.out,268.32948084134887,-0.1574,0.2075,2.6356,0.0,-1325.623957798,3.2918544616749186,9.734073343978103,-1631.1825798355,0.1571479016001831
PHEI_red_429_cutoff_0.0.inp.out,268.75326155926854,-0.1386,0.2074,2.7876,0.0,-1324.9038199443,2.1444877805445124,4.034017919858968,-1630.4626865811,0.1304204628004299
PHEI_red_42_cutoff_0.0.inp.out,267.10831309762267,-0.146,0.2188,2.3138,0.0,-1325.4354128073,-1.3881991392372228,-0.7437260599929776,-1631.0063187948,0.1407890771997699
PHEI_red_430_cutoff_0.0.inp.out,266.4942048151655,-0.1564,0.1973,2.1361,0.0,-1325.6491208293,7.436979916842382,6.81836683228213,-1631.205558864,0.1508402882000155
PHEI_red_431_cutoff_0.0.inp.out,270.64568297200714,-0.1475,0.1954,3.563,0.0,-1325.363209857,4.438332610293289,10.250704859482676,-1630.9264007271,0.1414001968005322
PHEI_red_432_cutoff_0.0.inp.out,269.16525844674544,-0.1468,0.2106,2.4872,0.0,-1325.2888352484,2.659366024165642,4.627809917193591,-1630.8524407522,0.1437130697995599
PHEI_red_433_cutoff_0.0.inp.out,268.6559857908042,-0.174,0.1943,2.0964,0.0,-1325.1258484552,3.3315433135370123,-0.252411996760333,-1630.6948387208,0.1725378361998082
PHEI_red_434_cutoff_0.0.inp.out,269.31194504046624,-0.1782,0.1972,2.7517,0.0,-1325.1986796591,-5.614507461668226,-6.525628095571193,-1630.7725409278,0.1681139356996936
PHEI_red_435_cutoff_0.0.inp.out,269.8923916553824,-0.1647,0.1848,2.8505,0.0,-1325.1682644761,-6.269204653013683,-1.284111680193805,-1630.7387461781,0.1646854079999684
PHEI_red_436_cutoff_0.0.inp.out,269.7080806345067,-0.1606,0.1809,2.6183,0.0,-1325.1716096842,3.307576478960687,5.712532026674798,-1630.7328638179,0.157153621499674
PHEI_red_437_cutoff_0.0.inp.out,267.831655156592,-0.141,0.2143,2.082,0.0,-1325.653679683,4.820898134563558,-0.7834741893194442,-1631.211806994,0.1335064300001249
PHEI_red_438_cutoff_0.0.inp.out,268.9127828864841,-0.1591,0.1985,2.8223,0.0,-1325.4505413802,-3.3374039821122192,-6.46030831529563,-1631.0158701058,0.1509615277000193
PHEI_red_439_cutoff_0.0.inp.out,268.65404524117315,-0.1494,0.2125,2.5094,0.0,-1325.9685787736,-1.909343180012588,-2.198012441710066,-1631.5402732399,0.1443835488998957
PHEI_red_43_cutoff_0.0.inp.out,268.06762903745675,-0.1492,0.1888,2.0953,0.0,-1325.2531265628,2.845463167361925,1.4230743556047756,-1630.8107286938,0.1453624334008054
PHEI_red_440_cutoff_0.0.inp.out,268.3641068497372,-0.1502,0.217,2.2856,0.0,-1325.1182117876,1.9011403671956657,2.7202580815122044,-1630.6876303118,0.1445500641993931
PHEI_red_441_cutoff_0.0.inp.out,267.3676323983808,-0.1581,0.2024,2.9217,0.0,-1325.6250005127,0.0014681828784877,6.5197455515353875,-1631.1893644707,0.1490143422997789
PHEI_red_442_cutoff_0.0.inp.out,270.82427178235366,-0.1271,0.2285,2.8934,0.0,-1325.8282371895,-0.9413542691703436,6.673143702136864,-1631.40088026,0.1267007731994454
PHEI_red_443_cutoff_0.0.inp.out,272.64111809739217,-0.143,0.2148,2.818,0.0,-1325.2832413751,-1.7894510670449064,-2.500328610274213,-1630.8471913604,0.1458789422995323
PHEI_red_444_cutoff_0.0.inp.out,269.3288288693768,-0.1578,0.1812,3.496,0.0,-1325.4762146828,0.7953904773711048,5.399276357618499,-1631.0287451456,0.1562199504996897
PHEI_red_445_cutoff_0.0.inp.out,270.91770701382984,-0.1488,0.2129,2.9255,0.0,-1325.3626753221,-2.0196869879216126,-2.9925974074653374,-1630.9361313423,0.1456334155000149
PHEI_red_446_cutoff_0.0.inp.out,270.5857984811714,-0.1435,0.2132,2.2708,0.0,-1325.2294614264,-0.1195339678261049,-0.4883840033741822,-1630.8037145727,0.1417509274006079
PHEI_red_447_cutoff_0.0.inp.out,270.05550454806485,-0.1659,0.1869,2.4645,0.0,-1325.3552523321,1.8509556086415695,2.2279286689982274,-1630.9144035404,0.1579682045994559
PHEI_red_448_cutoff_0.0.inp.out,270.01036973079624,-0.1357,0.226,3.0279,0.0,-1325.4210216147,-6.750686637002477,-4.470086403981954,-1630.9928064143,0.1345082894004008
PHEI_red_449_cutoff_0.0.inp.out,267.59088056025456,-0.1299,0.2268,2.8101,0.0,-1325.4840698311,-0.6002050552081519,2.112290604609439,-1631.0442989384,0.1270476043000599
PHEI_red_44_cutoff_0.0.inp.out,267.420158129811,-0.1708,0.1955,2.5763,0.0,-1325.5178751143,7.516525108205962,3.6426917054489247,-1631.0860323657,0.1633328447005624
PHEI_red_450_cutoff_0.0.inp.out,269.5467081610651,-0.1506,0.1901,2.0023,0.0,-1325.0436849994,3.3155934795955493,6.730304659765863,-1630.5983366517,0.148675840299802
PHEI_red_451_cutoff_0.0.inp.out,268.133129753691,-0.164,0.1785,1.9439,0.0,-1325.2039670652,0.294985414739253,1.0855307067318356,-1630.7604080195,0.1604457480998462
PHEI_red_452_cutoff_0.0.inp.out,266.71930466184153,-0.1505,0.2012,1.8703,0.0,-1324.6696670174,2.0346593958942805,1.5256080966118235,-1630.2241476135,0.1520874581001408
PHEI_red_453_cutoff_0.0.inp.out,267.4911136881644,-0.1636,0.176,1.8886,0.0,-1325.2040576968,1.7630654660589502,1.474711576510774,-1630.7564067704,0.162095582099937
PHEI_red_454_cutoff_0.0.inp.out,266.91868436405633,-0.1594,0.1859,2.1299,0.0,-1325.0159899234,3.0634092682965575,0.8157304285789618,-1630.562144858,0.1553006423000624
PHEI_red_455_cutoff_0.0.inp.out,266.1209510809813,-0.1489,0.2064,2.7614,0.0,-1325.2594305184,-1.1673822630195223,-0.2561481971110553,-1630.8134921686,0.1464623298998049
PHEI_red_456_cutoff_0.0.inp.out,266.7769284415608,-0.1529,0.1917,3.5118,0.0,-1325.0334500091,-12.884397592176466,-14.386042035326188,-1630.5911192357,0.1443533946003299
PHEI_red_457_cutoff_0.0.inp.out,268.75826536422557,-0.1479,0.1998,3.6733,0.0,-1325.261204743,-10.984857307270714,-10.34866051723049,-1630.8095258226,0.1430923180005265
PHEI_red_458_cutoff_0.0.inp.out,270.27010902839294,-0.1189,0.2233,2.9039,0.0,-1325.3096071536,-6.892633173359623,-6.730470218147283,-1630.8619584875,0.1201803807998658
PHEI_red_459_cutoff_0.0.inp.out,266.30338076477074,-0.1453,0.2016,3.1015,0.0,-1325.1748556101,-3.961537222892257,-1.815467435055091,-1630.7175835722,0.1415137985995898
PHEI_red_45_cutoff_0.0.inp.out,267.8855835087712,-0.164,0.1906,1.8787,0.0,-1325.6090756606,-1.6984014738674529,-4.296064263214726,-1631.1793910171,0.1616471081997588
PHEI_red_460_cutoff_0.0.inp.out,271.08201500941726,-0.1383,0.2246,2.6481,0.0,-1325.6043515898,-7.719598249028824,-3.0578847773407,-1631.1708076926,0.1394349676993442
PHEI_red_461_cutoff_0.0.inp.out,269.0325297644713,-0.1441,0.2119,2.2545,0.0,-1325.6147832391,-2.579561965328421,-3.853247253719731,-1631.1652343589,0.1375382945998353
PHEI_red_462_cutoff_0.0.inp.out,267.6038885398387,-0.1542,0.201,3.124,0.0,-1325.1985329175,-3.11364003326059,-1.6140158294899578,-1630.7457895196,0.1496616933000041
PHEI_red_463_cutoff_0.0.inp.out,270.4820102399687,-0.1515,0.2097,2.3453,0.0,-1325.6456393367,-0.4143677059240259,3.5916753535025667,-1631.2093913268,0.1528447391001464
PHEI_red_464_cutoff_0.0.inp.out,268.25169574732377,-0.1509,0.2101,3.2069,0.0,-1325.3054103967,-2.1290402450126917,3.19340023418969,-1630.8561031498,0.1467869191001227
PHEI_red_465_cutoff_0.0.inp.out,268.9712038318162,-0.151,0.2145,2.8788,0.0,-1325.582302,-0.2017681655785691,2.3671891140227705,-1631.1361972108,0.1573257925001598
PHEI_red_466_cutoff_0.0.inp.out,267.16903996676746,-0.1409,0.2154,2.9165,0.0,-1325.5116207677,0.1509638869904076,1.0971909659724497,-1631.0538080874,0.1426848545997927
PHEI_red_467_cutoff_0.0.inp.out,269.230516072788,-0.1406,0.2097,2.8652,0.0,-1325.2363834034,7.50326666312422,12.121046392649047,-1630.7926894078,0.1432526731005055
PHEI_red_468_cutoff_0.0.inp.out,268.57404562170905,-0.1323,0.2116,2.7729,0.0,-1325.3041546904,2.9741504922067907,7.042163768933497,-1630.8491492904,0.1374606755998684
PHEI_red_469_cutoff_0.0.inp.out,266.78006246848105,-0.1489,0.1914,3.2756,0.0,-1325.5301781596,-7.644386054804339,-2.0400025917469566,-1631.0688119282,0.1474361897999188
PHEI_red_46_cutoff_0.0.inp.out,267.8550462268379,-0.1572,0.2099,2.4088,0.0,-1325.8838883066,-4.221916685622657,-2.424350615747364,-1631.4486082214,0.1606465428003503
PHEI_red_470_cutoff_0.0.inp.out,268.8860317505316,-0.1558,0.2053,2.388,0.0,-1325.2862170151,1.1411189156726,11.259678190086923,-1630.8484557322,0.1529062094996334
PHEI_red_471_cutoff_0.0.inp.out,265.5218123575061,-0.1619,0.2058,3.0563,0.0,-1325.5853145256,7.499414296123857,6.6329845605902635,-1631.1238663682,0.1613478421995751
PHEI_red_472_cutoff_0.0.inp.out,266.7636200166731,-0.1392,0.1983,3.0386,0.0,-1325.0141610782,-0.9876078094641612,4.26905527758634,-1630.559491892,0.1435501460000523
PHEI_red_473_cutoff_0.0.inp.out,270.7156812087167,-0.1514,0.2056,2.2758,0.0,-1325.550950162,1.659859139877312,5.662935455079352,-1631.1089838649,0.1494763675000285
PHEI_red_474_cutoff_0.0.inp.out,265.56210611258683,-0.1711,0.1925,2.3544,0.0,-1325.1059410741,-0.2613240218319546,3.8411210785642567,-1630.6573427511,0.1636839434995636
PHEI_red_475_cutoff_0.0.inp.out,270.7964044896677,-0.1558,0.1937,1.8289,0.0,-1325.2111899418,-2.2463507724921716,2.108038536590022,-1630.7578452115,0.1544580368999959
PHEI_red_476_cutoff_0.0.inp.out,268.432160215099,-0.1549,0.1848,1.725,0.0,-1325.3091864807,8.35614888932997,9.41428236816518,-1630.8698266136,0.1523875699995187
PHEI_red_477_cutoff_0.0.inp.out,269.40234938933276,-0.1499,0.2172,1.569,0.0,-1325.7652248974,4.394876519675464,5.594630319855989,-1631.3183471939,0.1494768656002634
PHEI_red_478_cutoff_0.0.inp.out,268.3013451184546,-0.1536,0.2152,2.0067,0.0,-1324.7918709983,6.9329988049449645,7.718561560752796,-1630.3445313013,0.1546997419000035
PHEI_red_479_cutoff_0.0.inp.out,265.3297702738444,-0.1536,0.203,2.5579,0.0,-1325.5046414153,0.9906749580934502,0.222468034263964,-1631.0415327974,0.1567986697000378
PHEI_red_47_cutoff_0.0.inp.out,271.7690515666242,-0.1401,0.2062,2.4113,0.0,-1325.2997449763,1.2405793877998603,-1.1624318291999385,-1630.8593050621,0.136959648300035
PHEI_red_480_cutoff_0.0.inp.out,269.2333726710613,-0.1366,0.2132,2.8371,0.0,-1325.2438216925,-0.3428369433310955,1.6210546162928754,-1630.8017181044,0.1348872765001942
PHEI_red_481_cutoff_0.0.inp.out,267.32893969734295,-0.1292,0.2378,2.3714,0.0,-1325.1574207452,0.5029202843792575,3.914580936241864,-1630.7065058391,0.1318369261007319
PHEI_red_482_cutoff_0.0.inp.out,267.84209011177853,-0.1423,0.184,3.44,0.0,-1325.1381039857,-9.399682341018202,-2.5408501952077738,-1630.7074591474,0.1525044548006917
PHEI_red_483_cutoff_0.0.inp.out,268.36202256124733,-0.1601,0.1844,3.7175,0.0,-1325.4502704722,-9.6274188610531,-8.341172603126022,-1631.0129214236,0.1607352076007373
PHEI_red_484_cutoff_0.0.inp.out,267.80482019143085,-0.1445,0.1963,3.2902,0.0,-1325.3626644092,-0.3222712157198718,-3.2440401000278727,-1630.923818413,0.1404521139002099
PHEI_red_485_cutoff_0.0.inp.out,268.22117258180185,-0.1299,0.2165,2.9663,0.0,-1325.1173911336,-3.313179949480092,-4.158726038246582,-1630.6854822808,0.1294900387001689
PHEI_red_486_cutoff_0.0.inp.out,270.7739637574755,-0.1541,0.2105,2.2915,0.0,-1325.4043867532,3.6731322967153104,-0.4004428016292135,-1630.9730013613,0.1537223878003715
PHEI_red_487_cutoff_0.0.inp.out,269.94268541585063,-0.1341,0.2221,2.8673,0.0,-1325.3454940344,5.306757347307473,5.618016866693897,-1630.8946213989,0.1309500453999135
PHEI_red_488_cutoff_0.0.inp.out,271.341214594846,-0.1645,0.2003,2.3118,0.0,-1324.9067007209,-3.8964150067425023,-3.2659795698863965,-1630.4592012371,0.1628185283998391
PHEI_red_489_cutoff_0.0.inp.out,270.74480539405414,-0.1466,0.2092,2.6309,0.0,-1325.36113169,4.958453967437036,0.615787015023135,-1630.9238170133,0.1436099509992345
PHEI_red_48_cutoff_0.0.inp.out,272.02256032558324,-0.1449,0.2062,3.379,0.0,-1325.8739036044,-5.330801933823826,-0.483604943633395,-1631.4424150783,0.1422100118998059
PHEI_red_490_cutoff_0.0.inp.out,272.8367356066608,-0.1549,0.2044,1.987,0.0,-1325.4363175018,4.876658851825977,5.373273843329938,-1631.0018848381,0.1497503297005096
PHEI_red_491_cutoff_0.0.inp.out,270.1760359164053,-0.1383,0.2279,1.8679,0.0,-1325.0631452341,1.870988912850556,0.1263019075382353,-1630.6317954436,0.1354672806000962
PHEI_red_492_cutoff_0.0.inp.out,269.29837911359914,-0.1358,0.2153,3.2157,0.0,-1325.6458899866,7.4900687436192115,8.374467845796042,-1631.2062697462,0.1331633647996568
PHEI_red_493_cutoff_0.0.inp.out,271.9547714086069,-0.1698,0.1942,2.5618,0.0,-1325.5891839538,0.0780335407625383,7.992582578980834,-1631.1447116329,0.1631150409002657
PHEI_red_494_cutoff_0.0.inp.out,268.54735954726334,-0.1428,0.2223,2.2567,0.0,-1325.4873809946,3.331448877349813,12.391335392156368,-1631.0585350968,0.1419920748003278
PHEI_red_495_cutoff_0.0.inp.out,268.8190428910542,-0.144,0.2149,2.3412,0.0,-1325.4910226231,10.777276420880156,28.359955776760525,-1631.0535276756,0.145565214799717
PHEI_red_496_cutoff_0.0.inp.out,270.3896417116079,-0.1425,0.2064,2.9343,0.0,-1325.7233638887,0.0886987397755867,9.773002868074885,-1631.2802579831,0.1439551330995527
PHEI_red_497_cutoff_0.0.inp.out,268.18734360387816,-0.1277,0.2349,2.3987,0.0,-1325.5811643087,-4.192764399185619,-4.206822131650754,-1631.1469271733,0.1285122098006468
PHEI_red_498_cutoff_0.0.inp.out,267.4559775876847,-0.1408,0.2212,2.3522,0.0,-1326.0103779608,-0.0878253601135143,-3.328271435719509,-1631.5567812927,0.1367055157006689
PHEI_red_499_cutoff_0.0.inp.out,268.49522338598854,-0.1285,0.224,2.3344,0.0,-1325.7100577186,-1.2204188990148594,4.346854449046536,-1631.2656463513,0.1299908648998098
PHEI_red_49_cutoff_0.0.inp.out,269.52812771651185,-0.1584,0.2049,2.592,0.0,-1325.2213932264,0.0317756944955144,0.0780410251247032,-1630.7929013523,0.1559512676994927
PHEI_red_4_cutoff_0.0.inp.out,270.00768546912025,-0.1442,0.2078,3.2837,0.0,-1325.1804197627,-7.726106105006311,-12.277965535610234,-1630.7419946396,0.14378605480033
PHEI_red_50_cutoff_0.0.inp.out,267.51841967561376,-0.1602,0.2039,2.4629,0.0,-1325.2005027014,-0.7994284314277551,-2.382708017141358,-1630.7666300432,0.1519631646997368
PHEI_red_51_cutoff_0.0.inp.out,269.7260655252083,-0.1452,0.2167,3.287,0.0,-1324.9632820018,-5.2655333456147515,-7.30996168264256,-1630.5388242471,0.1386163129000124
PHEI_red_52_cutoff_0.0.inp.out,267.49853071380085,-0.1557,0.1957,2.434,0.0,-1325.2840385267,0.9025276526670332,0.1613600497155218,-1630.8450255455,0.1523481839994929
PHEI_red_53_cutoff_0.0.inp.out,266.3135276938025,-0.142,0.2125,3.1486,0.0,-1324.9578159716,-4.438459925646324,-5.190505173229967,-1630.5253766324,0.1416433618996961
PHEI_red_54_cutoff_0.0.inp.out,267.66358191948405,-0.1587,0.1951,3.0265,0.0,-1325.0673512057,-7.887363594186628,-8.075253524577334,-1630.6361548423,0.1551560091002102
PHEI_red_55_cutoff_0.0.inp.out,265.39912895473776,-0.131,0.2142,2.0212,0.0,-1324.7785795537,-3.067337050339957,-7.2792351925139,-1630.3278033377,0.1371095587001036
PHEI_red_56_cutoff_0.0.inp.out,267.7798787322986,-0.1392,0.2074,2.1286,0.0,-1325.1173111145,-4.850540972102641,-12.123048998281664,-1630.6563724631,0.1382075408000673
PHEI_red_57_cutoff_0.0.inp.out,268.48319736180343,-0.1593,0.2035,2.6691,0.0,-1324.532878824,-3.351131105796263,-14.07166342652284,-1630.10624114,0.1483820664006998
PHEI_red_58_cutoff_0.0.inp.out,269.91110519163993,-0.1302,0.2231,2.6499,0.0,-1325.3683276524,1.9184936559996588,-4.492042303959996,-1630.9332654656,0.1279730432006545
PHEI_red_59_cutoff_0.0.inp.out,270.1020467560665,-0.1396,0.2133,3.0396,0.0,-1325.2913430976,-12.053825596699632,-16.56042077185234,-1630.8554645456,0.1338349786001345
PHEI_red_5_cutoff_0.0.inp.out,268.1859670980628,-0.1448,0.2147,2.421,0.0,-1325.3566343722,-4.867712558157169,-9.52276794613018,-1630.9152918462,0.13861853149956
PHEI_red_60_cutoff_0.0.inp.out,271.10321812318557,-0.1515,0.2074,3.2704,0.0,-1325.3334680599,-7.369343538195193,-11.537930866556676,-1630.9076788708,0.1496194275005109
PHEI_red_61_cutoff_0.0.inp.out,269.43116692547125,-0.1381,0.2087,2.8478,0.0,-1324.9157858225,-6.118405780317244,-9.326739641622485,-1630.4670259574,0.1406457401999432
PHEI_red_62_cutoff_0.0.inp.out,270.97480278109373,-0.139,0.2157,3.1919,0.0,-1325.0505861556,-12.150348640369335,-12.217885213116856,-1630.5976550989,0.1330950375995598
PHEI_red_63_cutoff_0.0.inp.out,271.38309024460216,-0.1318,0.2298,3.172,0.0,-1324.8691656025,-6.194217654854409,-13.402340834614508,-1630.4489287087,0.131681893500172
PHEI_red_64_cutoff_0.0.inp.out,267.9534890454196,-0.1541,0.2139,3.3121,0.0,-1324.9592968659,-5.830474849411087,-3.151816694711396,-1630.5251409734,0.1467790585993498
PHEI_red_65_cutoff_0.0.inp.out,268.85096716875694,-0.155,0.2082,3.379,0.0,-1324.6154981389,-2.09070396398137,-6.050120683199841,-1630.1804507183,0.1468241251004656
PHEI_red_66_cutoff_0.0.inp.out,271.7634801002692,-0.145,0.1947,3.17,0.0,-1324.8692181248,-8.340501978749803,-11.89772469386762,-1630.4305218911,0.1402702740997483
PHEI_red_67_cutoff_0.0.inp.out,267.1593834929063,-0.1558,0.1873,3.7332,0.0,-1324.7175916219,-21.15702819500767,-22.35621298812116,-1630.2636313646,0.1507568685001388
PHEI_red_68_cutoff_0.0.inp.out,265.2323652976088,-0.1457,0.2137,3.2295,0.0,-1325.0611696062,-6.090881351869346,-11.014849916283673,-1630.6167892775,0.1454608285994254
PHEI_red_69_cutoff_0.0.inp.out,265.3812310738024,-0.154,0.1851,3.4309,0.0,-1325.3309759325,-21.064645765857477,-23.455072125575615,-1630.8889758502,0.1480006818992478
PHEI_red_6_cutoff_0.0.inp.out,269.0831780093232,-0.1409,0.222,2.891,0.0,-1325.4662642631,-8.94694082632158,-9.929300646453736,-1631.0343283666,0.1382152312007747
PHEI_red_70_cutoff_0.0.inp.out,266.4907553806306,-0.1671,0.171,2.8733,0.0,-1324.9180858525,-12.912502964560009,-8.896799348392992,-1630.4758642451,0.1639927195001291
PHEI_red_71_cutoff_0.0.inp.out,265.67425250056806,-0.1701,0.1663,3.6436,0.0,-1324.8347935384,-4.542177232149961,-4.067089795740908,-1630.3929435432,0.1613628875002177
PHEI_red_72_cutoff_0.0.inp.out,267.71983936156886,-0.1522,0.1899,2.5446,0.0,-1325.1099971086,1.0833280184381862,1.2948566417068492,-1630.6676291841,0.1468216604998815
PHEI_red_73_cutoff_0.0.inp.out,269.71359105506576,-0.147,0.2036,2.2212,0.0,-1324.8314815827,-4.3009872314021775,-7.164064661732406,-1630.4015207457,0.1452446005996535
PHEI_red_74_cutoff_0.0.inp.out,271.7200067965274,-0.1674,0.1916,2.1775,0.0,-1325.0626286183,7.4123680069989,3.586120370167976,-1630.6274627701,0.1605838387004041
PHEI_red_75_cutoff_0.0.inp.out,269.66389465529045,-0.1637,0.2005,2.2885,0.0,-1325.0383687137,-4.578723073488652,-1.0391077140842686,-1630.6044947813,0.1554121521994602
PHEI_red_76_cutoff_0.0.inp.out,269.81908054059096,-0.1522,0.2042,3.0577,0.0,-1324.8442277672,-16.617079202331695,-26.2704874361269,-1630.4235174804,0.1437521360994651
PHEI_red_77_cutoff_0.0.inp.out,270.08856186841615,-0.1469,0.2208,2.4681,0.0,-1324.9308848497,-9.769194295559194,-6.729906552347535,-1630.51882494,0.1409701616003076
PHEI_red_78_cutoff_0.0.inp.out,268.3094024826059,-0.1527,0.1943,2.8409,0.0,-1324.821696665,-7.504915415204358,-6.441729804744383,-1630.3906810665,0.1437061000997346
PHEI_red_79_cutoff_0.0.inp.out,268.3669988232452,-0.145,0.2119,2.4061,0.0,-1325.3445777259,-2.79333106060339,-4.220575431748151,-1630.9019770146,0.1410855648000506
PHEI_red_7_cutoff_0.0.inp.out,268.2095102499495,-0.1431,0.2123,3.1332,0.0,-1325.3184345162,1.2927112466050108,-1.5382750211113032,-1630.8728247328,0.1384216455999194
PHEI_red_80_cutoff_0.0.inp.out,269.3854103999164,-0.1419,0.1977,3.0343,0.0,-1325.0727583601,-21.838419038819257,-29.84030220060864,-1630.6294418828,0.1408562268998139
PHEI_red_81_cutoff_0.0.inp.out,265.4399652942144,-0.1463,0.2149,2.3442,0.0,-1325.3977438558,-11.85555627128837,-20.809264642410294,-1630.9582184572,0.1427455208995525
PHEI_red_82_cutoff_0.0.inp.out,265.9059910660956,-0.1419,0.2201,2.5121,0.0,-1325.6856513243,-4.152536599232738,-4.726312236762922,-1631.2505175343,0.1369482066002092
PHEI_red_83_cutoff_0.0.inp.out,267.73748515151175,-0.1503,0.2131,2.3882,0.0,-1325.2748340275,2.0079266416289823,3.487916084873188,-1630.8287733339,0.1468395913998392
PHEI_red_84_cutoff_0.0.inp.out,269.59604444865363,-0.1484,0.2085,2.9618,0.0,-1325.3192025239,-15.977947155370472,-25.378760760536093,-1630.8795352382,0.1443589083000915
PHEI_red_85_cutoff_0.0.inp.out,269.58918273168564,-0.1501,0.202,2.8682,0.0,-1325.1260223594,-17.96732918523587,-28.30427303910305,-1630.687671941,0.1439184518994807
PHEI_red_86_cutoff_0.0.inp.out,268.1703655241783,-0.155,0.2037,2.5148,0.0,-1325.2210539202,-14.606027098911778,-17.584496830680102,-1630.7842335508,0.146901438799432
PHEI_red_87_cutoff_0.0.inp.out,269.9763603503026,-0.1573,0.2019,2.7622,0.0,-1325.2999312102,-10.58153899941424,-11.278166923320695,-1630.8558160551,0.148585598200043
PHEI_red_88_cutoff_0.0.inp.out,269.1691100999969,-0.1547,0.2034,2.3379,0.0,-1325.292926216,-5.173757304096322,-10.55548920605022,-1630.8592168827,0.1479733602000124
PHEI_red_89_cutoff_0.0.inp.out,269.2265135233967,-0.1579,0.1997,3.4186,0.0,-1324.9822192717,-12.546924026178262,-18.66644006326594,-1630.5401908169,0.1528870702004496
PHEI_red_8_cutoff_0.0.inp.out,267.62540544627734,-0.1162,0.2195,3.0185,0.0,-1325.5568295767,8.53583475109903,7.373787037639469,-1631.0932462518,0.1152630586002487
PHEI_red_90_cutoff_0.0.inp.out,268.6584803639617,-0.168,0.1972,2.5192,0.0,-1325.4138972199,0.5888765155861697,-2.1036719914993047,-1630.9883084207,0.1598199209993254
PHEI_red_91_cutoff_0.0.inp.out,268.03182355586915,-0.1566,0.2091,2.044,0.0,-1325.0081283071,8.092962705231106,6.511215061447502,-1630.571599722,0.1560979927999142
PHEI_red_92_cutoff_0.0.inp.out,269.40694115225983,-0.1438,0.2134,2.9355,0.0,-1325.4877983682,-15.812458680844165,-23.808931083071723,-1631.0442994631,0.1429694979005944
PHEI_red_93_cutoff_0.0.inp.out,268.3474027994031,-0.15,0.2047,2.9953,0.0,-1325.2779111534,-9.451107118838578,-8.626514843600797,-1630.8256483896,0.1444681104003393
PHEI_red_94_cutoff_0.0.inp.out,267.3527230063117,-0.1514,0.2032,2.8168,0.0,-1325.5875251656,-5.228950710749846,-8.016038602620718,-1631.1551225576,0.1498060507001355
PHEI_red_95_cutoff_0.0.inp.out,269.0032361041721,-0.1579,0.1959,2.7946,0.0,-1325.1724882875,-4.201275940517201,-10.39927825024972,-1630.7438843294,0.1490167922002001
PHEI_red_96_cutoff_0.0.inp.out,269.5845706822069,-0.1551,0.2056,2.5346,0.0,-1325.2215079746,3.849644457942097,-1.489628135613723,-1630.7949701225,0.1495976299001995
PHEI_red_97_cutoff_0.0.inp.out,268.94737415913823,-0.1384,0.2092,2.5481,0.0,-1324.9683628858,-4.892378264609866,-6.789036101124253,-1630.5285002256,0.134354412999528
PHEI_red_98_cutoff_0.0.inp.out,269.14576142668926,-0.1543,0.2125,2.6827,0.0,-1325.1135777969,-14.6051852553938,-21.38876008845113,-1630.6900638465,0.1453283581004143
PHEI_red_99_cutoff_0.0.inp.out,270.63721288951473,-0.1499,0.2053,3.3994,0.0,-1325.525450487,-9.62149533570538,-18.817051679776092,-1631.0973180891,0.1480758474999675
PHEI_red_9_cutoff_0.0.inp.out,267.94420590714043,-0.1408,0.2065,1.9799,0.0,-1325.2308712701,-8.680355501770727,-13.33155793653662,-1630.7863884518,0.1428687786001319
