file_name,NRE,HOMO,LUMO,Dipole_mom,Num_waters,chg_chg,elec5,elec10,delE_hf,delE_dft
PHEI_red_0_cutoff_0.0.inp.out,269.80139944741285,-0.1605,0.1937,2.6365,0.0,-1325.4998715616,-7.891166524132887,-8.309402461719506,-1631.0620191308,0.1581335890000446
PHEI_red_100_cutoff_0.0.inp.out,269.93170248952754,-0.1620,0.1762,2.3499,0.0,-1325.7196376718,3.7317254742606463,16.98985356659919,-1631.2850445024,0.1640987170999324
PHEI_red_101_cutoff_0.0.inp.out,268.3730554909716,-0.1466,0.1972,3.2497,0.0,-1325.6105288653,1.0422125680613723,2.50703983663145,-1631.1586917305,0.14587886610001988
PHEI_red_102_cutoff_0.0.inp.out,270.7060908198657,-0.1653,0.1961,2.6490,0.0,-1325.6452953475,-2.302939439833287,-1.9660591759666346,-1631.2189193366,0.16158164690000376
PHEI_red_103_cutoff_0.0.inp.out,272.30779753165024,-0.1584,0.2066,2.3296,0.0,-1325.4998077943,10.436658221703595,7.362936985281851,-1631.0744842781,0.15523213010010295
PHEI_red_104_cutoff_0.0.inp.out,271.0580051327243,-0.1392,0.2060,1.7797,0.0,-1325.4479700278,5.200391930152146,6.226140081631223,-1630.9985375093,0.13828656109990334
PHEI_red_105_cutoff_0.0.inp.out,271.37783454526124,-0.1468,0.2045,2.2552,0.0,-1325.3031033163,1.3515799149966836,0.538958662159702,-1630.8587736835,0.14774031700017076
PHEI_red_106_cutoff_0.0.inp.out,271.32712204567093,-0.1433,0.2063,2.2905,0.0,-1325.3884516822,1.9846445825902883,4.24252430527648,-1630.9517345545,0.1433513386998584
PHEI_red_107_cutoff_0.0.inp.out,269.0669157926989,-0.1213,0.2280,2.5135,0.0,-1325.5282911954,-2.53107539392222,10.365475342486361,-1631.0906335369,0.12101507490001495
PHEI_red_108_cutoff_0.0.inp.out,267.3745480282019,-0.1328,0.2186,2.6978,0.0,-1325.3882701891,0.8202468115252701,11.379855607323604,-1630.9545759475,0.1344591883000703
PHEI_red_109_cutoff_0.0.inp.out,266.8907428926448,-0.1414,0.2221,2.7168,0.0,-1325.5812279557,0.36560741268161623,1.4744096386786825,-1631.141086132,0.14172357960001136
PHEI_red_10_cutoff_0.0.inp.out,267.10282047813615,-0.1508,0.2069,2.5894,0.0,-1325.2996496172,-2.1096892361273016,-4.784420882491541,-1630.8540990673,0.1503297720998944
PHEI_red_110_cutoff_0.0.inp.out,264.1428113342627,-0.1569,0.2032,2.0130,0.0,-1325.6971049882,0.999487265812138,1.2304616720180925,-1631.2394857143,0.15787526290000642
PHEI_red_111_cutoff_0.0.inp.out,266.4795094930537,-0.1358,0.2133,1.9660,0.0,-1326.0314826230,-1.945126305303405,-4.8141388498861595,-1631.572198857,0.1379286243000024
PHEI_red_112_cutoff_0.0.inp.out,266.33667391032145,-0.1197,0.2300,1.3365,0.0,-1326.2146186856,0.38106698819235013,0.026605919593468322,-1631.7509451254,0.11968232920003175
PHEI_red_113_cutoff_0.0.inp.out,267.74028987252825,-0.1334,0.2177,1.5315,0.0,-1325.8384145154,-0.14816521801346205,1.4560170204760619,-1631.3931505806,0.1341006551999726
PHEI_red_114_cutoff_0.0.inp.out,269.0099729221695,-0.1368,0.2187,3.0726,0.0,-1325.9148947361,2.2694404153703873,2.569265473479756,-1631.4794237342,0.13764977129994804
PHEI_red_115_cutoff_0.0.inp.out,267.05539894998304,-0.1530,0.1866,3.3561,0.0,-1325.4921776565,-3.588029520297132,8.398325485475532,-1631.0514892024,0.15452180540000882
PHEI_red_116_cutoff_0.0.inp.out,268.2492640621659,-0.1401,0.2241,2.9966,0.0,-1325.6760678425,0.5922791125464966,2.5728414456978834,-1631.244545754,0.13911554360015543
PHEI_red_117_cutoff_0.0.inp.out,270.8558241479216,-0.1457,0.2114,2.0186,0.0,-1325.4820499073,3.924180350685517,4.0868097866145465,-1631.0439615092,0.14631307629997536
PHEI_red_118_cutoff_0.0.inp.out,268.5477753964063,-0.1263,0.2257,2.1490,0.0,-1325.1914434190,4.415474739508828,8.57130116877769,-1630.7418334323,0.12549054179999075
PHEI_red_119_cutoff_0.0.inp.out,272.40964332137185,-0.1354,0.2159,2.3565,0.0,-1325.4793475692,-6.378849565261897,-4.819508873522884,-1631.0438387603,0.13628684779996547
PHEI_red_11_cutoff_0.0.inp.out,265.1207115122651,-0.1470,0.2109,2.3071,0.0,-1325.1005390934,5.575150314900055,12.694379031888666,-1630.6462072442,0.14502669109992894
PHEI_red_120_cutoff_0.0.inp.out,271.3056685413176,-0.1343,0.2135,1.8839,0.0,-1325.2173320177,0.8039443568995784,0.7870997031227746,-1630.7635616193,0.13454874930016558
PHEI_red_121_cutoff_0.0.inp.out,269.0212541277819,-0.1423,0.2135,3.6777,0.0,-1325.5379282980,2.652484088740548,6.31618466236263,-1631.0911191141,0.14134171500018056
PHEI_red_122_cutoff_0.0.inp.out,269.68558472357984,-0.1490,0.1894,3.2453,0.0,-1325.4392349013,-7.478369611946387,-0.35038378155520333,-1630.9976019628,0.1483981259000302
PHEI_red_123_cutoff_0.0.inp.out,267.5310585062923,-0.1334,0.2098,3.6725,0.0,-1325.5677878361,-0.12968117746139818,-2.011264236747126,-1631.1216316538,0.13177217459997337
PHEI_red_124_cutoff_0.0.inp.out,268.93350730810084,-0.1273,0.2205,3.0963,0.0,-1325.3948562953,-5.636266864280662,-5.345013934964911,-1630.9526287759,0.1276511611999922
PHEI_red_125_cutoff_0.0.inp.out,268.6448477665381,-0.1252,0.2240,3.2875,0.0,-1325.2746977308,-4.971186180440461,-9.507944787039465,-1630.8382743003,0.12651530829998592
PHEI_red_126_cutoff_0.0.inp.out,264.4316090705662,-0.1373,0.2124,3.1255,0.0,-1325.7110181042,-5.645326122240335,-15.068612599448745,-1631.2541163622,0.13811472990005313
PHEI_red_127_cutoff_0.0.inp.out,266.80292828188607,-0.1443,0.2154,2.6088,0.0,-1325.1043862970,-24.974676126506328,-24.320166204852853,-1630.6601329445,0.14421771249999438
PHEI_red_128_cutoff_0.0.inp.out,268.26704856080363,-0.1317,0.2269,2.5212,0.0,-1325.3886106225,-13.506372244324533,-17.944616572019847,-1630.9454168343,0.1304926603002059
PHEI_red_129_cutoff_0.0.inp.out,266.55304324823277,-0.1311,0.2202,2.8567,0.0,-1325.1859699253,-12.506224799463395,-2.8276415588995305,-1630.7452151505,0.13135793150013342
PHEI_red_12_cutoff_0.0.inp.out,267.8929257421881,-0.1351,0.2185,2.4984,0.0,-1325.2387135213,4.566319327312676,4.0524712919900985,-1630.7961866666,0.13425527930007775
PHEI_red_130_cutoff_0.0.inp.out,266.91709896929086,-0.1366,0.2191,3.1806,0.0,-1325.3112985694,-5.943035133525001,-5.211135740490059,-1630.8682144909,0.13655223139994632
PHEI_red_131_cutoff_0.0.inp.out,271.71756327705396,-0.1468,0.1984,2.4602,0.0,-1325.5557973702,-1.7303833569794613,-2.9333776622626435,-1631.1240388905,0.14581482560015502
PHEI_red_132_cutoff_0.0.inp.out,268.65569276976714,-0.1626,0.2011,1.6807,0.0,-1325.0600873440,2.121756634166084,-0.5738743162019093,-1630.633421127,0.16295278460006557
PHEI_red_133_cutoff_0.0.inp.out,267.7559805430694,-0.1430,0.2230,2.5786,0.0,-1325.3729936859,-1.3728268482478934,2.1002549912853694,-1630.9339781774,0.14183719829998154
PHEI_red_134_cutoff_0.0.inp.out,269.5436950295924,-0.1572,0.2103,2.3770,0.0,-1325.2577821776,-3.384132398666684,-4.5780753670959236,-1630.8223758975,0.1572406190998663
PHEI_red_135_cutoff_0.0.inp.out,269.52434214391985,-0.1537,0.2017,1.8430,0.0,-1325.2680844559,-0.1620722261498968,-1.7794092808708144,-1630.8233947553,0.15365553890001138
PHEI_red_136_cutoff_0.0.inp.out,269.4390523206499,-0.1722,0.1840,3.2482,0.0,-1325.3217922107,-21.218405569120147,-23.495609281845823,-1630.8852110919,0.17074139810006272
PHEI_red_137_cutoff_0.0.inp.out,271.05495097995316,-0.1354,0.2173,2.6869,0.0,-1325.5222268114,-3.9618772173710948,-8.19258534956464,-1631.0899442344,0.1356643528999939
PHEI_red_138_cutoff_0.0.inp.out,267.5209579193215,-0.1545,0.2011,2.6303,0.0,-1325.2422826399,-7.131982528175543,-7.32281238043901,-1630.8023466865,0.15449711619999107
PHEI_red_139_cutoff_0.0.inp.out,268.4512059276945,-0.1494,0.2109,2.7309,0.0,-1325.4971294291,-0.8820657853465603,-8.667632570695174,-1631.0611315958,0.14811893470005089
PHEI_red_13_cutoff_0.0.inp.out,269.91227482586163,-0.1366,0.2189,2.6640,0.0,-1325.0184007650,-5.382943558254751,-3.58208718281856,-1630.5790372556,0.1358307789000719
PHEI_red_140_cutoff_0.0.inp.out,271.71964300360855,-0.1449,0.2128,2.2386,0.0,-1325.3338930435,1.114009586770413,-11.71124488078194,-1630.909979261,0.14532196309983192
PHEI_red_141_cutoff_0.0.inp.out,269.0491012025673,-0.1452,0.2162,2.5001,0.0,-1325.5689279574,4.974140681729402,5.698021727642775,-1631.122948547,0.14540778709988444
PHEI_red_142_cutoff_0.0.inp.out,268.7060574987956,-0.1474,0.2088,2.7691,0.0,-1325.2582184720,11.215091880467508,12.87610509945792,-1630.828752596,0.1470003724000435
PHEI_red_143_cutoff_0.0.inp.out,270.76956283007945,-0.1524,0.2158,2.2653,0.0,-1325.4348547078,5.529907921089294,13.694754355385378,-1631.0034886026,0.15322228049990372
PHEI_red_144_cutoff_0.0.inp.out,268.2204194273378,-0.1468,0.2082,2.7277,0.0,-1325.2441504893,16.290117350919928,25.722287307876726,-1630.7970515712,0.14513273970010232
PHEI_red_145_cutoff_0.0.inp.out,266.3067280794331,-0.1584,0.2142,2.6707,0.0,-1325.5323190330,-4.393206251804456,-5.3030441129785295,-1631.111740665,0.1577597440000318
PHEI_red_146_cutoff_0.0.inp.out,268.9707516323844,-0.1349,0.2242,2.9335,0.0,-1325.3080832263,-2.0423103877456854,4.1957535623599105,-1630.8638988178,0.13514685519999148
PHEI_red_147_cutoff_0.0.inp.out,272.7373285490294,-0.1413,0.1978,2.3339,0.0,-1324.8488182939,7.44054542865634,7.245614208938928,-1630.4108015778,0.14167340130006778
PHEI_red_148_cutoff_0.0.inp.out,268.68087944164483,-0.1462,0.2053,2.6063,0.0,-1325.1172541317,8.570886404864988,6.229864064175892,-1630.6723152527,0.1474091862999103
PHEI_red_149_cutoff_0.0.inp.out,268.09229021615874,-0.1527,0.2094,2.0468,0.0,-1325.0497339717,0.257659539005491,2.1483822450896763,-1630.6065687394,0.15204566320016966
PHEI_red_14_cutoff_0.0.inp.out,268.81072005850257,-0.1426,0.2080,2.7144,0.0,-1325.2490705514,-1.4789190209139365,-0.36827149249184443,-1630.8067778081,0.14240254469996216
PHEI_red_150_cutoff_0.0.inp.out,270.0441022136422,-0.1292,0.2205,2.2043,0.0,-1324.9297829974,1.954239565941432,1.3512752898030145,-1630.4798364632,0.1296767223000188
PHEI_red_151_cutoff_0.0.inp.out,268.7066193634961,-0.1418,0.2070,2.1247,0.0,-1324.9222562376,9.970415654888178,7.046828598377177,-1630.4709182531,0.14274352209986318
PHEI_red_152_cutoff_0.0.inp.out,266.69280858708896,-0.1404,0.2176,2.2531,0.0,-1324.7859006717,7.891862326267081,8.12571889918181,-1630.3519888824,0.14080929669989928
PHEI_red_153_cutoff_0.0.inp.out,268.8202085560669,-0.1530,0.2052,2.6976,0.0,-1324.8203359953,8.813029101045831,14.433301513732056,-1630.3798587834,0.15248054089988727
PHEI_red_154_cutoff_0.0.inp.out,268.4879292930483,-0.1538,0.2097,2.7656,0.0,-1325.2005353720,7.246791689891561,11.170244358077664,-1630.7616781007,0.15159913270008474
PHEI_red_155_cutoff_0.0.inp.out,268.46370702740836,-0.1346,0.2270,2.3553,0.0,-1324.8375410015,5.664977863985464,9.039001589030514,-1630.4051272505,0.13485508539997682
PHEI_red_156_cutoff_0.0.inp.out,267.88363158009116,-0.1204,0.2308,2.0863,0.0,-1324.5984797513,-2.5573294094444874,-0.12485544361868428,-1630.157948464,0.12159202799989544
PHEI_red_157_cutoff_0.0.inp.out,270.987219792763,-0.1563,0.2027,2.4305,0.0,-1325.1389728543,-3.287238505372027,7.234839065240499,-1630.6969578543,0.15779379779996816
PHEI_red_158_cutoff_0.0.inp.out,269.5093012752484,-0.1523,0.2111,2.5540,0.0,-1324.7539852972,3.492710159309063,7.611876540998485,-1630.3110506712,0.15161034790003214
PHEI_red_159_cutoff_0.0.inp.out,269.90336242405743,-0.1546,0.2099,2.7836,0.0,-1325.0187956289,4.409318895526172,8.012120363161277,-1630.5846540507,0.1529226243001176
PHEI_red_15_cutoff_0.0.inp.out,268.2351419185742,-0.1436,0.2170,2.6319,0.0,-1325.1362313796,1.0450393098712354,-2.9970400269871433,-1630.7008576971,0.14429410140019172
PHEI_red_160_cutoff_0.0.inp.out,269.4905633310962,-0.1399,0.2276,1.5317,0.0,-1324.6431717943,-4.1877831781196,-6.195677505927137,-1630.2060535369,0.13927194289999534
PHEI_red_161_cutoff_0.0.inp.out,268.9987936739484,-0.1429,0.2197,2.4474,0.0,-1324.9289200499,0.26290822432912153,5.721636061433889,-1630.485195675,0.14307956269999522
PHEI_red_162_cutoff_0.0.inp.out,268.18796767459105,-0.1364,0.2052,3.0145,0.0,-1325.0772698754,2.2314349324031064,2.6427685523318987,-1630.6330179695,0.13601505499991617
PHEI_red_163_cutoff_0.0.inp.out,266.41421777913473,-0.1328,0.2156,2.8159,0.0,-1325.1697553002,-1.612050609044559,2.748495582674405,-1630.7215194098,0.13189406409992444
PHEI_red_164_cutoff_0.0.inp.out,270.43282256677236,-0.1225,0.2191,3.0632,0.0,-1325.0548849683,-1.8221072129249571,-2.1929296190866063,-1630.6263776916,0.12206821040012983
PHEI_red_165_cutoff_0.0.inp.out,268.8133648456782,-0.1298,0.2332,2.2357,0.0,-1325.4095815532,-0.6771877197119125,-6.868318248347839,-1630.9722784166,0.1276647203999346
PHEI_red_166_cutoff_0.0.inp.out,268.214059328029,-0.1551,0.2103,2.4871,0.0,-1325.3410734337,-9.123703599009055,-12.361551324381995,-1630.9001546487,0.1538746244000322
PHEI_red_167_cutoff_0.0.inp.out,270.14928441087966,-0.1464,0.2106,2.1148,0.0,-1325.2939294870,-5.315687525156419,-7.0801341770497315,-1630.856909615,0.1465673499001241
PHEI_red_168_cutoff_0.0.inp.out,271.50276169048345,-0.1144,0.2331,2.6111,0.0,-1325.2615556262,-2.192010724294742,-2.628172572107371,-1630.8243957314,0.1139785868999752
PHEI_red_169_cutoff_0.0.inp.out,270.4984321934766,-0.1533,0.2032,2.7200,0.0,-1325.5060894329,1.69666644855839,-1.226851148883548,-1631.0724794964,0.15101962309995542
PHEI_red_16_cutoff_0.0.inp.out,269.87911016084877,-0.1448,0.2111,2.7688,0.0,-1325.1069321566,2.9722225816827454,3.1580702011151796,-1630.6764244135,0.14322799809997377
PHEI_red_170_cutoff_0.0.inp.out,270.066941595379,-0.1640,0.1908,2.1708,0.0,-1325.6955149577,0.6781776526456209,-1.028843169965404,-1631.2752552152,0.16221427080017747
PHEI_red_171_cutoff_0.0.inp.out,270.542054545464,-0.1455,0.2175,2.3998,0.0,-1325.8987296091,-10.606798863219204,-13.533426415212618,-1631.4657324014,0.14449860479999188
PHEI_red_172_cutoff_0.0.inp.out,269.7819682492315,-0.1435,0.2105,2.4014,0.0,-1325.6258125993,1.4696618394025585,8.447389646080712,-1631.1930190698,0.14235748589999275
PHEI_red_173_cutoff_0.0.inp.out,267.1350707663896,-0.1482,0.2164,2.7031,0.0,-1325.6114073550,-0.7327867595301883,-3.3602956227740837,-1631.1891349659,0.147024533999911
PHEI_red_174_cutoff_0.0.inp.out,268.9345916482725,-0.1377,0.2196,2.3710,0.0,-1325.2471538662,-2.530966067723011,-4.546306736873866,-1630.8121767227,0.1385058518999358
PHEI_red_175_cutoff_0.0.inp.out,269.195319865214,-0.1411,0.2156,2.2071,0.0,-1325.5033710708,0.53153985675282,-0.38165843700312674,-1631.0600882289,0.1427406597999834
PHEI_red_176_cutoff_0.0.inp.out,269.20741408624326,-0.1575,0.2040,2.1392,0.0,-1325.5091570866,-1.1900775668010544,-2.633224521657527,-1631.0739150702,0.1593040804998509
PHEI_red_177_cutoff_0.0.inp.out,270.6475669413896,-0.1583,0.2057,2.6347,0.0,-1325.3694590582,-2.130537201936643,1.7672759903887179,-1630.9371024472,0.15825518980000197
PHEI_red_178_cutoff_0.0.inp.out,267.22837281117415,-0.1841,0.1922,2.5227,0.0,-1325.4104143661,-0.6789599758642986,-1.0067430072193875,-1630.9742088708,0.18148753759987812
PHEI_red_179_cutoff_0.0.inp.out,269.1682002442795,-0.1674,0.2015,3.0398,0.0,-1325.2019668273,3.903077047080899,10.677079346939102,-1630.7680714752,0.16516814369992971
PHEI_red_17_cutoff_0.0.inp.out,269.4417973997057,-0.1352,0.2048,3.0589,0.0,-1325.6305026044,-1.1752196868228795,5.012790038044037,-1631.1890279815,0.13503363330005413
PHEI_red_180_cutoff_0.0.inp.out,269.25212552738384,-0.1450,0.2035,3.0034,0.0,-1325.3385646516,-0.4004643217649595,1.7717192523211067,-1630.904028989,0.14434687290008696
PHEI_red_181_cutoff_0.0.inp.out,268.0123491806723,-0.1349,0.2243,2.9170,0.0,-1325.7617202917,3.8879464908685364,5.611465875738465,-1631.3164554016,0.1366998642999988
PHEI_red_182_cutoff_0.0.inp.out,268.52916293184506,-0.1472,0.2144,2.7603,0.0,-1325.2581942100,8.16483928919414,6.783423282050725,-1630.8302166958,0.14617138170001454
PHEI_red_183_cutoff_0.0.inp.out,269.2415120665918,-0.1801,0.1876,2.5450,0.0,-1325.6788342035,-4.41045039646076,-1.7159242973287503,-1631.2514134306,0.18042064089991072
PHEI_red_184_cutoff_0.0.inp.out,267.31743927106027,-0.1750,0.1890,2.2705,0.0,-1325.8339477849,-2.2999091082364016,-2.8804194780876275,-1631.3966567623,0.17282460089995766
PHEI_red_185_cutoff_0.0.inp.out,267.0465764932362,-0.1588,0.1980,2.9818,0.0,-1325.7275423680,-3.8141400950813154,-1.6499623003118105,-1631.288957799,0.15755004760012525
PHEI_red_186_cutoff_0.0.inp.out,266.32112135497897,-0.1484,0.2087,3.4045,0.0,-1325.1013462521,-6.025596205565952,-4.9045450068899115,-1630.6765013224,0.14774103359991386
PHEI_red_187_cutoff_0.0.inp.out,266.2849607538012,-0.1465,0.1894,3.0644,0.0,-1325.4998136067,-18.85551579097359,-15.15999482965333,-1631.0522882145,0.14689705439991485
PHEI_red_188_cutoff_0.0.inp.out,268.3159294221282,-0.1499,0.2051,1.7845,0.0,-1325.7596807579,-9.291000279747376,-11.43188354965958,-1631.3195144933,0.15114953019997301
PHEI_red_189_cutoff_0.0.inp.out,266.9867161903763,-0.1618,0.1922,2.1497,0.0,-1325.5107140264,7.834551969466728,11.353519719923609,-1631.068291893,0.16292399020017
PHEI_red_18_cutoff_0.0.inp.out,269.6969945410736,-0.1542,0.2017,2.7361,0.0,-1325.0425053097,8.184091761581179,10.154711636443077,-1630.6082233559,0.1521841912999662
PHEI_red_190_cutoff_0.0.inp.out,265.8663076992258,-0.1603,0.2013,1.5970,0.0,-1325.1783866667,8.290555883862678,5.128890355821089,-1630.7344612378,0.1588671407998845
PHEI_red_191_cutoff_0.0.inp.out,270.11442899612126,-0.1463,0.2057,2.9015,0.0,-1325.1937007147,-7.4244004094155445,-10.905976918071293,-1630.7615102231,0.14503814780005087
PHEI_red_192_cutoff_0.0.inp.out,270.98141009932067,-0.1562,0.2026,2.1118,0.0,-1325.6916177550,1.7764594046233688,2.367492097776191,-1631.2468998542,0.15462510769998516
PHEI_red_193_cutoff_0.0.inp.out,269.86718620295125,-0.1476,0.1987,2.4921,0.0,-1325.4628542470,-3.404836802876701,-0.5158063756033149,-1631.0050230543,0.14928035459979583
PHEI_red_194_cutoff_0.0.inp.out,271.6688093814078,-0.1367,0.2168,2.3168,0.0,-1325.3147821178,7.092881892122296,10.348736387648563,-1630.8811785988,0.1361876247001419
PHEI_red_195_cutoff_0.0.inp.out,269.7118085342649,-0.1441,0.2183,1.9900,0.0,-1325.6030828140,8.038181024538366,15.300267162223882,-1631.1666615095,0.14269703019999724
PHEI_red_196_cutoff_0.0.inp.out,269.4439793447786,-0.1538,0.1965,2.8417,0.0,-1325.6688721045,7.395483777838776,27.81038576885987,-1631.2284464344,0.15235589180019815
PHEI_red_197_cutoff_0.0.inp.out,271.59044718717035,-0.1550,0.2101,2.2907,0.0,-1325.5178984242,7.4540634203954586,14.887457652003883,-1631.092040871,0.15347806470003889
PHEI_red_198_cutoff_0.0.inp.out,269.0921257545921,-0.1507,0.2130,3.0449,0.0,-1325.8079960986,9.189631167325077,26.764844691968488,-1631.368821803,0.14995183220003128
PHEI_red_199_cutoff_0.0.inp.out,269.36484972111697,-0.1473,0.2147,2.1223,0.0,-1325.7814994115,2.534076956360762,7.414901583110504,-1631.3440215911,0.14847635399996761
PHEI_red_19_cutoff_0.0.inp.out,269.6878434794604,-0.1427,0.2120,2.6805,0.0,-1325.0093753811,5.177585470430809,5.291534689397517,-1630.5815327022,0.14243926950007335
PHEI_red_1_cutoff_0.0.inp.out,270.0848518684383,-0.1500,0.2128,2.4868,0.0,-1325.0053742770,6.205794385945922,4.7089269190129315,-1630.5567960488,0.1477079763999427
PHEI_red_200_cutoff_0.0.inp.out,267.2001678502404,-0.1545,0.2023,2.5136,0.0,-1325.4971878225,14.2672226580196,23.411635276372614,-1631.0456358769,0.15382781720018102
PHEI_red_201_cutoff_0.0.inp.out,268.09073581433586,-0.1655,0.1901,3.0500,0.0,-1325.8338546320,17.367467489738395,23.54719137598134,-1631.3908806331,0.16544279410004492
PHEI_red_202_cutoff_0.0.inp.out,269.4596223580447,-0.1580,0.1972,2.6918,0.0,-1325.4107390727,6.824286833826251,8.927570667313512,-1630.9739001359,0.15809778390007523
PHEI_red_203_cutoff_0.0.inp.out,267.4216302858665,-0.1558,0.2016,3.1397,0.0,-1325.7150097090,0.7049188492569387,13.053017221828592,-1631.2790166722,0.15490025770009197
PHEI_red_204_cutoff_0.0.inp.out,266.4361946472015,-0.1610,0.1904,2.6904,0.0,-1325.6319555682,-0.47415428315448893,7.262629811127518,-1631.1947870605,0.16022999489996437
PHEI_red_205_cutoff_0.0.inp.out,267.87971914467295,-0.1455,0.2030,3.1099,0.0,-1325.8267368785,8.609741276779628,24.29639946274905,-1631.3877784443,0.1454730158000075
PHEI_red_206_cutoff_0.0.inp.out,269.5368323863314,-0.1375,0.1992,3.8399,0.0,-1325.5533264040,-0.66881710380295,5.809520947017077,-1631.1066822334,0.13651733730011983
PHEI_red_207_cutoff_0.0.inp.out,269.25597300339786,-0.1351,0.2160,2.9480,0.0,-1325.7802016472,11.696804477759825,19.390803493362423,-1631.3488682426,0.1344597961999625
PHEI_red_208_cutoff_0.0.inp.out,268.53028042002114,-0.1446,0.2169,1.8678,0.0,-1325.8543750222,6.312553270902755,2.770929049368113,-1631.422607769,0.14252991270018356
PHEI_red_209_cutoff_0.0.inp.out,269.4889305660281,-0.1592,0.2023,3.0271,0.0,-1325.8736503962,4.363679668668536,17.441199714239648,-1631.4409441012,0.1591824178999559
PHEI_red_20_cutoff_0.0.inp.out,269.2475946337482,-0.1479,0.2016,2.7092,0.0,-1324.9368385224,0.2574603006457941,-3.1040658824297926,-1630.5035071499,0.14849196189993563
PHEI_red_210_cutoff_0.0.inp.out,271.45002685789655,-0.1495,0.1977,2.7116,0.0,-1325.4823961445,10.402920622630834,13.336310688173723,-1631.0440760743,0.15054671170014444
PHEI_red_211_cutoff_0.0.inp.out,269.074459412738,-0.1293,0.2296,2.8554,0.0,-1325.6015958195,16.881420009993448,16.070283723773134,-1631.1603213623,0.12866378349986007
PHEI_red_212_cutoff_0.0.inp.out,271.1351737301182,-0.1505,0.2259,3.0420,0.0,-1325.4733665197,4.788103391329756,18.603082368408057,-1631.0505991727,0.14839301949996297
PHEI_red_213_cutoff_0.0.inp.out,268.9804625827592,-0.1591,0.2022,2.6769,0.0,-1325.4915720661,0.2796475544915063,-4.674941414425826,-1631.0438707292,0.15872788059982668
PHEI_red_214_cutoff_0.0.inp.out,270.14722103803115,-0.1568,0.2076,2.3633,0.0,-1325.4267822612,-7.436874880712366,-10.701587797345887,-1630.9731049333,0.15652494860000843
PHEI_red_215_cutoff_0.0.inp.out,272.4485773427235,-0.1429,0.2188,3.1149,0.0,-1325.3096328640,-15.97041743761574,-17.9811009815427,-1630.8747565752,0.1412245825001719
PHEI_red_216_cutoff_0.0.inp.out,270.52382171772484,-0.1529,0.2249,2.0253,0.0,-1326.0096774607,-0.35564792789459476,-4.326338499859482,-1631.5697387127,0.15085565470008078
PHEI_red_217_cutoff_0.0.inp.out,268.55038217324966,-0.1625,0.2136,2.4544,0.0,-1325.2132755161,-11.094163690659956,-16.988372215636772,-1630.7785380215,0.16186581320016558
PHEI_red_218_cutoff_0.0.inp.out,269.01978447149304,-0.1627,0.2049,3.2484,0.0,-1325.9420867615,-7.325727183713595,-8.785262251879692,-1631.5165250537,0.1623605039001177
PHEI_red_219_cutoff_0.0.inp.out,269.3535390565449,-0.1335,0.2209,3.0171,0.0,-1325.4278730251,-9.49105802271354,-9.056125035135688,-1630.9923197297,0.1330689281001014
PHEI_red_21_cutoff_0.0.inp.out,268.6930232510665,-0.1375,0.2101,2.3708,0.0,-1324.8559955069,2.9726327376393282,4.5706980464765605,-1630.4166974966,0.13712162310002896
PHEI_red_220_cutoff_0.0.inp.out,267.97830073718404,-0.1538,0.2083,2.0786,0.0,-1325.4710109007,-0.053106768506260504,-1.7521684929550831,-1631.0334979943,0.15353446919993985
PHEI_red_221_cutoff_0.0.inp.out,267.8678316322744,-0.1614,0.1955,3.3350,0.0,-1325.8844802280,-2.53675868712903,-2.1846168725077737,-1631.4423925438,0.16147996640006568
PHEI_red_222_cutoff_0.0.inp.out,267.97646898741533,-0.1611,0.1849,3.0082,0.0,-1325.5114840772,-1.9553679319120403,-5.00337090893754,-1631.0753298526,0.1611135965001722
PHEI_red_223_cutoff_0.0.inp.out,267.5451050291885,-0.1577,0.1996,2.8766,0.0,-1325.4254747416,-3.8589899115946285,-8.12959514202427,-1630.9849730823,0.15598240320014156
PHEI_red_224_cutoff_0.0.inp.out,269.8665963389406,-0.1538,0.1818,2.8045,0.0,-1325.2789698594,0.39502929733236225,-6.74582866597688,-1630.830054722,0.15388414650010418
PHEI_red_225_cutoff_0.0.inp.out,266.5681282029394,-0.1415,0.1958,3.0373,0.0,-1325.3265026640,-7.6833860743385,-7.0167110464713405,-1630.8846702831,0.14252242290012873
PHEI_red_226_cutoff_0.0.inp.out,269.9809121064483,-0.1393,0.2127,3.3180,0.0,-1325.4160909183,-3.1733063019647063,-1.8334996135255377,-1630.9818707625,0.1383191858999453
PHEI_red_227_cutoff_0.0.inp.out,271.91292742089814,-0.1384,0.2151,2.3388,0.0,-1325.6409070062,2.379463918837548,6.283321160161804,-1631.2031379869,0.13621652960000574
PHEI_red_228_cutoff_0.0.inp.out,267.62025875410416,-0.1655,0.2019,2.4425,0.0,-1325.5581000705,-0.37601594329947075,0.9316346873954863,-1631.1127572964,0.1644855348999954
PHEI_red_229_cutoff_0.0.inp.out,270.1644466153482,-0.1394,0.2199,2.0382,0.0,-1324.6012414871,-0.9499002457816974,4.739734015244308,-1630.1553332946,0.13939156049991652
PHEI_red_22_cutoff_0.0.inp.out,270.4505750648491,-0.1367,0.2101,2.0344,0.0,-1324.8549536019,6.076609793494161,10.567459308082437,-1630.4161927303,0.1367549372000667
PHEI_red_230_cutoff_0.0.inp.out,273.1940387893561,-0.1526,0.2044,2.2521,0.0,-1325.7360255011,6.9586662433052755,6.078750052932907,-1631.3058576752,0.15081506770002306
PHEI_red_231_cutoff_0.0.inp.out,268.71175209665336,-0.1397,0.2110,2.4274,0.0,-1324.8458916244,6.719820607632638,6.496590046588144,-1630.4086824701,0.1395758363000823
PHEI_red_232_cutoff_0.0.inp.out,268.36861657835277,-0.1656,0.1779,1.2083,0.0,-1325.7600924474,3.431368429780532,10.855630893343402,-1631.3150759011,0.16379123199999412
PHEI_red_233_cutoff_0.0.inp.out,268.65838565183464,-0.1311,0.2265,2.3334,0.0,-1325.1471198893,3.634737038028123,6.442635367058781,-1630.7158025123,0.13168941169988102
PHEI_red_234_cutoff_0.0.inp.out,264.8208494439515,-0.1347,0.2116,2.0278,0.0,-1324.9820032843,13.083333104982856,18.657182642908406,-1630.544504191,0.13482151480002358
PHEI_red_235_cutoff_0.0.inp.out,266.4795553666796,-0.1252,0.2263,2.1835,0.0,-1325.1136276404,3.25942413266525,2.982578344828476,-1630.6693965823,0.12674263019994214
PHEI_red_236_cutoff_0.0.inp.out,266.0439382947111,-0.1480,0.2118,2.3142,0.0,-1325.1608512704,-3.1774351320551943,-0.8452659840158949,-1630.7349668648,0.148080521699967
PHEI_red_237_cutoff_0.0.inp.out,266.31063878386226,-0.1641,0.1955,2.5340,0.0,-1325.5246477475,-3.8203335068434106,-5.517689657895786,-1631.0718156517,0.1630947483001819
PHEI_red_238_cutoff_0.0.inp.out,268.19298443912334,-0.1412,0.1992,2.3939,0.0,-1325.3230579620,-3.525666301376375,-2.3802818985854723,-1630.8771090218,0.14190433249996204
PHEI_red_239_cutoff_0.0.inp.out,267.2013201972502,-0.1425,0.2111,2.3745,0.0,-1325.6808703725,-1.7067948595842688,-1.692739137778755,-1631.247644677,0.1439294099000108
PHEI_red_23_cutoff_0.0.inp.out,268.2180900001641,-0.1382,0.2052,2.9870,0.0,-1324.9192803431,8.103685657411589,13.253576058108917,-1630.4881955798,0.13599985060000108
PHEI_red_240_cutoff_0.0.inp.out,268.9564971842215,-0.1437,0.2116,2.5812,0.0,-1325.7404718785,-3.0179925131572762,-4.894329146345393,-1631.3053156123,0.14390702269997746
PHEI_red_241_cutoff_0.0.inp.out,270.9425184031454,-0.1397,0.2186,2.4667,0.0,-1325.5405398159,-3.9817313439314628,-4.798323021939691,-1631.1143318064,0.13962407369990615
PHEI_red_242_cutoff_0.0.inp.out,270.33785868480663,-0.1373,0.2054,2.6609,0.0,-1325.7738168847,6.563710722781133,2.25801026953033,-1631.3296359372,0.1383358734999547
PHEI_red_243_cutoff_0.0.inp.out,272.2482979684696,-0.1680,0.2063,3.2839,0.0,-1325.6570692801,0.5353264286378085,3.4685809473188,-1631.2374464494,0.16534834710000723
PHEI_red_244_cutoff_0.0.inp.out,271.07542081332025,-0.1414,0.2244,2.5511,0.0,-1325.4071418094,2.731293005736023,6.712660395723937,-1630.983444945,0.1412989904999904
PHEI_red_245_cutoff_0.0.inp.out,271.94946474798434,-0.1476,0.2167,3.2381,0.0,-1325.7887947652,-9.229986657799573,-8.041094574776954,-1631.3514595472,0.14719455559998096
PHEI_red_246_cutoff_0.0.inp.out,271.3707941078562,-0.1463,0.2214,2.8054,0.0,-1325.3952762588,-3.7016318532175583,3.6500074475751987,-1630.9790162876,0.1436277901000267
PHEI_red_247_cutoff_0.0.inp.out,269.7823454842637,-0.1332,0.2329,2.7487,0.0,-1325.2363449798,-0.9922163997094475,0.9951132766617746,-1630.8036254306,0.13277045440008806
PHEI_red_248_cutoff_0.0.inp.out,269.9747638020517,-0.1417,0.2186,2.4163,0.0,-1325.6400185841,-1.7437517879343924,-1.7077293841739476,-1631.2046988768,0.14276855490015805
PHEI_red_249_cutoff_0.0.inp.out,267.15634500986243,-0.1301,0.2298,3.0239,0.0,-1325.3766363565,-3.3947999990590207,-5.261303470070886,-1630.9225229421,0.1326087028000984
PHEI_red_24_cutoff_0.0.inp.out,269.07710263782553,-0.1433,0.2027,2.3479,0.0,-1325.2979324073,6.663407015454948,15.015650852944834,-1630.8563025756,0.14393080919990098
PHEI_red_250_cutoff_0.0.inp.out,268.32585473696565,-0.1365,0.2125,2.7454,0.0,-1325.5590827352,-5.139011208457848,-2.703708095417399,-1631.1142976476,0.13838069339999493
PHEI_red_251_cutoff_0.0.inp.out,264.4976019011736,-0.1605,0.2086,2.3111,0.0,-1325.5439014687,-7.4387733773312155,-8.549966172786103,-1631.1059644284,0.16075678390006942
PHEI_red_252_cutoff_0.0.inp.out,265.3845934073167,-0.1517,0.2164,2.2819,0.0,-1325.8502882586,-1.4391645706987295,-1.3434056096031455,-1631.3993540428,0.1507753920000141
PHEI_red_253_cutoff_0.0.inp.out,268.50026959635665,-0.1389,0.2259,2.5642,0.0,-1325.4747162863,-7.67141485207933,-7.0005824591814045,-1631.0368433404,0.13712784009999268
PHEI_red_254_cutoff_0.0.inp.out,268.9921188471802,-0.1314,0.2205,2.8085,0.0,-1325.8549110330,-2.076101597462125,-7.917637398885544,-1631.4192260606,0.13248729270003423
PHEI_red_255_cutoff_0.0.inp.out,267.72463544744903,-0.1362,0.2141,3.0915,0.0,-1325.7284107526,-7.347687187095008,-10.740838351977082,-1631.2681549336,0.1381767115999537
PHEI_red_256_cutoff_0.0.inp.out,269.20444797856476,-0.1577,0.1904,2.9747,0.0,-1325.4030725189,2.5646459702414477,6.739832248863177,-1630.9559156777,0.1574870259000818
PHEI_red_257_cutoff_0.0.inp.out,269.7181145058209,-0.1510,0.2099,2.0003,0.0,-1325.5447562411,-0.919532666947596,2.413942859972799,-1631.1149448563,0.15124086959986016
PHEI_red_258_cutoff_0.0.inp.out,270.10477397729585,-0.1454,0.2115,2.0730,0.0,-1325.4010933019,2.4167819925383527,2.0648145500383057,-1630.9576346075,0.14538219440009925
PHEI_red_259_cutoff_0.0.inp.out,270.2872855930386,-0.1567,0.2102,1.5408,0.0,-1325.1943435709,2.6846288805134813,3.233322087109829,-1630.7521748156,0.15513437289996546
PHEI_red_25_cutoff_0.0.inp.out,268.22978247824017,-0.1351,0.2127,2.1328,0.0,-1325.4709634636,-1.07033519518299,-1.0045710026380312,-1631.0334765625,0.1336703655999827
PHEI_red_260_cutoff_0.0.inp.out,271.9724267147795,-0.1366,0.2087,1.8218,0.0,-1325.1979766460,6.161369493418334,-0.5178210242767821,-1630.760806649,0.13770641070004785
PHEI_red_261_cutoff_0.0.inp.out,271.3987407192013,-0.1470,0.1989,1.1606,0.0,-1325.5073069399,6.539929980337794,1.0451224531502976,-1631.0595431298,0.14713672949983447
PHEI_red_262_cutoff_0.0.inp.out,270.3146167802497,-0.1785,0.1881,1.3985,0.0,-1325.2797550434,3.962144446598711,1.6839979537408203,-1630.855994385,0.1749578948999897
PHEI_red_263_cutoff_0.0.inp.out,272.5526885928302,-0.1475,0.2112,1.7378,0.0,-1325.5872803798,2.551353767452218,3.7435011665005447,-1631.147773771,0.14583624199985934
PHEI_red_264_cutoff_0.0.inp.out,269.90458271308574,-0.1267,0.2352,3.8911,0.0,-1325.1409015620,-2.1458217289816868,-1.785953735052684,-1630.7096837423,0.12618968689980647
PHEI_red_265_cutoff_0.0.inp.out,267.03207753194226,-0.1658,0.2047,2.3088,0.0,-1325.6300193050,-1.2467629152316417,0.32185472030024304,-1631.193103991,0.16452746739992108
PHEI_red_266_cutoff_0.0.inp.out,270.62810449462745,-0.1357,0.2150,2.7825,0.0,-1325.3751454631,0.07544401365723341,1.6431249486298833,-1630.9390048687,0.13432271219994618
PHEI_red_267_cutoff_0.0.inp.out,269.76819488424593,-0.1437,0.2236,2.1676,0.0,-1325.1066237121,-2.0913016592275935,2.596919082656647,-1630.6685285544,0.14340366470014487
PHEI_red_268_cutoff_0.0.inp.out,268.101916070357,-0.1342,0.2199,1.9445,0.0,-1325.6614925441,0.8816228531991719,1.4905332553397423,-1631.2112802483,0.13341750419999698
PHEI_red_269_cutoff_0.0.inp.out,270.5042783907087,-0.1402,0.2187,1.3253,0.0,-1325.6061982889,0.5564281941772119,-0.015713763492569366,-1631.1750505796,0.14000130730005367
PHEI_red_26_cutoff_0.0.inp.out,267.5573337467664,-0.1464,0.2101,2.1987,0.0,-1325.5132467080,-5.097585860277888,-4.825115262925065,-1631.0633284463,0.14749813209982676
PHEI_red_270_cutoff_0.0.inp.out,270.12260721653377,-0.1270,0.2141,1.5407,0.0,-1325.4143972013,4.918791988512829,6.237304143137918,-1630.9761003753,0.12880049849991337
PHEI_red_271_cutoff_0.0.inp.out,267.8808952290314,-0.1551,0.1936,2.0073,0.0,-1325.4933592231,3.5706105409251476,3.769908130864804,-1631.0543004543,0.15424412090010264
PHEI_red_272_cutoff_0.0.inp.out,269.20256516344875,-0.1735,0.1859,1.6822,0.0,-1325.6446371506,3.857574799226667,6.892588659887806,-1631.2028395839,0.17080787210011295
PHEI_red_273_cutoff_0.0.inp.out,266.38658698736,-0.1608,0.2062,1.8631,0.0,-1325.9051255042,3.9555244135192753,5.495877646168028,-1631.4594926828,0.1609087807000833
PHEI_red_274_cutoff_0.0.inp.out,268.23324713195774,-0.1576,0.2021,2.4582,0.0,-1325.4180988409,2.1531324152652216,4.3559369639000725,-1630.9797503771,0.15809523760003685
PHEI_red_275_cutoff_0.0.inp.out,269.93279677090777,-0.1278,0.2213,2.0396,0.0,-1325.4408319644,5.79623305639293,5.273667487464272,-1631.0040653061,0.1286356237999371
PHEI_red_276_cutoff_0.0.inp.out,267.9181691391788,-0.1367,0.2132,1.9256,0.0,-1325.2544515091,12.327428970184418,19.83107171942734,-1630.8116282267,0.1377208530000189
PHEI_red_277_cutoff_0.0.inp.out,266.7665035487966,-0.1499,0.1989,2.2455,0.0,-1325.5244039644,7.643467071326314,7.182682100927132,-1631.0660304334,0.1493073818000994
PHEI_red_278_cutoff_0.0.inp.out,269.92211004194763,-0.1446,0.2135,3.1239,0.0,-1325.5034933740,3.9909907982814077,7.149791175860464,-1631.0566370078,0.14346569769986672
PHEI_red_279_cutoff_0.0.inp.out,269.71454694300706,-0.1517,0.2148,2.3547,0.0,-1325.5471395231,4.739884540748546,5.257803169233772,-1631.0910315153,0.15058663679997153
PHEI_red_27_cutoff_0.0.inp.out,268.1250811682435,-0.1681,0.1984,3.2121,0.0,-1325.5325991022,-8.910928890224138,-3.801485526977049,-1631.0992076669,0.16749085989999912
PHEI_red_280_cutoff_0.0.inp.out,267.25413821446125,-0.1635,0.2003,2.4093,0.0,-1325.6022437667,-0.4168291015320451,3.660654316346246,-1631.1547157014,0.16409080510015883
PHEI_red_281_cutoff_0.0.inp.out,269.5104908904,-0.1461,0.2101,2.5435,0.0,-1325.2877688256,10.395234601327621,17.34860698969423,-1630.8303918546,0.14739677360012138
PHEI_red_282_cutoff_0.0.inp.out,271.834360781464,-0.1443,0.2104,2.7758,0.0,-1325.7020027342,8.465065567624652,8.580717812453365,-1631.2490248378,0.14453039459999673
PHEI_red_283_cutoff_0.0.inp.out,270.82485206865897,-0.1392,0.2164,1.9857,0.0,-1325.3402940821,10.536132718816926,4.997939205834923,-1630.8970587394,0.13777616609991128
PHEI_red_284_cutoff_0.0.inp.out,268.9349890123782,-0.1686,0.1967,2.3956,0.0,-1325.8696629140,0.22989742375637134,-5.202175743163539,-1631.4239705661,0.16726420609984416
PHEI_red_285_cutoff_0.0.inp.out,269.2823841498888,-0.1447,0.2102,2.6200,0.0,-1325.2009788146,-0.46223983535436963,-1.0397082568440899,-1630.7609326853,0.1442458371000157
PHEI_red_286_cutoff_0.0.inp.out,268.2006986962442,-0.1415,0.2206,2.0672,0.0,-1325.3947872605,-1.3736047109107745,2.3404460381785777,-1630.9552855199,0.1409477731001516
PHEI_red_287_cutoff_0.0.inp.out,266.4354553346536,-0.1246,0.2292,3.0200,0.0,-1325.8070757769,-2.136722169645524,1.079022721848578,-1631.3634355098,0.12654819399995176
PHEI_red_288_cutoff_0.0.inp.out,269.30383422800355,-0.1367,0.2178,1.8993,0.0,-1324.7727891806,-1.1636352687292146,-6.785147320873827,-1630.3253537769,0.13637345080019259
PHEI_red_289_cutoff_0.0.inp.out,267.6868935399231,-0.1392,0.2139,1.9256,0.0,-1324.9136824120,0.7488028632734315,-1.8571829827564863,-1630.4695091395,0.13671417220007243
PHEI_red_28_cutoff_0.0.inp.out,267.26727719541753,-0.1196,0.2238,2.0583,0.0,-1325.9563610911,-5.167583912320212,-6.343532841471472,-1631.5175547693,0.12088958189997356
PHEI_red_290_cutoff_0.0.inp.out,267.3895730062321,-0.1467,0.2070,2.2130,0.0,-1324.9666397184,-4.147519752511521,-8.550765753843098,-1630.5185006395,0.14547623809994548
PHEI_red_291_cutoff_0.0.inp.out,268.41527190356004,-0.1474,0.2075,1.5247,0.0,-1324.9563025993,-2.5629009542223335,-5.328568490894009,-1630.5097520751,0.14712059530006627
PHEI_red_292_cutoff_0.0.inp.out,268.64261539868943,-0.1497,0.1967,2.1955,0.0,-1324.8876277491,7.776327699389863,10.627700859845113,-1630.4366355358,0.15061025690010865
PHEI_red_293_cutoff_0.0.inp.out,269.4118271800626,-0.1565,0.1756,1.7788,0.0,-1325.5498368369,-1.2705425056924264,-5.8855413332391695,-1631.0879745618,0.1575095905998296
PHEI_red_294_cutoff_0.0.inp.out,268.4512930112197,-0.1425,0.2127,2.0262,0.0,-1324.9046723344,0.51618578956348,-2.1627125684912025,-1630.4571871898,0.14107307680001213
PHEI_red_295_cutoff_0.0.inp.out,268.18660271975716,-0.1535,0.2031,2.2447,0.0,-1325.4990461386,6.04295756297187,6.273256748908197,-1631.0626129703,0.15178693219991146
PHEI_red_296_cutoff_0.0.inp.out,268.93610435387006,-0.1524,0.2112,1.9607,0.0,-1325.1474004796,1.361620573866727,-0.042204927782172996,-1630.6993762024,0.15081565230002525
PHEI_red_297_cutoff_0.0.inp.out,266.974226830063,-0.1607,0.2088,2.3896,0.0,-1325.0241424005,-2.409806021610938,-0.25440223306698007,-1630.5844839602,0.16241905309993854
PHEI_red_298_cutoff_0.0.inp.out,267.62225472795717,-0.1347,0.2225,2.8692,0.0,-1325.1418101547,11.396731686264864,11.515330111681953,-1630.69765168,0.1351333161999264
PHEI_red_299_cutoff_0.0.inp.out,269.46611241725674,-0.1501,0.2141,2.1875,0.0,-1325.4312275972,2.718285280070229,1.7132562394708366,-1630.9895602774,0.1492060112998388
PHEI_red_29_cutoff_0.0.inp.out,269.53971080643333,-0.1433,0.2172,2.6046,0.0,-1325.6037323706,-6.108068100662162,-7.386303016601005,-1631.159118754,0.14376648270012993
PHEI_red_2_cutoff_0.0.inp.out,273.1188368393416,-0.1589,0.2021,2.9115,0.0,-1325.2927988718,2.648668598185346,2.0801214458204766,-1630.8705222455,0.15658977719999712
PHEI_red_300_cutoff_0.0.inp.out,268.35393472309016,-0.1338,0.2094,2.6429,0.0,-1325.4215846359,3.927138298507479,-1.9291411350811918,-1630.974252295,0.1330193531000532
PHEI_red_301_cutoff_0.0.inp.out,268.78817666265167,-0.1334,0.2121,1.7132,0.0,-1325.9075423936,2.579306944384075,3.0964528043889312,-1631.4583198853,0.13341273280002497
PHEI_red_302_cutoff_0.0.inp.out,266.28145288097477,-0.1568,0.2144,2.3806,0.0,-1325.1544172853,21.621347447538806,18.085748723386267,-1630.7115575772,0.153554012000086
PHEI_red_303_cutoff_0.0.inp.out,268.01229831229875,-0.1163,0.2242,2.1735,0.0,-1325.5939842680,2.8382137735704642,-4.993968788417609,-1631.1475935231,0.11789340890004496
PHEI_red_304_cutoff_0.0.inp.out,268.4704562404853,-0.1148,0.2292,1.5074,0.0,-1325.3345468313,2.187249141921704,0.24728213856481235,-1630.8922023316,0.11613196729990705
PHEI_red_305_cutoff_0.0.inp.out,267.5457943183405,-0.1239,0.2168,2.3534,0.0,-1325.3836959500,-7.542556368800424,-17.04256207683792,-1630.9317035471,0.1258052374998897
PHEI_red_306_cutoff_0.0.inp.out,269.0059295051238,-0.1545,0.1925,1.5079,0.0,-1325.3829663070,1.6637790041514107,-5.165182555217882,-1630.9493792807,0.15324359269993693
PHEI_red_307_cutoff_0.0.inp.out,267.9151257287154,-0.1705,0.1809,2.1104,0.0,-1325.3755723535,0.6880562466182782,-3.6327002993641218,-1630.9327178617,0.1691258225000638
PHEI_red_308_cutoff_0.0.inp.out,266.1695363385882,-0.1510,0.2132,1.9792,0.0,-1325.4222501881,-6.284134141354069,-5.5223677078456666,-1630.9779019982,0.15116701889996875
PHEI_red_309_cutoff_0.0.inp.out,267.6585134412859,-0.1405,0.1991,2.5369,0.0,-1325.2837902686,1.3525386629503853,0.20131592911962415,-1630.8308986991,0.14185044870009733
PHEI_red_30_cutoff_0.0.inp.out,272.2880526031098,-0.1214,0.2324,2.4411,0.0,-1325.7394243045,-0.09232089119234912,-4.171886014608161,-1631.30263909,0.12104440079997403
PHEI_red_310_cutoff_0.0.inp.out,267.8452431170197,-0.1653,0.2001,2.4338,0.0,-1325.3783283494,5.845776024195648,9.670937441779325,-1630.9467576616,0.16480632839989084
PHEI_red_311_cutoff_0.0.inp.out,267.40919366347384,-0.1627,0.1982,2.9519,0.0,-1325.1565158845,8.992054179569513,18.042930116639425,-1630.7284520135,0.16241275360016516
PHEI_red_312_cutoff_0.0.inp.out,268.96507698279714,-0.1497,0.1909,2.4306,0.0,-1325.5262808465,8.964134567341544,8.177149094705422,-1631.0878922272,0.1478446415999315
PHEI_red_313_cutoff_0.0.inp.out,270.5853980188451,-0.1369,0.2144,2.9031,0.0,-1324.8604512842,-3.225360813335107,-3.7317827301164073,-1630.4255363653,0.13645722199999
PHEI_red_314_cutoff_0.0.inp.out,268.43654487915006,-0.1626,0.1877,2.6492,0.0,-1325.5085190347,2.5266948624882297,-1.0747525307444834,-1631.0669198745,0.16267804900007832
PHEI_red_315_cutoff_0.0.inp.out,270.5728786611708,-0.1698,0.2001,3.4786,0.0,-1325.4675255042,-11.286893539505753,-11.4407637785664,-1631.0377805483,0.16822477930008972
PHEI_red_316_cutoff_0.0.inp.out,267.482496352109,-0.1452,0.2056,1.8526,0.0,-1325.3665722502,-12.936798413535264,-12.236111810520871,-1630.9241377081,0.14352194399998552
PHEI_red_317_cutoff_0.0.inp.out,268.4702677167792,-0.1375,0.2054,2.8685,0.0,-1325.3817946126,5.354655492440395,7.223860478783944,-1630.9201092637,0.1393143271000099
PHEI_red_318_cutoff_0.0.inp.out,273.9005379294853,-0.1117,0.2222,2.5353,0.0,-1325.2849802412,6.6651783253778545,7.074317423537991,-1630.816345237,0.11237322479996692
PHEI_red_319_cutoff_0.0.inp.out,269.64526462522014,-0.1481,0.2001,2.3976,0.0,-1325.2267145390,3.752547675476158,7.770270212367527,-1630.775254291,0.14956241319987384
PHEI_red_31_cutoff_0.0.inp.out,271.32303737244786,-0.1467,0.2060,3.2241,0.0,-1325.6333509016,-0.04643616116400717,-3.2773065407371034,-1631.1951809918,0.14556343980007114
PHEI_red_320_cutoff_0.0.inp.out,265.40279757409155,-0.1424,0.2163,3.1422,0.0,-1325.3615657136,-0.6092214333619053,-0.723060037020966,-1630.9153825124,0.1419173525998758
PHEI_red_321_cutoff_0.0.inp.out,269.24776439062714,-0.1389,0.2171,2.2090,0.0,-1325.0753214562,-2.4285242824217743,-1.7451241250473517,-1630.6312964791,0.13783375790012542
PHEI_red_322_cutoff_0.0.inp.out,268.66160655090584,-0.1386,0.2050,2.1833,0.0,-1324.7986518140,-1.778213835014622,-2.946066629603487,-1630.3362293596,0.13902770310005508
PHEI_red_323_cutoff_0.0.inp.out,265.43754447997014,-0.1393,0.2098,2.0930,0.0,-1325.2313300285,-1.2185940707192253,0.024446510858863235,-1630.7660420765,0.1395940590000464
PHEI_red_324_cutoff_0.0.inp.out,264.3923838455481,-0.1421,0.2107,1.9892,0.0,-1325.0384157595,-4.129989001104353,-5.717183066495243,-1630.5789472035,0.14286774330003027
PHEI_red_325_cutoff_0.0.inp.out,267.7656462939983,-0.1444,0.2116,2.9520,0.0,-1325.5587756613,1.8022729824150296,5.74973364136975,-1631.1201656964,0.14528963239990844
PHEI_red_326_cutoff_0.0.inp.out,268.75453813417766,-0.1712,0.1871,2.7031,0.0,-1324.8726074088,0.45013597305578756,3.867418062489814,-1630.4441537397,0.16904888249996475
PHEI_red_327_cutoff_0.0.inp.out,266.67202170780814,-0.1828,0.1958,2.9395,0.0,-1325.4080632944,-0.6097205411667025,4.548192198121384,-1630.9741176819,0.17905169260006915
PHEI_red_328_cutoff_0.0.inp.out,267.02096558293397,-0.1576,0.2020,2.7070,0.0,-1325.0923540720,1.348071907950395,2.622437906517535,-1630.6581583364,0.15609260610017373
PHEI_red_329_cutoff_0.0.inp.out,268.2423975534438,-0.1364,0.2163,2.7487,0.0,-1325.0791107898,-0.20463387553107737,-0.6704707691955614,-1630.6398770664,0.1375171382001099
PHEI_red_32_cutoff_0.0.inp.out,269.70239469887497,-0.1449,0.2134,2.9190,0.0,-1325.3764176002,1.0187494386232534,3.2723997595651366,-1630.9367265221,0.14437895819992264
PHEI_red_330_cutoff_0.0.inp.out,267.388657887266,-0.1446,0.2072,2.7887,0.0,-1325.1088703654,0.35256957642873843,3.9814501105503184,-1630.6594694755,0.14608267829999022
PHEI_red_331_cutoff_0.0.inp.out,269.8472419591169,-0.1342,0.1902,1.6911,0.0,-1325.3111575552,7.784190652238994,4.051534854180223,-1630.8709348656,0.13459348860010323
PHEI_red_332_cutoff_0.0.inp.out,270.07168836225014,-0.1351,0.2159,2.7365,0.0,-1325.0056044798,1.0012160285403013,-2.183701490006566,-1630.5729714473,0.13457866019984976
PHEI_red_333_cutoff_0.0.inp.out,266.6160956558136,-0.1465,0.2259,2.3132,0.0,-1325.1823673160,-0.936125548389406,0.22758095903699005,-1630.7375309806,0.14455233000012413
PHEI_red_334_cutoff_0.0.inp.out,268.90282830638876,-0.1536,0.2020,3.1219,0.0,-1324.9389914813,-0.8428816344007104,-1.9669559597657902,-1630.50562423,0.15320617539987325
PHEI_red_335_cutoff_0.0.inp.out,271.01278130119164,-0.1833,0.1810,2.2335,0.0,-1325.4167562767,-4.311533404789751,-4.187929040760004,-1630.9869929937,0.18180720879990986
PHEI_red_336_cutoff_0.0.inp.out,267.98870591231383,-0.1423,0.1958,2.5368,0.0,-1325.1682767620,-1.38657876637513,-1.5234151642010634,-1630.7255679769,0.14164792699989448
PHEI_red_337_cutoff_0.0.inp.out,268.74938987382615,-0.1419,0.2162,2.4903,0.0,-1325.6009396406,-2.6370449740727686,-9.712498566119802,-1631.1725432992,0.14112602609998248
PHEI_red_338_cutoff_0.0.inp.out,270.07171957016135,-0.1518,0.2103,2.2469,0.0,-1325.0339143765,-4.186622948327264,-4.738360551529436,-1630.6086212208,0.15217733279996537
PHEI_red_339_cutoff_0.0.inp.out,269.94149863772407,-0.1419,0.2189,2.7669,0.0,-1325.9934435920,-1.4960824741641123,0.32971322733874286,-1631.5513679395,0.14078792999998768
PHEI_red_33_cutoff_0.0.inp.out,268.15334158258446,-0.1614,0.2084,2.1306,0.0,-1325.8729864238,3.61496823400575,0.10397450917433848,-1631.4379712213,0.15959110590006276
PHEI_red_340_cutoff_0.0.inp.out,271.6222471776834,-0.1565,0.2090,2.4422,0.0,-1325.1575546747,-11.574319425970117,-9.860451218121653,-1630.7219220796,0.1555464919001679
PHEI_red_341_cutoff_0.0.inp.out,272.0381691752382,-0.1438,0.1954,2.7526,0.0,-1325.5313188003,-6.642721779336029,-9.696639385218361,-1631.0912102628,0.14386777140020968
PHEI_red_342_cutoff_0.0.inp.out,273.0510888236618,-0.1631,0.2073,1.9830,0.0,-1325.4313222119,-5.346821694228486,-4.404338261836776,-1630.9957405315,0.16120105760001024
PHEI_red_343_cutoff_0.0.inp.out,271.72962949590743,-0.1441,0.2108,2.8697,0.0,-1325.1960965686,-7.1841980622834525,-9.561886747131103,-1630.7500833075,0.14242033100003937
PHEI_red_344_cutoff_0.0.inp.out,269.68136975065545,-0.1454,0.2045,2.7717,0.0,-1325.6153722743,1.1849402414588204,-4.510327913587376,-1631.1694686738,0.14317089619999024
PHEI_red_345_cutoff_0.0.inp.out,270.1420161775189,-0.1167,0.2394,2.6525,0.0,-1325.5524716008,-1.801825037751059,-6.44601214391544,-1631.1232906669,0.11736310119999871
PHEI_red_346_cutoff_0.0.inp.out,267.6107518668256,-0.1260,0.2189,2.4836,0.0,-1325.2743347141,8.519190196431767,1.4190090429620943,-1630.8339232324,0.1271893888001614
PHEI_red_347_cutoff_0.0.inp.out,266.45062403690946,-0.1428,0.2099,1.8419,0.0,-1325.3769214332,3.9472030685817368,1.4414119955578693,-1630.9452498769,0.14372927280010117
PHEI_red_348_cutoff_0.0.inp.out,266.57565706987236,-0.1590,0.2013,2.4012,0.0,-1325.6448421561,4.4492764384529,2.3913297986477877,-1631.2144558757,0.15862806389986872
PHEI_red_349_cutoff_0.0.inp.out,266.72246188913624,-0.1751,0.1927,2.7845,0.0,-1325.4573856337,-5.80500009700725,1.0813210534582542,-1631.0386147825,0.17446602460017857
PHEI_red_34_cutoff_0.0.inp.out,268.9273087455289,-0.1450,0.2153,2.6366,0.0,-1325.3255943476,4.459571765769393,4.82093196540445,-1630.8883836463,0.14499384939995252
PHEI_red_350_cutoff_0.0.inp.out,266.14047523216965,-0.1411,0.2131,3.2787,0.0,-1325.2746904010,-16.797140829235687,-11.232011820705187,-1630.8256482217,0.14094314520002627
PHEI_red_351_cutoff_0.0.inp.out,267.66131101970103,-0.1408,0.2000,2.0945,0.0,-1325.5386445625,-6.669804450862052,-5.316363034008831,-1631.1013516012,0.1426390373999311
PHEI_red_352_cutoff_0.0.inp.out,266.9620187113736,-0.1233,0.2247,2.3811,0.0,-1325.0006644530,-0.0111130002129054,0.09169633411326672,-1630.5640362423,0.12429889379995984
PHEI_red_353_cutoff_0.0.inp.out,270.2700267998769,-0.1289,0.2183,2.0626,0.0,-1325.2730698407,5.925852670364606,4.084989855684458,-1630.8391342507,0.12876065830005246
PHEI_red_354_cutoff_0.0.inp.out,268.5171840956905,-0.1442,0.2144,2.5491,0.0,-1325.4204566658,1.879655182894732,0.523753015693804,-1630.9764178229,0.14276764520013785
PHEI_red_355_cutoff_0.0.inp.out,269.1738103495745,-0.1473,0.2086,2.5710,0.0,-1325.1352466387,0.757576922093884,1.1036989913310982,-1630.7041291291,0.14631494299987935
PHEI_red_356_cutoff_0.0.inp.out,268.7609624696734,-0.1336,0.2165,2.4843,0.0,-1325.3225929450,-1.8445561367068168,-3.7144944452238224,-1630.8668221992,0.13472297220005203
PHEI_red_357_cutoff_0.0.inp.out,269.1496695441521,-0.1527,0.1990,2.3387,0.0,-1325.2253217547,2.172590299790035,2.2070803982054175,-1630.7799264459,0.15443471689991384
PHEI_red_358_cutoff_0.0.inp.out,270.4478830241075,-0.1172,0.2235,3.1769,0.0,-1325.1704462495,0.964158391956802,0.515407722172109,-1630.7292480981,0.1181582494000395
PHEI_red_359_cutoff_0.0.inp.out,268.55799074372317,-0.1395,0.2251,2.7415,0.0,-1325.2775739515,5.795963856309506,7.270108475327266,-1630.8408234907,0.1405786832999638
PHEI_red_35_cutoff_0.0.inp.out,267.517197400552,-0.1364,0.2090,3.1340,0.0,-1325.7898826072,-8.743106851752085,-1.6762138901343997,-1631.3530956586,0.1361031809999531
PHEI_red_360_cutoff_0.0.inp.out,267.43097200368277,-0.1357,0.2151,2.6848,0.0,-1325.1209628697,2.656426052501712,1.608139534434042,-1630.6840739863,0.13583236709996527
PHEI_red_361_cutoff_0.0.inp.out,268.6841260178344,-0.1564,0.1961,2.7525,0.0,-1325.1424471935,-3.6165196808103266,-6.801694903242171,-1630.7125804969,0.1536191556999711
PHEI_red_362_cutoff_0.0.inp.out,269.28774871775505,-0.1464,0.2136,2.7878,0.0,-1325.1000948698,-7.404364486934443,-5.739093297568348,-1630.6713923443,0.14576242260000072
PHEI_red_363_cutoff_0.0.inp.out,268.58560161712535,-0.1217,0.2130,2.3732,0.0,-1325.1886580438,-0.95895155714229,1.1356405902836955,-1630.7399335108,0.12468387690000782
PHEI_red_364_cutoff_0.0.inp.out,267.1805108616042,-0.1488,0.1964,2.5965,0.0,-1325.2042440059,-7.192742972914908,-0.9162619727835262,-1630.7566521595,0.1492460010999821
PHEI_red_365_cutoff_0.0.inp.out,267.8553278342159,-0.1449,0.1984,2.4502,0.0,-1325.4280616006,13.673838006374167,20.035294765965833,-1630.985146841,0.14538326299998516
PHEI_red_366_cutoff_0.0.inp.out,269.1979831219032,-0.1478,0.2026,1.7243,0.0,-1325.3197057960,4.916214609285331,0.760134129753709,-1630.8872443546,0.1478464806998545
PHEI_red_367_cutoff_0.0.inp.out,268.1800762282102,-0.1244,0.2238,2.7331,0.0,-1325.1924891828,-1.760879348594547,-0.526188421667299,-1630.751301894,0.1244233221000286
PHEI_red_368_cutoff_0.0.inp.out,268.7195818649351,-0.1226,0.2241,2.0021,0.0,-1325.3368536538,2.5501721127152344,3.173300180369811,-1630.9054853228,0.12137260989993592
PHEI_red_369_cutoff_0.0.inp.out,269.15131412820625,-0.1233,0.2298,2.9758,0.0,-1325.3060172935,2.940635890864834,4.20069235084559,-1630.8814548727,0.12277707120006198
PHEI_red_36_cutoff_0.0.inp.out,267.89688724852107,-0.1394,0.2203,2.4464,0.0,-1325.4624994134,-3.5519522508809827,-3.824090224837274,-1631.0242809697,0.13877391479991275
PHEI_red_370_cutoff_0.0.inp.out,268.76879813113504,-0.1350,0.2201,3.0750,0.0,-1325.4067819771,16.92410605748938,32.70054557757471,-1630.9687516714,0.13420413180006108
PHEI_red_371_cutoff_0.0.inp.out,268.64455240552587,-0.1407,0.2218,2.3625,0.0,-1325.6452903048,4.422929695965081,6.9637184031100325,-1631.2075178757,0.1411796306999804
PHEI_red_372_cutoff_0.0.inp.out,270.5227005456709,-0.1520,0.2108,1.7583,0.0,-1325.0159203934,1.7478276173649352,1.9795691824173762,-1630.5881617214,0.1496749364000607
PHEI_red_373_cutoff_0.0.inp.out,267.84790945407667,-0.1487,0.2028,2.8996,0.0,-1325.6070932678,2.8364317941957706,2.102184850663495,-1631.1613831729,0.1484442255000431
PHEI_red_374_cutoff_0.0.inp.out,269.2767792239389,-0.1407,0.2112,2.6143,0.0,-1325.0635158233,1.412614915135959,-0.7477834215164445,-1630.6356539216,0.14021580590019767
PHEI_red_375_cutoff_0.0.inp.out,269.40872463075993,-0.1674,0.1997,2.4913,0.0,-1325.5262296400,-1.9462278027707507,0.7488075238677383,-1631.0856977996,0.1648243362001267
PHEI_red_376_cutoff_0.0.inp.out,268.2546660678423,-0.1538,0.2099,2.7109,0.0,-1325.0303601156,-1.285794447391849,-1.0460796374563452,-1630.5992718438,0.1535882915000002
PHEI_red_377_cutoff_0.0.inp.out,268.204578297599,-0.1451,0.2095,2.4924,0.0,-1325.0999069553,-2.439799011564259,-1.5181617981019884,-1630.6701189262,0.14623990249992858
PHEI_red_378_cutoff_0.0.inp.out,270.84362512140643,-0.1241,0.2205,2.7386,0.0,-1325.0889618769,3.0919045230470568,3.760812985042295,-1630.6353881528,0.1258275336999759
PHEI_red_379_cutoff_0.0.inp.out,268.2530256581832,-0.1437,0.2191,2.0111,0.0,-1325.3246959909,-1.1942555987450993,-1.3352420695624965,-1630.886656215,0.14454468409985566
PHEI_red_37_cutoff_0.0.inp.out,268.38651742519505,-0.1665,0.1948,1.9365,0.0,-1325.4653426281,-0.6013593766533079,-2.0599759850905337,-1631.041610548,0.16598417049999625
PHEI_red_380_cutoff_0.0.inp.out,267.2897238427924,-0.1528,0.2034,2.9855,0.0,-1325.0034631140,-5.637162372644003,-6.4993196896214105,-1630.570244793,0.15391541819985832
PHEI_red_381_cutoff_0.0.inp.out,268.40907233261447,-0.1454,0.1945,3.0708,0.0,-1325.1773962915,-7.404882988646111,-8.227277395280137,-1630.7376359138,0.14396463630009748
PHEI_red_382_cutoff_0.0.inp.out,268.9175276842998,-0.1417,0.2175,2.5743,0.0,-1325.4711381304,-2.001479524004879,1.3955904797734584,-1631.0438501042,0.13909157529997174
PHEI_red_383_cutoff_0.0.inp.out,270.35473695707014,-0.1353,0.2275,2.3118,0.0,-1325.5082674319,-0.020940974478987684,2.1744803356909257,-1631.0809043086,0.13540203700017628
PHEI_red_384_cutoff_0.0.inp.out,268.94426091416204,-0.1646,0.2012,2.3904,0.0,-1325.5527816262,9.666044904050867,18.08926208889501,-1631.1176608314,0.16451973630000793
PHEI_red_385_cutoff_0.0.inp.out,268.12055587868934,-0.1548,0.2032,2.7042,0.0,-1325.4529701378,-3.5008811062479346,3.717301820903042,-1631.0136433215,0.1571825101000286
PHEI_red_386_cutoff_0.0.inp.out,268.2372529701903,-0.1380,0.1955,3.4964,0.0,-1325.4069827302,-6.474392519232753,-2.5463522615409557,-1630.9713048768,0.13899109580006552
PHEI_red_387_cutoff_0.0.inp.out,268.3525114902215,-0.1567,0.2018,2.3176,0.0,-1325.3187466710,4.77872280959406,5.284314852526872,-1630.8860480588,0.15659787760000654
PHEI_red_388_cutoff_0.0.inp.out,268.545587388097,-0.1543,0.1968,1.9279,0.0,-1325.4037871611,3.982730558013847,4.43549230357733,-1630.9642756845,0.15455550899991977
PHEI_red_389_cutoff_0.0.inp.out,270.1937694520367,-0.1478,0.2220,1.7906,0.0,-1324.9165282488,4.784653477953592,12.860343422619778,-1630.4799066518,0.14560893289990418
PHEI_red_38_cutoff_0.0.inp.out,268.2399042987212,-0.1586,0.1971,1.8360,0.0,-1325.1746446762,3.7228975363059256,3.3482491771908416,-1630.7345403115,0.15760583280007268
PHEI_red_390_cutoff_0.0.inp.out,271.8395912768264,-0.1696,0.1908,2.9019,0.0,-1325.2277365928,-4.755455940292438,4.871930058143566,-1630.8046628383,0.16867971750002653
PHEI_red_391_cutoff_0.0.inp.out,267.4768449322985,-0.1521,0.2126,2.2531,0.0,-1324.9382241396,0.4073254130572074,4.2000122788507595,-1630.4979925645,0.1532353259001411
PHEI_red_392_cutoff_0.0.inp.out,268.4436915132821,-0.1447,0.2065,1.8165,0.0,-1325.6097429557,5.762553889089358,9.30209179028042,-1631.1664356303,0.14508534909987247
PHEI_red_393_cutoff_0.0.inp.out,269.9478659578655,-0.1520,0.1950,2.1565,0.0,-1324.9922560763,9.63762531581769,11.413941971133788,-1630.5662126062,0.15202636050003093
PHEI_red_394_cutoff_0.0.inp.out,269.61869760731327,-0.1462,0.2089,3.0360,0.0,-1325.5829500198,8.463061965763961,15.40111436984075,-1631.1559049042,0.14667458459985028
PHEI_red_395_cutoff_0.0.inp.out,268.558160873018,-0.1548,0.2198,2.1568,0.0,-1325.5207086046,4.457038700131179,15.230221689015945,-1631.0938512158,0.15415560689984886
PHEI_red_396_cutoff_0.0.inp.out,267.08407296331427,-0.1447,0.2074,2.1374,0.0,-1325.6250954104,1.9992269133991225,4.302487877827502,-1631.190625468,0.14524487900007443
PHEI_red_397_cutoff_0.0.inp.out,267.04737666815254,-0.1334,0.2277,1.5242,0.0,-1325.7970721497,4.646730152681051,2.711891350124628,-1631.3609064804,0.13292192559993055
PHEI_red_398_cutoff_0.0.inp.out,268.9970319966876,-0.1345,0.2126,1.8858,0.0,-1325.3255271724,3.1360273242842323,4.073838790693425,-1630.8952892875,0.13534015560003354
PHEI_red_399_cutoff_0.0.inp.out,267.6893581089888,-0.1299,0.2161,2.5257,0.0,-1325.2527642826,1.1925007299161,1.4809381734524822,-1630.8125521128,0.13213670759978413
PHEI_red_39_cutoff_0.0.inp.out,268.6653620914156,-0.1504,0.1994,2.3588,0.0,-1325.2287740368,-2.6778776767647114,-3.740362058657805,-1630.7762870944,0.15013094580012876
PHEI_red_3_cutoff_0.0.inp.out,271.3396105113833,-0.1402,0.2115,3.0869,0.0,-1325.2054681288,-1.019204057140844,-1.918497787326135,-1630.7799320827,0.1395632050000586
PHEI_red_400_cutoff_0.0.inp.out,265.355030450738,-0.1489,0.2077,3.1592,0.0,-1325.3737998989,0.7301333494413542,6.064406060383061,-1630.920439279,0.14879770349989485
PHEI_red_401_cutoff_0.0.inp.out,266.50424455876646,-0.1505,0.2167,2.5270,0.0,-1325.1055047872,-0.5478721485284596,5.539027943644554,-1630.679883356,0.1503640400999302
PHEI_red_402_cutoff_0.0.inp.out,268.4744117732407,-0.1579,0.1995,2.6737,0.0,-1325.4392439983,7.513583812199502,15.857011628155528,-1631.0168244313,0.15741918510002506
PHEI_red_403_cutoff_0.0.inp.out,267.67431147798715,-0.1662,0.1937,2.6023,0.0,-1325.2894614278,4.7746526378113465,7.357208244380845,-1630.8532911272,0.16611475369995787
PHEI_red_404_cutoff_0.0.inp.out,269.5619962911518,-0.1373,0.2134,2.1754,0.0,-1325.3189808991,1.9136448759238864,2.3678198294483512,-1630.8889007929,0.13840949349992115
PHEI_red_405_cutoff_0.0.inp.out,269.53314664539425,-0.1433,0.2103,2.5295,0.0,-1325.4284322373,0.39817880622886476,7.8666639760282635,-1631.0052230033,0.14333032340005047
PHEI_red_406_cutoff_0.0.inp.out,270.9851244672371,-0.1487,0.2052,3.0392,0.0,-1324.9023258355,3.012028622211231,9.337778674988725,-1630.4682709441,0.14993642740000723
PHEI_red_407_cutoff_0.0.inp.out,272.87565534430087,-0.1348,0.2179,2.8035,0.0,-1325.1223324498,1.7937036755041478,4.393140078084347,-1630.6839017413,0.13669903669983796
PHEI_red_408_cutoff_0.0.inp.out,268.3245806464131,-0.1367,0.2194,2.2201,0.0,-1325.3054899744,2.6840448916051205,1.8669287632459257,-1630.8719313986,0.13636354360005498
PHEI_red_409_cutoff_0.0.inp.out,269.4609155773725,-0.1683,0.1945,2.4092,0.0,-1325.0397395054,2.519476825775084,5.502712432342662,-1630.6138418423,0.16597819250000612
PHEI_red_40_cutoff_0.0.inp.out,267.2819732581651,-0.1605,0.2025,2.3073,0.0,-1325.2080227141,-9.17645411558261,2.5245241543486414,-1630.7766169629,0.16097224910004115
PHEI_red_410_cutoff_0.0.inp.out,270.9288868502036,-0.1567,0.2094,2.4497,0.0,-1325.2744404810,5.8130638625663975,1.8073469115930707,-1630.8485265106,0.15386265789993558
PHEI_red_411_cutoff_0.0.inp.out,271.11868402231624,-0.1377,0.2175,2.2995,0.0,-1325.2086244159,5.35521453511249,5.615166538548293,-1630.7745765174,0.13637544419998449
PHEI_red_412_cutoff_0.0.inp.out,271.8211497664047,-0.1417,0.2085,2.7559,0.0,-1325.3211844180,2.326301824445893,1.777218157186746,-1630.8943881867,0.1416589945999931
PHEI_red_413_cutoff_0.0.inp.out,270.62031029868035,-0.1598,0.1944,3.1224,0.0,-1325.4819191993,4.427860742838871,11.705229598042845,-1631.0510109843,0.15879005540000435
PHEI_red_414_cutoff_0.0.inp.out,269.59600642956866,-0.1503,0.1845,2.5847,0.0,-1325.5796532355,3.809917096625334,2.784862464254001,-1631.1298281387,0.1511476871000923
PHEI_red_415_cutoff_0.0.inp.out,268.68758235669753,-0.1365,0.2169,2.7972,0.0,-1325.8078331842,4.034940876322994,1.4152705301213329,-1631.3778630785,0.13766715760016268
PHEI_red_416_cutoff_0.0.inp.out,269.28204413065583,-0.1440,0.1973,3.3307,0.0,-1325.2984275607,-0.9200785148029138,6.182938720125863,-1630.8853739923,0.14108174649982175
PHEI_red_417_cutoff_0.0.inp.out,267.6302891624319,-0.1435,0.2102,2.7861,0.0,-1325.5116981215,-5.218980612491222,-2.4583371636031246,-1631.0731826026,0.14325742289997834
PHEI_red_418_cutoff_0.0.inp.out,267.9062504201629,-0.1459,0.2094,2.6055,0.0,-1325.6496017924,-3.0295170277170875,-5.676430469755759,-1631.2141850242,0.14603183560006983
PHEI_red_419_cutoff_0.0.inp.out,268.65804289222814,-0.1521,0.2095,2.7110,0.0,-1325.5945058912,-12.875089273856805,-14.04375863997001,-1631.1707141341,0.15013538719995267
PHEI_red_41_cutoff_0.0.inp.out,265.97081198698993,-0.1438,0.2208,2.3393,0.0,-1325.6454576109,4.842791044217968,5.610551579830738,-1631.2033957343,0.1440317433000473
PHEI_red_420_cutoff_0.0.inp.out,267.9467012527439,-0.1400,0.2068,3.1769,0.0,-1325.3560714940,-3.9646782133931877,0.7636495387695236,-1630.9230471764,0.13999587690000226
PHEI_red_421_cutoff_0.0.inp.out,268.19001727693137,-0.1389,0.2144,2.2579,0.0,-1325.6724816476,-1.1269925732998327,1.4929208456552137,-1631.2244405429,0.14069662290012275
PHEI_red_422_cutoff_0.0.inp.out,269.90896158719886,-0.1547,0.1930,2.4145,0.0,-1325.3779664678,-0.4357899989815634,6.6798888478243175,-1630.957237337,0.15482205830016937
PHEI_red_423_cutoff_0.0.inp.out,267.5033863080665,-0.1499,0.2099,2.9779,0.0,-1325.3402502929,5.303087477257334,11.364191070423356,-1630.9042553023,0.14969724749994384
PHEI_red_424_cutoff_0.0.inp.out,269.2905790602021,-0.1429,0.2193,2.4642,0.0,-1325.7232383457,3.951133951792997,11.40082154175194,-1631.283998128,0.14174794540008406
PHEI_red_425_cutoff_0.0.inp.out,268.6840499083094,-0.1403,0.2094,2.5187,0.0,-1325.2145905113,-3.5621265914817233,-2.7155735777696774,-1630.7687895399,0.14098801139994066
PHEI_red_426_cutoff_0.0.inp.out,268.421895465078,-0.1308,0.2175,2.2910,0.0,-1325.1873486983,0.5476166404272769,-0.6650249040780973,-1630.7466937132,0.13174099800016847
PHEI_red_427_cutoff_0.0.inp.out,266.2229292977265,-0.1404,0.2089,2.9315,0.0,-1325.4669102913,-2.892367558761887,-1.4271270844228139,-1631.0148302657,0.14154505059991607
PHEI_red_428_cutoff_0.0.inp.out,268.32948084134887,-0.1574,0.2075,2.6356,0.0,-1325.6239577980,3.2918544616749186,9.734073343978105,-1631.1825798355,0.15705298300008508
PHEI_red_429_cutoff_0.0.inp.out,268.75326155926854,-0.1386,0.2074,2.7876,0.0,-1324.9038199443,2.1444877805445124,4.034017919858968,-1630.4626865811,0.1388004535001528
PHEI_red_42_cutoff_0.0.inp.out,267.10831309762267,-0.1460,0.2188,2.3138,0.0,-1325.4354128073,-1.3881991392372228,-0.7437260599929776,-1631.0063187948,0.14520852159989772
PHEI_red_430_cutoff_0.0.inp.out,266.4942048151655,-0.1564,0.1973,2.1361,0.0,-1325.6491208293,7.436979916842382,6.81836683228213,-1631.205558864,0.1561254385999291
PHEI_red_431_cutoff_0.0.inp.out,270.64568297200714,-0.1475,0.1954,3.5630,0.0,-1325.3632098570,4.438332610293289,10.250704859482676,-1630.9264007271,0.14767655729997387
PHEI_red_432_cutoff_0.0.inp.out,269.16525844674544,-0.1468,0.2106,2.4872,0.0,-1325.2888352484,2.659366024165642,4.627809917193591,-1630.8524407522,0.14838498259996413
PHEI_red_433_cutoff_0.0.inp.out,268.6559857908042,-0.1740,0.1943,2.0964,0.0,-1325.1258484552,3.3315433135370123,-0.25241199676033305,-1630.6948387208,0.17305397720019755
PHEI_red_434_cutoff_0.0.inp.out,269.31194504046624,-0.1782,0.1972,2.7517,0.0,-1325.1986796591,-5.614507461668226,-6.525628095571193,-1630.7725409278,0.1760745575998044
PHEI_red_435_cutoff_0.0.inp.out,269.8923916553824,-0.1647,0.1848,2.8505,0.0,-1325.1682644761,-6.269204653013683,-1.284111680193805,-1630.7387461781,0.1651022948001355
PHEI_red_436_cutoff_0.0.inp.out,269.7080806345067,-0.1606,0.1809,2.6183,0.0,-1325.1716096842,3.307576478960687,5.712532026674798,-1630.7328638179,0.16077458870017836
PHEI_red_437_cutoff_0.0.inp.out,267.831655156592,-0.1410,0.2143,2.0820,0.0,-1325.6536796830,4.820898134563558,-0.7834741893194442,-1631.211806994,0.14219406379993416
PHEI_red_438_cutoff_0.0.inp.out,268.9127828864841,-0.1591,0.1985,2.8223,0.0,-1325.4505413802,-3.3374039821122192,-6.46030831529563,-1631.0158701058,0.1584809014000257
PHEI_red_439_cutoff_0.0.inp.out,268.65404524117315,-0.1494,0.2125,2.5094,0.0,-1325.9685787736,-1.9093431800125882,-2.198012441710066,-1631.5402732399,0.14914070079998965
PHEI_red_43_cutoff_0.0.inp.out,268.06762903745675,-0.1492,0.1888,2.0953,0.0,-1325.2531265628,2.845463167361925,1.4230743556047756,-1630.8107286938,0.14981286249985715
PHEI_red_440_cutoff_0.0.inp.out,268.3641068497372,-0.1502,0.2170,2.2856,0.0,-1325.1182117876,1.9011403671956657,2.7202580815122044,-1630.6876303118,0.1491309595999155
PHEI_red_441_cutoff_0.0.inp.out,267.3676323983808,-0.1581,0.2024,2.9217,0.0,-1325.6250005127,0.0014681828784877393,6.5197455515353875,-1631.1893644707,0.15547334620009678
PHEI_red_442_cutoff_0.0.inp.out,270.82427178235366,-0.1271,0.2285,2.8934,0.0,-1325.8282371895,-0.9413542691703437,6.673143702136864,-1631.40088026,0.1268017142001554
PHEI_red_443_cutoff_0.0.inp.out,272.64111809739217,-0.1430,0.2148,2.8180,0.0,-1325.2832413751,-1.7894510670449064,-2.500328610274213,-1630.8471913604,0.14314042189994325
PHEI_red_444_cutoff_0.0.inp.out,269.3288288693768,-0.1578,0.1812,3.4960,0.0,-1325.4762146828,0.7953904773711048,5.399276357618499,-1631.0287451456,0.15807839450008032
PHEI_red_445_cutoff_0.0.inp.out,270.91770701382984,-0.1488,0.2129,2.9255,0.0,-1325.3626753221,-2.0196869879216126,-2.9925974074653374,-1630.9361313423,0.14719407760003378
PHEI_red_446_cutoff_0.0.inp.out,270.5857984811714,-0.1435,0.2132,2.2708,0.0,-1325.2294614264,-0.1195339678261049,-0.4883840033741822,-1630.8037145727,0.1417509146001521
PHEI_red_447_cutoff_0.0.inp.out,270.05550454806485,-0.1659,0.1869,2.4645,0.0,-1325.3552523321,1.8509556086415697,2.2279286689982274,-1630.9144035404,0.16477068159997543
PHEI_red_448_cutoff_0.0.inp.out,270.01036973079624,-0.1357,0.2260,3.0279,0.0,-1325.4210216147,-6.750686637002477,-4.470086403981954,-1630.9928064143,0.13569228549999934
PHEI_red_449_cutoff_0.0.inp.out,267.59088056025456,-0.1299,0.2268,2.8101,0.0,-1325.4840698311,-0.6002050552081519,2.112290604609439,-1631.0442989384,0.1300606224999683
PHEI_red_44_cutoff_0.0.inp.out,267.420158129811,-0.1708,0.1955,2.5763,0.0,-1325.5178751143,7.516525108205962,3.6426917054489247,-1631.0860323657,0.16998230290005267
PHEI_red_450_cutoff_0.0.inp.out,269.5467081610651,-0.1506,0.1901,2.0023,0.0,-1325.0436849994,3.3155934795955493,6.730304659765863,-1630.5983366517,0.15125104389994704
PHEI_red_451_cutoff_0.0.inp.out,268.133129753691,-0.1640,0.1785,1.9439,0.0,-1325.2039670652,0.29498541473925305,1.0855307067318356,-1630.7604080195,0.16428396149990476
PHEI_red_452_cutoff_0.0.inp.out,266.71930466184153,-0.1505,0.2012,1.8703,0.0,-1324.6696670174,2.0346593958942805,1.5256080966118235,-1630.2241476135,0.15120346749995406
PHEI_red_453_cutoff_0.0.inp.out,267.4911136881644,-0.1636,0.1760,1.8886,0.0,-1325.2040576968,1.7630654660589502,1.474711576510774,-1630.7564067704,0.1638651769999342
PHEI_red_454_cutoff_0.0.inp.out,266.91868436405633,-0.1594,0.1859,2.1299,0.0,-1325.0159899234,3.0634092682965575,0.8157304285789618,-1630.562144858,0.15928279390004718
PHEI_red_455_cutoff_0.0.inp.out,266.1209510809813,-0.1489,0.2064,2.7614,0.0,-1325.2594305184,-1.1673822630195225,-0.2561481971110553,-1630.8134921686,0.14947882520004896
PHEI_red_456_cutoff_0.0.inp.out,266.7769284415608,-0.1529,0.1917,3.5118,0.0,-1325.0334500091,-12.884397592176466,-14.386042035326188,-1630.5911192357,0.15210306589983702
PHEI_red_457_cutoff_0.0.inp.out,268.75826536422557,-0.1479,0.1998,3.6733,0.0,-1325.2612047430,-10.984857307270714,-10.34866051723049,-1630.8095258226,0.1470172122999429
PHEI_red_458_cutoff_0.0.inp.out,270.27010902839294,-0.1189,0.2233,2.9039,0.0,-1325.3096071536,-6.892633173359623,-6.730470218147283,-1630.8619584875,0.11932521720018485
PHEI_red_459_cutoff_0.0.inp.out,266.30338076477074,-0.1453,0.2016,3.1015,0.0,-1325.1748556101,-3.9615372228922565,-1.815467435055091,-1630.7175835722,0.14585548200011544
PHEI_red_45_cutoff_0.0.inp.out,267.8855835087712,-0.1640,0.1906,1.8787,0.0,-1325.6090756606,-1.6984014738674527,-4.296064263214726,-1631.1793910171,0.16269554669997888
PHEI_red_460_cutoff_0.0.inp.out,271.08201500941726,-0.1383,0.2246,2.6481,0.0,-1325.6043515898,-7.719598249028824,-3.0578847773407,-1631.1708076926,0.1374175120001837
PHEI_red_461_cutoff_0.0.inp.out,269.0325297644713,-0.1441,0.2119,2.2545,0.0,-1325.6147832391,-2.579561965328421,-3.853247253719731,-1631.1652343589,0.14243604710009095
PHEI_red_462_cutoff_0.0.inp.out,267.6038885398387,-0.1542,0.2010,3.1240,0.0,-1325.1985329175,-3.11364003326059,-1.6140158294899578,-1630.7457895196,0.15406162640010734
PHEI_red_463_cutoff_0.0.inp.out,270.4820102399687,-0.1515,0.2097,2.3453,0.0,-1325.6456393367,-0.41436770592402594,3.5916753535025667,-1631.2093913268,0.1524733942999319
PHEI_red_464_cutoff_0.0.inp.out,268.25169574732377,-0.1509,0.2101,3.2069,0.0,-1325.3054103967,-2.1290402450126917,3.19340023418969,-1630.8561031498,0.14808892769997328
PHEI_red_465_cutoff_0.0.inp.out,268.9712038318162,-0.1510,0.2145,2.8788,0.0,-1325.5823020000,-0.20176816557856914,2.3671891140227705,-1631.1361972108,0.14914319109993812
PHEI_red_466_cutoff_0.0.inp.out,267.16903996676746,-0.1409,0.2154,2.9165,0.0,-1325.5116207677,0.15096388699040764,1.0971909659724495,-1631.0538080874,0.1400814230000833
PHEI_red_467_cutoff_0.0.inp.out,269.230516072788,-0.1406,0.2097,2.8652,0.0,-1325.2363834034,7.50326666312422,12.121046392649047,-1630.7926894078,0.14394698740011336
PHEI_red_468_cutoff_0.0.inp.out,268.57404562170905,-0.1323,0.2116,2.7729,0.0,-1325.3041546904,2.9741504922067907,7.042163768933497,-1630.8491492904,0.13307746550003685
PHEI_red_469_cutoff_0.0.inp.out,266.78006246848105,-0.1489,0.1914,3.2756,0.0,-1325.5301781596,-7.644386054804339,-2.0400025917469566,-1631.0688119282,0.14731058829988797
PHEI_red_46_cutoff_0.0.inp.out,267.8550462268379,-0.1572,0.2099,2.4088,0.0,-1325.8838883066,-4.221916685622657,-2.424350615747364,-1631.4486082214,0.15858604009986266
PHEI_red_470_cutoff_0.0.inp.out,268.8860317505316,-0.1558,0.2053,2.3880,0.0,-1325.2862170151,1.1411189156726,11.259678190086925,-1630.8484557322,0.1541394839998702
PHEI_red_471_cutoff_0.0.inp.out,265.5218123575061,-0.1619,0.2058,3.0563,0.0,-1325.5853145256,7.499414296123857,6.6329845605902635,-1631.1238663682,0.1615561142000388
PHEI_red_472_cutoff_0.0.inp.out,266.7636200166731,-0.1392,0.1983,3.0386,0.0,-1325.0141610782,-0.9876078094641612,4.26905527758634,-1630.559491892,0.14195058340010291
PHEI_red_473_cutoff_0.0.inp.out,270.7156812087167,-0.1514,0.2056,2.2758,0.0,-1325.5509501620,1.659859139877312,5.662935455079352,-1631.1089838649,0.15295123269993383
PHEI_red_474_cutoff_0.0.inp.out,265.56210611258683,-0.1711,0.1925,2.3544,0.0,-1325.1059410741,-0.2613240218319546,3.8411210785642567,-1630.6573427511,0.1693763423998007
PHEI_red_475_cutoff_0.0.inp.out,270.7964044896677,-0.1558,0.1937,1.8289,0.0,-1325.2111899418,-2.2463507724921716,2.108038536590022,-1630.7578452115,0.1561710700000276
PHEI_red_476_cutoff_0.0.inp.out,268.432160215099,-0.1549,0.1848,1.7250,0.0,-1325.3091864807,8.35614888932997,9.41428236816518,-1630.8698266136,0.15611630339981275
PHEI_red_477_cutoff_0.0.inp.out,269.40234938933276,-0.1499,0.2172,1.5690,0.0,-1325.7652248974,4.3948765196754636,5.594630319855989,-1631.3183471939,0.14883188740009246
PHEI_red_478_cutoff_0.0.inp.out,268.3013451184546,-0.1536,0.2152,2.0067,0.0,-1324.7918709983,6.9329988049449645,7.718561560752796,-1630.3445313013,0.1521105520000674
PHEI_red_479_cutoff_0.0.inp.out,265.3297702738444,-0.1536,0.2030,2.5579,0.0,-1325.5046414153,0.9906749580934502,0.222468034263964,-1631.0415327974,0.15474020989995552
PHEI_red_47_cutoff_0.0.inp.out,271.7690515666242,-0.1401,0.2062,2.4113,0.0,-1325.2997449763,1.2405793877998605,-1.1624318291999385,-1630.8593050621,0.14071811710005022
PHEI_red_480_cutoff_0.0.inp.out,269.2333726710613,-0.1366,0.2132,2.8371,0.0,-1325.2438216925,-0.34283694333109554,1.6210546162928754,-1630.8017181044,0.13721059409999725
PHEI_red_481_cutoff_0.0.inp.out,267.32893969734295,-0.1292,0.2378,2.3714,0.0,-1325.1574207452,0.5029202843792575,3.9145809362418644,-1630.7065058391,0.12822155670005486
PHEI_red_482_cutoff_0.0.inp.out,267.84209011177853,-0.1423,0.1840,3.4400,0.0,-1325.1381039857,-9.399682341018202,-2.5408501952077738,-1630.7074591474,0.14280404660007662
PHEI_red_483_cutoff_0.0.inp.out,268.36202256124733,-0.1601,0.1844,3.7175,0.0,-1325.4502704722,-9.627418861053101,-8.341172603126022,-1631.0129214236,0.1604141459999937
PHEI_red_484_cutoff_0.0.inp.out,267.80482019143085,-0.1445,0.1963,3.2902,0.0,-1325.3626644092,-0.32227121571987183,-3.2440401000278727,-1630.923818413,0.1449496420000287
PHEI_red_485_cutoff_0.0.inp.out,268.22117258180185,-0.1299,0.2165,2.9663,0.0,-1325.1173911336,-3.3131799494800918,-4.158726038246582,-1630.6854822808,0.12982451390007554
PHEI_red_486_cutoff_0.0.inp.out,270.7739637574755,-0.1541,0.2105,2.2915,0.0,-1325.4043867532,3.6731322967153104,-0.40044280162921353,-1630.9730013613,0.15378046230011932
PHEI_red_487_cutoff_0.0.inp.out,269.94268541585063,-0.1341,0.2221,2.8673,0.0,-1325.3454940344,5.306757347307473,5.618016866693897,-1630.8946213989,0.13322773710001456
PHEI_red_488_cutoff_0.0.inp.out,271.341214594846,-0.1645,0.2003,2.3118,0.0,-1324.9067007209,-3.8964150067425027,-3.2659795698863965,-1630.4592012371,0.16393350670000473
PHEI_red_489_cutoff_0.0.inp.out,270.74480539405414,-0.1466,0.2092,2.6309,0.0,-1325.3611316900,4.958453967437036,0.615787015023135,-1630.9238170133,0.14597075830010908
PHEI_red_48_cutoff_0.0.inp.out,272.02256032558324,-0.1449,0.2062,3.3790,0.0,-1325.8739036044,-5.330801933823826,-0.483604943633395,-1631.4424150783,0.143142099600027
PHEI_red_490_cutoff_0.0.inp.out,272.8367356066608,-0.1549,0.2044,1.9870,0.0,-1325.4363175018,4.876658851825977,5.373273843329938,-1631.0018848381,0.1541839491999326
PHEI_red_491_cutoff_0.0.inp.out,270.1760359164053,-0.1383,0.2279,1.8679,0.0,-1325.0631452341,1.870988912850556,0.12630190753823534,-1630.6317954436,0.13768018490009126
PHEI_red_492_cutoff_0.0.inp.out,269.29837911359914,-0.1358,0.2153,3.2157,0.0,-1325.6458899866,7.4900687436192115,8.374467845796042,-1631.2062697462,0.13625430570004937
PHEI_red_493_cutoff_0.0.inp.out,271.9547714086069,-0.1698,0.1942,2.5618,0.0,-1325.5891839538,0.07803354076253832,7.992582578980834,-1631.1447116329,0.16699701829998048
PHEI_red_494_cutoff_0.0.inp.out,268.54735954726334,-0.1428,0.2223,2.2567,0.0,-1325.4873809946,3.331448877349813,12.391335392156368,-1631.0585350968,0.1417863613000918
PHEI_red_495_cutoff_0.0.inp.out,268.8190428910542,-0.1440,0.2149,2.3412,0.0,-1325.4910226231,10.777276420880156,28.359955776760525,-1631.0535276756,0.14445579599987468
PHEI_red_496_cutoff_0.0.inp.out,270.3896417116079,-0.1425,0.2064,2.9343,0.0,-1325.7233638887,0.08869873977558673,9.773002868074883,-1631.2802579831,0.14263902829998187
PHEI_red_497_cutoff_0.0.inp.out,268.18734360387816,-0.1277,0.2349,2.3987,0.0,-1325.5811643087,-4.192764399185619,-4.206822131650754,-1631.1469271733,0.1283010349000051
PHEI_red_498_cutoff_0.0.inp.out,267.4559775876847,-0.1408,0.2212,2.3522,0.0,-1326.0103779608,-0.08782536011351438,-3.328271435719509,-1631.5567812927,0.1410048571999596
PHEI_red_499_cutoff_0.0.inp.out,268.49522338598854,-0.1285,0.2240,2.3344,0.0,-1325.7100577186,-1.2204188990148594,4.346854449046536,-1631.2656463513,0.12956825960009155
PHEI_red_49_cutoff_0.0.inp.out,269.52812771651185,-0.1584,0.2049,2.5920,0.0,-1325.2213932264,0.03177569449551443,0.07804102512470323,-1630.7929013523,0.1580558662999465
PHEI_red_4_cutoff_0.0.inp.out,270.00768546912025,-0.1442,0.2078,3.2837,0.0,-1325.1804197627,-7.726106105006311,-12.277965535610234,-1630.7419946396,0.1450908440999683
PHEI_red_50_cutoff_0.0.inp.out,267.51841967561376,-0.1602,0.2039,2.4629,0.0,-1325.2005027014,-0.7994284314277551,-2.382708017141358,-1630.7666300432,0.1592252701000234
PHEI_red_51_cutoff_0.0.inp.out,269.7260655252083,-0.1452,0.2167,3.2870,0.0,-1324.9632820018,-5.2655333456147515,-7.30996168264256,-1630.5388242471,0.14199456980009018
PHEI_red_52_cutoff_0.0.inp.out,267.49853071380085,-0.1557,0.1957,2.4340,0.0,-1325.2840385267,0.9025276526670332,0.16136004971552187,-1630.8450255455,0.1538981450000847
PHEI_red_53_cutoff_0.0.inp.out,266.3135276938025,-0.1420,0.2125,3.1486,0.0,-1324.9578159716,-4.438459925646324,-5.190505173229967,-1630.5253766324,0.14116958849990624
PHEI_red_54_cutoff_0.0.inp.out,267.66358191948405,-0.1587,0.1951,3.0265,0.0,-1325.0673512057,-7.887363594186628,-8.075253524577334,-1630.6361548423,0.159651795100217
PHEI_red_55_cutoff_0.0.inp.out,265.39912895473776,-0.1310,0.2142,2.0212,0.0,-1324.7785795537,-3.067337050339957,-7.2792351925139,-1630.3278033377,0.134447721000015
PHEI_red_56_cutoff_0.0.inp.out,267.7798787322986,-0.1392,0.2074,2.1286,0.0,-1325.1173111145,-4.850540972102641,-12.123048998281664,-1630.6563724631,0.14038873870003954
PHEI_red_57_cutoff_0.0.inp.out,268.48319736180343,-0.1593,0.2035,2.6691,0.0,-1324.5328788240,-3.351131105796263,-14.07166342652284,-1630.10624114,0.1563796108000588
PHEI_red_58_cutoff_0.0.inp.out,269.91110519163993,-0.1302,0.2231,2.6499,0.0,-1325.3683276524,1.9184936559996588,-4.492042303959996,-1630.9332654656,0.12896924200003923
PHEI_red_59_cutoff_0.0.inp.out,270.1020467560665,-0.1396,0.2133,3.0396,0.0,-1325.2913430976,-12.053825596699633,-16.56042077185234,-1630.8554645456,0.13710723319991303
PHEI_red_5_cutoff_0.0.inp.out,268.1859670980628,-0.1448,0.2147,2.4210,0.0,-1325.3566343722,-4.867712558157169,-9.522767946130179,-1630.9152918462,0.14290059320001092
PHEI_red_60_cutoff_0.0.inp.out,271.10321812318557,-0.1515,0.2074,3.2704,0.0,-1325.3334680599,-7.369343538195193,-11.537930866556675,-1630.9076788708,0.15124143809998714
PHEI_red_61_cutoff_0.0.inp.out,269.43116692547125,-0.1381,0.2087,2.8478,0.0,-1324.9157858225,-6.118405780317244,-9.326739641622483,-1630.4670259574,0.13803166549996604
PHEI_red_62_cutoff_0.0.inp.out,270.97480278109373,-0.1390,0.2157,3.1919,0.0,-1325.0505861556,-12.150348640369337,-12.217885213116855,-1630.5976550989,0.13837075820015343
PHEI_red_63_cutoff_0.0.inp.out,271.38309024460216,-0.1318,0.2298,3.1720,0.0,-1324.8691656025,-6.194217654854409,-13.402340834614508,-1630.4489287087,0.12964812149994032
PHEI_red_64_cutoff_0.0.inp.out,267.9534890454196,-0.1541,0.2139,3.3121,0.0,-1324.9592968659,-5.830474849411087,-3.151816694711396,-1630.5251409734,0.15260565530002168
PHEI_red_65_cutoff_0.0.inp.out,268.85096716875694,-0.1550,0.2082,3.3790,0.0,-1324.6154981389,-2.0907039639813694,-6.050120683199841,-1630.1804507183,0.15503821879997304
PHEI_red_66_cutoff_0.0.inp.out,271.7634801002692,-0.1450,0.1947,3.1700,0.0,-1324.8692181248,-8.340501978749803,-11.89772469386762,-1630.4305218911,0.14696410850001485
PHEI_red_67_cutoff_0.0.inp.out,267.1593834929063,-0.1558,0.1873,3.7332,0.0,-1324.7175916219,-21.15702819500767,-22.35621298812116,-1630.2636313646,0.15449460669992732
PHEI_red_68_cutoff_0.0.inp.out,265.2323652976088,-0.1457,0.2137,3.2295,0.0,-1325.0611696062,-6.090881351869346,-11.014849916283671,-1630.6167892775,0.14480740520002655
PHEI_red_69_cutoff_0.0.inp.out,265.3812310738024,-0.1540,0.1851,3.4309,0.0,-1325.3309759325,-21.064645765857477,-23.455072125575615,-1630.8889758502,0.15346143639999354
PHEI_red_6_cutoff_0.0.inp.out,269.0831780093232,-0.1409,0.2220,2.8910,0.0,-1325.4662642631,-8.94694082632158,-9.929300646453735,-1631.0343283666,0.1409528451999904
PHEI_red_70_cutoff_0.0.inp.out,266.4907553806306,-0.1671,0.1710,2.8733,0.0,-1324.9180858525,-12.912502964560009,-8.896799348392992,-1630.4758642451,0.16842305950012815
PHEI_red_71_cutoff_0.0.inp.out,265.67425250056806,-0.1701,0.1663,3.6436,0.0,-1324.8347935384,-4.542177232149961,-4.067089795740908,-1630.3929435432,0.17205639210010304
PHEI_red_72_cutoff_0.0.inp.out,267.71983936156886,-0.1522,0.1899,2.5446,0.0,-1325.1099971086,1.0833280184381862,1.2948566417068492,-1630.6676291841,0.15180759510008102
PHEI_red_73_cutoff_0.0.inp.out,269.71359105506576,-0.1470,0.2036,2.2212,0.0,-1324.8314815827,-4.3009872314021775,-7.164064661732406,-1630.4015207457,0.1467878195001049
PHEI_red_74_cutoff_0.0.inp.out,271.7200067965274,-0.1674,0.1916,2.1775,0.0,-1325.0626286183,7.4123680069989,3.586120370167976,-1630.6274627701,0.1660674155000379
PHEI_red_75_cutoff_0.0.inp.out,269.66389465529045,-0.1637,0.2005,2.2885,0.0,-1325.0383687137,-4.578723073488652,-1.0391077140842686,-1630.6044947813,0.16291426819998378
PHEI_red_76_cutoff_0.0.inp.out,269.81908054059096,-0.1522,0.2042,3.0577,0.0,-1324.8442277672,-16.617079202331695,-26.2704874361269,-1630.4235174804,0.15143638119980096
PHEI_red_77_cutoff_0.0.inp.out,270.08856186841615,-0.1469,0.2208,2.4681,0.0,-1324.9308848497,-9.769194295559194,-6.729906552347535,-1630.51882494,0.14641067490015303
PHEI_red_78_cutoff_0.0.inp.out,268.3094024826059,-0.1527,0.1943,2.8409,0.0,-1324.8216966650,-7.504915415204358,-6.441729804744383,-1630.3906810665,0.15160941720000665
PHEI_red_79_cutoff_0.0.inp.out,268.3669988232452,-0.1450,0.2119,2.4061,0.0,-1325.3445777259,-2.79333106060339,-4.220575431748151,-1630.9019770146,0.14357454259993574
PHEI_red_7_cutoff_0.0.inp.out,268.2095102499495,-0.1431,0.2123,3.1332,0.0,-1325.3184345162,1.2927112466050108,-1.5382750211113032,-1630.8728247328,0.14205706200004897
PHEI_red_80_cutoff_0.0.inp.out,269.3854103999164,-0.1419,0.1977,3.0343,0.0,-1325.0727583601,-21.838419038819254,-29.84030220060864,-1630.6294418828,0.14207401890007532
PHEI_red_81_cutoff_0.0.inp.out,265.4399652942144,-0.1463,0.2149,2.3442,0.0,-1325.3977438558,-11.85555627128837,-20.809264642410298,-1630.9582184572,0.14715961000001698
PHEI_red_82_cutoff_0.0.inp.out,265.9059910660956,-0.1419,0.2201,2.5121,0.0,-1325.6856513243,-4.152536599232738,-4.726312236762922,-1631.2505175343,0.14305342950001432
PHEI_red_83_cutoff_0.0.inp.out,267.73748515151175,-0.1503,0.2131,2.3882,0.0,-1325.2748340275,2.0079266416289823,3.487916084873188,-1630.8287733339,0.14833276910007953
PHEI_red_84_cutoff_0.0.inp.out,269.59604444865363,-0.1484,0.2085,2.9618,0.0,-1325.3192025239,-15.977947155370472,-25.378760760536093,-1630.8795352382,0.14717105370004901
PHEI_red_85_cutoff_0.0.inp.out,269.58918273168564,-0.1501,0.2020,2.8682,0.0,-1325.1260223594,-17.96732918523587,-28.30427303910305,-1630.687671941,0.15021920240019426
PHEI_red_86_cutoff_0.0.inp.out,268.1703655241783,-0.1550,0.2037,2.5148,0.0,-1325.2210539202,-14.606027098911778,-17.584496830680102,-1630.7842335508,0.15461355720003667
PHEI_red_87_cutoff_0.0.inp.out,269.9763603503026,-0.1573,0.2019,2.7622,0.0,-1325.2999312102,-10.581538999414239,-11.278166923320697,-1630.8558160551,0.15738782850007738
PHEI_red_88_cutoff_0.0.inp.out,269.1691100999969,-0.1547,0.2034,2.3379,0.0,-1325.2929262160,-5.173757304096322,-10.55548920605022,-1630.8592168827,0.15517356100008328
PHEI_red_89_cutoff_0.0.inp.out,269.2265135233967,-0.1579,0.1997,3.4186,0.0,-1324.9822192717,-12.546924026178262,-18.66644006326594,-1630.5401908169,0.15715103529987573
PHEI_red_8_cutoff_0.0.inp.out,267.62540544627734,-0.1162,0.2195,3.0185,0.0,-1325.5568295767,8.53583475109903,7.373787037639469,-1631.0932462518,0.1177985612998782
PHEI_red_90_cutoff_0.0.inp.out,268.6584803639617,-0.1680,0.1972,2.5192,0.0,-1325.4138972199,0.5888765155861697,-2.1036719914993047,-1630.9883084207,0.16520818319986574
PHEI_red_91_cutoff_0.0.inp.out,268.03182355586915,-0.1566,0.2091,2.0440,0.0,-1325.0081283071,8.092962705231106,6.511215061447502,-1630.571599722,0.15611473180001667
PHEI_red_92_cutoff_0.0.inp.out,269.40694115225983,-0.1438,0.2134,2.9355,0.0,-1325.4877983682,-15.812458680844165,-23.808931083071723,-1631.0442994631,0.14402366150011403
PHEI_red_93_cutoff_0.0.inp.out,268.3474027994031,-0.1500,0.2047,2.9953,0.0,-1325.2779111534,-9.451107118838578,-8.626514843600797,-1630.8256483896,0.15108771950008304
PHEI_red_94_cutoff_0.0.inp.out,267.3527230063117,-0.1514,0.2032,2.8168,0.0,-1325.5875251656,-5.228950710749846,-8.016038602620718,-1631.1551225576,0.15216190759997517
PHEI_red_95_cutoff_0.0.inp.out,269.0032361041721,-0.1579,0.1959,2.7946,0.0,-1325.1724882875,-4.201275940517201,-10.39927825024972,-1630.7438843294,0.15734082349990786
PHEI_red_96_cutoff_0.0.inp.out,269.5845706822069,-0.1551,0.2056,2.5346,0.0,-1325.2215079746,3.849644457942097,-1.489628135613723,-1630.7949701225,0.1535287932999836
PHEI_red_97_cutoff_0.0.inp.out,268.94737415913823,-0.1384,0.2092,2.5481,0.0,-1324.9683628858,-4.892378264609866,-6.789036101124253,-1630.5285002256,0.13870450590002292
PHEI_red_98_cutoff_0.0.inp.out,269.14576142668926,-0.1543,0.2125,2.6827,0.0,-1325.1135777969,-14.6051852553938,-21.38876008845113,-1630.6900638465,0.15423564709999482
PHEI_red_99_cutoff_0.0.inp.out,270.63721288951473,-0.1499,0.2053,3.3994,0.0,-1325.5254504870,-9.621495335705381,-18.817051679776092,-1631.0973180891,0.15026524990003054
PHEI_red_9_cutoff_0.0.inp.out,267.94420590714043,-0.1408,0.2065,1.9799,0.0,-1325.2308712701,-8.680355501770727,-13.33155793653662,-1630.7863884518,0.14286955130000933
