file_name,NRE,HOMO,LUMO,Dipole_mom,Num_waters,chg_chg,elec5,elec10,delE_hf,delE_dft
PHEI_red_0_cutoff_7.5.inp.out,269.80139944741285,-0.1648,0.1520,48.2729,52.0,-1307.4146084184,-111.98979576317075,-136.03246451352277,-5566.9733835794,0.15595996739921247
PHEI_red_100_cutoff_7.5.inp.out,269.93170248952754,-0.1622,0.1199,13.7921,56.0,-1306.3301791054,-24.075950461343812,19.515659051732055,-5869.9768983853,0.15781848710048507
PHEI_red_101_cutoff_7.5.inp.out,268.3730554909716,-0.1449,0.1440,5.3981,57.0,-1305.9511151112,-43.765709552096816,27.833079352840038,-5945.5142003961,0.13844687510027143
PHEI_red_102_cutoff_7.5.inp.out,270.7060908198657,-0.1667,0.1466,8.2407,56.0,-1306.2627519360,-88.57503515171105,29.45730497606405,-5869.9196160862,0.155884791900462
PHEI_red_103_cutoff_7.5.inp.out,272.30779753165024,-0.1569,0.1485,18.1031,56.0,-1306.1026758546,-78.01843480723653,50.5942717858042,-5869.7720626657,0.14721095459935896
PHEI_red_104_cutoff_7.5.inp.out,271.0580051327243,-0.1411,0.1644,14.4301,56.0,-1306.1408696092,47.76591794479365,8.87487600653575,-5869.6974898166,0.13396320179981558
PHEI_red_105_cutoff_7.5.inp.out,271.37783454526124,-0.1507,0.1555,9.5493,53.0,-1306.9629809617,-130.2640608937302,11.825320456901752,-5642.5157174806,0.14550070389941538
PHEI_red_106_cutoff_7.5.inp.out,271.32712204567093,-0.1450,0.1611,17.7270,54.0,-1306.7082131646,-51.328472635918715,37.17006174503813,-5718.290715623,0.13821493340037705
PHEI_red_107_cutoff_7.5.inp.out,269.0669157926989,-0.1234,0.1725,16.5653,54.0,-1306.8201985084,64.56229564010452,56.05838711084335,-5718.34330136,0.11623508649972791
PHEI_red_108_cutoff_7.5.inp.out,267.3745480282019,-0.1423,0.1453,18.9445,57.0,-1305.7352803328,27.086032622202925,-17.559765682224526,-5945.3659617738,0.1378214462001779
PHEI_red_109_cutoff_7.5.inp.out,266.8907428926448,-0.1448,0.1537,12.5799,56.0,-1306.1801289525,8.285686458058397,-4.945694453114283,-5869.8057203945,0.13816545349982334
PHEI_red_10_cutoff_7.5.inp.out,267.10282047813615,-0.1570,0.1520,30.3348,54.0,-1306.6106543194,58.19721167320079,50.64744971910745,-5718.1751946602,0.1498078391996387
PHEI_red_110_cutoff_7.5.inp.out,264.1428113342627,-0.1541,0.1476,9.6376,50.0,-1308.3483274534,35.468773468014255,21.189341283739132,-5415.7918601103,0.14757911689957837
PHEI_red_111_cutoff_7.5.inp.out,266.4795094930537,-0.1360,0.1491,11.7940,53.0,-1307.7084121451,16.221495521117404,12.685931752215383,-5643.1978272163,0.1315455332996862
PHEI_red_112_cutoff_7.5.inp.out,266.33667391032145,-0.1221,0.1652,10.3341,55.0,-1307.1502248860,225.413535807853,-31.161028377726517,-5794.7587349201,0.11651714829986304
PHEI_red_113_cutoff_7.5.inp.out,267.74028987252825,-0.1304,0.1729,9.5152,49.0,-1308.8635451125,-33.6495014598219,-53.05300643959328,-5340.2780367937,0.12491448130003846
PHEI_red_114_cutoff_7.5.inp.out,269.0099729221695,-0.1456,0.1593,7.1591,52.0,-1307.9066205838,-121.42261088039264,22.718361000807956,-5567.4309556441,0.14065837139969517
PHEI_red_115_cutoff_7.5.inp.out,267.05539894998304,-0.1536,0.1541,22.3273,52.0,-1307.4208871666,-120.09282507260285,81.01671191223116,-5566.959675145,0.14837101550074294
PHEI_red_116_cutoff_7.5.inp.out,268.2492640621659,-0.1398,0.1595,24.5806,54.0,-1306.9150270922,45.880676949419126,37.27070296010698,-5718.5836184125,0.13260534909932176
PHEI_red_117_cutoff_7.5.inp.out,270.8558241479216,-0.1491,0.1553,32.0825,56.0,-1306.0358045258,-121.6118547518681,45.732871700718626,-5869.7492511137,0.143799381899953
PHEI_red_118_cutoff_7.5.inp.out,268.5477753964063,-0.1263,0.1624,27.3388,58.0,-1305.0691322034,83.51777738219161,-64.44370450903016,-6020.7985417856,0.1198020327001359
PHEI_red_119_cutoff_7.5.inp.out,272.40964332137185,-0.1398,0.1579,29.8667,54.0,-1306.7706969032,-40.459818113146135,-220.30479343046724,-5718.3837872412,0.1344501585999751
PHEI_red_11_cutoff_7.5.inp.out,265.1207115122651,-0.1517,0.1544,42.2292,58.0,-1305.0372236942,32.9134206562538,26.21565091544063,-6020.6983891372,0.1434396328004368
PHEI_red_120_cutoff_7.5.inp.out,271.3056685413176,-0.1364,0.1533,29.9643,53.0,-1306.8748708443,-160.2312618868823,-134.3054609883921,-5642.3725677978,0.13041618690022005
PHEI_red_121_cutoff_7.5.inp.out,269.0212541277819,-0.1455,0.1570,28.1812,53.0,-1307.1851458892,5.193039854820866,26.639829337088145,-5642.7303257741,0.1378124901002593
PHEI_red_122_cutoff_7.5.inp.out,269.68558472357984,-0.1510,0.1375,18.3529,56.0,-1306.0656232104,-86.87258185444288,60.13526963815225,-5869.7179081368,0.14372770950012637
PHEI_red_123_cutoff_7.5.inp.out,267.5310585062923,-0.1361,0.1661,26.4570,51.0,-1307.9233365304,11.086240687019096,-47.20128753701406,-5491.3529088014,0.12817519630061724
PHEI_red_124_cutoff_7.5.inp.out,268.93350730810084,-0.1348,0.1575,20.4425,54.0,-1306.6951172471,-13.96112820960359,-11.20321015132858,-5718.2805201924,0.12930981250065088
PHEI_red_125_cutoff_7.5.inp.out,268.6448477665381,-0.1305,0.1639,28.6981,51.0,-1307.5933501585,-145.0393168423954,-134.9364014594818,-5491.057803318,0.12573531109956093
PHEI_red_126_cutoff_7.5.inp.out,264.4316090705662,-0.1423,0.1541,31.5757,50.0,-1308.3910580967,-36.546322581471976,-174.5802933978509,-5415.8154253619,0.1373980992993893
PHEI_red_127_cutoff_7.5.inp.out,266.80292828188607,-0.1524,0.1558,31.8414,50.0,-1307.8154118112,-173.88599720882024,-90.64713680019128,-5415.2806102711,0.14643941070062283
PHEI_red_128_cutoff_7.5.inp.out,268.26704856080363,-0.1362,0.1749,35.4013,54.0,-1306.6806300816,-54.44432648294843,-216.94227133925895,-5718.2856921353,0.12801287950060214
PHEI_red_129_cutoff_7.5.inp.out,266.55304324823277,-0.1384,0.1721,33.0844,53.0,-1306.8349942512,143.518182573259,-22.334332936605627,-5642.3826912196,0.13271647170040524
PHEI_red_12_cutoff_7.5.inp.out,267.8929257421881,-0.1377,0.1741,31.5535,57.0,-1305.4938089758,148.61658371154016,22.054711675717485,-5945.1450088544,0.13028652709999733
PHEI_red_130_cutoff_7.5.inp.out,266.91709896929086,-0.1349,0.1642,43.4264,54.0,-1306.5869642379,240.97950428060236,-8.820938785965868,-5718.2015662363,0.12743244420016708
PHEI_red_131_cutoff_7.5.inp.out,271.71756327705396,-0.1483,0.1482,43.2510,54.0,-1306.8525820433,102.39959609961714,57.16433646782269,-5718.4251227594,0.14015061979989696
PHEI_red_132_cutoff_7.5.inp.out,268.65569276976714,-0.1651,0.1446,37.5979,56.0,-1305.6758054425,-48.47240603031526,-20.82110116765903,-5869.3471867291,0.15805163940058264
PHEI_red_133_cutoff_7.5.inp.out,267.7559805430694,-0.1474,0.1631,29.8238,55.0,-1306.3414450016,40.10009084725264,33.16159387537201,-5793.9452646681,0.13908403539971914
PHEI_red_134_cutoff_7.5.inp.out,269.5436950295924,-0.1692,0.1491,42.6501,53.0,-1306.8785249681,-91.56910471111108,-63.84734997325398,-5642.4603723171,0.16265619839941792
PHEI_red_135_cutoff_7.5.inp.out,269.52434214391985,-0.1607,0.1558,37.9204,50.0,-1307.9880147222,25.603991381002903,-13.327913279720946,-5415.3430255702,0.15404557840065536
PHEI_red_136_cutoff_7.5.inp.out,269.4390523206499,-0.1765,0.1460,35.4593,53.0,-1306.9888270009,-130.2370670878514,-75.55313385140553,-5642.5315492916,0.1677907729999788
PHEI_red_137_cutoff_7.5.inp.out,271.05495097995316,-0.1465,0.1535,24.9465,55.0,-1306.5633957103,5.2291145461493205,-167.34450624681884,-5794.1381923798,0.1414034911995259
PHEI_red_138_cutoff_7.5.inp.out,267.5209579193215,-0.1615,0.1570,18.3523,53.0,-1306.8759926272,46.437417901871974,-28.988146695226565,-5642.4257668461,0.1546043157004533
PHEI_red_139_cutoff_7.5.inp.out,268.4512059276945,-0.1577,0.1583,26.1649,55.0,-1306.4930885047,10.028664002892592,13.309397798882221,-5794.0830251134,0.1488922595999611
PHEI_red_13_cutoff_7.5.inp.out,269.91227482586163,-0.1410,0.1648,36.2418,57.0,-1305.2699379586,-26.670117250339857,-29.708338511687426,-5944.9918867123,0.13346672319948993
PHEI_red_140_cutoff_7.5.inp.out,271.71964300360855,-0.1483,0.1404,33.9232,58.0,-1305.2684765240,158.59846765409213,10.373179579237155,-6020.9311675518,0.14209091930024442
PHEI_red_141_cutoff_7.5.inp.out,269.0491012025673,-0.1511,0.1547,36.4849,57.0,-1305.8332944997,151.46781628217917,-10.667684313378334,-5945.4769029172,0.1439041379999253
PHEI_red_142_cutoff_7.5.inp.out,268.7060574987956,-0.1531,0.1631,28.5400,58.0,-1305.2225483732,448.5001707841213,117.67265611845664,-6020.8237155555,0.1448570151005697
PHEI_red_143_cutoff_7.5.inp.out,270.76956283007945,-0.1573,0.1627,17.7127,58.0,-1305.3762396819,148.93439198210197,63.70407229518797,-6021.0833743068,0.15088891970026452
PHEI_red_144_cutoff_7.5.inp.out,268.2204194273378,-0.1477,0.1610,16.6219,60.0,-1304.5424979334,230.26079360150453,153.67166540566222,-6172.2501523182,0.13937352969969652
PHEI_red_145_cutoff_7.5.inp.out,266.3067280794331,-0.1671,0.1513,16.3494,58.0,-1305.5015862204,74.54675977196666,-3.2281545763836483,-6021.1920464223,0.15924108820036054
PHEI_red_146_cutoff_7.5.inp.out,268.9707516323844,-0.1408,0.1502,16.8239,58.0,-1305.2652151341,80.16605770528652,91.3956890421476,-6020.9145505368,0.13508912949964724
PHEI_red_147_cutoff_7.5.inp.out,272.7373285490294,-0.1489,0.1403,13.8621,57.0,-1305.1609649684,14.093219003751658,15.856867015240198,-5944.7996337119,0.14372410320083873
PHEI_red_148_cutoff_7.5.inp.out,268.68087944164483,-0.1459,0.1527,15.4908,54.0,-1306.4918515459,-24.452734278830963,82.71011349065947,-5717.9239810675,0.14013264660025015
PHEI_red_149_cutoff_7.5.inp.out,268.09229021615874,-0.1565,0.1514,22.7420,52.0,-1307.0733074322,35.24377877594587,66.01377678384084,-5566.545126055,0.14939021629925264
PHEI_red_14_cutoff_7.5.inp.out,268.81072005850257,-0.1438,0.1576,33.1692,56.0,-1305.7945718701,63.256856577187015,96.97089074813036,-5869.4764204535,0.13681120069941244
PHEI_red_150_cutoff_7.5.inp.out,270.0441022136422,-0.1363,0.1662,27.2349,54.0,-1306.2334182788,76.0489053720013,-4.464710528333954,-5717.8602863645,0.1311956025992913
PHEI_red_151_cutoff_7.5.inp.out,268.7066193634961,-0.1438,0.1513,29.6457,56.0,-1305.5898613496,134.59275825792307,79.59142860722193,-5869.1607811416,0.13802832209967164
PHEI_red_152_cutoff_7.5.inp.out,266.69280858708896,-0.1400,0.1643,17.7252,57.0,-1305.1183394316,16.932456360106432,5.850530582369807,-5944.7219057682,0.1335248181994757
PHEI_red_153_cutoff_7.5.inp.out,268.8202085560669,-0.1563,0.1558,17.5757,53.0,-1306.5176877760,43.051590864453544,-9.142418559047798,-5642.0210369096,0.14897678489978716
PHEI_red_154_cutoff_7.5.inp.out,268.4879292930483,-0.1525,0.1513,15.5302,52.0,-1307.2388112972,-114.56074037658992,-17.22799556414393,-5566.6850559064,0.14373487869943347
PHEI_red_155_cutoff_7.5.inp.out,268.46370702740836,-0.1376,0.1659,33.0596,53.0,-1306.5609860075,-109.83673534790351,-126.12312628200337,-5642.04326831,0.13151193920020887
PHEI_red_156_cutoff_7.5.inp.out,267.88363158009116,-0.1304,0.1673,26.5558,52.0,-1306.6396637574,-32.873235968957914,-48.809545661228896,-5566.0632102026,0.12542690810005297
PHEI_red_157_cutoff_7.5.inp.out,270.987219792763,-0.1627,0.1624,21.2626,51.0,-1307.5088607619,-103.93418774239301,-24.37231020485035,-5490.9676347592,0.15728314429998136
PHEI_red_158_cutoff_7.5.inp.out,269.5093012752484,-0.1544,0.1688,21.3685,50.0,-1307.5004558092,-197.05694145238047,-32.53903889737478,-5414.8525893339,0.14692382260000159
PHEI_red_159_cutoff_7.5.inp.out,269.90336242405743,-0.1593,0.1623,22.5347,53.0,-1306.7024573249,-455.71899349969317,-89.78224067059102,-5642.191048724,0.15130294560003676
PHEI_red_15_cutoff_7.5.inp.out,268.2351419185742,-0.1494,0.1747,33.1801,54.0,-1306.3440871173,-84.9002550551071,-72.9017080654344,-5718.0320479269,0.14273176210008387
PHEI_red_160_cutoff_7.5.inp.out,269.4905633310962,-0.1465,0.1763,22.9019,51.0,-1307.0008667206,-14.946291994971203,-127.72316282495783,-5490.4567692166,0.13989324670001224
PHEI_red_161_cutoff_7.5.inp.out,268.9987936739484,-0.1442,0.1596,16.8470,55.0,-1305.9344746001,7.656489094323026,-47.24310545969992,-5793.487293471,0.13711775330011733
PHEI_red_162_cutoff_7.5.inp.out,268.18796767459105,-0.1459,0.1527,12.2900,54.0,-1306.4267450342,-125.29713655078731,11.016051536660747,-5717.8878836986,0.1392447712005378
PHEI_red_163_cutoff_7.5.inp.out,266.41421777913473,-0.1337,0.1554,20.7335,56.0,-1305.7954331961,80.43184062932582,-11.988698512179022,-5869.401070339,0.1261980772997049
PHEI_red_164_cutoff_7.5.inp.out,270.43282256677236,-0.1314,0.1455,21.3003,57.0,-1305.3658283987,147.10781274130522,22.82827606154964,-5944.9835832137,0.12525213479966624
PHEI_red_165_cutoff_7.5.inp.out,268.8133648456782,-0.1352,0.1575,19.4807,58.0,-1305.3336214265,78.7493992847267,40.587016451773565,-6021.0539657615,0.12769283649959107
PHEI_red_166_cutoff_7.5.inp.out,268.214059328029,-0.1588,0.1457,24.9328,60.0,-1304.5601418915,36.47626332061767,48.75671183335575,-6172.3419339069,0.1506736955998349
PHEI_red_167_cutoff_7.5.inp.out,270.14928441087966,-0.1489,0.1491,30.2895,56.0,-1305.9393547439,-39.21222625756249,29.64158508481289,-5869.5310422934,0.1423789922000651
PHEI_red_168_cutoff_7.5.inp.out,271.50276169048345,-0.1220,0.1726,27.8838,56.0,-1305.8789907108,-35.6867663134736,-20.83333145916068,-5869.5027084542,0.11524428960001387
PHEI_red_169_cutoff_7.5.inp.out,270.4984321934766,-0.1608,0.1498,15.4731,54.0,-1306.8753115713,88.69770521954057,38.53981490916011,-5718.3497666443,0.15204627610000898
PHEI_red_16_cutoff_7.5.inp.out,269.87911016084877,-0.1508,0.1645,27.9599,55.0,-1306.0021431693,-35.399344848902096,-91.49757399632408,-5793.6643730548,0.14257815790006134
PHEI_red_170_cutoff_7.5.inp.out,270.066941595379,-0.1698,0.1419,20.8714,57.0,-1305.9551658747,15.09522444315609,-6.490716836443438,-5945.6239285907,0.16043874980005057
PHEI_red_171_cutoff_7.5.inp.out,270.542054545464,-0.1537,0.1557,17.0994,55.0,-1306.8720289246,-76.25204230868175,-13.777589325087746,-5794.4419366006,0.14540462360037054
PHEI_red_172_cutoff_7.5.inp.out,269.7819682492315,-0.1533,0.1572,17.7642,58.0,-1305.5794793174,-71.44018653956786,-1.0145400728837217,-6021.2472113486,0.14537009000014223
PHEI_red_173_cutoff_7.5.inp.out,267.1350707663896,-0.1503,0.1496,24.9353,57.0,-1305.9747353019,-22.708014407297515,-16.361803643375143,-5945.530995345,0.1424258364004345
PHEI_red_174_cutoff_7.5.inp.out,268.9345916482725,-0.1434,0.1544,26.6922,54.0,-1306.5603917726,-7.053600804898882,58.46203229834937,-5718.1015585692,0.13856362190017535
PHEI_red_175_cutoff_7.5.inp.out,269.195319865214,-0.1480,0.1499,22.9939,53.0,-1307.1089271247,-58.722625874203864,8.490769124097799,-5642.7026628008,0.14400660689989309
PHEI_red_176_cutoff_7.5.inp.out,269.20741408624326,-0.1624,0.1614,28.1091,53.0,-1307.1148290041,-27.75354945326745,-33.7188490861987,-5642.6777140388,0.1571140011001262
PHEI_red_177_cutoff_7.5.inp.out,270.6475669413896,-0.1619,0.1409,25.9464,52.0,-1307.3827057348,-135.0477247149049,-32.121223892065444,-5566.8880618685,0.15539969980000023
PHEI_red_178_cutoff_7.5.inp.out,267.22837281117415,-0.1895,0.1513,31.6098,53.0,-1307.0248621767,-30.62425602131288,-82.90455944168872,-5642.5837771216,0.1788540498000657
PHEI_red_179_cutoff_7.5.inp.out,269.1682002442795,-0.1709,0.1535,32.3052,52.0,-1307.1853902472,-178.34304840190683,-102.27733564524574,-5566.6549495295,0.16060968160036282
PHEI_red_17_cutoff_7.5.inp.out,269.4417973997057,-0.1395,0.1629,18.6889,57.0,-1305.8525913562,62.7573747733936,42.915505892906836,-5945.553537602,0.13267334190004476
PHEI_red_180_cutoff_7.5.inp.out,269.25212552738384,-0.1494,0.1550,36.2993,56.0,-1305.9747137724,86.26193684163196,-6.161714203475612,-5869.5602762909,0.14190587800021603
PHEI_red_181_cutoff_7.5.inp.out,268.0123491806723,-0.1410,0.1588,37.1904,55.0,-1306.7487997361,14.937958759275212,5.138089620944748,-5794.3154993084,0.1359436058000938
PHEI_red_182_cutoff_7.5.inp.out,268.52916293184506,-0.1553,0.1463,26.1790,53.0,-1306.9435069361,55.815539013935435,5.684354683320155,-5642.4530846137,0.14753069529979257
PHEI_red_183_cutoff_7.5.inp.out,269.2415120665918,-0.1836,0.1382,26.0098,54.0,-1307.0093545815,48.48803353167119,24.548815901996356,-5718.5895997696,0.17632091940049577
PHEI_red_184_cutoff_7.5.inp.out,267.31743927106027,-0.1815,0.1425,29.6992,56.0,-1306.4452388255,-112.3908309576161,-40.28920838604502,-5870.0498952381,0.17183183599991025
PHEI_red_185_cutoff_7.5.inp.out,267.0465764932362,-0.1685,0.1196,19.9871,58.0,-1305.6982144417,-54.51253082197745,-50.504864629016495,-6021.3591101664,0.1611882794995836
PHEI_red_186_cutoff_7.5.inp.out,266.32112135497897,-0.1545,0.1417,14.6168,54.0,-1306.5362801389,-85.31148090633515,-59.30613470479101,-5718.0455193004,0.14753937940076867
PHEI_red_187_cutoff_7.5.inp.out,266.2849607538012,-0.1448,0.1378,21.5335,56.0,-1306.1744496988,-223.85746595039237,37.146195506816,-5869.7484396573,0.13873564189998433
PHEI_red_188_cutoff_7.5.inp.out,268.3159294221282,-0.1559,0.1514,16.0299,52.0,-1307.7997552031,17.925082863723198,57.47915917128713,-5567.2368498971,0.15139718229966093
PHEI_red_189_cutoff_7.5.inp.out,266.9867161903763,-0.1639,0.1401,21.1217,49.0,-1308.6188836041,-193.76114358002522,-46.71193141054474,-5339.9595476017,0.15956347529936465
PHEI_red_18_cutoff_7.5.inp.out,269.6969945410736,-0.1538,0.1541,23.8653,55.0,-1305.9843207614,44.56388512917053,-16.86842188289553,-5793.6038301768,0.14496139499988203
PHEI_red_190_cutoff_7.5.inp.out,265.8663076992258,-0.1610,0.1487,12.5300,49.0,-1308.2723891658,-30.27706485687665,-21.407043232435512,-5339.5944403966,0.15407264139957988
PHEI_red_191_cutoff_7.5.inp.out,270.11442899612126,-0.1469,0.1509,9.4408,51.0,-1307.5947851076,139.60221666500297,11.22488106953039,-5490.9924181336,0.14011172109985637
PHEI_red_192_cutoff_7.5.inp.out,270.98141009932067,-0.1526,0.1503,15.4044,56.0,-1306.3488286526,132.53176276676746,49.43655708295195,-5869.9115864046,0.1440599530005784
PHEI_red_193_cutoff_7.5.inp.out,269.86718620295125,-0.1518,0.1544,17.9371,54.0,-1306.7790318890,27.918561007382635,42.3350299427636,-5718.2907283634,0.14727397200022097
PHEI_red_194_cutoff_7.5.inp.out,271.6688093814078,-0.1407,0.1657,12.9888,54.0,-1306.6439639355,24.556803379607217,81.92687142018866,-5718.184941142,0.1341118505997656
PHEI_red_195_cutoff_7.5.inp.out,269.7118085342649,-0.1480,0.1545,9.3300,55.0,-1306.5724239933,180.2299314467497,91.34891378066096,-5794.1531652943,0.14086835980015167
PHEI_red_196_cutoff_7.5.inp.out,269.4439793447786,-0.1505,0.1369,7.0250,57.0,-1305.9774818056,58.58794425701504,69.03122038797963,-5945.5581193215,0.14280561699979444
PHEI_red_197_cutoff_7.5.inp.out,271.59044718717035,-0.1581,0.1538,10.6412,54.0,-1306.8410787146,60.85502158746834,36.42348940642808,-5718.3884581319,0.15017916879969562
PHEI_red_198_cutoff_7.5.inp.out,269.0921257545921,-0.1501,0.1625,6.8763,53.0,-1307.4783216512,8.91168623795732,22.922780782045603,-5643.0221655169,0.14234055850010918
PHEI_red_199_cutoff_7.5.inp.out,269.36484972111697,-0.1465,0.1617,8.5952,54.0,-1307.1450882831,65.98182960919029,-1.260937351136105,-5718.7079104884,0.14070599360002234
PHEI_red_19_cutoff_7.5.inp.out,269.6878434794604,-0.1471,0.1655,11.3146,56.0,-1305.6330854570,15.124299432743534,33.499970314905745,-5869.30512269,0.1399196538995966
PHEI_red_1_cutoff_7.5.inp.out,270.0848518684383,-0.1573,0.1380,41.8540,54.0,-1306.3142668983,30.66828938344037,70.53505556109614,-5717.8769917527,0.1485218388006615
PHEI_red_200_cutoff_7.5.inp.out,267.2001678502404,-0.1515,0.1663,5.0749,53.0,-1307.1533905218,118.85401681151212,-24.83865494262641,-5642.6540653589,0.14305384490035067
PHEI_red_201_cutoff_7.5.inp.out,268.09073581433586,-0.1660,0.1538,17.6987,53.0,-1307.4498069017,-74.18168136544281,-82.81851281545202,-5642.9956546536,0.1582489368001916
PHEI_red_202_cutoff_7.5.inp.out,269.4596223580447,-0.1563,0.1468,25.8917,54.0,-1306.6670596475,58.411024557075194,1.2546412077302387,-5718.2998842643,0.1491017161997661
PHEI_red_203_cutoff_7.5.inp.out,267.4216302858665,-0.1574,0.1553,22.1449,53.0,-1307.3385076698,57.19929272833938,-72.04480457712455,-5642.8806888444,0.149370113200348
PHEI_red_204_cutoff_7.5.inp.out,266.4361946472015,-0.1592,0.1523,31.7109,53.0,-1307.1596767735,10.190880866949644,-154.02797557619863,-5642.7969612907,0.15210861089963146
PHEI_red_205_cutoff_7.5.inp.out,267.87971914467295,-0.1456,0.1447,25.8211,52.0,-1307.7721897197,-46.06457187480257,-140.82104546725017,-5567.3244716646,0.13974672540007305
PHEI_red_206_cutoff_7.5.inp.out,269.5368323863314,-0.1383,0.1513,32.8718,54.0,-1306.8410933431,-143.8165999081115,16.800751145299007,-5718.3842269472,0.13081959420014755
PHEI_red_207_cutoff_7.5.inp.out,269.25597300339786,-0.1361,0.1591,35.0055,57.0,-1305.9716144540,-84.14794940390856,-107.64768666175257,-5945.7018831239,0.12865251069979422
PHEI_red_208_cutoff_7.5.inp.out,268.53028042002114,-0.1456,0.1440,33.7446,57.0,-1306.0785961596,-13.095899749084671,21.31920813532681,-5945.7705508538,0.13764992300002632
PHEI_red_209_cutoff_7.5.inp.out,269.4889305660281,-0.1615,0.1469,24.0474,55.0,-1306.8363004028,62.651159969049246,-73.32147205515288,-5794.4299018244,0.15461869180035137
PHEI_red_20_cutoff_7.5.inp.out,269.2475946337482,-0.1463,0.1570,14.0398,57.0,-1305.2083390446,67.18672043677023,80.62917693252528,-5944.8657616015,0.13967222019982728
PHEI_red_210_cutoff_7.5.inp.out,271.45002685789655,-0.1535,0.1447,29.9023,52.0,-1307.4261332009,5.305229885839361,-140.1365494360069,-5566.9449639801,0.14872277309950732
PHEI_red_211_cutoff_7.5.inp.out,269.074459412738,-0.1294,0.1764,26.4512,53.0,-1307.2547743311,-116.97901831181035,-104.25391138613182,-5642.7713998186,0.12248357799944642
PHEI_red_212_cutoff_7.5.inp.out,271.1351737301182,-0.1541,0.1719,30.3364,52.0,-1307.4282435255,-35.40159773805689,-197.64599285862414,-5567.005126929,0.14490198539988342
PHEI_red_213_cutoff_7.5.inp.out,268.9804625827592,-0.1606,0.1511,36.6789,49.0,-1308.4796351510,-79.4823163153906,-71.56536134931251,-5339.9416044914,0.15342451380001876
PHEI_red_214_cutoff_7.5.inp.out,270.14722103803115,-0.1587,0.1518,38.2004,50.0,-1308.1085958897,-112.09555405730643,-42.52225008662834,-5415.5875355881,0.15125515950057888
PHEI_red_215_cutoff_7.5.inp.out,272.4485773427235,-0.1475,0.1519,44.3510,52.0,-1307.3192864437,-58.91048834143141,-143.6303806092197,-5566.840863575,0.1391001222000341
PHEI_red_216_cutoff_7.5.inp.out,270.52382171772484,-0.1572,0.1479,44.5159,55.0,-1306.9494416979,21.841401975238476,-33.842459118852695,-5794.5486298896,0.1481368579006812
PHEI_red_217_cutoff_7.5.inp.out,268.55038217324966,-0.1627,0.1631,45.9673,55.0,-1306.1461344782,-113.56691379947213,-151.9835845797134,-5793.7582353162,0.15443257360038842
PHEI_red_218_cutoff_7.5.inp.out,269.01978447149304,-0.1662,0.1620,42.0899,56.0,-1306.4476035809,-101.86469443345025,-76.53779379655381,-5870.1875123037,0.15673948360017675
PHEI_red_219_cutoff_7.5.inp.out,269.3535390565449,-0.1397,0.1717,35.9379,54.0,-1306.7118163950,-59.78651329151355,-54.80987952491503,-5718.2966003726,0.1322059130998241
PHEI_red_21_cutoff_7.5.inp.out,268.6930232510665,-0.1396,0.1530,18.9541,57.0,-1305.0431250927,25.748805712950407,24.77173139525021,-5944.8287146987,0.131930873399142
PHEI_red_220_cutoff_7.5.inp.out,267.97830073718404,-0.1607,0.1596,48.7775,56.0,-1306.1013307307,-44.37831026565949,-77.914461083605,-5869.7057397596,0.15318871789986588
PHEI_red_221_cutoff_7.5.inp.out,267.8678316322744,-0.1639,0.1516,35.3779,57.0,-1306.1399322274,-135.5935343087246,-49.1581318715966,-5945.7765835187,0.15616048269930616
PHEI_red_222_cutoff_7.5.inp.out,267.97646898741533,-0.1653,0.1450,38.6343,57.0,-1305.7799015611,-4.14830290792216,-67.83437442002294,-5945.4620689252,0.15825667579974834
PHEI_red_223_cutoff_7.5.inp.out,267.5451050291885,-0.1608,0.1505,41.5070,58.0,-1305.3938226302,-51.80753329146984,-38.30506585884007,-6021.0575104739,0.15168826150056702
PHEI_red_224_cutoff_7.5.inp.out,269.8665963389406,-0.1627,0.1537,37.8546,57.0,-1305.6226016877,-32.85169116715617,-47.577273289040996,-5945.2207552081,0.15576497720030602
PHEI_red_225_cutoff_7.5.inp.out,266.5681282029394,-0.1463,0.1614,41.2533,55.0,-1306.2940275300,-86.79974285514545,-48.26431260835344,-5793.9110933458,0.14070809690019814
PHEI_red_226_cutoff_7.5.inp.out,269.9809121064483,-0.1424,0.1683,24.4689,54.0,-1306.8219239572,8.77381386861336,37.09430303975276,-5718.2612578249,0.1342912547997912
PHEI_red_227_cutoff_7.5.inp.out,271.91292742089814,-0.1460,0.1647,30.0753,56.0,-1306.2541625826,30.795214833946147,103.0852589825114,-5869.857186745,0.13691458129960665
PHEI_red_228_cutoff_7.5.inp.out,267.62025875410416,-0.1729,0.1357,44.1481,59.0,-1305.1466619765,-2.2731042446451424,83.14900079946864,-6096.9074035441,0.1650625181000578
PHEI_red_229_cutoff_7.5.inp.out,270.1644466153482,-0.1431,0.1515,37.6140,55.0,-1305.5157358081,38.5872316695975,99.46754462843518,-5793.1441616716,0.13670511310010625
PHEI_red_22_cutoff_7.5.inp.out,270.4505750648491,-0.1439,0.1571,29.6881,57.0,-1305.1012375405,-116.83703476250203,-30.578548393783652,-5944.773040045,0.13823302760010847
PHEI_red_230_cutoff_7.5.inp.out,273.1940387893561,-0.1584,0.1512,39.0410,55.0,-1306.7262405898,-16.052342728721744,-2.0835102859823067,-5794.3212688936,0.15048805469996296
PHEI_red_231_cutoff_7.5.inp.out,268.71175209665336,-0.1452,0.1490,45.8615,55.0,-1305.8674610223,89.93762082158389,229.19207380100457,-5793.4333676678,0.13922629979970225
PHEI_red_232_cutoff_7.5.inp.out,268.36861657835277,-0.1682,0.1389,44.6057,54.0,-1307.0724483363,4.522879898579475,-77.09003956393462,-5718.6708077244,0.16044870580026327
PHEI_red_233_cutoff_7.5.inp.out,268.65838565183464,-0.1340,0.1671,41.9823,55.0,-1306.1023375452,-303.2897505473721,-47.595847931899165,-5793.7351648445,0.12901669099937862
PHEI_red_234_cutoff_7.5.inp.out,264.8208494439515,-0.1356,0.1619,37.9133,52.0,-1306.9402984291,-124.53954187005672,3.438373221890828,-5566.4257077038,0.1298490169001525
PHEI_red_235_cutoff_7.5.inp.out,266.4795553666796,-0.1309,0.1596,35.6658,53.0,-1306.7586222823,-1.9219082952632796,172.9196841924899,-5642.2818335458,0.1269714373993338
PHEI_red_236_cutoff_7.5.inp.out,266.0439382947111,-0.1505,0.1483,39.9944,56.0,-1305.7919923070,-33.26980621986223,202.39288538557796,-5869.3910382472,0.14402149159923283
PHEI_red_237_cutoff_7.5.inp.out,266.31063878386226,-0.1601,0.1542,37.2124,58.0,-1305.4619661061,-122.58709666788127,0.3190718789444704,-6021.1552110588,0.15156030399975862
PHEI_red_238_cutoff_7.5.inp.out,268.19298443912334,-0.1435,0.1470,38.7091,58.0,-1305.2449649913,-198.4278297836537,-22.580414813830043,-6020.958978097,0.13816139469963673
PHEI_red_239_cutoff_7.5.inp.out,267.2013201972502,-0.1432,0.1550,44.2208,57.0,-1305.9278354033,-202.26304125338245,-134.0868988939668,-5945.639227848,0.13857354769970698
PHEI_red_23_cutoff_7.5.inp.out,268.2180900001641,-0.1498,0.1640,26.4133,56.0,-1305.5268943101,-101.99663341752576,36.230360547052285,-5869.1566532542,0.14160963259928394
PHEI_red_240_cutoff_7.5.inp.out,268.9564971842215,-0.1419,0.1757,44.3804,52.0,-1307.7100925801,-15.271819487388894,-174.1451029340164,-5567.2711346874,0.13468000669945468
PHEI_red_241_cutoff_7.5.inp.out,270.9425184031454,-0.1409,0.1597,42.9031,58.0,-1305.4719195677,-94.95969142875876,-128.80755589304508,-6021.2000872634,0.1335765388002983
PHEI_red_242_cutoff_7.5.inp.out,270.33785868480663,-0.1430,0.1489,54.1555,55.0,-1306.7113802469,-32.50371576298649,-19.437093025429295,-5794.3248838269,0.1384839086995271
PHEI_red_243_cutoff_7.5.inp.out,272.2482979684696,-0.1748,0.1562,55.0911,56.0,-1306.2661447205,-155.2136216416393,49.69396527275662,-5869.9542067087,0.1652006493004592
PHEI_red_244_cutoff_7.5.inp.out,271.07542081332025,-0.1494,0.1695,35.8528,54.0,-1306.7204511775,-27.85698428901892,-13.558267646251455,-5718.2779732378,0.14210152750001726
PHEI_red_245_cutoff_7.5.inp.out,271.94946474798434,-0.1583,0.1494,56.7730,58.0,-1305.7424175934,-217.17521245449058,-139.58854636233212,-6021.4024531773,0.15193672819987114
PHEI_red_246_cutoff_7.5.inp.out,271.3707941078562,-0.1505,0.1578,48.2510,56.0,-1306.0145588855,-77.71322625581075,-50.98438837862514,-5869.6644574451,0.1416925520006771
PHEI_red_247_cutoff_7.5.inp.out,269.7823454842637,-0.1371,0.1702,43.1941,56.0,-1305.8199546713,133.04001086224434,-85.93326426372685,-5869.5241622174,0.1309749019001174
PHEI_red_248_cutoff_7.5.inp.out,269.9747638020517,-0.1477,0.1407,42.0376,55.0,-1306.6397823795,92.45320238457349,26.404606712840412,-5794.225342635,0.14337217920001422
PHEI_red_249_cutoff_7.5.inp.out,267.15634500986243,-0.1344,0.1565,41.2024,54.0,-1306.7018408516,173.77532326115715,-101.96980323474004,-5718.2548121526,0.13079666109933896
PHEI_red_24_cutoff_7.5.inp.out,269.07710263782553,-0.1491,0.1594,21.8414,54.0,-1306.6063505477,-81.2913834726598,-20.90494798915251,-5718.1723092513,0.143305673100258
PHEI_red_250_cutoff_7.5.inp.out,268.32585473696565,-0.1364,0.1635,36.1873,53.0,-1307.2172587101,83.97232947089145,-13.369474232458703,-5642.7375347846,0.1308642347003115
PHEI_red_251_cutoff_7.5.inp.out,264.4976019011736,-0.1639,0.1569,38.3168,53.0,-1307.2221776619,8.929576419128265,-64.88142748075136,-5642.7612752687,0.15795997480017832
PHEI_red_252_cutoff_7.5.inp.out,265.3845934073167,-0.1579,0.1563,37.0614,50.0,-1308.4956979258,73.59438939858309,-20.468284558238974,-5415.9451151426,0.1518002509001235
PHEI_red_253_cutoff_7.5.inp.out,268.50026959635665,-0.1476,0.1681,46.7678,52.0,-1307.4748878307,-34.204516991216686,-136.42650390569008,-5566.9802239864,0.13979592399937246
PHEI_red_254_cutoff_7.5.inp.out,268.9921188471802,-0.1378,0.1487,51.7445,56.0,-1306.5477098366,7.9917827611265295,-149.38668551974607,-5870.1391660424,0.1334683656996276
PHEI_red_255_cutoff_7.5.inp.out,267.72463544744903,-0.1436,0.1538,52.6027,52.0,-1307.7428368271,-97.69675080291881,-154.71697651368035,-5567.2088616393,0.1406330538993643
PHEI_red_256_cutoff_7.5.inp.out,269.20444797856476,-0.1649,0.1410,56.9120,53.0,-1307.0260447944,-26.70085946639152,22.833640007314678,-5642.5882517609,0.15887750709953252
PHEI_red_257_cutoff_7.5.inp.out,269.7181145058209,-0.1592,0.1454,60.5293,51.0,-1307.8538674235,-53.55822829204167,23.479102953668917,-5491.4089533569,0.15401132600072742
PHEI_red_258_cutoff_7.5.inp.out,270.10477397729585,-0.1529,0.1509,55.2606,51.0,-1307.7137812171,29.33633695058036,-28.743028698072408,-5491.184763321,0.14670867919994635
PHEI_red_259_cutoff_7.5.inp.out,270.2872855930386,-0.1646,0.1421,55.4539,53.0,-1306.8192105796,132.4259787277747,105.425070952542,-5642.3952158278,0.15663226840024436
PHEI_red_25_cutoff_7.5.inp.out,268.22978247824017,-0.1430,0.1599,23.7188,57.0,-1305.7437726799,66.0733233645597,27.397671960811227,-5945.4133498848,0.13511412529987865
PHEI_red_260_cutoff_7.5.inp.out,271.9724267147795,-0.1435,0.1420,64.4505,50.0,-1307.8399755368,132.9590724407738,-26.895566793160093,-5415.3135873266,0.13883081010044407
PHEI_red_261_cutoff_7.5.inp.out,271.3987407192013,-0.1556,0.1306,69.2784,54.0,-1306.7897455085,87.28769482429529,4.936954146750592,-5718.3083577863,0.14914578939988132
PHEI_red_262_cutoff_7.5.inp.out,270.3146167802497,-0.1801,0.1260,54.8699,54.0,-1306.5959155720,80.67168783160709,49.80628560475038,-5718.1733877019,0.1689428432000568
PHEI_red_263_cutoff_7.5.inp.out,272.5526885928302,-0.1542,0.1516,30.5766,53.0,-1307.2538572728,64.03012208096163,8.877082549968206,-5642.7888327801,0.1465303278000647
PHEI_red_264_cutoff_7.5.inp.out,269.90458271308574,-0.1338,0.1711,34.3484,52.0,-1307.1965886314,66.89279399486989,27.65771227046135,-5566.6694945757,0.1280252765000114
PHEI_red_265_cutoff_7.5.inp.out,267.03207753194226,-0.1686,0.1561,28.3302,55.0,-1306.5962854837,-12.236999291157087,18.134040462742984,-5794.1590156827,0.15989368529972126
PHEI_red_266_cutoff_7.5.inp.out,270.62810449462745,-0.1463,0.1440,25.4027,52.0,-1307.4253574075,32.72350198225583,37.71234254852014,-5566.8949177437,0.13952148489988758
PHEI_red_267_cutoff_7.5.inp.out,269.76819488424593,-0.1499,0.1518,23.6600,53.0,-1306.7326323208,10.75837656678649,33.15696071911321,-5642.2922367233,0.14369533060016693
PHEI_red_268_cutoff_7.5.inp.out,268.101916070357,-0.1353,0.1664,22.5941,54.0,-1306.9880188587,73.73596988904823,-10.29291623165448,-5718.5149828378,0.12836802069978148
PHEI_red_269_cutoff_7.5.inp.out,270.5042783907087,-0.1457,0.1488,25.4413,55.0,-1306.6083680323,30.039224848272603,6.066126749646938,-5794.1174909083,0.13969152880054025
PHEI_red_26_cutoff_7.5.inp.out,267.5573337467664,-0.1549,0.1508,23.2516,60.0,-1304.7576244819,-16.18168992256982,-17.72989141168635,-6172.493147458,0.1488983929002643
PHEI_red_270_cutoff_7.5.inp.out,270.12260721653377,-0.1292,0.1436,28.1113,57.0,-1305.7047515633,116.98343982674052,154.2174142305176,-5945.3318347732,0.12422667899954831
PHEI_red_271_cutoff_7.5.inp.out,267.8808952290314,-0.1570,0.1432,36.0163,56.0,-1306.1110066801,75.8369587117248,97.71746747304475,-5869.7151452685,0.14847410649963422
PHEI_red_272_cutoff_7.5.inp.out,269.20256516344875,-0.1761,0.1375,44.4634,58.0,-1305.5123497798,119.79031341915176,185.3759606782309,-6021.2434673638,0.1653468405993408
PHEI_red_273_cutoff_7.5.inp.out,266.38658698736,-0.1653,0.1543,39.7961,55.0,-1306.8313095588,71.19226736044988,86.35228726646606,-5794.4351068169,0.15825059589951707
PHEI_red_274_cutoff_7.5.inp.out,268.23324713195774,-0.1638,0.1543,37.0899,58.0,-1305.3340497301,-90.08183963532055,-13.791112456193703,-6021.0159504503,0.15639587429996027
PHEI_red_275_cutoff_7.5.inp.out,269.93279677090777,-0.1310,0.1614,44.7797,56.0,-1306.0917808300,125.72719474676771,23.96490071522372,-5869.6896870846,0.12550850810021075
PHEI_red_276_cutoff_7.5.inp.out,267.9181691391788,-0.1440,0.1585,41.1368,56.0,-1305.8980105549,125.82215053603025,43.33402889061291,-5869.510599733,0.1386023851000573
PHEI_red_277_cutoff_7.5.inp.out,266.7665035487966,-0.1520,0.1410,41.3237,54.0,-1306.7940246656,91.95544034333959,24.53235864810593,-5718.3668950892,0.14520706760049507
PHEI_red_278_cutoff_7.5.inp.out,269.92211004194763,-0.1495,0.1596,40.6114,51.0,-1307.8427636781,84.82848839790515,-76.82356765663395,-5491.2813329479,0.14256767699953343
PHEI_red_279_cutoff_7.5.inp.out,269.71454694300706,-0.1562,0.1474,42.7457,55.0,-1306.5765751108,103.03606373756513,43.57140669120906,-5794.0413271879,0.14827456760031055
PHEI_red_27_cutoff_7.5.inp.out,268.1250811682435,-0.1709,0.1475,12.9913,61.0,-1304.4738301587,-61.60552949289112,13.504424269212144,-6248.2497899996,0.16224473790043703
PHEI_red_280_cutoff_7.5.inp.out,267.25413821446125,-0.1667,0.1338,32.2774,55.0,-1306.6010323558,-2.5016192382611875,88.3232554065609,-5794.141826273,0.16011127589990792
PHEI_red_281_cutoff_7.5.inp.out,269.5104908904,-0.1500,0.1364,34.4704,54.0,-1306.6727916371,53.94341749577202,103.56686031956441,-5718.1024915292,0.1442234591995657
PHEI_red_282_cutoff_7.5.inp.out,271.834360781464,-0.1502,0.1621,27.9936,53.0,-1307.3840485710,38.280551370238456,112.62399647558125,-5642.9067049681,0.1436332687999311
PHEI_red_283_cutoff_7.5.inp.out,270.82485206865897,-0.1441,0.1695,30.6252,55.0,-1306.3054991545,130.89876595041838,76.01348839214612,-5793.8994773247,0.13619417249992694
PHEI_red_284_cutoff_7.5.inp.out,268.9349890123782,-0.1720,0.1561,28.7184,57.0,-1306.1699803671,26.05622062858688,-1.5460577401460853,-5945.7742893478,0.1628875615006109
PHEI_red_285_cutoff_7.5.inp.out,269.2823841498888,-0.1492,0.1585,22.2914,55.0,-1306.1742321523,-10.411620782100002,7.9106797774044635,-5793.7462688447,0.14238089399987075
PHEI_red_286_cutoff_7.5.inp.out,268.2006986962442,-0.1483,0.1671,16.9305,54.0,-1306.7053964789,98.63260197192794,8.142533602675128,-5718.2173472927,0.1413106126992716
PHEI_red_287_cutoff_7.5.inp.out,266.4354553346536,-0.1356,0.1689,13.6619,55.0,-1306.8141331730,73.55952401526292,-15.319078270073167,-5794.3952375838,0.13196970470016822
PHEI_red_288_cutoff_7.5.inp.out,269.30383422800355,-0.1468,0.1614,4.3571,58.0,-1304.7430599616,12.30131677006982,6.48923845273195,-6020.3800233545,0.1395077921997654
PHEI_red_289_cutoff_7.5.inp.out,267.6868935399231,-0.1497,0.1553,10.9346,57.0,-1305.1996552713,-118.16469423012175,-16.920503289003694,-5944.8166897729,0.140726670299955
PHEI_red_28_cutoff_7.5.inp.out,267.26727719541753,-0.1274,0.1383,9.4971,59.0,-1305.5840143871,38.95844000269902,2.0488935908940764,-6097.2798323056,0.12364612010060227
PHEI_red_290_cutoff_7.5.inp.out,267.3895730062321,-0.1569,0.1536,12.4806,55.0,-1305.9732963218,-58.85512517215857,-123.28629777472673,-5793.4887723218,0.15025758999945538
PHEI_red_291_cutoff_7.5.inp.out,268.41527190356004,-0.1541,0.1514,8.5599,53.0,-1306.6528056248,-215.73875664802364,-115.9059953847269,-5642.1124966222,0.148488828200243
PHEI_red_292_cutoff_7.5.inp.out,268.64261539868943,-0.1551,0.1482,6.6931,54.0,-1306.2390385510,3.2874659088305944,-2.169372725193664,-5717.7685633229,0.1502064528003757
PHEI_red_293_cutoff_7.5.inp.out,269.4118271800626,-0.1564,0.1347,17.2467,52.0,-1307.5185568285,-7.456366747931858,-113.82499349779229,-5567.0565653596,0.1508844048003084
PHEI_red_294_cutoff_7.5.inp.out,268.4512930112197,-0.1499,0.1516,15.7850,51.0,-1307.2862103743,-35.52397407223436,27.330813776600017,-5490.7176900347,0.14293953200012766
PHEI_red_295_cutoff_7.5.inp.out,268.18660271975716,-0.1550,0.1542,17.2550,58.0,-1305.4995130703,-61.30274953541122,85.27319958934322,-6021.133414969,0.14646219419955742
PHEI_red_296_cutoff_7.5.inp.out,268.93610435387006,-0.1571,0.1630,18.2848,51.0,-1307.5091650086,-50.594333257559505,33.87522639905094,-5490.9420851397,0.14839849379950465
PHEI_red_297_cutoff_7.5.inp.out,266.974226830063,-0.1636,0.1615,10.6673,51.0,-1307.3988257562,0.737836243792174,67.52758137584743,-5490.8926790473,0.15787211140013824
PHEI_red_298_cutoff_7.5.inp.out,267.62225472795717,-0.1464,0.1595,12.3535,52.0,-1307.2411323931,238.72876799207128,94.49154604155608,-5566.6672411088,0.1405837574002362
PHEI_red_299_cutoff_7.5.inp.out,269.46611241725674,-0.1529,0.1631,15.9473,54.0,-1306.7925858525,104.06317064654561,129.73275417719907,-5718.2868432079,0.14408428270053264
PHEI_red_29_cutoff_7.5.inp.out,269.53971080643333,-0.1491,0.1517,19.5997,63.0,-1303.7668283176,-53.94155115716105,4.3811568461966015,-6399.6535497069,0.1428846215003432
PHEI_red_2_cutoff_7.5.inp.out,273.1188368393416,-0.1600,0.1461,39.6768,54.0,-1306.5858492213,-131.06221917662126,-21.992848438868553,-5718.183466954,0.1506335660997138
PHEI_red_300_cutoff_7.5.inp.out,268.35393472309016,-0.1428,0.1481,23.4323,54.0,-1306.7264253644,-23.36548268012237,-7.362012903681945,-5718.252496844,0.13667696490028902
PHEI_red_301_cutoff_7.5.inp.out,268.78817666265167,-0.1441,0.1628,12.5073,51.0,-1308.2080785366,104.9540279969935,7.234628464255254,-5491.7216827285,0.1383590452005592
PHEI_red_302_cutoff_7.5.inp.out,266.28145288097477,-0.1632,0.1589,25.7230,54.0,-1306.4346583225,63.28469311982055,54.303265162680326,-5718.0463739499,0.1529752439000731
PHEI_red_303_cutoff_7.5.inp.out,268.01229831229875,-0.1200,0.1635,23.2175,59.0,-1305.1833986219,87.44283130425522,32.38051373232705,-6096.8597633374,0.11523889589989267
PHEI_red_304_cutoff_7.5.inp.out,268.4704562404853,-0.1211,0.1525,23.7636,56.0,-1305.9351635825,72.12082577294458,17.458938112237572,-5869.5895371524,0.1164680640995357
PHEI_red_305_cutoff_7.5.inp.out,267.5457943183405,-0.1306,0.1609,18.1871,52.0,-1307.3886612700,34.883941498016895,22.6601581934435,-5566.866212703,0.1266774831001385
PHEI_red_306_cutoff_7.5.inp.out,269.0059295051238,-0.1623,0.1478,22.4479,52.0,-1307.4277904471,-1.5339256703735344,39.08440236047725,-5566.9201612857,0.15458716610010015
PHEI_red_307_cutoff_7.5.inp.out,267.9151257287154,-0.1767,0.1428,16.8916,51.0,-1307.7278619149,4.319286523588201,57.59935112837194,-5491.1748025595,0.16805118449974543
PHEI_red_308_cutoff_7.5.inp.out,266.1695363385882,-0.1596,0.1473,25.5164,52.0,-1307.4653639182,-11.409364287643138,87.07638002701223,-5566.9541058969,0.15363058820003062
PHEI_red_309_cutoff_7.5.inp.out,267.6585134412859,-0.1514,0.1550,20.6985,50.0,-1308.0146484205,-60.93367629120803,55.697829606892086,-5415.4022390178,0.14730170680013543
PHEI_red_30_cutoff_7.5.inp.out,272.2880526031098,-0.1255,0.1623,15.6410,62.0,-1304.2564620974,-109.68407502634922,-10.21779943693151,-6324.0866934403,0.11913724169971829
PHEI_red_310_cutoff_7.5.inp.out,267.8452431170197,-0.1698,0.1433,8.7690,51.0,-1307.7719621680,3.980929306577859,-15.938931741861873,-5491.1972281458,0.16269285830003355
PHEI_red_311_cutoff_7.5.inp.out,267.40919366347384,-0.1659,0.1417,22.4754,51.0,-1307.5129265912,-45.972701393585616,101.74204025500575,-5490.9894034913,0.15869099980045576
PHEI_red_312_cutoff_7.5.inp.out,268.96507698279714,-0.1597,0.1351,23.9984,54.0,-1306.8615906031,-23.646419979043067,121.14292571552473,-5718.431911478,0.15308359239952551
PHEI_red_313_cutoff_7.5.inp.out,270.5853980188451,-0.1453,0.1451,27.5344,52.0,-1306.9386888670,132.71831502616217,152.5389986595412,-5566.3643748221,0.13999385940041975
PHEI_red_314_cutoff_7.5.inp.out,268.43654487915006,-0.1702,0.1430,30.2635,52.0,-1307.5327650635,-20.6697776889237,109.34795226238658,-5567.0499427634,0.16317169240028306
PHEI_red_315_cutoff_7.5.inp.out,270.5728786611708,-0.1726,0.1529,37.9250,54.0,-1306.7830965051,-19.573993868438787,108.16385250981442,-5718.3965711665,0.16401033960028144
PHEI_red_316_cutoff_7.5.inp.out,267.482496352109,-0.1495,0.1582,28.2562,53.0,-1307.0393908669,-6.84937759759124,85.43007117452527,-5642.5604904328,0.1420742947002509
PHEI_red_317_cutoff_7.5.inp.out,268.4702677167792,-0.1381,0.1590,23.5269,56.0,-1306.0150554253,-65.1016506494077,-40.43353380700342,-5869.5935243846,0.13393958890083013
PHEI_red_318_cutoff_7.5.inp.out,273.9005379294853,-0.1196,0.1720,12.8273,58.0,-1305.2594099481,-10.452188527559981,-33.2880505072233,-6020.913575051,0.11496012520001386
PHEI_red_319_cutoff_7.5.inp.out,269.64526462522014,-0.1476,0.1567,13.7088,57.0,-1305.5194800174,-39.58623156432318,-40.78763647516688,-5945.1725785804,0.1425375619000988
PHEI_red_31_cutoff_7.5.inp.out,271.32303737244786,-0.1522,0.1521,20.5531,56.0,-1306.2089229329,22.843213139376555,10.92426857404634,-5869.8309648959,0.14425538949944894
PHEI_red_320_cutoff_7.5.inp.out,265.40279757409155,-0.1405,0.1673,25.5901,58.0,-1305.3517884448,31.522166270441605,-13.436017564596014,-6020.9439027952,0.13284750840011839
PHEI_red_321_cutoff_7.5.inp.out,269.24776439062714,-0.1408,0.1630,28.5727,59.0,-1304.6625210366,6.831776834377455,47.98961982110372,-6096.4120267333,0.13257706799959124
PHEI_red_322_cutoff_7.5.inp.out,268.66160655090584,-0.1434,0.1555,27.7076,57.0,-1305.1171353061,-79.68516531953568,101.71661828308454,-5944.7655172326,0.13698038609982177
PHEI_red_323_cutoff_7.5.inp.out,265.43754447997014,-0.1394,0.1439,40.4873,58.0,-1305.1596317158,8.361741157083898,57.66120376666865,-6020.866423698,0.13307661050021125
PHEI_red_324_cutoff_7.5.inp.out,264.3923838455481,-0.1492,0.1630,46.7613,55.0,-1306.0144696408,-46.33963014506257,50.630965155745876,-5793.5847340023,0.14392026709992933
PHEI_red_325_cutoff_7.5.inp.out,267.7656462939983,-0.1501,0.1525,14.3377,55.0,-1306.5200564310,-132.88734512167994,39.58059366661403,-5794.0849048982,0.14519118309999612
PHEI_red_326_cutoff_7.5.inp.out,268.75453813417766,-0.1780,0.1512,22.8556,52.0,-1306.9244518970,-94.39614914081122,40.52246410699963,-5566.3683049281,0.16929366400017898
PHEI_red_327_cutoff_7.5.inp.out,266.67202170780814,-0.1912,0.1323,18.6470,57.0,-1305.7572763402,-17.495526011547927,46.66693218583052,-5945.3676810431,0.18056017750041065
PHEI_red_328_cutoff_7.5.inp.out,267.02096558293397,-0.1628,0.1501,19.6903,55.0,-1306.1077089170,-34.8391113344923,-27.129976893494607,-5793.7026560631,0.15493642410001485
PHEI_red_329_cutoff_7.5.inp.out,268.2423975534438,-0.1449,0.1564,20.2326,54.0,-1306.4032392434,-116.16879895165107,23.678308130400225,-5717.9433990565,0.14050675290036452
PHEI_red_32_cutoff_7.5.inp.out,269.70239469887497,-0.1475,0.1558,7.2505,59.0,-1304.8890499222,-43.071644184577494,21.875941098676847,-6096.6903504347,0.13964945990028355
PHEI_red_330_cutoff_7.5.inp.out,267.388657887266,-0.1514,0.1409,11.0822,54.0,-1306.3922964744,-30.928029546262284,34.739705925448675,-5717.9866047153,0.14707298319990514
PHEI_red_331_cutoff_7.5.inp.out,269.8472419591169,-0.1425,0.1397,12.4428,60.0,-1304.5365574608,-95.31847334806065,10.551206464166167,-6172.3392298983,0.13740021379999234
PHEI_red_332_cutoff_7.5.inp.out,270.07168836225014,-0.1453,0.1535,13.9582,58.0,-1304.9155033513,-108.70669846861462,14.061979224189825,-6020.6145688789,0.13881284750004852
PHEI_red_333_cutoff_7.5.inp.out,266.6160956558136,-0.1563,0.1594,14.7948,56.0,-1305.7861864366,-46.01372113785016,31.087004181412084,-5869.4441994454,0.14860051720006595
PHEI_red_334_cutoff_7.5.inp.out,268.90282830638876,-0.1626,0.1571,16.8774,52.0,-1306.9659952480,-113.70725454662498,58.52139834564132,-5566.4675162442,0.15558782640073332
PHEI_red_335_cutoff_7.5.inp.out,271.01278130119164,-0.1866,0.1409,19.0884,51.0,-1307.6951541200,-206.83965987460653,-43.6196720849211,-5491.2758019403,0.17759887870033708
PHEI_red_336_cutoff_7.5.inp.out,267.98870591231383,-0.1437,0.1532,18.3947,55.0,-1306.0913362599,-80.75866186137533,-61.835244459344636,-5793.7559369907,0.13681114280007023
PHEI_red_337_cutoff_7.5.inp.out,268.74938987382615,-0.1470,0.1622,28.8497,55.0,-1306.5337162729,7.163950889994254,22.273113465670928,-5794.2296111864,0.13891085060004116
PHEI_red_338_cutoff_7.5.inp.out,270.07171957016135,-0.1616,0.1519,20.9678,58.0,-1304.9976503918,-65.25800530706627,-5.844562909188986,-6020.6947379615,0.1546919333995902
PHEI_red_339_cutoff_7.5.inp.out,269.94149863772407,-0.1448,0.1570,20.0019,57.0,-1306.2849216317,-27.784534147551664,-26.098367812390503,-5945.9281643856,0.13666406910033402
PHEI_red_33_cutoff_7.5.inp.out,268.15334158258446,-0.1654,0.1427,12.7949,57.0,-1306.1410547048,-77.0518879209402,30.775202956789332,-5945.8059421798,0.15701549400000658
PHEI_red_340_cutoff_7.5.inp.out,271.6222471776834,-0.1567,0.1533,27.1036,57.0,-1305.4410445265,-57.28290342786337,56.304249708003866,-5945.100941364,0.14847790650037496
PHEI_red_341_cutoff_7.5.inp.out,272.0381691752382,-0.1474,0.1475,28.2017,54.0,-1306.8944636174,-62.228671703179124,54.650228464981176,-5718.3831344743,0.14021454049998283
PHEI_red_342_cutoff_7.5.inp.out,273.0510888236618,-0.1673,0.1471,30.2341,55.0,-1306.4876917459,24.27694658733575,45.69954291151979,-5793.9962307839,0.15863354410066677
PHEI_red_343_cutoff_7.5.inp.out,271.72962949590743,-0.1465,0.1445,34.2544,57.0,-1305.5487283000,41.39702329025696,88.26375048232862,-5945.1643667531,0.13770801559985557
PHEI_red_344_cutoff_7.5.inp.out,269.68136975065545,-0.1526,0.1484,35.1859,58.0,-1305.5241552990,-91.21720313273906,6.397929063762909,-6021.2367483191,0.14429591089992755
PHEI_red_345_cutoff_7.5.inp.out,270.1420161775189,-0.1310,0.1462,36.1573,57.0,-1305.9352529231,33.83397242048635,46.11517259858887,-5945.4773246701,0.12665659279991814
PHEI_red_346_cutoff_7.5.inp.out,267.6107518668256,-0.1338,0.1615,38.7485,56.0,-1305.9493493534,-65.56756292707581,25.501396383362678,-5869.5033338426,0.12919458119995397
PHEI_red_347_cutoff_7.5.inp.out,266.45062403690946,-0.1497,0.1502,31.6643,60.0,-1304.6189290532,-62.975202750688666,19.80070069916368,-6172.4158134691,0.14420652609987883
PHEI_red_348_cutoff_7.5.inp.out,266.57565706987236,-0.1592,0.1459,32.1083,61.0,-1304.5813130452,-191.793764450462,21.952891944227297,-6248.3545309558,0.15145736539943755
PHEI_red_349_cutoff_7.5.inp.out,266.72246188913624,-0.1747,0.1486,29.6365,59.0,-1305.0384044742,-10.740588589496065,21.345066099981423,-6096.7792628833,0.1654533655000705
PHEI_red_34_cutoff_7.5.inp.out,268.9273087455289,-0.1491,0.1458,8.5128,59.0,-1304.8565517461,4.880002939848914,26.782416428418998,-6096.648908123,0.1426900055994338
PHEI_red_350_cutoff_7.5.inp.out,266.14047523216965,-0.1419,0.1554,22.2315,57.0,-1305.5875627347,-56.04460257836438,3.588717379533491,-5945.2290358152,0.1350329567994777
PHEI_red_351_cutoff_7.5.inp.out,267.66131101970103,-0.1477,0.1536,23.1596,55.0,-1306.5757613869,-74.110175841079,3.339474150270814,-5794.0926141425,0.1431645208995178
PHEI_red_352_cutoff_7.5.inp.out,266.9620187113736,-0.1279,0.1622,22.3454,53.0,-1306.7471688532,-19.871029268822987,37.64073587395735,-5642.1508000478,0.1229904848996739
PHEI_red_353_cutoff_7.5.inp.out,270.2700267998769,-0.1300,0.1627,21.2336,55.0,-1306.3393867961,8.725154636992896,8.683283970232576,-5793.8299535412,0.12368222910026816
PHEI_red_354_cutoff_7.5.inp.out,268.5171840956905,-0.1440,0.1639,12.8340,54.0,-1306.7928571669,-17.75890914647802,17.50915314776492,-5718.2853676174,0.13624617000004946
PHEI_red_355_cutoff_7.5.inp.out,269.1738103495745,-0.1502,0.1542,17.5398,54.0,-1306.5329136573,-85.87354512744594,4.531490743871601,-5717.992086687,0.1425005131004582
PHEI_red_356_cutoff_7.5.inp.out,268.7609624696734,-0.1418,0.1552,19.9250,53.0,-1307.0225289169,11.693790753053444,-16.805393751334574,-5642.4769835825,0.13796890649973648
PHEI_red_357_cutoff_7.5.inp.out,269.1496695441521,-0.1533,0.1500,17.7436,52.0,-1307.2842828255,43.4358120185084,-9.20353143601188,-5566.7213939515,0.14900638129984145
PHEI_red_358_cutoff_7.5.inp.out,270.4478830241075,-0.1238,0.1661,7.9489,53.0,-1306.9208739698,13.371757653356871,18.41881607445222,-5642.3324712188,0.11959702120020665
PHEI_red_359_cutoff_7.5.inp.out,268.55799074372317,-0.1443,0.1543,13.4384,54.0,-1306.6310606784,51.962680805547876,19.408148872142096,-5718.1632492197,0.1396168935998503
PHEI_red_35_cutoff_7.5.inp.out,267.517197400552,-0.1393,0.1594,6.5051,57.0,-1306.0315486878,-0.026699110666074777,30.54190244099077,-5945.7684428645,0.133183003299564
PHEI_red_360_cutoff_7.5.inp.out,267.43097200368277,-0.1396,0.1583,16.3204,52.0,-1307.1836348741,-32.00169775769296,-10.723209489912595,-5566.5416157296,0.13407844939956703
PHEI_red_361_cutoff_7.5.inp.out,268.6841260178344,-0.1649,0.1510,17.3349,51.0,-1307.5296221073,-6.764912828186809,-23.71989857051445,-5490.9511828277,0.15569673089976277
PHEI_red_362_cutoff_7.5.inp.out,269.28774871775505,-0.1527,0.1434,14.0632,53.0,-1306.8226000561,54.82768108901175,24.63399954432193,-5642.2872063864,0.1455218244000207
PHEI_red_363_cutoff_7.5.inp.out,268.58560161712535,-0.1360,0.1419,18.1734,54.0,-1306.6069817846,34.76819184976175,35.38611271388188,-5718.0331542586,0.13343851609988633
PHEI_red_364_cutoff_7.5.inp.out,267.1805108616042,-0.1594,0.1383,29.6255,57.0,-1305.5423270759,-12.002677207546098,38.153664307751455,-5945.1537665431,0.15328336370021134
PHEI_red_365_cutoff_7.5.inp.out,267.8553278342159,-0.1505,0.1543,29.2757,58.0,-1305.4125511751,12.523754970117093,-93.1412818070634,-6021.0145862136,0.14466470160004974
PHEI_red_366_cutoff_7.5.inp.out,269.1979831219032,-0.1569,0.1463,34.5414,56.0,-1306.0156913674,-86.14439702484965,-58.07406177836314,-5869.5579815832,0.15108409529966593
PHEI_red_367_cutoff_7.5.inp.out,268.1800762282102,-0.1331,0.1351,44.6069,62.0,-1303.8145386297,63.105836209930374,-1.5464682499740916,-6323.570222736,0.12780604280033003
PHEI_red_368_cutoff_7.5.inp.out,268.7195818649351,-0.1296,0.1477,46.7509,57.0,-1305.6415099310,45.80085171904966,-72.74130715875421,-5945.2348970014,0.12236449290048768
PHEI_red_369_cutoff_7.5.inp.out,269.15131412820625,-0.1274,0.1705,40.1127,55.0,-1306.3014362672,5.6415603458560435,-26.241245289861283,-5793.8732879295,0.12140152339998167
PHEI_red_36_cutoff_7.5.inp.out,267.89688724852107,-0.1398,0.1623,3.5629,56.0,-1306.0643302132,29.386326968859812,38.77472334707357,-5869.7359585321,0.13284124809979403
PHEI_red_370_cutoff_7.5.inp.out,268.76879813113504,-0.1437,0.1642,35.9546,53.0,-1307.0977598998,-101.22409430649328,-91.99233148484737,-5642.546553643,0.13680495749940746
PHEI_red_371_cutoff_7.5.inp.out,268.64455240552587,-0.1500,0.1526,38.8511,56.0,-1306.2040650184,6.948670665127663,6.005749229905019,-5869.8848412499,0.1441311353000856
PHEI_red_372_cutoff_7.5.inp.out,270.5227005456709,-0.1598,0.1520,41.2273,57.0,-1305.2449789122,-38.388064454669184,0.5403814832055918,-5944.9692263313,0.15057617420006864
PHEI_red_373_cutoff_7.5.inp.out,267.84790945407667,-0.1539,0.1549,33.1900,56.0,-1306.2193881594,-140.46038588752162,-30.756156132346923,-5869.8620059644,0.14719153429996368
PHEI_red_374_cutoff_7.5.inp.out,269.2767792239389,-0.1535,0.1657,40.7600,53.0,-1306.7531739194,-28.069110308288828,-23.266145148647418,-5642.2655006284,0.14672444880034163
PHEI_red_375_cutoff_7.5.inp.out,269.40872463075993,-0.1694,0.1548,27.5834,55.0,-1306.4211705498,12.324431557490591,-29.667404649760055,-5794.075039428,0.15835149309987173
PHEI_red_376_cutoff_7.5.inp.out,268.2546660678423,-0.1620,0.1505,22.5873,56.0,-1305.6181016077,35.25799071309723,2.252020903428777,-5869.3184029417,0.15478283319953334
PHEI_red_377_cutoff_7.5.inp.out,268.204578297599,-0.1473,0.1566,14.2439,58.0,-1305.0115917500,-22.40844475155382,33.59304375104167,-6020.7374359009,0.14066409209954145
PHEI_red_378_cutoff_7.5.inp.out,270.84362512140643,-0.1282,0.1524,23.4110,56.0,-1305.7142164540,66.64285783226204,22.473339084012462,-5869.3639254057,0.12442689890031033
PHEI_red_379_cutoff_7.5.inp.out,268.2530256581832,-0.1440,0.1642,28.2178,55.0,-1306.2540978415,-19.600470776840638,-58.558082184479176,-5793.9244148742,0.13781715299955977
PHEI_red_37_cutoff_7.5.inp.out,268.38651742519505,-0.1641,0.1466,16.9594,54.0,-1306.7340865625,-50.567852336231596,1.810963329037783,-5718.3523659463,0.15628648159963632
PHEI_red_380_cutoff_7.5.inp.out,267.2897238427924,-0.1538,0.1572,34.0914,51.0,-1307.2965510131,-86.96914294590638,-101.72331266088798,-5490.8076873623,0.14883737239961192
PHEI_red_381_cutoff_7.5.inp.out,268.40907233261447,-0.1475,0.1492,22.2355,52.0,-1307.1372472711,-21.93667880551299,-58.76855280318578,-5566.6775650113,0.139762409400646
PHEI_red_382_cutoff_7.5.inp.out,268.9175276842998,-0.1467,0.1686,21.1484,54.0,-1306.8141891206,0.9531968875083011,55.61864518251141,-5718.365774285,0.13781439779995708
PHEI_red_383_cutoff_7.5.inp.out,270.35473695707014,-0.1390,0.1550,18.9038,51.0,-1307.8966182293,45.78172194340587,44.44953735268989,-5491.3355711712,0.13373582730037015
PHEI_red_384_cutoff_7.5.inp.out,268.94426091416204,-0.1629,0.1484,17.4434,50.0,-1308.2329480942,2.1533809187801793,-21.284132888939393,-5415.6607208265,0.1553597856000124
PHEI_red_385_cutoff_7.5.inp.out,268.12055587868934,-0.1510,0.1506,13.6729,50.0,-1308.1398341564,-39.900476102244866,30.813182411270468,-5415.5621385024,0.1458098487000825
PHEI_red_386_cutoff_7.5.inp.out,268.2372529701903,-0.1435,0.1411,24.9699,57.0,-1305.7065105901,22.126869001809,81.97583106444321,-5945.35212602,0.1379622954000297
PHEI_red_387_cutoff_7.5.inp.out,268.3525114902215,-0.1626,0.1511,16.6867,56.0,-1305.9551598755,19.384983537300133,62.94496733527568,-5869.5575715116,0.15591757980018883
PHEI_red_388_cutoff_7.5.inp.out,268.545587388097,-0.1597,0.1472,9.0703,53.0,-1307.1214559547,-12.464817017545304,12.162627349831082,-5642.6097018509,0.15364388970010623
PHEI_red_389_cutoff_7.5.inp.out,270.1937694520367,-0.1518,0.1692,11.0529,55.0,-1305.9518543709,24.98566895222052,25.0681607384294,-5793.4509876417,0.14347195709979133
PHEI_red_38_cutoff_7.5.inp.out,268.2399042987212,-0.1596,0.1510,11.9026,50.0,-1307.8359507853,-152.72414034355896,49.15903903053567,-5415.3610601266,0.15291393579991563
PHEI_red_390_cutoff_7.5.inp.out,271.8395912768264,-0.1753,0.1380,15.2178,55.0,-1306.2728936364,-52.044040236318466,22.10873275711351,-5793.8104134716,0.16691719640039082
PHEI_red_391_cutoff_7.5.inp.out,267.4768449322985,-0.1572,0.1638,9.9506,49.0,-1308.0908697032,35.1544023370187,18.208254959029492,-5339.4312042695,0.1514213545997336
PHEI_red_392_cutoff_7.5.inp.out,268.4436915132821,-0.1467,0.1517,10.6241,52.0,-1307.6546485024,6.027090534840138,26.431762964136407,-5567.0964090178,0.14074986509967857
PHEI_red_393_cutoff_7.5.inp.out,269.9478659578655,-0.1530,0.1428,9.0752,53.0,-1306.7434285435,-65.46614766589492,-56.446812489808636,-5642.1670899791,0.14686727629941743
PHEI_red_394_cutoff_7.5.inp.out,269.61869760731327,-0.1521,0.1567,8.7033,51.0,-1307.9915663236,-82.48867993361745,8.444551120400838,-5491.4289818994,0.14626324209984887
PHEI_red_395_cutoff_7.5.inp.out,268.558160873018,-0.1618,0.1508,22.2159,53.0,-1307.1931571015,-94.1600929298114,-9.536626675728701,-5642.725641177,0.15515520889948675
PHEI_red_396_cutoff_7.5.inp.out,267.08407296331427,-0.1428,0.1644,22.3764,53.0,-1307.2476229842,-27.75126942040833,5.11105094925361,-5642.8058528321,0.13610924299973703
PHEI_red_397_cutoff_7.5.inp.out,267.04737666815254,-0.1415,0.1676,24.6672,53.0,-1307.4612055548,89.67335005833478,35.79197632252471,-5642.9738611039,0.13435126690001198
PHEI_red_398_cutoff_7.5.inp.out,268.9970319966876,-0.1372,0.1625,32.6183,48.0,-1308.8075621550,73.69430144315321,54.92231531788783,-5264.088311227,0.13229817019964685
PHEI_red_399_cutoff_7.5.inp.out,267.6893581089888,-0.1373,0.1627,33.4856,49.0,-1308.3045241333,-29.784266432625834,3.0649292134854305,-5339.6257963974,0.1344457853001586
PHEI_red_39_cutoff_7.5.inp.out,268.6653620914156,-0.1489,0.1641,9.1382,47.0,-1308.8986430665,-242.66392314106074,8.849306132705818,-5188.2907137614,0.14215432360015257
PHEI_red_3_cutoff_7.5.inp.out,271.3396105113833,-0.1388,0.1508,38.7868,56.0,-1305.8495778639,74.68267238288666,-70.55895037536793,-5869.4755848114,0.13143571599994175
PHEI_red_400_cutoff_7.5.inp.out,265.355030450738,-0.1544,0.1527,30.4112,50.0,-1308.0369002628,16.001461250653264,39.20709449552377,-5415.5046197171,0.1481972838000729
PHEI_red_401_cutoff_7.5.inp.out,266.50424455876646,-0.1525,0.1565,41.1233,52.0,-1307.1355270998,-2.5413849441458027,41.26966100873277,-5566.6673713165,0.14575068639987876
PHEI_red_402_cutoff_7.5.inp.out,268.4744117732407,-0.1572,0.1589,29.1517,52.0,-1307.4573071919,164.8064495843841,78.33046611329826,-5566.9684900028,0.15003876199989463
PHEI_red_403_cutoff_7.5.inp.out,267.67431147798715,-0.1666,0.1518,29.1060,51.0,-1307.6427127368,44.319016564929896,72.04103262602462,-5491.1289295075,0.15942270699997607
PHEI_red_404_cutoff_7.5.inp.out,269.5619962911518,-0.1428,0.1608,32.1952,52.0,-1307.3621270879,93.25948331998059,65.07054463067439,-5566.868068031,0.13850107489997754
PHEI_red_405_cutoff_7.5.inp.out,269.53314664539425,-0.1470,0.1600,36.9280,53.0,-1307.1075417822,35.678920531361456,71.48419098592629,-5642.6571107196,0.14118446449992916
PHEI_red_406_cutoff_7.5.inp.out,270.9851244672371,-0.1502,0.1565,40.5807,52.0,-1306.9468874658,68.27695106739158,73.3046878146471,-5566.4511365421,0.14537332649979362
PHEI_red_407_cutoff_7.5.inp.out,272.87565534430087,-0.1366,0.1635,37.4890,50.0,-1307.8362929726,324.7090034199351,97.74611815863834,-5415.2432814058,0.13222302150006726
PHEI_red_408_cutoff_7.5.inp.out,268.3245806464131,-0.1382,0.1644,33.7631,52.0,-1307.3457512950,106.91659254308755,23.621769260678548,-5566.8002182936,0.13172972289976315
PHEI_red_409_cutoff_7.5.inp.out,269.4609155773725,-0.1731,0.1492,35.8933,54.0,-1306.3496096649,59.62162076537455,87.78098216055835,-5717.891900173,0.16367149310008244
PHEI_red_40_cutoff_7.5.inp.out,267.2819732581651,-0.1613,0.1502,12.7753,49.0,-1308.2556746379,10.238404595687673,6.887893752941213,-5339.6782271154,0.15524878470023395
PHEI_red_410_cutoff_7.5.inp.out,270.9288868502036,-0.1612,0.1564,27.7125,52.0,-1307.3149345989,89.86640501706749,36.14351087496847,-5566.8147682171,0.1511499604994242
PHEI_red_411_cutoff_7.5.inp.out,271.11868402231624,-0.1434,0.1513,16.5840,51.0,-1307.6013700411,90.59376824760874,58.67830812265764,-5491.0602750103,0.13711729510032455
PHEI_red_412_cutoff_7.5.inp.out,271.8211497664047,-0.1505,0.1428,16.5049,54.0,-1306.6517404715,7.135647424370025,37.19162687797271,-5718.1840438815,0.14511625259910943
PHEI_red_413_cutoff_7.5.inp.out,270.62031029868035,-0.1644,0.1472,21.5197,56.0,-1306.0824137037,-183.14345834569016,56.91245774654593,-5869.7590572146,0.15643404179991194
PHEI_red_414_cutoff_7.5.inp.out,269.59600642956866,-0.1568,0.1481,25.1379,54.0,-1306.8614520893,-80.59560774947916,53.176082986783776,-5718.4609351967,0.15067125579935237
PHEI_red_415_cutoff_7.5.inp.out,268.68758235669753,-0.1405,0.1586,24.6521,53.0,-1307.4005358490,13.683375636493238,45.08737271565158,-5642.9947916115,0.1354764243005775
PHEI_red_416_cutoff_7.5.inp.out,269.28204413065583,-0.1469,0.1622,18.8889,59.0,-1304.8356134115,69.08292523935523,45.67891122558454,-6096.5676530482,0.13713891730003525
PHEI_red_417_cutoff_7.5.inp.out,267.6302891624319,-0.1452,0.1627,16.6701,57.0,-1305.7414908794,-28.99139517032075,-12.755687509228371,-5945.4576038181,0.1383086944997558
PHEI_red_418_cutoff_7.5.inp.out,267.9062504201629,-0.1537,0.1532,11.7973,55.0,-1306.6346155583,10.383695410664249,-52.5878469792977,-5794.1881105458,0.14744875880023756
PHEI_red_419_cutoff_7.5.inp.out,268.65804289222814,-0.1535,0.1555,21.8115,53.0,-1307.2424916486,59.65879889695491,-11.142341585111485,-5642.7717568559,0.14426322169947525
PHEI_red_41_cutoff_7.5.inp.out,265.97081198698993,-0.1438,0.1626,15.4979,52.0,-1307.6729854445,-9.505520152076784,11.640921557735151,-5567.1181277997,0.13808426349987712
PHEI_red_420_cutoff_7.5.inp.out,267.9467012527439,-0.1448,0.1540,17.5951,53.0,-1307.0530060322,185.50746917475266,40.058886271780004,-5642.5481497275,0.13801540169970394
PHEI_red_421_cutoff_7.5.inp.out,268.19001727693137,-0.1457,0.1572,27.0838,56.0,-1306.2482271500,40.32776135553922,13.247883584826518,-5869.9053507551,0.14045124760014005
PHEI_red_422_cutoff_7.5.inp.out,269.90896158719886,-0.1577,0.1441,25.9617,54.0,-1306.7291200717,40.36880455618876,46.22991449227322,-5718.2336312755,0.15083107800001017
PHEI_red_423_cutoff_7.5.inp.out,267.5033863080665,-0.1563,0.1557,27.6957,55.0,-1306.3361040393,139.9414262974362,75.34226899953941,-5793.9096822446,0.1498142298996754
PHEI_red_424_cutoff_7.5.inp.out,269.2905790602021,-0.1474,0.1676,32.3862,52.0,-1307.7147925642,333.98149040878627,90.60483432875175,-5567.2394680948,0.13891337489985744
PHEI_red_425_cutoff_7.5.inp.out,268.6840499083094,-0.1405,0.1605,24.6657,56.0,-1305.8409973080,-43.34447176118933,-83.26758076604648,-5869.4348830858,0.13468162269964523
PHEI_red_426_cutoff_7.5.inp.out,268.421895465078,-0.1312,0.1648,34.0616,54.0,-1306.5360434926,-20.040147938304177,-45.504313858245006,-5718.0268518941,0.12593532659957418
PHEI_red_427_cutoff_7.5.inp.out,266.2229292977265,-0.1413,0.1546,29.4022,53.0,-1307.1401139977,10.742985098324462,-18.79914782689803,-5642.6512615478,0.1362058631993932
PHEI_red_428_cutoff_7.5.inp.out,268.32948084134887,-0.1646,0.1485,31.8430,57.0,-1305.9032483114,-55.47586703114226,25.588117242872162,-5945.5747229466,0.1571479016001831
PHEI_red_429_cutoff_7.5.inp.out,268.75326155926854,-0.1371,0.1648,28.6123,56.0,-1305.5054798575,3.635629264423576,-7.014209565639779,-5869.0961610659,0.13042046280042996
PHEI_red_42_cutoff_7.5.inp.out,267.10831309762267,-0.1479,0.1734,16.9722,50.0,-1308.1534805887,58.970612820420115,22.252910253770125,-5415.5409171451,0.14078907719976996
PHEI_red_430_cutoff_7.5.inp.out,266.4942048151655,-0.1584,0.1525,28.2794,54.0,-1306.9354839135,21.105934668156035,-15.002224311935699,-5718.5394657275,0.1508402882000155
PHEI_red_431_cutoff_7.5.inp.out,270.64568297200714,-0.1480,0.1580,23.2341,54.0,-1306.6650030868,-41.491305945758235,-47.52220501873974,-5718.2519139376,0.14140019680053229
PHEI_red_432_cutoff_7.5.inp.out,269.16525844674544,-0.1490,0.1541,25.2395,56.0,-1305.8850679128,-123.44126446546151,-17.720645437866864,-5869.5678550765,0.1437130697995599
PHEI_red_433_cutoff_7.5.inp.out,268.6559857908042,-0.1804,0.1417,34.6584,56.0,-1305.7755620798,-25.67989132028528,-45.71107964839299,-5869.3979866455,0.17253783619980823
PHEI_red_434_cutoff_7.5.inp.out,269.31194504046624,-0.1779,0.1386,39.2834,56.0,-1305.8195782054,-240.010680285221,-53.53195228160146,-5869.4760909684,0.16811393569969368
PHEI_red_435_cutoff_7.5.inp.out,269.8923916553824,-0.1706,0.1279,49.1950,59.0,-1304.7001708322,-462.34458053264547,-77.46897853078342,-6096.5168873283,0.16468540799996845
PHEI_red_436_cutoff_7.5.inp.out,269.7080806345067,-0.1633,0.1385,34.1526,56.0,-1305.7636656727,-37.985825330870526,-60.42434962431233,-5869.4342801421,0.15715362149967405
PHEI_red_437_cutoff_7.5.inp.out,267.831655156592,-0.1389,0.1608,36.3033,55.0,-1306.5742722090,50.88438813707996,-77.15234308964457,-5794.2073643614,0.13350643000012496
PHEI_red_438_cutoff_7.5.inp.out,268.9127828864841,-0.1595,0.1440,26.0174,56.0,-1306.0616323142,-4.433174963941605,15.050057332350166,-5869.7214932091,0.15096152770001936
PHEI_red_439_cutoff_7.5.inp.out,268.65404524117315,-0.1510,0.1543,39.4785,58.0,-1305.8696832795,27.61317815912193,-59.83668282089611,-6021.6283111502,0.1443835488998957
PHEI_red_43_cutoff_7.5.inp.out,268.06762903745675,-0.1515,0.1532,19.8158,50.0,-1307.9272741309,51.021047292752755,84.85508836191502,-5415.3429829248,0.14536243340080546
PHEI_red_440_cutoff_7.5.inp.out,268.3641068497372,-0.1523,0.1455,45.2869,55.0,-1306.0560072114,-4.068154540617772,-59.908490643086274,-5793.6620234642,0.1445500641993931
PHEI_red_441_cutoff_7.5.inp.out,267.3676323983808,-0.1586,0.1575,33.2438,54.0,-1306.9186237381,21.618526517406433,-63.74715819457464,-5718.4967065495,0.14901434229977895
PHEI_red_442_cutoff_7.5.inp.out,270.82427178235366,-0.1330,0.1647,32.6267,54.0,-1307.2282815134,-5.286766712963983,-116.21968936255811,-5718.7424124505,0.1267007731994454
PHEI_red_443_cutoff_7.5.inp.out,272.64111809739217,-0.1525,0.1659,29.2149,52.0,-1307.3657978564,-80.74120006152074,-150.88461422139807,-5566.8292348932,0.14587894229953235
PHEI_red_444_cutoff_7.5.inp.out,269.3288288693768,-0.1631,0.1436,24.1240,56.0,-1306.1245187797,-269.906375303742,-59.70371113665532,-5869.7293549896,0.15621995049968973
PHEI_red_445_cutoff_7.5.inp.out,270.91770701382984,-0.1544,0.1644,30.1586,55.0,-1306.3868569529,3.0569732605940345,-72.79335918679453,-5793.9593921416,0.14563341550001496
PHEI_red_446_cutoff_7.5.inp.out,270.5857984811714,-0.1496,0.1526,29.1931,55.0,-1306.2494037422,-34.43293405318196,-82.30975706735151,-5793.8231297949,0.1417509274006079
PHEI_red_447_cutoff_7.5.inp.out,270.05550454806485,-0.1660,0.1402,36.0329,53.0,-1306.9964201767,-18.282059853233257,-44.6605269672671,-5642.5306462432,0.15796820459945593
PHEI_red_448_cutoff_7.5.inp.out,270.01036973079624,-0.1404,0.1558,29.6735,57.0,-1305.7248389073,132.24721892298086,45.371558096790736,-5945.4277250269,0.13450828940040083
PHEI_red_449_cutoff_7.5.inp.out,267.59088056025456,-0.1323,0.1620,37.6510,56.0,-1306.1055617830,41.809974503058804,10.214097110609245,-5869.7412295828,0.1270476043000599
PHEI_red_44_cutoff_7.5.inp.out,267.420158129811,-0.1715,0.1466,16.5311,49.0,-1308.5792602246,-204.5620253580742,8.157736964106727,-5339.9788697035,0.16333284470056242
PHEI_red_450_cutoff_7.5.inp.out,269.5467081610651,-0.1536,0.1382,37.9084,56.0,-1305.6568279107,-24.738500948266083,89.90047171800254,-5869.2999129817,0.14867584029980208
PHEI_red_451_cutoff_7.5.inp.out,268.133129753691,-0.1665,0.1401,43.3944,55.0,-1306.0905537870,-145.3262285496882,-3.4571525509007173,-5793.8093488908,0.16044574809984624
PHEI_red_452_cutoff_7.5.inp.out,266.71930466184153,-0.1574,0.1491,36.1469,53.0,-1306.3187430261,19.39492179558446,27.653486015027706,-5641.874981008,0.1520874581001408
PHEI_red_453_cutoff_7.5.inp.out,267.4911136881644,-0.1692,0.1427,37.9633,53.0,-1306.8213936271,214.39253756403616,44.33605449159759,-5642.4093714684,0.16209558209993702
PHEI_red_454_cutoff_7.5.inp.out,266.91868436405633,-0.1624,0.1466,26.4962,56.0,-1305.5822844035,-91.01757412569442,-9.007206787307283,-5869.2617726454,0.15530064230006246
PHEI_red_455_cutoff_7.5.inp.out,266.1209510809813,-0.1524,0.1547,15.9748,54.0,-1306.5015631037,-35.735490672953475,-41.12723199558576,-5718.1556471576,0.1464623298998049
PHEI_red_456_cutoff_7.5.inp.out,266.7769284415608,-0.1523,0.1520,16.2093,57.0,-1305.2955525619,-33.89400943808876,-24.339660319464652,-5944.9620262084,0.14435339460032992
PHEI_red_457_cutoff_7.5.inp.out,268.75826536422557,-0.1509,0.1555,13.3066,56.0,-1305.8504825353,64.80037288861553,28.980323635644623,-5869.5545905183,0.14309231800052657
PHEI_red_458_cutoff_7.5.inp.out,270.27010902839294,-0.1252,0.1663,22.5494,56.0,-1305.9696108382,85.72590417191032,-58.87727056177461,-5869.5460262649,0.12018038079986582
PHEI_red_459_cutoff_7.5.inp.out,266.30338076477074,-0.1479,0.1575,24.6088,54.0,-1306.4812906111,118.32220380253342,-43.635366010111646,-5718.0768265162,0.1415137985995898
PHEI_red_45_cutoff_7.5.inp.out,267.8855835087712,-0.1697,0.1508,8.4189,48.0,-1309.0503225950,-98.71268167982672,-24.70191483677282,-5264.3811420761,0.1616471081997588
PHEI_red_460_cutoff_7.5.inp.out,271.08201500941726,-0.1460,0.1530,30.4562,56.0,-1306.2687673285,-68.49552912746408,-45.49653452954973,-5869.862549259,0.13943496769934427
PHEI_red_461_cutoff_7.5.inp.out,269.0325297644713,-0.1449,0.1638,27.7566,53.0,-1307.3032619032,-22.540366203635188,-94.71597412949504,-5642.7264146199,0.13753829459983535
PHEI_red_462_cutoff_7.5.inp.out,267.6038885398387,-0.1571,0.1584,21.1207,55.0,-1306.1510602574,-17.259295366889614,-70.32090562075598,-5793.7076905136,0.14966169330000412
PHEI_red_463_cutoff_7.5.inp.out,270.4820102399687,-0.1585,0.1573,22.2362,50.0,-1308.3284773687,-42.63582640683774,11.422339396034616,-5415.7050000104,0.1528447391001464
PHEI_red_464_cutoff_7.5.inp.out,268.25169574732377,-0.1557,0.1645,19.1043,54.0,-1306.6455717180,-58.21290003702657,-59.19303897022683,-5718.169093809,0.14678691910012276
PHEI_red_465_cutoff_7.5.inp.out,268.9712038318162,-0.1644,0.1567,20.6348,53.0,-1307.2770141868,41.1691053995751,-22.109219777167283,-5642.787184704,0.15732579250015988
PHEI_red_466_cutoff_7.5.inp.out,267.16903996676746,-0.1491,0.1447,19.4369,53.0,-1307.2929361834,-33.65259389799346,-37.16549540294191,-5642.6819955364,0.14268485459979274
PHEI_red_467_cutoff_7.5.inp.out,269.230516072788,-0.1465,0.1524,29.7129,57.0,-1305.5552682268,20.14840426385206,22.804732932908873,-5945.2050809742,0.1432526731005055
PHEI_red_468_cutoff_7.5.inp.out,268.57404562170905,-0.1416,0.1494,27.7781,56.0,-1305.9131193417,91.29285295480571,-29.03579686438052,-5869.5844571878,0.1374606755998684
PHEI_red_469_cutoff_7.5.inp.out,266.78006246848105,-0.1548,0.1428,34.1147,55.0,-1306.5262350866,9.843242316815292,-169.838816310311,-5794.1397610714,0.1474361897999188
PHEI_red_46_cutoff_7.5.inp.out,267.8550462268379,-0.1663,0.1426,7.9001,50.0,-1308.6291375601,-86.72090776783573,14.783395009779515,-5416.0009956086,0.1606465428003503
PHEI_red_470_cutoff_7.5.inp.out,268.8860317505316,-0.1606,0.1534,35.9066,56.0,-1305.9324701915,-32.53397735838414,-50.645545866991185,-5869.5585575576,0.1529062094996334
PHEI_red_471_cutoff_7.5.inp.out,265.5218123575061,-0.1682,0.1341,38.2867,61.0,-1304.4150646441,3.5960665155224545,8.240338335294064,-6248.2662560983,0.1613478421995751
PHEI_red_472_cutoff_7.5.inp.out,266.7636200166731,-0.1469,0.1490,28.7923,61.0,-1303.9216582074,25.060224664086537,-16.902103186865066,-6247.7074659503,0.14355014600005234
PHEI_red_473_cutoff_7.5.inp.out,270.7156812087167,-0.1553,0.1431,29.0741,59.0,-1305.0617427958,62.351467570345946,-67.01961052916391,-6096.8914592862,0.14947636750002857
PHEI_red_474_cutoff_7.5.inp.out,265.56210611258683,-0.1722,0.1483,33.9063,54.0,-1306.3841299290,-16.929820447554285,-79.92685945299024,-5718.023443334,0.1636839434995636
PHEI_red_475_cutoff_7.5.inp.out,270.7964044896677,-0.1610,0.1597,22.9269,51.0,-1307.5536468960,-67.9353679306161,-42.30243196333929,-5490.9708235091,0.15445803689999593
PHEI_red_476_cutoff_7.5.inp.out,268.432160215099,-0.1576,0.1536,16.1476,52.0,-1307.3298852196,-23.54834633144764,65.45305234677579,-5566.7619630572,0.15238756999951875
PHEI_red_477_cutoff_7.5.inp.out,269.40234938933276,-0.1571,0.1626,15.0183,54.0,-1307.1403696941,44.60207203268108,37.46339965724605,-5718.6185372914,0.1494768656002634
PHEI_red_478_cutoff_7.5.inp.out,268.3013451184546,-0.1624,0.1593,19.2212,53.0,-1306.5156786370,34.85187041782707,-11.4423514604353,-5641.9381697011,0.15469974190000357
PHEI_red_479_cutoff_7.5.inp.out,265.3297702738444,-0.1618,0.1551,22.5932,54.0,-1306.8157169812,22.55697612322442,40.40210085953739,-5718.3339820648,0.15679866970003786
PHEI_red_47_cutoff_7.5.inp.out,271.7690515666242,-0.1437,0.1461,12.1812,51.0,-1307.6876011912,-94.0199009734261,18.29451223564672,-5491.1312653646,0.13695964830003504
PHEI_red_480_cutoff_7.5.inp.out,269.2333726710613,-0.1405,0.1651,16.9104,51.0,-1307.6206674653,56.72208789427868,52.509079896929826,-5491.0238455862,0.13488727650019428
PHEI_red_481_cutoff_7.5.inp.out,267.32893969734295,-0.1383,0.1745,18.5896,52.0,-1307.2467097405,29.799314233834956,-0.04541627615590682,-5566.6605956506,0.13183692610073194
PHEI_red_482_cutoff_7.5.inp.out,267.84209011177853,-0.1571,0.1266,14.1077,53.0,-1306.8530524291,190.8468740308891,6.697559048985255,-5642.3398485238,0.15250445480069175
PHEI_red_483_cutoff_7.5.inp.out,268.36202256124733,-0.1668,0.1467,14.6369,54.0,-1306.7703149375,16.131773003716184,-43.40643926991932,-5718.3737266888,0.16073520760073734
PHEI_red_484_cutoff_7.5.inp.out,267.80482019143085,-0.1465,0.1536,12.0145,51.0,-1307.7317717893,-4.917198595627437,-4.710013330889708,-5491.1588261682,0.14045211390020995
PHEI_red_485_cutoff_7.5.inp.out,268.22117258180185,-0.1353,0.1704,16.9811,50.0,-1307.8413415749,4.928610627340106,-14.433119061822948,-5415.2516139603,0.12949003870016895
PHEI_red_486_cutoff_7.5.inp.out,270.7739637574755,-0.1606,0.1528,23.1361,49.0,-1308.5320861420,-58.77787012800333,26.773078417705385,-5339.8166539147,0.1537223878003715
PHEI_red_487_cutoff_7.5.inp.out,269.94268541585063,-0.1381,0.1744,21.1505,51.0,-1307.7217165818,-72.15349719510314,-21.836352826924838,-5491.1041810494,0.1309500453999135
PHEI_red_488_cutoff_7.5.inp.out,271.341214594846,-0.1700,0.1384,20.4304,53.0,-1306.5630096195,-145.9722900691497,-22.13160118054033,-5642.0530412659,0.16281852839983912
PHEI_red_489_cutoff_7.5.inp.out,270.74480539405414,-0.1502,0.1494,16.5786,55.0,-1306.3673421977,-111.25384751674234,-64.52489108226071,-5793.9441092177,0.14360995099923457
PHEI_red_48_cutoff_7.5.inp.out,272.02256032558324,-0.1507,0.1607,10.5845,53.0,-1307.5752995425,9.218736000027503,14.935204052158468,-5643.0901464566,0.14221001189980598
PHEI_red_490_cutoff_7.5.inp.out,272.8367356066608,-0.1571,0.1459,17.4153,56.0,-1306.1138683509,-39.54113355502292,-38.24221192378399,-5869.7097131707,0.1497503297005096
PHEI_red_491_cutoff_7.5.inp.out,270.1760359164053,-0.1421,0.1507,20.6852,58.0,-1305.0241248424,-87.47085854666723,39.89213246947115,-6020.7210927549,0.13546728060009627
PHEI_red_492_cutoff_7.5.inp.out,269.29837911359914,-0.1388,0.1590,31.3770,60.0,-1304.8967391852,-19.881219924614623,32.42254668830949,-6172.6622553769,0.13316336479965685
PHEI_red_493_cutoff_7.5.inp.out,271.9547714086069,-0.1738,0.1542,33.0941,57.0,-1305.8314844409,21.52370425792566,-22.468770398691355,-5945.5290233391,0.16311504090026574
PHEI_red_494_cutoff_7.5.inp.out,268.54735954726334,-0.1492,0.1542,26.2472,56.0,-1306.1801608417,62.20870973316025,126.05473404924778,-5869.7213020805,0.14199207480032783
PHEI_red_495_cutoff_7.5.inp.out,268.8190428910542,-0.1506,0.1582,27.3651,55.0,-1306.5321208457,-30.48663726958935,124.47051582574444,-5794.0330724649,0.14556521479971707
PHEI_red_496_cutoff_7.5.inp.out,270.3896417116079,-0.1501,0.1479,22.9025,55.0,-1306.6774625565,-123.6723748524049,-34.964388265591644,-5794.2924052081,0.14395513309955277
PHEI_red_497_cutoff_7.5.inp.out,268.18734360387816,-0.1337,0.1738,16.3622,55.0,-1306.5333762872,20.4666092226058,27.485322723120948,-5794.1412548729,0.12851220980064681
PHEI_red_498_cutoff_7.5.inp.out,267.4559775876847,-0.1436,0.1594,29.6258,58.0,-1305.8732328435,-275.85547541104904,53.39824812177847,-6021.5982307589,0.1367055157006689
PHEI_red_499_cutoff_7.5.inp.out,268.49522338598854,-0.1350,0.1530,22.2817,59.0,-1305.3097979638,87.82775131037361,27.422037174581472,-6097.0158528256,0.12999086489980982
PHEI_red_49_cutoff_7.5.inp.out,269.52812771651185,-0.1632,0.1488,6.4779,54.0,-1306.6193486968,-6.848677103264681,-0.727273329520123,-5718.0989251782,0.15595126769949275
PHEI_red_4_cutoff_7.5.inp.out,270.00768546912025,-0.1491,0.1503,40.6648,54.0,-1306.5157910008,4.44070917269863,-151.96843763150886,-5718.0775099539,0.14378605480033002
PHEI_red_50_cutoff_7.5.inp.out,267.51841967561376,-0.1608,0.1670,11.8711,55.0,-1306.1705864872,-78.30759580830856,-53.02867276749691,-5793.7489521229,0.1519631646997368
PHEI_red_51_cutoff_7.5.inp.out,269.7260655252083,-0.1488,0.1606,17.9948,55.0,-1305.9582189472,-23.88589905408294,4.9009035267677925,-5793.4862507387,0.13861631290001242
PHEI_red_52_cutoff_7.5.inp.out,267.49853071380085,-0.1604,0.1485,14.3536,53.0,-1306.9840317675,-81.14174273133479,-5.923750406040397,-5642.4809549598,0.1523481839994929
PHEI_red_53_cutoff_7.5.inp.out,266.3135276938025,-0.1479,0.1544,13.2613,53.0,-1306.7465025587,-17.564723505417867,-4.916794358963534,-5642.1838904729,0.14164336189969617
PHEI_red_54_cutoff_7.5.inp.out,267.66358191948405,-0.1611,0.1488,16.4697,56.0,-1305.7522065085,-109.13395159855614,-50.3249025786699,-5869.3466879089,0.1551560091002102
PHEI_red_55_cutoff_7.5.inp.out,265.39912895473776,-0.1396,0.1527,12.6874,59.0,-1304.4543025120,-2.346504917358478,-28.434495144792997,-6096.0748229981,0.13710955870010366
PHEI_red_56_cutoff_7.5.inp.out,267.7798787322986,-0.1433,0.1588,11.0448,57.0,-1305.4919604832,-30.85075570654944,-28.917873540746392,-5945.0469090955,0.13820754080006736
PHEI_red_57_cutoff_7.5.inp.out,268.48319736180343,-0.1577,0.1608,12.1757,55.0,-1305.5558932865,-85.58114581109518,-58.611752464848145,-5793.1400502954,0.14838206640069984
PHEI_red_58_cutoff_7.5.inp.out,269.91110519163993,-0.1354,0.1718,11.4873,54.0,-1306.6787192243,-71.89392927901942,-37.034155959207105,-5718.2520127563,0.1279730432006545
PHEI_red_59_cutoff_7.5.inp.out,270.1020467560665,-0.1428,0.1710,6.1946,53.0,-1307.0064002206,-21.058381023678137,-16.762111465007287,-5642.4511481376,0.1338349786001345
PHEI_red_5_cutoff_7.5.inp.out,268.1859670980628,-0.1469,0.1754,30.3274,50.0,-1308.0663810221,157.0868104646564,-25.804577377499484,-5415.5043396529,0.13861853149956005
PHEI_red_60_cutoff_7.5.inp.out,271.10321812318557,-0.1564,0.1668,19.0502,54.0,-1306.6597299625,-25.286116377085694,-22.760586818188905,-5718.1907303692,0.14961942750051094
PHEI_red_61_cutoff_7.5.inp.out,269.43116692547125,-0.1467,0.1619,16.4106,53.0,-1306.6481088683,-88.81321076037514,22.751361481211255,-5642.0552677862,0.14064574019994325
PHEI_red_62_cutoff_7.5.inp.out,270.97480278109373,-0.1404,0.1505,33.8727,54.0,-1306.3824492388,-156.0699777547148,-50.78931476488938,-5717.871582842,0.13309503759955987
PHEI_red_63_cutoff_7.5.inp.out,271.38309024460216,-0.1391,0.1624,28.6512,53.0,-1306.6078717593,-61.82275171913155,-46.45533926285958,-5642.0487568968,0.131681893500172
PHEI_red_64_cutoff_7.5.inp.out,267.9534890454196,-0.1553,0.1681,24.8224,52.0,-1306.9748015431,35.25971570460517,-60.574940379283284,-5566.4241137565,0.1467790585993498
PHEI_red_65_cutoff_7.5.inp.out,268.85096716875694,-0.1540,0.1607,29.7827,54.0,-1305.9437345637,-89.2382614108031,-47.137918101594124,-5717.4336555396,0.1468241251004656
PHEI_red_66_cutoff_7.5.inp.out,271.7634801002692,-0.1453,0.1525,31.1570,54.0,-1306.1522511118,-174.30183132380327,-138.89676475175926,-5717.7135522484,0.14027027409974835
PHEI_red_67_cutoff_7.5.inp.out,267.1593834929063,-0.1591,0.1676,31.6492,53.0,-1306.3783524284,-201.83888313540712,-181.01471146525532,-5641.8811855606,0.1507568685001388
PHEI_red_68_cutoff_7.5.inp.out,265.2323652976088,-0.1522,0.1622,29.5708,52.0,-1307.0948960332,-160.75272622685864,-230.31701531135897,-5566.5610575299,0.14546082859942544
PHEI_red_69_cutoff_7.5.inp.out,265.3812310738024,-0.1553,0.1410,29.5901,54.0,-1306.6463582058,-108.3030353573534,-167.35521459878132,-5718.1778002345,0.14800068189924787
PHEI_red_6_cutoff_7.5.inp.out,269.0831780093232,-0.1450,0.1579,34.7442,49.0,-1308.5392772719,238.57542060478735,107.29861869081984,-5339.8636855468,0.13821523120077472
PHEI_red_70_cutoff_7.5.inp.out,266.4907553806306,-0.1702,0.1474,28.6690,54.0,-1306.1704275469,130.51463796031717,-97.19777282646949,-5717.7457783357,0.16399271950012917
PHEI_red_71_cutoff_7.5.inp.out,265.67425250056806,-0.1674,0.1428,33.0722,54.0,-1306.1532614583,-128.65107774485531,-61.72071981520092,-5717.6961043076,0.16136288750021777
PHEI_red_72_cutoff_7.5.inp.out,267.71983936156886,-0.1536,0.1469,29.5386,54.0,-1306.4638911554,-36.6020657962409,-43.90565335344732,-5717.9376921823,0.14682166049988155
PHEI_red_73_cutoff_7.5.inp.out,269.71359105506576,-0.1520,0.1616,24.9323,55.0,-1305.8709925416,-67.07209446069015,-128.88028438141407,-5793.3935112154,0.1452446005996535
PHEI_red_74_cutoff_7.5.inp.out,271.7200067965274,-0.1685,0.1350,23.8615,56.0,-1305.8009671000,-124.39982692927668,89.01478129012152,-5869.3350920223,0.16058383870040416
PHEI_red_75_cutoff_7.5.inp.out,269.66389465529045,-0.1635,0.1500,23.3754,57.0,-1305.4382251975,-143.63622997290156,47.877077137848886,-5945.0020451085,0.15541215219946025
PHEI_red_76_cutoff_7.5.inp.out,269.81908054059096,-0.1522,0.1476,17.2974,58.0,-1304.8994338864,-30.104238458251686,69.72549257459008,-6020.4671552235,0.14375213609946513
PHEI_red_77_cutoff_7.5.inp.out,270.08856186841615,-0.1489,0.1588,16.7471,58.0,-1304.9909617178,-413.18263492837923,37.808606995121785,-6020.5298061133,0.14097016160030762
PHEI_red_78_cutoff_7.5.inp.out,268.3094024826059,-0.1518,0.1493,10.5361,57.0,-1305.2190575694,-304.5736325942602,43.07281137243016,-5944.7945879476,0.1437061000997346
PHEI_red_79_cutoff_7.5.inp.out,268.3669988232452,-0.1498,0.1652,18.8637,54.0,-1306.7552017326,33.507812308696515,26.329685173633585,-5718.2422399349,0.14108556480005063
PHEI_red_7_cutoff_7.5.inp.out,268.2095102499495,-0.1453,0.1564,31.0522,53.0,-1306.9296820459,50.69316298230412,71.40744613667844,-5642.5155734571,0.13842164559991943
PHEI_red_80_cutoff_7.5.inp.out,269.3854103999164,-0.1469,0.1558,20.3402,51.0,-1307.5321344394,-166.95945902996746,9.39311172744808,-5490.906391855,0.14085622689981392
PHEI_red_81_cutoff_7.5.inp.out,265.4399652942144,-0.1483,0.1527,16.2729,53.0,-1307.1679019137,-272.498652040312,50.88156169004812,-5642.5391786645,0.1427455208995525
PHEI_red_82_cutoff_7.5.inp.out,265.9059910660956,-0.1425,0.1480,39.6350,56.0,-1306.3932075608,-66.3037807189081,258.94416293879874,-5869.8940825442,0.13694820660020923
PHEI_red_83_cutoff_7.5.inp.out,267.73748515151175,-0.1542,0.1627,24.7826,52.0,-1307.3327246075,-158.32969545764277,132.15538424400444,-5566.8155760637,0.14683959139983926
PHEI_red_84_cutoff_7.5.inp.out,269.59604444865363,-0.1516,0.1644,20.4905,51.0,-1307.7053130071,-18.672345339531397,149.64758605574391,-5491.1589174685,0.14435890830009157
PHEI_red_85_cutoff_7.5.inp.out,269.58918273168564,-0.1502,0.1440,33.4520,52.0,-1307.1694220806,150.92941808555,254.00791150711606,-5566.6175590041,0.14391845189948071
PHEI_red_86_cutoff_7.5.inp.out,268.1703655241783,-0.1547,0.1552,30.6209,53.0,-1306.9175182330,93.489184396437,172.45924061402295,-5642.3835561875,0.14690143879943207
PHEI_red_87_cutoff_7.5.inp.out,269.9763603503026,-0.1560,0.1426,29.8925,49.0,-1308.3388549053,54.97272737671747,137.85843894054736,-5339.7358008536,0.14858559820004302
PHEI_red_88_cutoff_7.5.inp.out,269.1691100999969,-0.1548,0.1564,42.7049,52.0,-1307.3310417466,-175.6146930082482,94.67209770732488,-5566.7979861701,0.1479733602000124
PHEI_red_89_cutoff_7.5.inp.out,269.2265135233967,-0.1603,0.1425,40.6038,50.0,-1307.7120023493,190.633842922224,302.82286128204913,-5415.1103875815,0.15288707020044967
PHEI_red_8_cutoff_7.5.inp.out,267.62540544627734,-0.1191,0.1613,38.4399,54.0,-1306.8116452639,170.15687697144028,19.24878120240043,-5718.3915560115,0.11526305860024877
PHEI_red_90_cutoff_7.5.inp.out,268.6584803639617,-0.1703,0.1448,44.9290,52.0,-1307.4101148481,-11.844341173827292,340.13633143324165,-5566.9029592145,0.1598199209993254
PHEI_red_91_cutoff_7.5.inp.out,268.03182355586915,-0.1638,0.1498,39.3119,53.0,-1306.6915598791,102.30370760880805,258.42506825794334,-5642.175427056,0.1560979927999142
PHEI_red_92_cutoff_7.5.inp.out,269.40694115225983,-0.1492,0.1471,43.9638,54.0,-1306.8135532762,-251.09394757425432,-47.2410244999606,-5718.3569514295,0.14296949790059443
PHEI_red_93_cutoff_7.5.inp.out,268.3474027994031,-0.1503,0.1404,37.6948,55.0,-1306.2867699065,-111.14415702547375,79.17601227775806,-5793.7970856313,0.14446811040033936
PHEI_red_94_cutoff_7.5.inp.out,267.3527230063117,-0.1554,0.1401,37.0476,57.0,-1305.8866231425,20.076188455021793,142.58370195120392,-5945.5127341062,0.14980605070013553
PHEI_red_95_cutoff_7.5.inp.out,269.0032361041721,-0.1571,0.1454,45.8208,57.0,-1305.4930547694,-139.32401608680857,158.46337352731982,-5945.1112989723,0.14901679220020014
PHEI_red_96_cutoff_7.5.inp.out,269.5845706822069,-0.1577,0.1409,43.9626,54.0,-1306.6044244615,77.39623587274633,217.17632128484723,-5718.0705823079,0.14959762990019954
PHEI_red_97_cutoff_7.5.inp.out,268.94737415913823,-0.1396,0.1485,43.6826,47.0,-1308.7761674988,14.207209284350771,134.4909312354323,-5187.9906485919,0.134354412999528
PHEI_red_98_cutoff_7.5.inp.out,269.14576142668926,-0.1521,0.1571,41.7993,49.0,-1308.2141235772,12.134299325276181,177.1255600709386,-5339.5592347185,0.14532835810041433
PHEI_red_99_cutoff_7.5.inp.out,270.63721288951473,-0.1543,0.1565,39.5908,50.0,-1308.2449896560,172.56769989293068,72.13105235733721,-5415.6518554584,0.1480758474999675
PHEI_red_9_cutoff_7.5.inp.out,267.94420590714043,-0.1473,0.1614,35.2792,55.0,-1306.1608739249,42.48808526192744,-39.36456512313199,-5793.8273489811,0.14286877860013192
