file_name,NRE,HOMO,LUMO,Dipole_mom,Num_waters,chg_chg,elec5,elec10,SCF_E,delE_dft
PHEN_red_0_cutoff_7.5.inp.out,268.80975433959213,-0.3269,0.1681,21.4104,47.0,-1309.217829491,23.05416905584334,16.253249869185527,-5162.8718635543,0.309295896599906
PHEN_red_100_cutoff_7.5.inp.out,271.29395740543663,-0.3246,0.1736,32.8658,54.0,-1306.8738279769,31.266034411555147,-0.758798738253876,-5689.1828160766,0.311020858500342
PHEN_red_101_cutoff_7.5.inp.out,268.35544735862095,-0.3397,0.1541,38.7556,55.0,-1306.825456835,18.95297341084801,18.10298807850284,-5764.7040658605,0.3216970737003066
PHEN_red_102_cutoff_7.5.inp.out,272.3425912675193,-0.3406,0.1571,36.9863,53.0,-1307.0776831079,-28.54048963903941,-18.149043363526147,-5613.928572967,0.3209734435004066
PHEN_red_103_cutoff_7.5.inp.out,266.6277453014414,-0.3237,0.1543,29.1659,55.0,-1306.8663860387,-60.75764307273693,-15.038301527435951,-5764.7172697284,0.3078252719997181
PHEN_red_104_cutoff_7.5.inp.out,269.70448518737487,-0.3175,0.1721,24.6906,55.0,-1306.3415246611,-46.36659085129029,-29.73871136835784,-5764.1575420737,0.302204014599738
PHEN_red_105_cutoff_7.5.inp.out,265.7586834118524,-0.3051,0.1744,29.7746,59.0,-1305.4726275107,4.367214720856318,13.321803791002653,-6065.4525198289,0.294885526199323
PHEN_red_106_cutoff_7.5.inp.out,266.18153520612884,-0.3128,0.1566,25.2802,59.0,-1304.8790430383,24.28165429641818,17.864158941566277,-6064.8608947206,0.3059760029991594
PHEN_red_107_cutoff_7.5.inp.out,267.5575070821116,-0.3529,0.1348,24.6458,58.0,-1305.7761395718,73.12287176624152,22.180823040129408,-5990.2357827626,0.3298853849000807
PHEN_red_108_cutoff_7.5.inp.out,266.2869990477444,-0.3226,0.1617,26.3459,59.0,-1305.0933251836,26.834226285570903,-19.972146058912088,-6065.0442498888,0.308813300899601
PHEN_red_109_cutoff_7.5.inp.out,268.0026345039382,-0.3147,0.1716,25.6827,56.0,-1305.9518473729,-3.758311032390631,-49.80881954900628,-5839.3402705916,0.3060394906005967
PHEN_red_10_cutoff_7.5.inp.out,270.4681737856302,-0.3191,0.1696,20.8907,53.0,-1307.0939316616,72.50052683919004,7.877042851183131,-5613.9388458001,0.3046011752003323
PHEN_red_110_cutoff_7.5.inp.out,265.19043706152127,-0.3375,0.1436,19.1325,52.0,-1307.5308230001,-32.65070924053589,-72.89394658068566,-5538.7984875777,0.3247412407999945
PHEN_red_111_cutoff_7.5.inp.out,267.09285406687445,-0.3241,0.1528,24.935,56.0,-1306.2184238922,60.22868832943834,-113.18798208938276,-5839.6310743904,0.3078256077997139
PHEN_red_112_cutoff_7.5.inp.out,267.2774300612059,-0.3298,0.1548,16.8473,56.0,-1306.4088224253,36.8009283536374,-85.51001629176783,-5839.7919980957,0.3144479172997307
PHEN_red_113_cutoff_7.5.inp.out,266.1933483130303,-0.3288,0.1539,18.2283,51.0,-1307.8194371672,-9.589014294416351,-67.2558419692828,-5463.5750738378,0.3181962871994983
PHEN_red_114_cutoff_7.5.inp.out,268.13513544430026,-0.3464,0.1344,15.1701,50.0,-1308.4277088124,13.41169629408593,-46.69550645343696,-5388.616698734,0.3270303239996792
PHEN_red_115_cutoff_7.5.inp.out,267.7593791500172,-0.3309,0.1613,20.5891,54.0,-1306.7220408636,55.11193131204461,-85.66223690197695,-5689.0626379917,0.3202518807993328
PHEN_red_116_cutoff_7.5.inp.out,269.2653628414209,-0.3211,0.1745,5.301,56.0,-1306.077448924,4.774923698288335,-25.683948202880945,-5839.4593839926,0.3119728093997764
PHEN_red_117_cutoff_7.5.inp.out,269.6550996011005,-0.3278,0.1591,5.1184,54.0,-1306.5566038028,21.581877795009937,-11.157271012912684,-5688.8440587582,0.3152227379996475
PHEN_red_118_cutoff_7.5.inp.out,267.7712138428836,-0.2925,0.1998,5.4786,54.0,-1306.4667667332,368.10617267222415,8.686630607512093,-5688.7938481455,0.2801060383999356
PHEN_red_119_cutoff_7.5.inp.out,269.78093150329653,-0.3362,0.1583,9.6885,56.0,-1306.1144302014,14.011759011355684,0.4743192194137769,-5839.5219974376,0.3197098924001693
PHEN_red_11_cutoff_7.5.inp.out,268.29721218919286,-0.3211,0.1687,14.5959,56.0,-1306.3314707145,-5.364728958062841,4.477930289799369,-5839.7248487868,0.3086670189995857
PHEN_red_120_cutoff_7.5.inp.out,266.6080369546541,-0.3031,0.1805,5.8822,57.0,-1305.4573643496,32.18467941386928,0.5495181390124299,-5914.3607499277,0.2925413652992574
PHEN_red_121_cutoff_7.5.inp.out,266.0658781591054,-0.3242,0.1628,16.3361,57.0,-1305.7205747693,66.52700009121385,39.04126419282052,-5914.5609276069,0.3096788657994693
PHEN_red_122_cutoff_7.5.inp.out,268.43791333816694,-0.3386,0.1512,18.8257,56.0,-1306.113948379,79.54043180044758,64.36587472439383,-5839.4101943387,0.3168121240005348
PHEN_red_123_cutoff_7.5.inp.out,265.3373361946604,-0.3077,0.1644,13.8078,54.0,-1307.101452636,44.92840588235467,25.215800950066033,-5689.4053972009,0.3028146882998044
PHEN_red_124_cutoff_7.5.inp.out,269.9299937514498,-0.3187,0.1663,16.2302,54.0,-1306.8307786386,49.47262635082674,50.57405881996032,-5689.1318729421,0.3025475998001639
PHEN_red_125_cutoff_7.5.inp.out,264.8408416481427,-0.3406,0.1319,14.1584,56.0,-1306.1451100448,-4.798531753776274,11.036661575622151,-5839.4957162966,0.3259782098002688
PHEN_red_126_cutoff_7.5.inp.out,266.96998647952506,-0.3274,0.1533,8.7924,59.0,-1305.0523666562,-43.30140570591259,2.573787485122164,-6065.0000566111,0.3131726600995534
PHEN_red_127_cutoff_7.5.inp.out,268.364485421924,-0.3172,0.1833,11.5746,58.0,-1305.4809159168,21.180712968123956,31.519105859843098,-5989.9374907726,0.3073178161002943
PHEN_red_128_cutoff_7.5.inp.out,268.21369812493555,-0.3126,0.172,11.3949,57.0,-1305.958312079,4.69262282255381,2.351968817761058,-5914.8860795689,0.3017132968998339
PHEN_red_129_cutoff_7.5.inp.out,269.99139913625845,-0.3124,0.1803,25.4328,54.0,-1306.6480711643,57.3297426810491,53.6382123134854,-5688.9026509676,0.2976625864994275
PHEN_red_12_cutoff_7.5.inp.out,269.1414070146536,-0.3604,0.1267,20.1979,51.0,-1307.9694802471,-13.387236500038032,8.464343311847713,-5463.7401452756,0.3455642480003007
PHEN_red_130_cutoff_7.5.inp.out,265.36343161847867,-0.34,0.1499,21.1182,51.0,-1308.0606588608,-27.754258481360942,-11.807754367289366,-5463.7956178418,0.3265022484001747
PHEN_red_131_cutoff_7.5.inp.out,269.7634353072797,-0.3041,0.183,18.6372,51.0,-1308.4501336382,14.479851488003026,-19.50648292762634,-5464.1718425692,0.2918364437000491
PHEN_red_132_cutoff_7.5.inp.out,269.2212597337956,-0.3012,0.1766,19.8622,53.0,-1307.3778843269,-4.824359573486062,-103.33191781227404,-5614.1809135584,0.2947988373998669
PHEN_red_133_cutoff_7.5.inp.out,268.3510720225034,-0.3059,0.1809,16.8705,52.0,-1308.0540254289,20.787317792762213,-48.99270598956424,-5539.3212523401,0.2928870474997893
PHEN_red_134_cutoff_7.5.inp.out,270.1260621859422,-0.3243,0.1642,26.5046,48.0,-1309.0397611934,-70.34103717938929,-46.76354268700035,-5238.1593995882,0.3079969700002039
PHEN_red_135_cutoff_7.5.inp.out,267.1519628462377,-0.3244,0.1608,27.6748,51.0,-1308.1986162041,61.05695881387259,31.972939510777888,-5463.9377481119,0.3112199668003086
PHEN_red_136_cutoff_7.5.inp.out,270.4333498692773,-0.3092,0.1763,26.2968,47.0,-1309.615272526,-8.853056136218198,29.768747840822822,-5163.2815433673,0.2975955771998997
PHEN_red_137_cutoff_7.5.inp.out,266.6879642245844,-0.3376,0.1493,35.0403,50.0,-1308.5273871651,39.918893248933415,20.79543924325801,-5388.7145515303,0.3251282077999349
PHEN_red_138_cutoff_7.5.inp.out,269.25788924930725,-0.3413,0.1445,32.8264,49.0,-1308.7844413366,18.905491031548753,-21.115291945332096,-5313.4620943202,0.3254618075006874
PHEN_red_139_cutoff_7.5.inp.out,268.8646422197276,-0.3381,0.1535,29.9623,51.0,-1308.3350232635,101.26970879121689,93.76898324149188,-5464.095344511,0.323600832000011
PHEN_red_13_cutoff_7.5.inp.out,269.3131637583003,-0.3359,0.1423,13.174,53.0,-1307.5230889434,-7.308925535267783,1.0152992742670413,-5614.3143349542,0.327090660700378
PHEN_red_140_cutoff_7.5.inp.out,264.4783523906225,-0.3154,0.156,29.7214,47.0,-1309.3418980704,15.621292851493976,-11.048401923947033,-5162.9733690148,0.303956831799951
PHEN_red_141_cutoff_7.5.inp.out,269.843124852553,-0.3261,0.1575,33.4252,46.0,-1309.6934624279,-12.304472302811204,-26.346094246327215,-5087.8241128537,0.3146866338001928
PHEN_red_142_cutoff_7.5.inp.out,263.52090631930156,-0.3285,0.1536,38.6764,47.0,-1309.3846916873,-18.023845452381345,-70.3052916248764,-5163.0667116411,0.3163143627998579
PHEN_red_143_cutoff_7.5.inp.out,270.0001136303033,-0.3346,0.1561,38.8541,53.0,-1307.2026760029,94.27744500491842,64.74560190883683,-5614.0479599562,0.318935886500185
PHEN_red_144_cutoff_7.5.inp.out,266.0751982195077,-0.3128,0.1666,35.4709,54.0,-1307.0925679787,36.439313956239154,-52.50707606690668,-5689.4966835771,0.3024605079999674
PHEN_red_145_cutoff_7.5.inp.out,267.66587516463704,-0.3139,0.1777,38.8845,54.0,-1306.8846022007,204.8076736100337,-32.40571333861265,-5689.2221049923,0.3001719374005915
PHEN_red_146_cutoff_7.5.inp.out,268.29171763742386,-0.3562,0.1343,39.4249,54.0,-1307.1361263661,-7.921339325369349,13.36957808170595,-5689.4894084877,0.3360984831997484
PHEN_red_147_cutoff_7.5.inp.out,268.06399258794124,-0.3392,0.1556,42.3801,50.0,-1307.9602075733,5.249559958385893,-62.05811934734337,-5388.1789954024,0.324463371100137
PHEN_red_148_cutoff_7.5.inp.out,269.5300425071959,-0.3296,0.1616,39.4738,51.0,-1308.1141097499,38.23523555573292,-58.76194628972913,-5463.8774557984,0.3147173739007485
PHEN_red_149_cutoff_7.5.inp.out,268.7446452601649,-0.3147,0.181,37.7177,53.0,-1307.6404114747,-22.78828802612009,-28.231733045137123,-5614.5005919845,0.3055998410000029
PHEN_red_14_cutoff_7.5.inp.out,267.6571930576898,-0.3175,0.1698,25.825,53.0,-1307.4942463607,51.46046475748612,33.47409218527826,-5614.3525784722,0.3095585362007114
PHEN_red_150_cutoff_7.5.inp.out,269.0055676344042,-0.3296,0.1636,24.0965,48.0,-1309.0193924785,-8.895155958944267,-2.681374755874643,-5238.1028014153,0.3146164851996218
PHEN_red_151_cutoff_7.5.inp.out,267.03883573010773,-0.3397,0.1407,35.2364,54.0,-1307.2463448939,33.15996931253162,57.78689383078396,-5689.5267055296,0.3241981829996803
PHEN_red_152_cutoff_7.5.inp.out,268.7540846148026,-0.3113,0.1729,28.8578,55.0,-1306.7117712085,8.324008266020929,-14.894102824813787,-5764.6301206583,0.3017113300002165
PHEN_red_153_cutoff_7.5.inp.out,266.4731078843639,-0.3267,0.1503,33.5754,52.0,-1307.8849511347,-14.783927157626886,-64.5759759595205,-5539.1494022942,0.3175714408998829
PHEN_red_154_cutoff_7.5.inp.out,267.71583668103295,-0.3179,0.1657,38.3299,52.0,-1308.1136331566,-25.251150649782662,11.634668148838877,-5539.3795100953,0.3115068913002687
PHEN_red_155_cutoff_7.5.inp.out,269.3008612469758,-0.3292,0.1584,35.6495,51.0,-1307.8124732173,39.56007511312415,-38.098943542439166,-5463.5554676274,0.3131097384994064
PHEN_red_156_cutoff_7.5.inp.out,269.48315360163275,-0.3562,0.144,35.7418,56.0,-1306.2390658444,37.70580939906275,-3.65862604076734,-5839.6206196071,0.3397533260003911
PHEN_red_157_cutoff_7.5.inp.out,268.6512141539863,-0.3063,0.1812,30.1725,55.0,-1307.2259428959,61.66211346634008,-28.0293936749423,-5765.1267579458,0.2969326412003283
PHEN_red_158_cutoff_7.5.inp.out,269.47856579002524,-0.3421,0.1487,42.6464,59.0,-1304.9986155748,34.96161907823941,-34.957882038450826,-6064.9947397922,0.3207138991001557
PHEN_red_159_cutoff_7.5.inp.out,267.1277514175507,-0.3128,0.1705,28.5155,58.0,-1305.6219410902,59.94268668096539,-69.40825336635766,-5990.0770677151,0.3007533741993029
PHEN_red_15_cutoff_7.5.inp.out,269.4542038117227,-0.3379,0.1537,20.0654,53.0,-1307.4371572773,45.02173723671455,24.795028303035348,-5614.2087074381,0.3269808645000012
PHEN_red_160_cutoff_7.5.inp.out,268.71968407110984,-0.3431,0.1483,31.7666,59.0,-1305.2729650189,-37.566049703892226,-76.2040291244864,-6065.2708823154,0.3213631966000321
PHEN_red_161_cutoff_7.5.inp.out,266.9867906875505,-0.3062,0.1723,26.8445,62.0,-1304.0433486064,-0.929475914510715,-75.41471848330801,-6290.6768049372,0.2970318956004121
PHEN_red_162_cutoff_7.5.inp.out,270.1492031973188,-0.3177,0.1663,21.3278,60.0,-1304.5539143246,-21.509698069920287,-83.27697044240243,-6140.1633362244,0.3028566094999405
PHEN_red_163_cutoff_7.5.inp.out,266.95096260326534,-0.3255,0.1589,19.3132,59.0,-1304.8989546933,-35.68351644229858,-60.027746122901334,-6064.8919776398,0.3093316235999737
PHEN_red_164_cutoff_7.5.inp.out,268.57596781925037,-0.3044,0.1728,33.1501,59.0,-1304.6667549406,16.82617168490954,-15.22060894265062,-6064.6688737833,0.2921963641001639
PHEN_red_165_cutoff_7.5.inp.out,267.27898760185286,-0.3244,0.165,21.8501,56.0,-1305.8793646914,62.64537917476528,-23.267697149470983,-5839.3181882396,0.3116237642998385
PHEN_red_166_cutoff_7.5.inp.out,268.2999287379761,-0.3387,0.1529,28.6047,55.0,-1306.2839630044,5.176590757147246,-82.84585763332286,-5764.1434219908,0.3193120189998808
PHEN_red_167_cutoff_7.5.inp.out,265.46099848862957,-0.313,0.1582,26.659,55.0,-1306.2998006538,1.2065683446174982,2.581884497477141,-5764.092048507,0.3053349396996054
PHEN_red_168_cutoff_7.5.inp.out,268.6546481682841,-0.3229,0.1671,24.9017,53.0,-1306.7693224961,78.267901156473,55.27791936302108,-5613.5832381579,0.3090738601003977
PHEN_red_169_cutoff_7.5.inp.out,267.6926244433743,-0.3026,0.1798,23.5478,55.0,-1306.4093725547,-18.64453652096673,-60.83494555065331,-5764.2591163007,0.2910724194998693
PHEN_red_16_cutoff_7.5.inp.out,265.6402658469714,-0.3143,0.1718,19.7912,52.0,-1307.706374112,29.903812905402216,-16.547149287798653,-5538.9850403464,0.3078181632999985
PHEN_red_170_cutoff_7.5.inp.out,269.4961654896217,-0.2891,0.2126,27.7904,56.0,-1305.9628127621,32.88297978755584,-24.99617951593663,-5839.3927426011,0.2742466782001429
PHEN_red_171_cutoff_7.5.inp.out,270.0263471997403,-0.2996,0.1888,43.6751,54.0,-1306.6612038166,-12.929372649187073,-3.873291566138488,-5689.0430743687,0.2854619059999095
PHEN_red_172_cutoff_7.5.inp.out,268.6447595982779,-0.2939,0.1973,34.0997,54.0,-1306.4528436589,-57.1444496582917,-84.7815292646058,-5688.7263182898,0.2807927096000639
PHEN_red_173_cutoff_7.5.inp.out,271.576952740538,-0.305,0.1953,35.5606,53.0,-1307.2031146564,21.97246705532165,-6.5578838847947125,-5614.0242608273,0.2886858360998303
PHEN_red_174_cutoff_7.5.inp.out,269.07317277043865,-0.3165,0.1755,40.7876,56.0,-1305.9129305282,56.33843618036514,-55.29141735719437,-5839.3561588076,0.2996427519001372
PHEN_red_175_cutoff_7.5.inp.out,270.9502437468676,-0.3275,0.1704,42.2769,53.0,-1307.3714740113,60.266132418691654,1.9134800405100856,-5614.2657618423,0.310778454899264
PHEN_red_176_cutoff_7.5.inp.out,269.213505214572,-0.3278,0.1637,32.5099,54.0,-1307.0631574795,40.64353939300303,-68.99846733189818,-5689.4097620885,0.31528621940015
PHEN_red_177_cutoff_7.5.inp.out,270.90190480897996,-0.3353,0.1579,44.2168,51.0,-1307.8734859364,-65.35892722421076,-42.52506379519182,-5463.7040604338,0.3220594289005021
PHEN_red_178_cutoff_7.5.inp.out,269.89970688128057,-0.3386,0.1513,26.8163,53.0,-1307.3828970969,-94.15599380373789,-103.55290636531078,-5614.2613937543,0.3242292520999399
PHEN_red_179_cutoff_7.5.inp.out,266.7064915621924,-0.2998,0.1911,33.5633,50.0,-1308.474645046,89.93881196388192,-86.01300499061365,-5388.7120943043,0.2897789174003264
PHEN_red_17_cutoff_7.5.inp.out,266.6220388885959,-0.3252,0.15,16.989,52.0,-1307.8263932763,-72.88507181603883,29.917140549586076,-5539.0811942283,0.3152450858005977
PHEN_red_180_cutoff_7.5.inp.out,269.77218003123886,-0.31,0.1679,33.7706,52.0,-1307.6307655988,-13.349266842899024,-77.96281658312328,-5538.9307200245,0.2984686241998133
PHEN_red_181_cutoff_7.5.inp.out,264.91853250932417,-0.344,0.1496,33.6306,54.0,-1307.0293245251,-3.416635423240225,-7.351540591974944,-5689.3693735625,0.3277186684008484
PHEN_red_182_cutoff_7.5.inp.out,268.2149440691128,-0.3227,0.1563,33.5752,53.0,-1307.6078567489,6.167982084855392,-3.5611173849286493,-5614.4760032851,0.3053282848004528
PHEN_red_183_cutoff_7.5.inp.out,265.89106399105935,-0.3159,0.1643,42.1227,55.0,-1306.479536918,102.10024629791234,-60.397461848890515,-5764.4658344028,0.3057393400995352
PHEN_red_184_cutoff_7.5.inp.out,267.0484409277353,-0.3294,0.1444,35.0207,55.0,-1306.6884675689,46.21421111911846,-55.94546731444326,-5764.548229262,0.317761154999971
PHEN_red_185_cutoff_7.5.inp.out,267.0817997457049,-0.3147,0.1776,29.8861,55.0,-1306.9862623801,-33.43758185766026,-79.75909880916147,-5764.8264568977,0.3037289880994649
PHEN_red_186_cutoff_7.5.inp.out,266.63691674028365,-0.3408,0.1381,33.3486,50.0,-1308.2757202644,27.04292290421665,-43.619630210206864,-5388.4146487881,0.326471502899949
PHEN_red_187_cutoff_7.5.inp.out,266.282753096673,-0.3098,0.1683,41.9179,47.0,-1309.847917618,89.77873910552145,-27.700042386184865,-5163.4873105379,0.3019058370000493
PHEN_red_188_cutoff_7.5.inp.out,268.10945202604034,-0.3236,0.1685,37.8395,49.0,-1308.9338378215,23.21982523185899,-30.52785198496255,-5313.5889911769,0.3157109810999827
PHEN_red_189_cutoff_7.5.inp.out,265.3665944468791,-0.3252,0.1542,47.0481,50.0,-1307.9891742554,93.77763707327514,-43.37274621922072,-5388.1849421446,0.3148977767004908
PHEN_red_18_cutoff_7.5.inp.out,268.85798963213625,-0.3313,0.1489,12.7985,55.0,-1306.4592165496,-26.45648219990607,12.51221424463282,-5764.2295225147,0.3180652620003457
PHEN_red_190_cutoff_7.5.inp.out,268.2620197594012,-0.3526,0.1382,39.8642,51.0,-1308.2708294141,39.287355322890576,-105.04071894423429,-5463.9815610983,0.3348584776003918
PHEN_red_191_cutoff_7.5.inp.out,265.0388786161943,-0.3269,0.1573,38.607,51.0,-1307.9215575632,168.72411804378302,-98.3023588798172,-5463.5764129365,0.319398989399815
PHEN_red_192_cutoff_7.5.inp.out,267.6805835893198,-0.3546,0.1262,38.287,49.0,-1308.8870631777,7.672288733837714,-45.40267750236828,-5313.5867580666,0.3421186210998712
PHEN_red_193_cutoff_7.5.inp.out,266.5327648297074,-0.3091,0.1657,38.1528,52.0,-1307.780748314,48.27584355182866,-41.37446973064385,-5539.0373370779,0.3024537892006265
PHEN_red_194_cutoff_7.5.inp.out,266.2478315670161,-0.3303,0.1464,39.6861,52.0,-1307.8129915133,0.4118374275434343,-88.09554861786881,-5539.0768284715,0.3224965497001903
PHEN_red_195_cutoff_7.5.inp.out,267.9448052990028,-0.3087,0.1638,36.6042,51.0,-1308.4061616278,0.0931749822135643,-83.91929608897047,-5464.1503200716,0.3010991567998644
PHEN_red_196_cutoff_7.5.inp.out,267.790342995078,-0.3305,0.1512,27.4916,53.0,-1307.4070276384,-2.482859897322667,-121.3582106407182,-5614.1985332433,0.3214501555003153
PHEN_red_197_cutoff_7.5.inp.out,268.3826572581416,-0.3519,0.1515,48.6011,53.0,-1307.4111978796,-31.105408157507306,-157.65188409373098,-5614.2391844906,0.3305849653006589
PHEN_red_198_cutoff_7.5.inp.out,267.96806898629535,-0.3281,0.1691,59.455,57.0,-1305.8076771014,-60.27545688515575,-251.1463848838829,-5914.7262827981,0.3175962508994416
PHEN_red_199_cutoff_7.5.inp.out,268.4132131454319,-0.3241,0.1632,42.5397,58.0,-1305.497331622,19.47587639828236,-123.36991886153994,-5989.9680700059,0.3087906639993889
PHEN_red_19_cutoff_7.5.inp.out,266.7799813983336,-0.3313,0.1508,11.0409,52.0,-1307.3167272226,19.869893366035452,37.65878959665673,-5538.5085981382,0.3143076929000017
PHEN_red_1_cutoff_7.5.inp.out,267.0377454812243,-0.3469,0.146,24.3126,50.0,-1308.3300997128,-22.55978708052704,-15.23099502811543,-5388.5841799998,0.3253471486996204
PHEN_red_200_cutoff_7.5.inp.out,270.14907161549235,-0.3145,0.19,36.2857,55.0,-1306.7889787761,-16.119360295592777,-155.5329400780418,-5764.7013451032,0.3029750542000329
PHEN_red_201_cutoff_7.5.inp.out,267.42068267028134,-0.3028,0.1842,46.4976,54.0,-1306.8310922158,-75.48693276082261,-214.5638381609564,-5689.1790823556,0.2930629758002396
PHEN_red_202_cutoff_7.5.inp.out,268.744944493368,-0.3023,0.1823,43.6685,55.0,-1306.7777437526,-60.73616560698316,-125.2612216814137,-5764.6610374027,0.2901362543007053
PHEN_red_203_cutoff_7.5.inp.out,269.78545746514334,-0.3203,0.1864,50.2006,55.0,-1306.3746430715,12.960822884096096,-73.64088418639824,-5764.2491968359,0.301304726399394
PHEN_red_204_cutoff_7.5.inp.out,268.66704393940574,-0.3224,0.1659,58.6805,55.0,-1306.9209513885,5.4561323817985805,27.035912938324913,-5764.769091837,0.3114339041003404
PHEN_red_205_cutoff_7.5.inp.out,268.5214677722776,-0.3463,0.1525,54.9082,56.0,-1306.2102991445,56.860732166963594,102.1735213144492,-5839.6564680308,0.3259705192003821
PHEN_red_206_cutoff_7.5.inp.out,269.78040436655425,-0.325,0.1561,46.3399,56.0,-1305.7769016505,40.52604204775311,47.864116653134424,-5839.177913237,0.3088207170003443
PHEN_red_207_cutoff_7.5.inp.out,267.2415137164441,-0.3301,0.1627,48.6146,55.0,-1306.5472523892,39.600841071950185,-5.1058533168946285,-5764.4113022359,0.3178524660997937
PHEN_red_208_cutoff_7.5.inp.out,268.5769041074107,-0.3071,0.1722,44.8111,55.0,-1306.7603792365,19.279989748765477,-37.10298270809858,-5764.6275479652,0.2966500966003877
PHEN_red_209_cutoff_7.5.inp.out,265.72861097379626,-0.3096,0.1745,48.0471,51.0,-1308.0535077827,9.901358620905368,-2.054780684563357,-5463.8156015012,0.2998008464001032
PHEN_red_20_cutoff_7.5.inp.out,266.89915504646973,-0.3336,0.1468,13.8742,50.0,-1308.2403688038,29.696495996378925,-10.259617153190131,-5388.386410538,0.3192414160002954
PHEN_red_210_cutoff_7.5.inp.out,269.0500376294433,-0.327,0.1728,45.6966,50.0,-1308.308733774,13.06965899887694,12.511838049010288,-5388.5032887338,0.3154443980001815
PHEN_red_211_cutoff_7.5.inp.out,265.97614796603006,-0.3218,0.1609,39.7388,50.0,-1308.033364329,-14.099696839754872,-128.04166273819328,-5388.2406848001,0.3124330227001337
PHEN_red_212_cutoff_7.5.inp.out,268.3783964144266,-0.3172,0.1701,45.1812,54.0,-1306.7931553028,-35.595338163899356,-68.37393080790778,-5689.1449536372,0.3024811585000861
PHEN_red_213_cutoff_7.5.inp.out,268.77198012525326,-0.3213,0.1578,49.184,54.0,-1306.7259509288,-108.88401454925014,-108.6849773892691,-5689.0874175385,0.3110750582000037
PHEN_red_214_cutoff_7.5.inp.out,266.6339672697399,-0.3239,0.164,38.9732,53.0,-1307.1135296346,-7.513035395679486,-59.08168767895388,-5613.8772553873,0.3132480427002519
PHEN_red_215_cutoff_7.5.inp.out,269.4540325406866,-0.3129,0.1636,47.7765,50.0,-1308.0152339623,24.807197573953832,36.05848092880253,-5388.2676385832,0.3044567543001903
PHEN_red_216_cutoff_7.5.inp.out,267.3472349648093,-0.3046,0.1792,41.2828,47.0,-1309.2750448357,24.300677319586995,31.397748793483807,-5162.9004458163,0.2996439971002473
PHEN_red_217_cutoff_7.5.inp.out,268.84647004200343,-0.3356,0.1641,39.7567,46.0,-1309.8822967641,-13.17010010734471,-7.91898085948231,-5087.9762546397,0.3199733757001013
PHEN_red_218_cutoff_7.5.inp.out,270.43130410400767,-0.3154,0.1718,40.0052,46.0,-1309.6366534627,-8.35079811601655,13.37998391816973,-5087.6949554899,0.303696161499829
PHEN_red_219_cutoff_7.5.inp.out,264.3409605727268,-0.3169,0.1759,33.0064,45.0,-1310.2570286552,-0.3978628439303441,-2.782076466001752,-5012.8368255912,0.3062017685997489
PHEN_red_21_cutoff_7.5.inp.out,264.968799619756,-0.3057,0.1563,10.1117,51.0,-1307.8264984752,35.64460124604827,4.776878467661471,-5463.4990118742,0.2972681811997972
PHEN_red_220_cutoff_7.5.inp.out,269.78070765533585,-0.3362,0.1656,41.0962,45.0,-1309.829923767,47.89989063867458,56.19941984345304,-5012.379632564,0.3227058784996188
PHEN_red_221_cutoff_7.5.inp.out,266.227133802203,-0.3208,0.152,40.1013,48.0,-1308.8388273771,-28.051521106456462,-29.34938938212581,-5238.0310721778,0.3068044697001824
PHEN_red_222_cutoff_7.5.inp.out,267.6504661518101,-0.3332,0.1442,40.6426,50.0,-1308.2207641309,52.97074933254201,33.86596263809925,-5388.4157498321,0.320927854600086
PHEN_red_223_cutoff_7.5.inp.out,266.58223012014827,-0.3437,0.1416,38.7852,50.0,-1307.8507805859,300.2570856347989,157.56924211426602,-5387.9818053828,0.3299271559999397
PHEN_red_224_cutoff_7.5.inp.out,267.24723299125077,-0.3283,0.1517,38.0668,51.0,-1307.9530521638,23.89712299799778,59.54211627540996,-5463.6457142162,0.318050999299885
PHEN_red_225_cutoff_7.5.inp.out,267.351127830892,-0.3108,0.1841,38.2511,52.0,-1307.5813436668,54.39597673913255,121.0159179383934,-5538.8347977334,0.2990525595996587
PHEN_red_226_cutoff_7.5.inp.out,266.32367190872884,-0.3051,0.1694,34.4818,51.0,-1307.9621751773,45.83088433355855,83.08777412973352,-5463.6883285538,0.2963288754999666
PHEN_red_227_cutoff_7.5.inp.out,268.34443867678544,-0.3258,0.1598,34.6143,53.0,-1306.8102306258,-10.840832256640253,-8.548101117436191,-5613.6254265378,0.3116229050001493
PHEN_red_228_cutoff_7.5.inp.out,268.7711706471601,-0.3347,0.161,42.3711,53.0,-1307.0812333399,-34.651130076900806,-39.53729376733643,-5613.9268476278,0.316274958100621
PHEN_red_229_cutoff_7.5.inp.out,267.86185470482616,-0.3113,0.161,36.6906,53.0,-1307.3132480212,20.434928536848172,-0.8138609431586075,-5614.179129153,0.3060317627996483
PHEN_red_22_cutoff_7.5.inp.out,265.38970261948174,-0.3182,0.1595,14.0484,52.0,-1307.5575307754,-29.989686755065936,-9.494554527269756,-5538.7495869099,0.3053382379002869
PHEN_red_230_cutoff_7.5.inp.out,269.92813536182655,-0.3263,0.1766,41.4174,52.0,-1307.2771693419,-20.814445454573693,21.10824572066317,-5538.6112197141,0.3126246648998858
PHEN_red_231_cutoff_7.5.inp.out,268.32040056437927,-0.3099,0.1765,37.9876,53.0,-1306.659183616,20.80517423188103,85.63024083697859,-5613.5306163945,0.3001016179005091
PHEN_red_232_cutoff_7.5.inp.out,269.8720315302242,-0.3201,0.1677,33.2689,50.0,-1308.1117745903,8.641434727815396,75.67853357826111,-5388.3193651873,0.3083452468999894
PHEN_red_233_cutoff_7.5.inp.out,268.3759300688895,-0.3022,0.1874,28.0598,52.0,-1307.6420273834,79.02158053425136,27.225997313393552,-5538.931720297,0.2919432905000576
PHEN_red_234_cutoff_7.5.inp.out,269.61215125617974,-0.3392,0.158,25.1402,53.0,-1307.0301308013,12.341861936677528,37.54219849322207,-5613.8778604636,0.3237908538994816
PHEN_red_235_cutoff_7.5.inp.out,269.6496621360286,-0.3238,0.1705,41.0103,48.0,-1309.1693740559,136.47164108528685,62.02550736319254,-5238.3176181785,0.3101778161999391
PHEN_red_236_cutoff_7.5.inp.out,266.3888489610068,-0.3044,0.1868,39.4101,51.0,-1307.8853765201,83.36697137661236,64.33971160272792,-5463.6512204947,0.2968926980001924
PHEN_red_237_cutoff_7.5.inp.out,270.5888319738303,-0.3287,0.1739,39.5768,54.0,-1306.7863241901,33.94701982191268,32.09129207070392,-5689.1310443413,0.313206054600414
PHEN_red_238_cutoff_7.5.inp.out,266.5906284818705,-0.3138,0.1786,33.8307,53.0,-1306.9101173769,99.68351111451535,7.264308143968483,-5613.7639026554,0.3031926512003338
PHEN_red_239_cutoff_7.5.inp.out,269.65885833596985,-0.301,0.1846,39.1452,53.0,-1307.0343884892,-19.90114440435849,-59.8921898129513,-5613.8602868971,0.2913692145002642
PHEN_red_23_cutoff_7.5.inp.out,266.9489489503767,-0.3327,0.1442,9.8121,50.0,-1308.5402422078,-47.87676918410897,-13.607309378866915,-5388.6817154616,0.3238422090998938
PHEN_red_240_cutoff_7.5.inp.out,266.48159254100256,-0.3425,0.1427,32.9072,53.0,-1307.0832120129,-0.862926180871086,16.639942305243366,-5613.8606535447,0.3264870946004521
PHEN_red_241_cutoff_7.5.inp.out,266.9656942256805,-0.3191,0.1599,35.0819,55.0,-1305.9834566586,-86.71273710140122,-28.819863032437873,-5763.8274786988,0.3089991390997966
PHEN_red_242_cutoff_7.5.inp.out,268.23954637182203,-0.3448,0.1452,40.6112,56.0,-1305.6360306464,-19.703813603233897,-16.104043419626414,-5839.0638162807,0.3298317655999199
PHEN_red_243_cutoff_7.5.inp.out,266.35047045741857,-0.3267,0.1538,41.1837,55.0,-1306.7120579349,-18.46521082151488,10.910030923242733,-5764.5422861072,0.3129345298993939
PHEN_red_244_cutoff_7.5.inp.out,271.2231548175961,-0.3289,0.1654,33.4202,54.0,-1306.8417246982,-40.17230138651925,0.3425292237822685,-5689.1450060517,0.312737876400206
PHEN_red_245_cutoff_7.5.inp.out,266.47081973236584,-0.3201,0.1655,40.2552,53.0,-1307.2980205517,-1.28632619890863,41.08319830250774,-5614.0222398804,0.3118116341001951
PHEN_red_246_cutoff_7.5.inp.out,267.9512427165781,-0.3002,0.172,51.2899,53.0,-1307.4490608122,25.256594362084027,38.75847739669323,-5614.1691041657,0.2927149341994663
PHEN_red_247_cutoff_7.5.inp.out,269.703362382619,-0.3337,0.1639,49.1341,51.0,-1308.3003706498,-231.4869652319511,92.51401271120552,-5464.0238915075,0.3174794842007031
PHEN_red_248_cutoff_7.5.inp.out,267.31612470470424,-0.3148,0.1685,49.85,53.0,-1307.2042712716,53.191282067769464,195.5210583133703,-5613.9444994087,0.3035953993003204
PHEN_red_249_cutoff_7.5.inp.out,269.357651421395,-0.3439,0.1456,46.6746,55.0,-1306.3011681083,-63.25014913759715,84.4821532997223,-5764.1748959786,0.3279550694005593
PHEN_red_24_cutoff_7.5.inp.out,265.7764575410887,-0.3378,0.1416,9.5743,51.0,-1308.5997394391,4.913114283624963,11.05925812953772,-5464.3523615914,0.3267594134003957
PHEN_red_250_cutoff_7.5.inp.out,269.49810039671587,-0.3207,0.1699,14.7892,55.0,-1306.0817273202,32.393431777644004,36.5825735368197,-5763.9888306138,0.310820969300039
PHEN_red_251_cutoff_7.5.inp.out,267.12952744219865,-0.3051,0.1662,9.7302,55.0,-1306.5358686117,23.18116735167087,8.427021591971288,-5764.4057759786,0.2934863302007215
PHEN_red_252_cutoff_7.5.inp.out,267.707438400433,-0.3339,0.1596,21.771,53.0,-1306.9281432,5.551727958662778,-1.6124820659468684,-5613.6536194892,0.3145984901002521
PHEN_red_253_cutoff_7.5.inp.out,263.4986220400982,-0.3176,0.1551,20.9901,54.0,-1307.0143839256,1.5107280614134293,40.78238359810297,-5689.2773961178,0.3039377075001539
PHEN_red_254_cutoff_7.5.inp.out,268.43743485799257,-0.321,0.16,22.4608,54.0,-1306.854121596,54.794408396604034,40.98692768111893,-5689.1762002104,0.3038377176999347
PHEN_red_255_cutoff_7.5.inp.out,267.89436527749183,-0.3145,0.1691,19.143,52.0,-1307.8666801204,-15.375182412603538,-43.1197433632109,-5539.1212520614,0.302821945299911
PHEN_red_256_cutoff_7.5.inp.out,267.55694502942936,-0.3251,0.1662,17.4071,53.0,-1307.1540693372,4.277393280931651,-5.331917567494413,-5614.0102864249,0.3101803995004957
PHEN_red_257_cutoff_7.5.inp.out,271.38675865795295,-0.328,0.16,16.1981,51.0,-1308.1219397621,0.8875125302780803,13.15811053000256,-5463.8812159997,0.3138980045996504
PHEN_red_258_cutoff_7.5.inp.out,269.55641912119444,-0.3061,0.1848,20.6521,52.0,-1307.3271475596,-7.0989393168988695,52.54591499223452,-5538.6057210491,0.2977101865999429
PHEN_red_259_cutoff_7.5.inp.out,268.9144810345913,-0.3219,0.1714,24.6554,53.0,-1307.326475247,66.88302669503767,31.842069777358404,-5614.0693179004,0.3075548002998403
PHEN_red_25_cutoff_7.5.inp.out,268.19756984719993,-0.3324,0.1526,6.7784,49.0,-1308.5271009542,-5.291881421931593,5.144932903681477,-5313.1925760292,0.3231498927998473
PHEN_red_260_cutoff_7.5.inp.out,267.8070585411568,-0.3057,0.1689,21.5113,56.0,-1306.0041745124,-13.1714113752983,-24.104455823239963,-5839.3716250237,0.2957308535005722
PHEN_red_261_cutoff_7.5.inp.out,266.80789735269235,-0.3265,0.1589,16.2241,54.0,-1306.8869881377,15.559068502287182,-10.133611511182306,-5689.2058192525,0.3187630163001813
PHEN_red_262_cutoff_7.5.inp.out,268.0881238623025,-0.3084,0.173,18.6549,55.0,-1306.2245282205,-0.2360961299582263,-58.160865198803336,-5764.1227461367,0.3010963607994199
PHEN_red_263_cutoff_7.5.inp.out,267.43596402224983,-0.3008,0.1758,5.7458,54.0,-1306.8036824585,91.16193143696796,-10.571738209105488,-5689.1182350236,0.2913128897998831
PHEN_red_264_cutoff_7.5.inp.out,267.1603051827353,-0.2891,0.1869,7.6051,53.0,-1307.2643522862,26.81755113346053,28.484161534489875,-5614.1423586936,0.288114669200695
PHEN_red_265_cutoff_7.5.inp.out,267.88991825965894,-0.3093,0.1728,9.6977,54.0,-1306.8515350183,-34.31849219663569,3.7284067706649537,-5689.1829279988,0.3043862592003279
PHEN_red_266_cutoff_7.5.inp.out,270.9294690351773,-0.3102,0.1787,13.5053,52.0,-1307.234239785,28.123971553203923,23.18448853292862,-5538.4543422329,0.2946161077998113
PHEN_red_267_cutoff_7.5.inp.out,270.0127377659092,-0.3022,0.1792,20.046,54.0,-1306.931573355,-73.35367971475804,-69.86056428894823,-5689.2438379105,0.292031810699882
PHEN_red_268_cutoff_7.5.inp.out,270.30050496848526,-0.3307,0.1734,19.0561,53.0,-1306.9741642767,55.610238251879835,18.26649557144033,-5613.7480336403,0.318086138399849
PHEN_red_269_cutoff_7.5.inp.out,268.12301558846343,-0.32,0.1659,14.1341,52.0,-1307.3078069825,197.09535636589223,49.23682472316061,-5538.5545651208,0.3066790876000596
PHEN_red_26_cutoff_7.5.inp.out,267.1430436483304,-0.3215,0.1676,13.5298,49.0,-1308.6695817877,15.574306265720876,12.454655260311362,-5313.3464957516,0.3147401036994779
PHEN_red_270_cutoff_7.5.inp.out,268.4066564137603,-0.3224,0.1705,10.2208,54.0,-1306.7228325367,21.263591445282103,52.06181448657056,-5689.0708012882,0.3062664505005159
PHEN_red_271_cutoff_7.5.inp.out,266.09846582626176,-0.3392,0.1581,7.7746,56.0,-1306.0885334617,83.62495421884775,22.608033030417367,-5839.4878699783,0.3239445797998996
PHEN_red_272_cutoff_7.5.inp.out,266.74027917266943,-0.3214,0.1641,11.3953,55.0,-1306.2412429887,108.71334875128886,70.04886103457706,-5764.1124496345,0.3073601468995548
PHEN_red_273_cutoff_7.5.inp.out,269.4305211939424,-0.3099,0.1718,11.1453,57.0,-1305.7897958,38.02739180560282,41.95582439227157,-5914.7135616073,0.2951674575997458
PHEN_red_274_cutoff_7.5.inp.out,265.4810582710241,-0.3129,0.1704,12.0496,54.0,-1306.8282132853,25.662599727307835,5.748558938515353,-5689.1430624045,0.3056607487997098
PHEN_red_275_cutoff_7.5.inp.out,265.8426597809329,-0.3164,0.1743,23.3544,52.0,-1306.9512353187,-35.99360493589611,3.94178392953781,-5538.2487373433,0.3079118772002402
PHEN_red_276_cutoff_7.5.inp.out,267.49034811477736,-0.3208,0.1577,23.2113,49.0,-1308.0230418906,-47.8834765057311,-15.541009268889349,-5312.6910197214,0.313030136299858
PHEN_red_277_cutoff_7.5.inp.out,269.0683770295145,-0.3247,0.1744,21.7046,52.0,-1307.2685416802,-51.36228405569217,-28.74470579643351,-5538.556741495,0.3112730627999553
PHEN_red_278_cutoff_7.5.inp.out,269.38005723027356,-0.3423,0.1489,33.0889,50.0,-1307.6354243117,2.336627426440726,-33.02626394768431,-5387.8763463132,0.3261135522006952
PHEN_red_279_cutoff_7.5.inp.out,269.73751412093475,-0.3101,0.1741,35.184,51.0,-1307.5135294468,-0.0670363413780933,-22.714178588991803,-5463.2005453781,0.2990930953992574
PHEN_red_27_cutoff_7.5.inp.out,267.68277332135875,-0.2947,0.1875,17.7865,53.0,-1307.4276734282,-56.67991135412437,-53.98702210170729,-5614.196377255,0.2905362701003469
PHEN_red_280_cutoff_7.5.inp.out,268.4862185522474,-0.3112,0.1684,40.9423,52.0,-1306.8871456278,-90.5655487102138,-122.71456413299023,-5538.1324455796,0.3034883970994997
PHEN_red_281_cutoff_7.5.inp.out,267.8873503945513,-0.3302,0.1504,46.8642,57.0,-1305.1790764656,-68.83161182072624,-80.51784336298068,-5914.08223399,0.3193799916998614
PHEN_red_282_cutoff_7.5.inp.out,268.8511090844859,-0.3359,0.1575,39.4839,57.0,-1305.5902740753,-43.95982662493027,-99.28910608308688,-5914.4502154664,0.3231270787000539
PHEN_red_283_cutoff_7.5.inp.out,267.4514942615528,-0.3351,0.1535,47.3762,53.0,-1306.8632431175,1.672666495391343,-141.1298757564484,-5613.6199772095,0.3262586195996846
PHEN_red_284_cutoff_7.5.inp.out,269.14872571594043,-0.3143,0.1797,49.3317,58.0,-1304.9798118471,-27.614676062366776,6.364220808254408,-5989.4603803772,0.2997638371007269
PHEN_red_285_cutoff_7.5.inp.out,269.97527163169224,-0.3205,0.1679,43.4137,55.0,-1305.9713768401,37.616105755135266,70.9619006837532,-5763.8501350037,0.303542523300166
PHEN_red_286_cutoff_7.5.inp.out,265.7542080552454,-0.3272,0.1615,47.386,56.0,-1305.78378158,113.09567134399212,78.1641551011523,-5839.2002381876,0.3112837210992438
PHEN_red_287_cutoff_7.5.inp.out,268.04069604811366,-0.3347,0.1645,38.058,59.0,-1305.0162221181,7.752031069454547,-3.62509835928583,-6064.9889992235,0.3140146575997278
PHEN_red_288_cutoff_7.5.inp.out,267.91468647819306,-0.3329,0.1494,42.9575,53.0,-1306.8110620887,148.81306453459217,105.58581500096912,-5613.6470977372,0.3162315857007343
PHEN_red_289_cutoff_7.5.inp.out,265.7155866031435,-0.3363,0.1498,36.786,57.0,-1305.398063057,124.72156421984022,105.12131963004626,-5914.3134104742,0.3198775419996309
PHEN_red_28_cutoff_7.5.inp.out,267.8312353298662,-0.3195,0.1753,18.4968,51.0,-1308.2374691567,3.4283846923430024,2.895423079280584,-5463.9874948971,0.309089911299452
PHEN_red_290_cutoff_7.5.inp.out,265.4898522763959,-0.315,0.1692,32.8229,55.0,-1305.9331331396,46.22479545950464,86.72700536147538,-5763.758154246,0.3027836730007038
PHEN_red_291_cutoff_7.5.inp.out,265.66851879977963,-0.3211,0.1689,25.7208,55.0,-1306.1603067797,22.032496898513006,-24.22051588397416,-5763.9694709986,0.308499678500084
PHEN_red_292_cutoff_7.5.inp.out,267.8889657443243,-0.3198,0.1675,29.6292,55.0,-1306.095041786,-33.48074872476959,-41.46228469654906,-5763.8817675884,0.3056085920998157
PHEN_red_293_cutoff_7.5.inp.out,267.349058333247,-0.3039,0.1767,24.6165,53.0,-1307.0971984375,-28.72020034056195,-1.6087417152673589,-5613.7857265933,0.2942262626002048
PHEN_red_294_cutoff_7.5.inp.out,269.0554018790345,-0.297,0.1845,25.4799,51.0,-1307.4872413475,66.26201096721704,17.563139522795964,-5463.1257628936,0.2847933134999039
PHEN_red_295_cutoff_7.5.inp.out,268.2861809530152,-0.313,0.1692,26.4994,54.0,-1306.8423162872,-10.930560165305636,35.00713130285963,-5689.0687302764,0.2978868615000465
PHEN_red_296_cutoff_7.5.inp.out,269.40774654513535,-0.3099,0.185,17.4131,51.0,-1307.6422592498,27.137793314834056,-13.366781476265489,-5463.3123364126,0.2992548744005034
PHEN_red_297_cutoff_7.5.inp.out,268.2085799580872,-0.3095,0.1758,25.2451,50.0,-1308.1177757102,30.76958362817127,-5.400301771109344,-5388.2327804305,0.2970604192996688
PHEN_red_298_cutoff_7.5.inp.out,270.2581648859155,-0.3153,0.1652,27.817,52.0,-1307.3689929414,-43.26400840802187,-41.27189323711313,-5538.5668432695,0.3057845292996717
PHEN_red_299_cutoff_7.5.inp.out,269.66165089155726,-0.3057,0.1811,33.4046,56.0,-1306.1459330274,80.6568470697133,48.912129673013325,-5839.4624835514,0.2885494271995412
PHEN_red_29_cutoff_7.5.inp.out,270.0569990247529,-0.3315,0.1661,17.6727,48.0,-1309.4615477788,-43.78626776171808,-25.727457375232152,-5238.6013371059,0.3177012427995578
PHEN_red_2_cutoff_7.5.inp.out,268.1754503009182,-0.3007,0.1793,20.2318,51.0,-1307.961109123,19.770754475798068,-7.733409972183716,-5463.6500961872,0.2851423625006646
PHEN_red_300_cutoff_7.5.inp.out,267.59645607536225,-0.3341,0.1541,28.4463,52.0,-1307.4736739714,113.75344634089824,72.27580996003037,-5538.7065396021,0.3256235392000235
PHEN_red_301_cutoff_7.5.inp.out,266.64687231368504,-0.3179,0.1659,26.5962,57.0,-1306.0052383472,94.80309649568608,44.979437148503294,-5914.9015388607,0.3084343141999852
PHEN_red_302_cutoff_7.5.inp.out,266.3725204655048,-0.3426,0.1461,35.1133,57.0,-1306.01313275,58.3999601811721,71.35999599446048,-5914.900656875,0.3260125599008461
PHEN_red_303_cutoff_7.5.inp.out,268.81563313725536,-0.365,0.1228,23.8649,60.0,-1304.7376159203,-1.00657329549481,-5.355363857518376,-6140.2004422314,0.3457153483004731
PHEN_red_304_cutoff_7.5.inp.out,267.17336106317856,-0.3156,0.1698,30.5498,59.0,-1305.3245015396,85.30881283950599,30.004734012999677,-6065.2670447595,0.3024701193999135
PHEN_red_305_cutoff_7.5.inp.out,266.2986102375398,-0.2953,0.1817,30.6843,56.0,-1306.1346336769,56.7006109714613,-23.43612274773616,-5839.5390357403,0.2869562289006353
PHEN_red_306_cutoff_7.5.inp.out,270.74275160410775,-0.3322,0.1539,25.1592,56.0,-1306.0112390067,1.1658965304696665,-43.78141236376262,-5839.3381424696,0.3110861880995799
PHEN_red_307_cutoff_7.5.inp.out,270.12642210537433,-0.3147,0.1767,19.5691,59.0,-1304.9825021473,78.0869041988071,-49.47474487526236,-6064.9250512135,0.2949022277998665
PHEN_red_308_cutoff_7.5.inp.out,270.3599186128687,-0.3044,0.1821,12.7299,55.0,-1306.8294131382,7.068015484126464,-18.784687345436836,-5764.6580778763,0.2923067643996546
PHEN_red_309_cutoff_7.5.inp.out,271.1331395046118,-0.3086,0.189,6.9577,52.0,-1307.1985559004,8.485888490280916,14.869819006858268,-5538.4977989939,0.2952431191997675
PHEN_red_30_cutoff_7.5.inp.out,267.12404392913896,-0.3149,0.182,20.9518,52.0,-1307.813708804,12.954456425936892,-8.426718573690252,-5539.0509006694,0.3034708868999587
PHEN_red_310_cutoff_7.5.inp.out,268.14221010576244,-0.3359,0.1638,22.2613,55.0,-1306.8427233167,13.476858810657465,-5.92091384557179,-5764.7238352215,0.3215569931999198
PHEN_red_311_cutoff_7.5.inp.out,269.48133770595416,-0.3343,0.1594,18.741,53.0,-1307.5839718706,31.72586953332366,3.1132592491481184,-5614.4283698023,0.3128058707998207
PHEN_red_312_cutoff_7.5.inp.out,266.52336180355826,-0.3037,0.1851,22.2562,53.0,-1307.3775074749,26.019964692550342,6.708556751484439,-5614.1363042829,0.2915510084003472
PHEN_red_313_cutoff_7.5.inp.out,266.773946814729,-0.3133,0.1696,25.1051,52.0,-1307.73966376,17.857400761588895,22.771354974113127,-5539.0427782396,0.3034771164993799
PHEN_red_314_cutoff_7.5.inp.out,265.7343079059695,-0.3359,0.1374,18.9118,49.0,-1308.8868686449,-26.905133918665964,2.4501766511911947,-5313.5558391331,0.3286442118997001
PHEN_red_315_cutoff_7.5.inp.out,268.22406125041675,-0.3175,0.1768,28.9239,51.0,-1307.8704450557,8.643626597192608,-15.40791205572622,-5463.6128170292,0.3049041828999179
PHEN_red_316_cutoff_7.5.inp.out,268.0278820698711,-0.3384,0.1488,33.7759,47.0,-1309.3998360377,-91.98229410620417,24.3674324355747,-5162.9582831723,0.3261860446000355
PHEN_red_317_cutoff_7.5.inp.out,268.13326029810213,-0.3212,0.1773,29.6848,48.0,-1309.5877958369,-14.29034139949678,-25.99491377641245,-5238.7240995588,0.3077260863001356
PHEN_red_318_cutoff_7.5.inp.out,269.33254001713857,-0.3484,0.1452,21.747,47.0,-1309.5569207619,-47.773179229101366,50.81331144142396,-5163.1265778833,0.3321498776995213
PHEN_red_319_cutoff_7.5.inp.out,267.6949709208219,-0.3451,0.1465,20.0222,49.0,-1309.0554682409,-64.84879376260957,13.423443288262613,-5313.6724535174,0.330482150100579
PHEN_red_31_cutoff_7.5.inp.out,270.4592326350578,-0.3437,0.1477,14.9058,53.0,-1307.7769753785,-21.076816111949608,-3.0385148900682863,-5614.5283370668,0.3265327106000768
PHEN_red_320_cutoff_7.5.inp.out,267.3060947097873,-0.3024,0.1802,18.3417,54.0,-1306.904790565,3.247099455741905,18.89687228519641,-5689.2077320612,0.2957055148999643
PHEN_red_321_cutoff_7.5.inp.out,266.89903799834684,-0.3203,0.1641,20.6354,53.0,-1307.3440165448,-10.839814830241426,20.6505050513229,-5614.1175787381,0.3087928552004086
PHEN_red_322_cutoff_7.5.inp.out,266.02678475980207,-0.3042,0.1871,27.5322,51.0,-1308.2907007407,64.89404933157884,63.833124360182666,-5463.9888487142,0.2959898414001145
PHEN_red_323_cutoff_7.5.inp.out,264.910157165014,-0.3333,0.1619,22.9007,50.0,-1308.6764954533,-5.310635602761267,33.150569507445894,-5388.8501324685,0.3210662733999925
PHEN_red_324_cutoff_7.5.inp.out,271.4601714369739,-0.3184,0.1738,32.5976,52.0,-1307.9750299494,-63.40473931066455,25.483137060440296,-5539.2840821362,0.3044617511995966
PHEN_red_325_cutoff_7.5.inp.out,267.8540981527705,-0.3297,0.1576,25.0093,52.0,-1307.8643113853,-3.84738153251228,14.992709915900136,-5539.1465304534,0.3186355881998679
PHEN_red_326_cutoff_7.5.inp.out,269.6161538296846,-0.3196,0.1706,24.4893,52.0,-1307.9347254698,12.172254546612905,43.32190238411535,-5539.1873003723,0.304981833200145
PHEN_red_327_cutoff_7.5.inp.out,270.95237317433,-0.3344,0.1563,38.6383,51.0,-1308.1163861161,2.943096261275048,23.523564094754462,-5463.8764918797,0.3195655150993843
PHEN_red_328_cutoff_7.5.inp.out,268.84227177590776,-0.3143,0.1807,32.1973,56.0,-1306.2729065932,-88.79863422321995,-26.1737738719648,-5839.6753995893,0.3036261192000893
PHEN_red_329_cutoff_7.5.inp.out,269.32954198088464,-0.3132,0.1749,29.7869,55.0,-1306.3438348058,-14.025899468778285,-15.808366992385755,-5764.2210514327,0.3054974776996459
PHEN_red_32_cutoff_7.5.inp.out,267.1573524012156,-0.3225,0.1753,27.6305,55.0,-1306.9650803769,12.484831236609937,25.70929334977612,-5764.8078422827,0.3027931541992075
PHEN_red_330_cutoff_7.5.inp.out,269.4629440926659,-0.2933,0.1861,17.5508,51.0,-1307.6932735003,-4.7992112674032015,2.320572321835698,-5463.4710029357,0.2862241968996386
PHEN_red_331_cutoff_7.5.inp.out,267.32832821378673,-0.3033,0.1836,18.0801,53.0,-1307.1618323382,-17.33391420239018,-13.435048087600563,-5614.0599834994,0.2942174278005041
PHEN_red_332_cutoff_7.5.inp.out,265.9084099680679,-0.3244,0.1626,20.1045,54.0,-1306.7854386853,-15.705042140500794,-5.687213509031108,-5689.1707121285,0.3132875159999457
PHEN_red_333_cutoff_7.5.inp.out,267.09908996004344,-0.3265,0.153,19.7653,56.0,-1306.0245838389,-19.16225915035767,14.19848803619826,-5839.4503222845,0.3196191168999576
PHEN_red_334_cutoff_7.5.inp.out,267.01394257996026,-0.3458,0.1464,22.0284,52.0,-1307.2994584862,6.086545725298224,21.159439668663136,-5538.5365256316,0.332366354899932
PHEN_red_335_cutoff_7.5.inp.out,269.21460828228237,-0.311,0.1704,28.8951,53.0,-1307.2081321749,28.726723333727627,-19.13243632777237,-5614.0270591987,0.3049839005998365
PHEN_red_336_cutoff_7.5.inp.out,270.00362419601777,-0.341,0.1431,35.0165,54.0,-1306.8030499813,38.63307225281685,93.4555342797476,-5689.1649172443,0.3291078424999796
PHEN_red_337_cutoff_7.5.inp.out,271.20437692399184,-0.3195,0.1686,35.0238,55.0,-1306.5545621523,-7.647755898192516,-9.983976991433442,-5764.4946871162,0.305012205300045
PHEN_red_338_cutoff_7.5.inp.out,269.9769381749226,-0.3162,0.1685,26.3089,54.0,-1306.990865481,-12.168347318465322,-65.28752780210306,-5689.396753527,0.3039348040001641
PHEN_red_339_cutoff_7.5.inp.out,267.60061026380544,-0.3217,0.1557,16.6291,55.0,-1306.8278683691,-25.96678141980123,-25.92918236386048,-5764.7571082917,0.3059271681004247
PHEN_red_33_cutoff_7.5.inp.out,270.4723463905157,-0.318,0.1745,32.1514,55.0,-1306.9017131139,-18.72479933396736,37.06640037562802,-5764.7369781189,0.3046358736000911
PHEN_red_340_cutoff_7.5.inp.out,270.1011404371497,-0.3258,0.176,26.2344,53.0,-1307.1493798206,14.961343928740728,5.819686056131,-5614.0459446345,0.3142555198000991
PHEN_red_341_cutoff_7.5.inp.out,269.35842340603546,-0.3064,0.192,21.5847,55.0,-1306.3618598465,-42.95410374487753,14.690942604822748,-5764.2371383293,0.2974088936998669
PHEN_red_342_cutoff_7.5.inp.out,270.39034568910176,-0.3102,0.1817,28.308,55.0,-1306.3802270353,-8.61450185170313,32.56543272764718,-5764.2874954199,0.2989856141994096
PHEN_red_343_cutoff_7.5.inp.out,267.0940156068567,-0.3312,0.1584,14.3714,56.0,-1305.502339497,-75.1928988555995,73.36107695023125,-5838.9665518776,0.316754041700733
PHEN_red_344_cutoff_7.5.inp.out,268.49114214121215,-0.3191,0.1586,13.5755,56.0,-1305.9778336897,-33.84740926133541,49.93709511230813,-5839.4381455449,0.3091198108004391
PHEN_red_345_cutoff_7.5.inp.out,267.3011195645795,-0.3155,0.1636,15.7622,56.0,-1305.9473831773,-26.0268498642238,36.836480088651335,-5839.4123867193,0.3069676782006354
PHEN_red_346_cutoff_7.5.inp.out,265.47158066063736,-0.3467,0.1402,18.0255,58.0,-1305.1046197241,8.772320760721517,7.210609543768766,-5989.5714124308,0.3316605599002287
PHEN_red_347_cutoff_7.5.inp.out,269.28058165060645,-0.3245,0.17,21.4712,59.0,-1304.8186376795,117.15678051310276,16.61346459174715,-6064.85225136,0.3095476141998006
PHEN_red_348_cutoff_7.5.inp.out,268.6819750469671,-0.3118,0.1841,20.4208,56.0,-1306.4274341024,56.608825530419885,56.845097275994874,-5839.8547682379,0.2975548486001571
PHEN_red_349_cutoff_7.5.inp.out,268.78974349241753,-0.3318,0.157,23.2388,54.0,-1306.8127956804,16.988856638027244,14.753008602369766,-5689.1182852007,0.3207278239005973
PHEN_red_34_cutoff_7.5.inp.out,268.83148475330864,-0.3106,0.1775,21.2796,50.0,-1308.605381793,23.89784117364687,-4.048905693128517,-5388.7928566458,0.2932863461001034
PHEN_red_350_cutoff_7.5.inp.out,268.9817068188688,-0.3119,0.1693,3.6636,55.0,-1306.5774986223,60.66223459474598,24.538826150131204,-5764.3816774155,0.2986300512002344
PHEN_red_351_cutoff_7.5.inp.out,268.30025935539277,-0.3199,0.1711,9.6971,54.0,-1307.2556113139,17.25490802491692,9.980842146481136,-5689.517942204,0.3110943859001054
PHEN_red_352_cutoff_7.5.inp.out,266.431095072193,-0.282,0.1955,16.8986,51.0,-1308.2721163769,39.09777534895278,-4.925005371857522,-5463.9865527274,0.2773667858000408
PHEN_red_353_cutoff_7.5.inp.out,266.8555965538299,-0.2977,0.1783,13.9619,52.0,-1307.3181344753,-17.96982356613868,-21.84941641945844,-5538.6273250812,0.2902308845996231
PHEN_red_354_cutoff_7.5.inp.out,268.23741579744177,-0.3074,0.1749,11.9786,54.0,-1307.0205218092,42.25326629711326,-18.924759776577194,-5689.4410527593,0.2984527839998918
PHEN_red_355_cutoff_7.5.inp.out,266.97653610108057,-0.3053,0.1737,15.1188,58.0,-1305.2820277697,40.25886267342812,-4.344545311094301,-5989.8002142424,0.2972487652996278
PHEN_red_356_cutoff_7.5.inp.out,267.1159054995972,-0.2889,0.192,13.1142,58.0,-1305.4395196664,60.29474122758567,-7.461479807854583,-5989.8700544425,0.2828697217000808
PHEN_red_357_cutoff_7.5.inp.out,268.7294388779258,-0.2993,0.1853,12.9244,58.0,-1305.4105850402,32.168191649247696,18.086882476037157,-5989.8115435617,0.2871316657001443
PHEN_red_358_cutoff_7.5.inp.out,266.5660355333818,-0.3188,0.1627,17.8414,58.0,-1305.4353320272,-48.456226202113385,-6.947607998398189,-5989.8400590614,0.3057421348003117
PHEN_red_359_cutoff_7.5.inp.out,270.84283396101966,-0.3167,0.1762,29.8855,51.0,-1307.6911572905,8.909577410496519,4.5843297053286465,-5463.4326286476,0.2999850173000595
PHEN_red_35_cutoff_7.5.inp.out,269.2573595422241,-0.3184,0.1776,27.1824,57.0,-1306.1576790313,-11.813149630942654,-37.61522267003479,-5915.1566344558,0.3033354261997374
PHEN_red_360_cutoff_7.5.inp.out,269.34174850990024,-0.3084,0.1827,27.9438,53.0,-1306.9716089577,14.361551520547962,-36.89535117507976,-5613.8312906784,0.2970143922002535
PHEN_red_361_cutoff_7.5.inp.out,271.60112250122256,-0.3242,0.1707,19.7727,54.0,-1306.854867398,-42.69866016407441,-16.047911750473254,-5689.3183879946,0.3058305772001404
PHEN_red_362_cutoff_7.5.inp.out,269.626543095797,-0.3218,0.1728,20.9792,50.0,-1308.6726984647,-11.741044102575724,-50.738209823393845,-5388.9259629693,0.3073050449002039
PHEN_red_363_cutoff_7.5.inp.out,269.7272096155794,-0.2999,0.1971,24.7911,53.0,-1307.1442804078,38.73487830119556,-19.350071791289984,-5613.9706008117,0.2887055873998179
PHEN_red_364_cutoff_7.5.inp.out,271.94091026793905,-0.3115,0.1925,17.4345,50.0,-1307.9703622267,-13.707581487933124,5.415751162233909,-5388.1228010035,0.295432254500156
PHEN_red_365_cutoff_7.5.inp.out,268.34394599580975,-0.3131,0.1674,22.3018,52.0,-1307.4971553909,6.9857578906744235,26.55958925453218,-5538.7709809412,0.3072346801000094
PHEN_red_366_cutoff_7.5.inp.out,268.750254636771,-0.3311,0.1652,19.9935,53.0,-1307.2400444243,24.370772621598512,-11.405631271556455,-5614.0311266119,0.3181773514006636
PHEN_red_367_cutoff_7.5.inp.out,266.11348356100615,-0.321,0.1638,11.1803,56.0,-1306.1843190063,39.77931277733356,23.49883648707674,-5839.5242958532,0.3037204297997959
PHEN_red_368_cutoff_7.5.inp.out,266.3865623343946,-0.3549,0.1423,15.3567,50.0,-1307.9072611009,-65.64920464193578,-3.5498839110472824,-5388.0654306935,0.3402378094006053
PHEN_red_369_cutoff_7.5.inp.out,264.8758230539127,-0.3287,0.1595,9.4348,51.0,-1307.5675482463,-24.27666436156913,17.546115151678595,-5463.2980256368,0.3205684367003414
PHEN_red_36_cutoff_7.5.inp.out,269.5138070230174,-0.3412,0.1466,18.8408,49.0,-1308.7575751862,-43.38651866091838,-50.164481385757306,-5313.4236214995,0.3268312423997486
PHEN_red_370_cutoff_7.5.inp.out,267.8101111720145,-0.335,0.1637,10.3486,54.0,-1306.5312962203,-18.693437823003787,-14.910224858218482,-5688.8382373896,0.3218028242999935
PHEN_red_371_cutoff_7.5.inp.out,266.5570395488342,-0.3238,0.1794,13.6947,53.0,-1307.2648318867,14.57080623873271,-21.77870149253744,-5614.074997829,0.3139859675002299
PHEN_red_372_cutoff_7.5.inp.out,265.76873832885946,-0.3319,0.163,8.8865,48.0,-1308.7376577571,25.13287993056585,-29.76443234248265,-5237.8912324327,0.3224725944000965
PHEN_red_373_cutoff_7.5.inp.out,266.63584770919044,-0.3247,0.1694,9.5593,50.0,-1308.1400065403,22.83593642709589,-10.521358990435298,-5388.3394604685,0.3130956416998742
PHEN_red_374_cutoff_7.5.inp.out,268.36218214657595,-0.3146,0.1654,4.0543,52.0,-1307.2429021084,9.838859401228056,6.944514486649083,-5538.4968418849,0.302323708699987
PHEN_red_375_cutoff_7.5.inp.out,266.28793194424,-0.3226,0.151,13.0489,50.0,-1308.5545173717,2.050845643243365,9.906861149971748,-5388.7219404811,0.3142213969003933
PHEN_red_376_cutoff_7.5.inp.out,269.02850117535365,-0.3024,0.1733,16.9081,53.0,-1307.5145698529,45.16581983855131,13.101908323347589,-5614.2703899554,0.2879440710003109
PHEN_red_377_cutoff_7.5.inp.out,267.9838298605358,-0.3128,0.166,28.7085,58.0,-1304.8924726136,111.99094463579932,12.28336387824497,-5989.3397689425,0.2987522343000819
PHEN_red_378_cutoff_7.5.inp.out,265.9897365738875,-0.3071,0.1697,23.2756,58.0,-1305.2814849375,133.79865172865465,-0.9782318617284824,-5989.7672917896,0.2956220223995842
PHEN_red_379_cutoff_7.5.inp.out,267.5691479761866,-0.3301,0.1622,29.9388,57.0,-1305.4208291892,57.825093452271865,0.5854143392063983,-5914.3581957471,0.3114537476003534
PHEN_red_37_cutoff_7.5.inp.out,268.0616437428881,-0.2852,0.1982,19.8824,51.0,-1308.3205977558,17.009740565142163,-35.01849356169436,-5464.120630244,0.2807746756998313
PHEN_red_380_cutoff_7.5.inp.out,268.35433894243874,-0.3266,0.1557,21.0876,50.0,-1308.4379009842,8.407437522278025,-17.660021694194104,-5388.5836570307,0.3100722375002078
PHEN_red_381_cutoff_7.5.inp.out,267.7116913292715,-0.3258,0.1632,23.0595,51.0,-1307.7790020395,-42.03478266283541,-12.391518158698316,-5463.4510318306,0.3119522725000934
PHEN_red_382_cutoff_7.5.inp.out,270.2827820074203,-0.3407,0.158,32.3552,52.0,-1307.355029526,68.19046330699454,-14.629812897684012,-5538.5666111713,0.3211525366004935
PHEN_red_383_cutoff_7.5.inp.out,270.36385563611157,-0.301,0.1963,22.1127,52.0,-1307.3933548496,50.38773064063258,1.2737188946225344,-5538.5990465509,0.2845707315000254
PHEN_red_384_cutoff_7.5.inp.out,269.78969827998617,-0.3418,0.1566,28.1244,52.0,-1307.3282726313,-141.87011493582085,10.00350504303548,-5538.6038405464,0.3253103990000454
PHEN_red_385_cutoff_7.5.inp.out,268.42229230941587,-0.3584,0.1317,15.6534,52.0,-1307.7490813235,0.8099686000583375,19.800350695774046,-5539.0801921787,0.3390187227996648
PHEN_red_386_cutoff_7.5.inp.out,270.0354554392518,-0.3342,0.155,8.2411,52.0,-1307.5038590339,-60.418737158554954,-5.375654509955782,-5538.7636952801,0.318547677299648
PHEN_red_387_cutoff_7.5.inp.out,268.67418348674033,-0.3335,0.1509,4.2589,52.0,-1307.8254500944,-209.4632546214613,1.7776245553736394,-5539.0680602424,0.3176643890001287
PHEN_red_388_cutoff_7.5.inp.out,267.7307624827269,-0.322,0.1638,7.7452,53.0,-1307.6512182847,28.079651338694163,4.564108684274512,-5614.4359378448,0.3065476002002469
PHEN_red_389_cutoff_7.5.inp.out,265.3961662927402,-0.3344,0.1609,19.4469,57.0,-1305.9973276411,-9.786561317745289,6.269348515650515,-5914.888006867,0.3149550823000027
PHEN_red_38_cutoff_7.5.inp.out,271.6251770100952,-0.3108,0.1804,23.1948,49.0,-1308.8584887622,3.2927562616145307,-49.31699188149473,-5313.5709653941,0.2952319046999037
PHEN_red_390_cutoff_7.5.inp.out,265.5864018587643,-0.3311,0.1635,17.2042,56.0,-1306.4412804079,-4.007253213711351,35.1907702017131,-5839.746409707,0.3139676902001156
PHEN_red_391_cutoff_7.5.inp.out,264.8898470163938,-0.3325,0.1603,16.0348,55.0,-1306.7658308434,16.742686162066146,33.24997388030986,-5764.6415684708,0.321365175599567
PHEN_red_392_cutoff_7.5.inp.out,268.55592947579055,-0.3133,0.1702,14.4952,53.0,-1307.317917832,8.475194903985521,29.701785791743863,-5614.1425969331,0.2994104446006531
PHEN_red_393_cutoff_7.5.inp.out,267.97966229455596,-0.3338,0.1506,24.9696,56.0,-1306.5542286587,24.019993110595113,1.4528489909565736,-5839.981106941,0.3141167021003639
PHEN_red_394_cutoff_7.5.inp.out,265.8123902084226,-0.3396,0.1538,29.1405,56.0,-1306.2511161132,-60.93798275506802,-107.37339134462448,-5839.6435206471,0.3215397440999368
PHEN_red_395_cutoff_7.5.inp.out,268.0538353486703,-0.3344,0.1513,27.2761,53.0,-1307.0337484123,-76.76766322511439,-77.39141131644507,-5613.8133227964,0.320156725400011
PHEN_red_396_cutoff_7.5.inp.out,267.7819549392206,-0.313,0.1654,21.7603,51.0,-1307.7347754926,-13.542127991689611,-39.75642584045778,-5463.4884076026,0.301391457799582
PHEN_red_397_cutoff_7.5.inp.out,267.34793951042997,-0.3184,0.1705,30.341,53.0,-1307.5717132367,12.905114560479094,-62.302344106790514,-5614.3871511285,0.307752289900236
PHEN_red_398_cutoff_7.5.inp.out,268.46961563458785,-0.3118,0.1726,32.9336,51.0,-1307.9321686153,69.73966636921578,-118.65361136545728,-5463.6636302462,0.2987223718000678
PHEN_red_399_cutoff_7.5.inp.out,267.5534999109161,-0.3106,0.1706,35.1749,52.0,-1307.940916206,-25.70489141864547,-129.70835490503475,-5539.1602483358,0.2977868426996792
PHEN_red_39_cutoff_7.5.inp.out,265.4010013228978,-0.3113,0.1738,17.0285,48.0,-1308.8414305433,37.45215517854114,-38.795634468223696,-5238.0047469537,0.3063621649998822
PHEN_red_3_cutoff_7.5.inp.out,267.15510557832664,-0.312,0.1667,25.0726,51.0,-1307.615844947,73.9185658950951,78.33927421692462,-5463.318807572,0.2991357942000832
PHEN_red_400_cutoff_7.5.inp.out,269.0321049230008,-0.3307,0.149,40.6471,53.0,-1307.1184743176,-30.858280313372727,-101.30900484231395,-5613.9251758846,0.3156887346003714
PHEN_red_401_cutoff_7.5.inp.out,269.993362459985,-0.315,0.1742,33.8963,55.0,-1306.4669951289,20.35124339933765,-93.64807209445678,-5764.3233674753,0.3010274572998241
PHEN_red_402_cutoff_7.5.inp.out,270.9223763172396,-0.3173,0.1797,39.7072,57.0,-1306.0152353979,-3.3778045878191247,-126.98349114919355,-5914.9382800754,0.2981835889995636
PHEN_red_403_cutoff_7.5.inp.out,267.4325070480681,-0.3372,0.1517,31.1297,57.0,-1305.6011009392,-92.7186808944583,-129.19676308849174,-5914.6005463356,0.3262716205999822
PHEN_red_404_cutoff_7.5.inp.out,269.46063103242125,-0.3121,0.1773,35.3261,54.0,-1306.6488777766,-53.20397585662293,-153.47735259415583,-5689.022462686,0.3016705038999134
PHEN_red_405_cutoff_7.5.inp.out,270.0986882335091,-0.2967,0.2029,34.3268,54.0,-1306.9780489436,-33.65510879089592,-217.91911775811417,-5689.3743117473,0.283912021699507
PHEN_red_406_cutoff_7.5.inp.out,268.04761248573504,-0.3251,0.1653,35.0209,49.0,-1308.5432585332,-18.800630534930168,-133.31993066284738,-5313.2392144014,0.3096926165999321
PHEN_red_407_cutoff_7.5.inp.out,268.1484254063088,-0.3136,0.1682,33.3431,53.0,-1307.3223415984,5.646296036923284,-8.872367095367455,-5614.1961579808,0.3006562204000147
PHEN_red_408_cutoff_7.5.inp.out,266.94545196875856,-0.2973,0.1764,29.4755,50.0,-1308.4827261469,-21.972188597530245,-97.76797819002144,-5388.7558462232,0.2902279648005788
PHEN_red_409_cutoff_7.5.inp.out,266.1517837749129,-0.31,0.1684,26.5429,50.0,-1308.4033845258,190.62391215613343,-26.77345034211265,-5388.642699646,0.297953447200598
PHEN_red_40_cutoff_7.5.inp.out,269.1180383672731,-0.321,0.174,47.3467,55.0,-1306.6815069249,45.0922467373226,56.04180106277157,-5764.5592120356,0.3052872783991915
PHEN_red_410_cutoff_7.5.inp.out,265.9290311922867,-0.3337,0.148,23.6246,49.0,-1308.5994628925,-14.059609063043654,7.816263167176343,-5313.2665826192,0.3257608814992636
PHEN_red_411_cutoff_7.5.inp.out,267.730034880658,-0.3232,0.1572,33.4374,51.0,-1308.1307501189,34.02231660641657,76.61610981567024,-5463.9371754802,0.3097638161998475
PHEN_red_412_cutoff_7.5.inp.out,266.1646838177233,-0.3195,0.1639,24.9338,47.0,-1309.2081291444,16.524963482517165,-0.972013992086404,-5162.8458302877,0.30768072940009
PHEN_red_413_cutoff_7.5.inp.out,267.25009466184395,-0.3249,0.1646,34.187,51.0,-1308.0576112032,72.87225081389698,77.66727874329153,-5463.7679303422,0.3122525203998521
PHEN_red_414_cutoff_7.5.inp.out,270.29647882400803,-0.3191,0.1728,29.1953,51.0,-1307.8965371444,77.87560545507057,71.95003966807626,-5463.6156214044,0.3019943569997849
PHEN_red_415_cutoff_7.5.inp.out,268.58352321150977,-0.3582,0.1283,28.1316,50.0,-1308.8066600074,37.32590858354541,112.5317118488132,-5388.983811623,0.3382070125999235
PHEN_red_416_cutoff_7.5.inp.out,271.0928185717059,-0.3013,0.1955,30.3312,47.0,-1309.2820279515,4.871526521209865,-7.120956995462694,-5162.8700243981,0.2900814947006438
PHEN_red_417_cutoff_7.5.inp.out,272.23311360317473,-0.313,0.1832,24.3805,47.0,-1309.197740208,10.69112445984156,-12.494399442984404,-5162.7894843947,0.2997073005999482
PHEN_red_418_cutoff_7.5.inp.out,269.68917705439895,-0.3397,0.1677,19.9037,49.0,-1308.7844606758,-32.45250845278114,-28.230461546153055,-5313.426123754,0.318898650999472
PHEN_red_419_cutoff_7.5.inp.out,265.84909631486005,-0.3439,0.1458,29.5178,52.0,-1307.4025263612,28.162131304791593,10.384714986251243,-5538.6876530702,0.3242702433999511
PHEN_red_41_cutoff_7.5.inp.out,268.8694099362537,-0.3263,0.1643,50.1776,57.0,-1305.6413989084,18.883376621001155,72.66882510490375,-5914.580017006,0.3143260306997035
PHEN_red_420_cutoff_7.5.inp.out,268.55218736579883,-0.2981,0.1913,19.6809,54.0,-1306.9111777816,9.391474449667005,22.814295421765102,-5689.1761130004,0.2909674564998568
PHEN_red_421_cutoff_7.5.inp.out,268.44486135331607,-0.3526,0.1476,15.4125,52.0,-1307.7579634416,24.38116635134483,31.435829335445614,-5539.0032829908,0.330328316899795
PHEN_red_422_cutoff_7.5.inp.out,268.18016013495384,-0.3073,0.1795,8.2291,53.0,-1307.4229540792,17.564793154890747,15.486729091477716,-5614.2525609054,0.296773856100117
PHEN_red_423_cutoff_7.5.inp.out,265.45412591617537,-0.3129,0.1616,6.9392,52.0,-1307.4865634929,-3.911265356837251,-23.258751585656743,-5538.693126258,0.3041862740001306
PHEN_red_424_cutoff_7.5.inp.out,266.73260382449115,-0.3172,0.1687,18.464,51.0,-1308.011172642,-0.7633959069249531,12.72303486348812,-5463.7567587191,0.3048770387003969
PHEN_red_425_cutoff_7.5.inp.out,267.641037808525,-0.3073,0.1742,10.8639,50.0,-1308.3939716888,94.93653326839944,23.21252812248746,-5388.6340649662,0.2940890853997189
PHEN_red_426_cutoff_7.5.inp.out,269.61253648226074,-0.3053,0.1781,6.4102,50.0,-1308.2889646758,115.54354581304383,10.649542055234088,-5388.4368427773,0.2952525880991743
PHEN_red_427_cutoff_7.5.inp.out,267.8265510013588,-0.3084,0.1756,12.3735,54.0,-1307.2836329251,58.81429578737478,9.792484502299144,-5689.5490267095,0.2962868892000188
PHEN_red_428_cutoff_7.5.inp.out,270.09122109385163,-0.321,0.1619,18.9395,50.0,-1308.1033982612,44.977098988487576,-16.358358634491722,-5388.3237369125,0.3039107883996621
PHEN_red_429_cutoff_7.5.inp.out,268.1834936729676,-0.3208,0.174,15.3642,53.0,-1306.8913036947,-3.5344014280905456,-21.454435566824326,-5613.7835793032,0.3077057198006514
PHEN_red_42_cutoff_7.5.inp.out,271.9884326407763,-0.3252,0.173,44.0921,56.0,-1306.3313234716,7.906326149462949,30.25152944400789,-5839.7608633421,0.3131692091001241
PHEN_red_430_cutoff_7.5.inp.out,265.97721143699397,-0.3227,0.1689,9.716,55.0,-1306.4688207317,13.17272136546143,0.1834743111288639,-5764.3328062558,0.3074685882002086
PHEN_red_431_cutoff_7.5.inp.out,269.4373697205371,-0.302,0.1842,10.4062,56.0,-1306.191738537,74.47786859687294,13.53448299928892,-5839.6048152462,0.2961077885001941
PHEN_red_432_cutoff_7.5.inp.out,267.08445218758845,-0.3091,0.1693,8.6761,57.0,-1305.5946692339,119.78665991125962,46.55290280501129,-5914.47737569,0.2966553184996883
PHEN_red_433_cutoff_7.5.inp.out,266.2347094146207,-0.3281,0.1596,8.2259,54.0,-1306.7819135774,-19.75848987521375,12.289253557323914,-5689.1117224788,0.3083627234000232
PHEN_red_434_cutoff_7.5.inp.out,266.46736938637855,-0.3135,0.1606,5.2894,53.0,-1307.2507303624,55.664419058752856,18.27210567902511,-5614.065416157,0.3033025250997525
PHEN_red_435_cutoff_7.5.inp.out,267.19143269932414,-0.3156,0.1618,7.7866,54.0,-1306.9067944933,55.516962394319854,-13.953786016116403,-5689.2396466921,0.3064620123996064
PHEN_red_436_cutoff_7.5.inp.out,268.0635406295301,-0.3043,0.1802,12.475,58.0,-1304.8450791181,92.13634852443074,5.640457123534264,-5989.3820056888,0.296480789299494
PHEN_red_437_cutoff_7.5.inp.out,269.93777504409735,-0.3322,0.1457,15.5667,58.0,-1305.6011053526,-15.460926616713271,48.28807126429469,-5990.0557131487,0.3178420259991981
PHEN_red_438_cutoff_7.5.inp.out,269.2775413491171,-0.3274,0.1583,19.1946,55.0,-1306.321612479,45.26450308048352,77.48296534262097,-5764.2152587786,0.3137945348007633
PHEN_red_439_cutoff_7.5.inp.out,265.3981004135933,-0.3189,0.1651,9.8682,48.0,-1308.493022199,11.70643327418524,44.61905849634051,-5237.6770587799,0.3146342553000067
PHEN_red_43_cutoff_7.5.inp.out,267.05545523735424,-0.3383,0.1484,40.3944,54.0,-1307.0435503156,-164.77955001031373,5.537553225323221,-5689.3725538336,0.3261675123003442
PHEN_red_440_cutoff_7.5.inp.out,269.375178581345,-0.2844,0.1717,13.8281,49.0,-1308.3534184302,30.268926694046165,31.626474081595916,-5313.0640899466,0.2827997235999646
PHEN_red_441_cutoff_7.5.inp.out,268.22584001541753,-0.2854,0.1808,14.3541,51.0,-1307.5458004438,57.50760359317429,9.950502869597594,-5463.3691081027,0.2802700346992424
PHEN_red_442_cutoff_7.5.inp.out,268.7105020720308,-0.2845,0.1921,19.1478,54.0,-1306.8410437779,38.13531681433816,22.64824267000111,-5689.2389545189,0.2867543100001057
PHEN_red_443_cutoff_7.5.inp.out,270.7511944120654,-0.294,0.1908,23.8305,54.0,-1306.9204893367,75.23690634519471,47.44620207782046,-5689.3041281488,0.2888746884000284
PHEN_red_444_cutoff_7.5.inp.out,270.25794007915226,-0.2956,0.1987,32.3754,55.0,-1306.7488164561,-12.805422599756843,60.89826098383051,-5764.6486918092,0.2874617171000864
PHEN_red_445_cutoff_7.5.inp.out,267.9599446748048,-0.3276,0.1677,35.9916,57.0,-1305.7106255898,19.241762541590184,42.61550071802811,-5914.7009421663,0.3137747165001201
PHEN_red_446_cutoff_7.5.inp.out,270.1915002819559,-0.3326,0.1672,34.6468,56.0,-1306.5608138629,-2.088752393091285,87.81005989803971,-5839.9821990637,0.3170363889003056
PHEN_red_447_cutoff_7.5.inp.out,269.29673568961044,-0.3403,0.1382,36.6873,56.0,-1306.2114420495,-32.35507162248735,32.73447279417856,-5839.6514304918,0.328827942499629
PHEN_red_448_cutoff_7.5.inp.out,269.47592256112216,-0.3262,0.1721,34.6639,53.0,-1307.191459607,38.135541459148165,51.81352896266015,-5614.0735854318,0.3106488049998006
PHEN_red_449_cutoff_7.5.inp.out,268.31700241459544,-0.3119,0.1724,28.595,57.0,-1305.8836684668,103.9537743471499,80.01557063809457,-5914.8492088077,0.303159607600719
PHEN_red_44_cutoff_7.5.inp.out,271.1160101348059,-0.325,0.166,36.5902,50.0,-1308.2170663681,-22.435459621584467,64.07635530761189,-5388.4522871859,0.3118134827000176
PHEN_red_450_cutoff_7.5.inp.out,268.04458201576637,-0.3204,0.1574,40.7147,58.0,-1305.6672629715,101.91376239271332,87.59819921121637,-5990.1698556047,0.3101146016997518
PHEN_red_451_cutoff_7.5.inp.out,268.6375909724832,-0.3131,0.1582,44.3665,58.0,-1305.6773117103,44.83768574738792,76.45409742023699,-5990.1387178048,0.3037826683003004
PHEN_red_452_cutoff_7.5.inp.out,268.4292034910831,-0.3123,0.1707,43.2409,56.0,-1306.6142670619,19.205136637745195,27.28325566458947,-5840.0537851337,0.3021285311006068
PHEN_red_453_cutoff_7.5.inp.out,270.089830711075,-0.3032,0.1789,41.3725,57.0,-1305.9885201396,-74.48338056569,39.594544006967745,-5914.9705460017,0.2945713927001634
PHEN_red_454_cutoff_7.5.inp.out,268.5051170240528,-0.3247,0.1644,51.837,59.0,-1305.485918024,-8.701714701618643,74.9595218876938,-6065.5143365936,0.3117366201995537
PHEN_red_455_cutoff_7.5.inp.out,267.29428029145834,-0.3456,0.1438,48.6951,57.0,-1305.8486130695,19.13915660529816,71.78971143409025,-5914.7971389264,0.3327230565000718
PHEN_red_456_cutoff_7.5.inp.out,268.0463811375448,-0.3142,0.169,32.8089,52.0,-1307.6529379521,-23.956041007269565,62.42507190688524,-5538.9490245716,0.3006774816994948
PHEN_red_457_cutoff_7.5.inp.out,267.3395041114826,-0.3228,0.1821,33.6585,54.0,-1306.8808556507,91.4340014087078,75.71516209869887,-5689.2380225844,0.3062768119998509
PHEN_red_458_cutoff_7.5.inp.out,264.7778207986642,-0.3117,0.1672,32.1875,56.0,-1306.5296017757,13.022562110127792,43.03203131931345,-5839.965798311,0.3013122175007083
PHEN_red_459_cutoff_7.5.inp.out,267.8543666897576,-0.3172,0.1666,29.2789,54.0,-1306.935862393,6.83552221781657,40.79151018202179,-5689.2868613263,0.3090922145993318
PHEN_red_45_cutoff_7.5.inp.out,268.296699031839,-0.3445,0.1512,37.1123,54.0,-1306.7305140337,14.30338774351248,62.66189354416727,-5689.0755251613,0.3318574674995034
PHEN_red_460_cutoff_7.5.inp.out,269.4057241841652,-0.3034,0.1848,26.5684,53.0,-1307.43245934,95.4122984897598,46.09584528800772,-5614.2603274248,0.2930850460998044
PHEN_red_461_cutoff_7.5.inp.out,267.9543936235996,-0.3389,0.156,23.4769,51.0,-1307.9703151289,85.0513521643048,47.84529347340549,-5463.6785703212,0.3269877350003298
PHEN_red_462_cutoff_7.5.inp.out,264.7780899882402,-0.3359,0.1498,33.9765,52.0,-1307.3712616853,37.36680206477448,39.02403377355099,-5538.6349794661,0.3255669276995832
PHEN_red_463_cutoff_7.5.inp.out,268.2752003704296,-0.3235,0.1654,31.6337,53.0,-1307.053406714,73.96478617653621,27.961929192983888,-5613.8600731932,0.3123994837997088
PHEN_red_464_cutoff_7.5.inp.out,264.03930964571873,-0.3352,0.1405,29.0396,53.0,-1307.1994150247,102.7610577124828,63.734060449377225,-5614.001457582,0.3224698337999143
PHEN_red_465_cutoff_7.5.inp.out,267.111917353599,-0.3052,0.1716,27.9211,53.0,-1307.0558725741,210.36405292376537,101.35671578290894,-5613.7862930181,0.2969638352005859
PHEN_red_466_cutoff_7.5.inp.out,269.3415965900366,-0.2936,0.1749,22.3535,54.0,-1306.619195789,116.95321418598276,116.97583338605178,-5688.9249884961,0.2898387261002426
PHEN_red_467_cutoff_7.5.inp.out,269.2314089936566,-0.2779,0.2023,19.1619,59.0,-1305.2280661065,111.91979911792168,48.72604680615089,-6065.2033669803,0.2748172623005303
PHEN_red_468_cutoff_7.5.inp.out,269.08287979879316,-0.3284,0.1564,23.5931,55.0,-1306.3204911898,67.128202501044,30.664417992184,-5764.2446052432,0.3157304386004398
PHEN_red_469_cutoff_7.5.inp.out,269.1193255874596,-0.3084,0.1717,25.8736,56.0,-1305.8649040691,90.42808721211443,118.51085254525698,-5839.2704925637,0.2957300829002633
PHEN_red_46_cutoff_7.5.inp.out,269.0695260452074,-0.3275,0.1571,35.1386,52.0,-1307.3658266479,93.22389598324996,86.85530058977525,-5538.7051817126,0.3156480072002523
PHEN_red_470_cutoff_7.5.inp.out,268.97818849843395,-0.3522,0.1263,31.0997,59.0,-1304.9119568763,91.43349234074738,65.31473034009795,-6064.9858282404,0.3346950841996658
PHEN_red_471_cutoff_7.5.inp.out,266.6915048918885,-0.3203,0.1657,21.556,57.0,-1305.7330329975,53.902271626551375,33.81496101875799,-5914.692963943,0.3103549226998439
PHEN_red_472_cutoff_7.5.inp.out,270.7139380565391,-0.3352,0.1417,25.6834,54.0,-1307.019841469,-24.89485789550634,-15.956300973263824,-5689.350061554,0.3124536771001658
PHEN_red_473_cutoff_7.5.inp.out,267.42153189411124,-0.3113,0.1706,33.2411,55.0,-1306.7939620463,27.120929207126235,46.29122999954378,-5764.683397454,0.2970642057998702
PHEN_red_474_cutoff_7.5.inp.out,266.9802439622251,-0.3395,0.1518,27.0648,54.0,-1307.5153597784,-10.654551962912802,35.70677478421086,-5689.8438862221,0.3234722621000401
PHEN_red_475_cutoff_7.5.inp.out,269.0256061981636,-0.3379,0.1682,24.6637,59.0,-1305.5373029287,40.92632653696941,40.33511445003444,-6065.4896039964,0.3235909285003799
PHEN_red_476_cutoff_7.5.inp.out,269.9713902670967,-0.2997,0.1833,23.096,59.0,-1305.2239437926,-38.329960559715225,19.427788075611904,-6065.2249702329,0.2902996378006719
PHEN_red_477_cutoff_7.5.inp.out,269.22576062246486,-0.3571,0.1304,24.8186,54.0,-1306.8119675466,-20.988544261473063,40.5609996106121,-5689.1718117167,0.3358082844997625
PHEN_red_478_cutoff_7.5.inp.out,264.78676976635444,-0.3389,0.1377,23.4495,54.0,-1307.0934196942,-12.459647711963129,82.85529932492152,-5689.421753134,0.3244187521004278
PHEN_red_479_cutoff_7.5.inp.out,267.9072257535239,-0.3109,0.1795,40.2169,55.0,-1306.7548132021,43.856804734715006,87.144506325804,-5764.6469385331,0.2961955228001898
PHEN_red_47_cutoff_7.5.inp.out,268.65600976961457,-0.3318,0.1526,44.0916,56.0,-1305.9273096523,88.93706785313702,136.05229570829212,-5839.3562935018,0.319057131900081
PHEN_red_480_cutoff_7.5.inp.out,265.1835248393629,-0.3397,0.1518,33.1318,52.0,-1307.6498906815,2.966804378031059,109.37991946186536,-5538.881096224,0.3253009131003637
PHEN_red_481_cutoff_7.5.inp.out,269.41082989859046,-0.3201,0.1719,30.4346,52.0,-1307.4793615424,27.287204792777462,37.32531950871778,-5538.728650507,0.3097563068995441
PHEN_red_482_cutoff_7.5.inp.out,267.652801728505,-0.3203,0.17,29.4261,52.0,-1308.0236631064,11.96550315251247,82.31265932765969,-5539.2576410874,0.309220504899713
PHEN_red_483_cutoff_7.5.inp.out,269.09329453461305,-0.3171,0.1825,22.2867,49.0,-1308.2235528967,28.43995319552541,49.78065780625376,-5312.8971730396,0.3033991790007349
PHEN_red_484_cutoff_7.5.inp.out,270.4503921191855,-0.3198,0.1774,19.2178,52.0,-1307.4561818533,-13.115942305466666,13.009264639281808,-5538.6264527441,0.3036109623999437
PHEN_red_485_cutoff_7.5.inp.out,271.1917240386158,-0.3204,0.1659,22.9392,54.0,-1306.8871196527,-31.091809200609138,53.42806768698139,-5689.1191643275,0.3078749742999207
PHEN_red_486_cutoff_7.5.inp.out,269.396451287439,-0.2933,0.2003,30.0498,55.0,-1306.8177924579,6.549908525423447,50.3088686427222,-5764.5940637117,0.2837374541995814
PHEN_red_487_cutoff_7.5.inp.out,268.9205938553527,-0.2998,0.1835,19.3521,55.0,-1306.5979475694,44.42443507607109,92.74038178513496,-5764.4133499108,0.2930093883005611
PHEN_red_488_cutoff_7.5.inp.out,268.1078100483572,-0.3112,0.1738,21.7071,52.0,-1307.4850296428,-2.034458907825546,55.444209159473296,-5538.6933070276,0.3027823605007143
PHEN_red_489_cutoff_7.5.inp.out,266.57751851006765,-0.3208,0.1667,21.1427,50.0,-1308.1056786476,0.3133736622432309,71.25237475345942,-5388.3057577809,0.3090276890006862
PHEN_red_48_cutoff_7.5.inp.out,266.2388298123567,-0.3528,0.1386,44.9937,55.0,-1306.3709726858,-50.14018456228642,118.50288869982832,-5764.2756285014,0.3349783707999449
PHEN_red_490_cutoff_7.5.inp.out,266.4264193895583,-0.3249,0.1502,24.7464,51.0,-1307.7302151817,-24.94377886781655,85.36868411008966,-5463.4584278624,0.3140835927006264
PHEN_red_491_cutoff_7.5.inp.out,268.28395043903373,-0.2996,0.1663,31.5317,53.0,-1307.1260191085,29.11722691253226,136.68689422706046,-5613.8648048239,0.2891808468002637
PHEN_red_492_cutoff_7.5.inp.out,265.01634272337344,-0.328,0.1356,31.2364,57.0,-1305.2744375839,-53.62410006747332,1.2295358768452678,-5914.2243690335,0.3154026309002802
PHEN_red_493_cutoff_7.5.inp.out,265.71396549424423,-0.3164,0.1578,27.9894,59.0,-1304.695144594,-55.82390398858278,-34.31153512561854,-6064.7307618387,0.3064941270004055
PHEN_red_494_cutoff_7.5.inp.out,267.27192426258324,-0.3032,0.17,22.0946,61.0,-1304.2099917636,9.172451706396949,41.47297244508267,-6215.2083493902,0.2931651020999197
PHEN_red_495_cutoff_7.5.inp.out,264.565125676461,-0.3118,0.1588,17.2759,60.0,-1304.86765103,51.11123659800923,34.49850004939582,-6140.42303162,0.3042751354005304
PHEN_red_496_cutoff_7.5.inp.out,267.84875558864894,-0.302,0.1806,6.9248,54.0,-1306.5651845484,17.44833163768079,48.11871530954382,-5688.921656768,0.2953597464002087
PHEN_red_497_cutoff_7.5.inp.out,269.2728777129579,-0.3291,0.1527,9.6001,48.0,-1308.4852861189,0.1330873482456611,53.044282805446386,-5237.6244559301,0.3194656852001571
PHEN_red_498_cutoff_7.5.inp.out,269.1172597174021,-0.3213,0.1663,10.0561,50.0,-1308.0502962216,30.386526820242153,4.564746632070558,-5388.2329605782,0.3119353859001421
PHEN_red_499_cutoff_7.5.inp.out,269.96243860088606,-0.3401,0.1611,10.1347,50.0,-1307.7324603416,36.752054195548894,26.768848800034128,-5387.8911529689,0.3254254560997651
PHEN_red_49_cutoff_7.5.inp.out,267.0872855371599,-0.3435,0.1601,36.3321,56.0,-1306.1492012561,32.463101585422656,40.33448866142624,-5839.5457529967,0.3304878471008123
PHEN_red_4_cutoff_7.5.inp.out,265.12285568978484,-0.3047,0.1709,18.9706,53.0,-1306.7883425302,35.03222126207468,56.36022309238319,-5613.6274542265,0.2973398384001484
PHEN_red_500_cutoff_7.5.inp.out,268.3676283336937,-0.3066,0.1874,36.3581,52.0,-1307.7202512392,-8.655712722951401,-12.92878260592224,-5538.9131635956,0.296949206899626
PHEN_red_501_cutoff_7.5.inp.out,269.2297046218007,-0.3195,0.1757,34.5489,54.0,-1307.1221779135,-47.99829448205604,-20.755124951306428,-5689.4189642918,0.3044165844994495
PHEN_red_502_cutoff_7.5.inp.out,266.88852794287914,-0.3322,0.1651,29.7686,52.0,-1307.8352817237,-6.662838394505611,-10.99338201421148,-5539.0906207907,0.3166286759005743
PHEN_red_503_cutoff_7.5.inp.out,269.64246694313897,-0.3213,0.1688,29.9589,51.0,-1308.033163541,-66.83765567691134,3.291998889610058,-5463.7721831498,0.3071081522994063
PHEN_red_504_cutoff_7.5.inp.out,267.8765399702654,-0.3203,0.1785,29.9986,53.0,-1307.7712994333,51.03908937798596,-8.079549926399878,-5614.5893293911,0.3069670178001615
PHEN_red_505_cutoff_7.5.inp.out,267.3027944857828,-0.3384,0.1559,31.9064,53.0,-1307.3255944696,18.16481836715337,3.229011527953079,-5614.1407801551,0.3194127528004173
PHEN_red_506_cutoff_7.5.inp.out,269.7236351964578,-0.3269,0.1688,31.2582,53.0,-1307.0075411021,24.609175653441422,13.911643544729715,-5613.8211068631,0.3124537520006925
PHEN_red_507_cutoff_7.5.inp.out,269.1963810083886,-0.3478,0.1414,26.1892,54.0,-1306.6543492789,-5.983682472156129,40.5599330745682,-5689.031585026,0.3294619858997976
PHEN_red_508_cutoff_7.5.inp.out,268.13381928487473,-0.3244,0.1641,15.3544,54.0,-1306.815777023,58.46756204842195,27.881022382734223,-5689.193593885,0.3108376396003223
PHEN_red_509_cutoff_7.5.inp.out,268.419434409649,-0.3133,0.1778,9.0822,54.0,-1306.7709242855,47.96073315024289,10.664465339408354,-5689.1166711984,0.3008982231003756
PHEN_red_50_cutoff_7.5.inp.out,268.36886026730133,-0.344,0.1653,40.5985,53.0,-1306.8941310326,64.28211602811442,19.06522553695646,-5613.754329844,0.3309128600994881
PHEN_red_510_cutoff_7.5.inp.out,267.6099422701969,-0.315,0.1674,10.1079,54.0,-1306.9217234149,-15.39174856597313,0.0504809878721303,-5689.3275013827,0.3017020439001499
PHEN_red_511_cutoff_7.5.inp.out,267.6112481764623,-0.31,0.1734,6.4034,58.0,-1305.6611888221,-26.99774170380283,6.174316063813568,-5990.131999874,0.2949051948999113
PHEN_red_512_cutoff_7.5.inp.out,267.6790333532991,-0.301,0.1745,27.8798,57.0,-1306.0501771179,4.921520073719055,-5.0386008151033455,-5914.9795890526,0.2907172751001781
PHEN_red_513_cutoff_7.5.inp.out,269.31554210254995,-0.293,0.1953,28.0845,55.0,-1306.7113085108,0.3614541601807723,-6.3578774114102545,-5764.6171575458,0.2807458436000161
PHEN_red_514_cutoff_7.5.inp.out,267.40789028609146,-0.308,0.172,28.1134,54.0,-1307.324451765,80.85368476199054,-10.9465976994272,-5689.6476229134,0.2927562958002454
PHEN_red_515_cutoff_7.5.inp.out,270.0500079328652,-0.3153,0.1702,33.4193,57.0,-1306.2764579724,-51.905657875330846,-43.07197602847525,-5915.1988332889,0.2988679917998524
PHEN_red_516_cutoff_7.5.inp.out,269.1665376616514,-0.3158,0.1652,29.1524,56.0,-1305.9743732333,5.076134154568986,5.5150014744281,-5839.261085005,0.3032456296004966
PHEN_red_517_cutoff_7.5.inp.out,268.5357781102376,-0.3185,0.1622,24.8047,52.0,-1307.8901703376,23.087271617841303,43.95671150795244,-5539.0696959823,0.307892255200386
PHEN_red_518_cutoff_7.5.inp.out,269.038321097177,-0.3211,0.1604,38.7016,51.0,-1307.9821189218,41.54333644138853,45.8798045975455,-5463.7135922434,0.3078937266000139
PHEN_red_519_cutoff_7.5.inp.out,267.14249348675526,-0.317,0.155,33.5106,54.0,-1307.0267662771,29.546055175001253,14.258147085805062,-5689.3345834025,0.3038947693003138
PHEN_red_51_cutoff_7.5.inp.out,266.29350618901265,-0.3547,0.1413,33.1833,53.0,-1307.2228381498,-92.1140891552818,72.15856397129168,-5613.9939407796,0.3413266359002591
PHEN_red_520_cutoff_7.5.inp.out,268.4050057526282,-0.3393,0.1486,32.6534,54.0,-1306.8815341155,64.42119052928474,30.352284437555365,-5689.1863654834,0.3224076918995706
PHEN_red_521_cutoff_7.5.inp.out,265.4384538281406,-0.3307,0.1533,35.6519,56.0,-1306.0397434108,27.34586716584917,14.534586404904012,-5839.4762279998,0.3192186263004259
PHEN_red_522_cutoff_7.5.inp.out,267.9738334251799,-0.3411,0.1557,37.8535,57.0,-1306.0959105929,5.00795291082458,41.76899149508853,-5915.0585892195,0.3231410875005167
PHEN_red_523_cutoff_7.5.inp.out,269.9628940275143,-0.3458,0.1484,37.3012,58.0,-1305.7028174623,40.23819160011029,73.08561873688775,-5990.0920719857,0.3258043843006817
PHEN_red_524_cutoff_7.5.inp.out,268.2271457369465,-0.3448,0.1562,24.4953,54.0,-1307.1944827553,18.636469584211422,-2.8740689731164717,-5689.4943438924,0.3227323095998144
PHEN_red_525_cutoff_7.5.inp.out,266.7681422768912,-0.3227,0.1716,39.0221,57.0,-1306.1141706481,83.5308459592312,52.48161995696473,-5915.0603858182,0.309611206500449
PHEN_red_526_cutoff_7.5.inp.out,268.7362808729458,-0.3004,0.1892,35.1498,57.0,-1306.0141968219,97.75701593451468,62.29612968688826,-5914.9910229851,0.2907978992998323
PHEN_red_527_cutoff_7.5.inp.out,269.21089122719735,-0.3016,0.1879,32.0535,55.0,-1306.408774659,71.41821046155027,80.45524131151043,-5764.3400878931,0.2912116051993507
PHEN_red_528_cutoff_7.5.inp.out,269.941733031127,-0.3274,0.1644,33.7049,59.0,-1305.2628288922,24.84156473553532,77.4316250536215,-6065.3127776748,0.3083251952002683
PHEN_red_529_cutoff_7.5.inp.out,268.9291331463272,-0.3218,0.1674,25.0428,57.0,-1305.9089046981,2.75012568316857,21.185156270120775,-5914.8244232946,0.3076447735002148
PHEN_red_52_cutoff_7.5.inp.out,270.10108850991236,-0.3362,0.1578,34.8583,56.0,-1306.2488936094,-48.107788233174354,87.75194190679585,-5839.646290004,0.3166029353997146
PHEN_red_530_cutoff_7.5.inp.out,271.66252640504547,-0.3215,0.1815,26.4125,56.0,-1306.5118868357,102.73878775633212,13.497804165675134,-5839.8734341121,0.2992613589995017
PHEN_red_531_cutoff_7.5.inp.out,268.02093804908435,-0.3081,0.1916,24.6992,55.0,-1307.3888795809,42.282896393277184,13.21874899969078,-5765.2381762417,0.2928440622999915
PHEN_red_532_cutoff_7.5.inp.out,268.45313392393814,-0.3165,0.1827,21.4869,55.0,-1306.7165295343,18.843080499981287,26.342723614135817,-5764.5392445533,0.301938588700068
PHEN_red_533_cutoff_7.5.inp.out,266.2359131796668,-0.3267,0.1526,13.2612,57.0,-1306.4227534262,23.677546621653068,34.329401052143396,-5915.3320797213,0.3150059349000003
PHEN_red_534_cutoff_7.5.inp.out,268.42932923514076,-0.3204,0.1647,24.0965,53.0,-1307.5294035096,-15.179829984741184,49.20015132710966,-5614.3379966166,0.3092003643996577
PHEN_red_535_cutoff_7.5.inp.out,265.56452734409424,-0.3166,0.169,27.2055,53.0,-1307.7354627049,50.43467486782706,45.91469814910723,-5614.4699720744,0.3091693546994065
PHEN_red_536_cutoff_7.5.inp.out,269.85319970714573,-0.3196,0.1708,18.7111,51.0,-1308.5896510606,33.96201215668583,55.27493517182447,-5464.2972417107,0.30982438349929
PHEN_red_537_cutoff_7.5.inp.out,269.61117530320644,-0.3184,0.1706,21.8454,51.0,-1308.1863173161,88.57662371058139,58.29365863711695,-5463.9128126696,0.3078011024999796
PHEN_red_538_cutoff_7.5.inp.out,267.2239148003809,-0.3256,0.1629,17.4784,53.0,-1307.6441412813,48.88888212240776,40.924661254749346,-5614.4195302498,0.3151269787003912
PHEN_red_539_cutoff_7.5.inp.out,269.57565240278655,-0.3123,0.1805,17.0002,52.0,-1307.7068767788,44.71466609773681,44.63354607154798,-5538.9166325299,0.3027078184004494
PHEN_red_53_cutoff_7.5.inp.out,268.79419961558614,-0.3354,0.1677,38.7168,56.0,-1305.9406136397,75.62691571825796,140.90121287437012,-5839.3457411558,0.3218919486007507
PHEN_red_54_cutoff_7.5.inp.out,269.2244651422449,-0.3282,0.1621,29.2606,54.0,-1306.4889831606,29.565956734519364,61.22477732403891,-5688.869748896,0.312825072400301
PHEN_red_55_cutoff_7.5.inp.out,268.87298930042516,-0.3235,0.1737,32.7193,58.0,-1305.3734875787,35.6131276606147,97.03308377350452,-5989.8183436463,0.3059040354000899
PHEN_red_56_cutoff_7.5.inp.out,269.0629779084375,-0.3022,0.1783,30.0443,60.0,-1304.5658575833,53.68393529808185,38.05145457014739,-6140.00883833,0.2907349775996408
PHEN_red_57_cutoff_7.5.inp.out,268.7226876014893,-0.327,0.1596,24.6018,63.0,-1304.1181637879,91.33154056834888,72.75755357819757,-6366.1799699465,0.3069882411000435
PHEN_red_58_cutoff_7.5.inp.out,268.1833097283462,-0.354,0.1325,21.8522,57.0,-1305.7927828742,70.29056601184745,61.50573580807579,-5914.6871955605,0.3391353273000277
PHEN_red_59_cutoff_7.5.inp.out,268.36740096714067,-0.313,0.1748,32.1035,56.0,-1306.1518164927,141.37878017721755,74.23382079602096,-5839.5378529355,0.2974731285003145
PHEN_red_5_cutoff_7.5.inp.out,267.1569160651011,-0.3289,0.1468,22.2481,54.0,-1306.5116517037,11.791719983667454,47.571356189364984,-5688.8440707807,0.3129140209002798
PHEN_red_60_cutoff_7.5.inp.out,267.7355160655727,-0.3366,0.1477,32.2032,53.0,-1307.2006451344,39.7917663239158,108.5399734689782,-5613.9659911912,0.3209661364999192
PHEN_red_61_cutoff_7.5.inp.out,270.00511301105706,-0.3045,0.1711,29.3785,48.0,-1308.2603149367,42.715653923841714,109.24820518682132,-5237.3045663812,0.2927799625003899
PHEN_red_62_cutoff_7.5.inp.out,269.1994378475143,-0.3293,0.1684,39.1909,46.0,-1309.3034131329,46.22975293489199,141.6880818240948,-5087.3360052595,0.3172644743999626
PHEN_red_63_cutoff_7.5.inp.out,269.28184420647653,-0.3371,0.1508,39.2221,49.0,-1308.3130313875,78.06188647770115,143.21963896283097,-5312.9200687539,0.3208991361998414
PHEN_red_64_cutoff_7.5.inp.out,269.3882886761147,-0.2954,0.1829,36.5327,52.0,-1306.9079751603,91.91655641065412,94.48973336732556,-5538.1089646053,0.2803031861003546
PHEN_red_65_cutoff_7.5.inp.out,266.5118410191188,-0.2949,0.1799,46.4411,52.0,-1307.2786735047,141.60007042799052,240.1274775897435,-5538.4371567919,0.2841070546000992
PHEN_red_66_cutoff_7.5.inp.out,271.06884121097335,-0.3421,0.1441,34.5669,50.0,-1307.9935348148,36.658139421200225,96.24381573946728,-5388.0892008027,0.3189410113000122
PHEN_red_67_cutoff_7.5.inp.out,266.9346794755761,-0.3078,0.1821,33.1849,51.0,-1307.6235389443,98.1109934045354,37.28851653084695,-5463.3408922319,0.2989696384993294
PHEN_red_68_cutoff_7.5.inp.out,267.38942307054776,-0.2961,0.1856,30.5908,49.0,-1308.3740092579,105.25970430443198,25.362230367668683,-5313.0373837719,0.2875120737999168
PHEN_red_69_cutoff_7.5.inp.out,269.39795028214303,-0.3377,0.1497,30.7294,53.0,-1306.8966430166,-18.7236435938688,-57.93308007923688,-5613.644129839,0.3208577156001411
PHEN_red_6_cutoff_7.5.inp.out,267.05423112168484,-0.3503,0.1379,19.6866,51.0,-1307.4392958833,88.9119059715031,47.86083754453111,-5463.1460627775,0.334539864900762
PHEN_red_70_cutoff_7.5.inp.out,267.1932225762629,-0.3519,0.1394,24.6509,54.0,-1306.7694877559,-27.723046452768106,-22.960285859581504,-5688.9822577171,0.3283704303994454
PHEN_red_71_cutoff_7.5.inp.out,269.9084746658669,-0.3138,0.1639,33.4589,54.0,-1306.5274247947,6.406885767976785,81.10736693855414,-5688.8132558451,0.300786914100172
PHEN_red_72_cutoff_7.5.inp.out,267.25674713996966,-0.3146,0.173,28.4076,55.0,-1306.7928837639,47.646117073757274,66.47308690507398,-5764.6160459923,0.3033316236005703
PHEN_red_73_cutoff_7.5.inp.out,268.8268186162693,-0.3401,0.1436,34.9121,55.0,-1306.3040464271,146.82738045909238,102.4162976876184,-5764.1938163436,0.320452574799674
PHEN_red_74_cutoff_7.5.inp.out,267.74392380568975,-0.3469,0.1385,27.8571,53.0,-1306.9759908188,-8.460207784312699,62.00055172724838,-5613.7745670007,0.3309507149997444
PHEN_red_75_cutoff_7.5.inp.out,268.0336330835899,-0.3382,0.1508,29.8429,54.0,-1306.2561793115,-7.237433964257399,-20.305075482923716,-5688.5900075791,0.3256787566997445
PHEN_red_76_cutoff_7.5.inp.out,269.6966736052383,-0.3444,0.1399,27.5988,56.0,-1306.0972771421,-7.455250242729266,-13.679829670675666,-5839.4914471215,0.3310243051000725
PHEN_red_77_cutoff_7.5.inp.out,267.3336773571739,-0.3151,0.1768,38.841,53.0,-1307.2506283997,41.33733845349811,-22.950097879548764,-5614.0821813769,0.3067697001997658
PHEN_red_78_cutoff_7.5.inp.out,269.8378237543909,-0.3233,0.1563,49.7173,57.0,-1305.7365142183,-2.085078931680266,-35.579064952012274,-5914.6926458792,0.310538823099705
PHEN_red_79_cutoff_7.5.inp.out,268.1339739855895,-0.3075,0.1741,49.195,53.0,-1306.9863068454,-21.017473056546592,-17.701893013658474,-5613.7780052023,0.2989314444002957
PHEN_red_7_cutoff_7.5.inp.out,267.7463695583695,-0.2948,0.1906,29.253,56.0,-1306.134030532,58.650887552480405,92.27027153918344,-5839.4735592796,0.288128100499307
PHEN_red_80_cutoff_7.5.inp.out,268.9512252606576,-0.3062,0.1868,45.5411,50.0,-1308.0946629284,-6.596504627491,-16.965211341921712,-5388.3347220142,0.2954360003004694
PHEN_red_81_cutoff_7.5.inp.out,267.98073587039516,-0.3189,0.1771,44.6713,52.0,-1307.5018562221,40.06266664213628,52.8596515633427,-5538.7987931847,0.3057773127002292
PHEN_red_82_cutoff_7.5.inp.out,269.0724860705679,-0.3152,0.1853,46.0314,50.0,-1307.6824588812,44.43210192797452,33.83055195149428,-5387.8988739245,0.3007226061999972
PHEN_red_83_cutoff_7.5.inp.out,266.9274650794231,-0.2942,0.1943,43.826,51.0,-1307.5855312259,34.376356904179715,-52.60598055244009,-5463.3795413379,0.2894126443998175
PHEN_red_84_cutoff_7.5.inp.out,266.3334253947417,-0.3346,0.154,41.7491,51.0,-1307.595114341,-27.592991661169957,-39.61379856348892,-5463.2841074116,0.3256275372004893
PHEN_red_85_cutoff_7.5.inp.out,267.8867148774058,-0.3328,0.1569,45.8099,52.0,-1307.0078359244,2.61931730448899,-16.57948825200612,-5538.2468405989,0.3183674579995568
PHEN_red_86_cutoff_7.5.inp.out,269.148448165646,-0.3266,0.1686,42.1342,54.0,-1306.4617021867,76.28057985421499,19.46577063855824,-5688.7822861864,0.3101421087003473
PHEN_red_87_cutoff_7.5.inp.out,267.9572912323965,-0.3436,0.1474,44.7204,53.0,-1306.8551951988,74.45402398416245,25.243438635131515,-5613.6328460179,0.3273328919003688
PHEN_red_88_cutoff_7.5.inp.out,268.7401485720726,-0.2994,0.1815,33.0203,50.0,-1307.9084140566,94.74300537551726,-11.493548298566592,-5388.1321609463,0.2898221654995723
PHEN_red_89_cutoff_7.5.inp.out,268.472086031733,-0.2996,0.181,37.1359,49.0,-1308.4739315571,116.04715318300228,-6.621611495045186,-5313.1123227595,0.2920542384999862
PHEN_red_8_cutoff_7.5.inp.out,268.90148188575756,-0.3177,0.1822,18.1548,58.0,-1305.4509293709,34.86774370635091,32.273297192761646,-5989.8590545013,0.3000855490008689
PHEN_red_90_cutoff_7.5.inp.out,271.1564919728168,-0.3258,0.163,12.916,50.0,-1307.9926333331,14.672678541253708,28.592447596790727,-5388.2638383224,0.3113655841998479
PHEN_red_91_cutoff_7.5.inp.out,263.32580043721134,-0.3018,0.1736,29.5163,50.0,-1307.9801252629,9.302979447121244,24.2531750308551,-5388.2348831065,0.2969043682996926
PHEN_red_92_cutoff_7.5.inp.out,270.14744743744654,-0.3249,0.1759,27.464,50.0,-1308.0244642611,-16.24144095826155,-35.295599519696374,-5388.265466783,0.3124708483001086
PHEN_red_93_cutoff_7.5.inp.out,264.89772373210724,-0.3074,0.1719,31.1802,55.0,-1306.5512780455,-2.6925810457766186,-53.036195555904115,-5764.5194020206,0.297362845999487
PHEN_red_94_cutoff_7.5.inp.out,267.7189168363341,-0.3064,0.17,34.5617,53.0,-1307.0240974595,-15.430362911446547,-61.4542424572206,-5613.8975856103,0.292452325400518
PHEN_red_95_cutoff_7.5.inp.out,267.1313814559963,-0.3323,0.1461,33.9988,53.0,-1307.1222954177,38.04046772459644,62.86132371850083,-5613.9782513547,0.318883370399817
PHEN_red_96_cutoff_7.5.inp.out,266.1980838657258,-0.3282,0.1564,37.4398,53.0,-1307.1332529711,-85.2432000208689,-67.44523977680531,-5613.9960461053,0.3169332141997074
PHEN_red_97_cutoff_7.5.inp.out,269.7555912052347,-0.3204,0.1778,31.3708,54.0,-1307.0409212943,-48.0396508762482,-59.84177980995144,-5689.4328129431,0.3078263684001285
PHEN_red_98_cutoff_7.5.inp.out,265.65759464468204,-0.3245,0.1642,24.9994,53.0,-1307.09710275,-12.128311168798824,-37.76626588775035,-5613.9566351631,0.3186994226998649
PHEN_red_99_cutoff_7.5.inp.out,271.39342282555384,-0.3137,0.1749,32.7635,53.0,-1307.6019084223,31.334941384810964,49.10597878283694,-5614.4327634098,0.3015108195004359
PHEN_red_9_cutoff_7.5.inp.out,269.17430433815895,-0.3101,0.1767,12.8314,56.0,-1306.0592970102,10.91942707649083,4.627207969818535,-5839.4640519972,0.2986656490002133
