file_name,NRE,HOMO,LUMO,Dipole_mom,Num_waters,chg_chg,elec5,elec10,SCF_E,delE_dft
PHEN_red_0_cutoff_0.0.inp.out,268.80975433959213,-0.325,0.1705,1.7148,0.0,-1325.5321475615,0.4871570886779889,1.4782693223528574,-1629.1198664695,0.309295896599906
PHEN_red_100_cutoff_0.0.inp.out,271.29395740543663,-0.3275,0.1752,1.9522,0.0,-1325.5349116054,0.3165059507662944,1.6157742344182608,-1629.1273644683,0.311020858500342
PHEN_red_101_cutoff_0.0.inp.out,268.35544735862095,-0.3405,0.1565,2.0703,0.0,-1325.912628599,0.8572165300778221,4.329283494909323,-1629.4965833483,0.3216970737003066
PHEN_red_102_cutoff_0.0.inp.out,272.3425912675193,-0.3426,0.159,1.7231,0.0,-1325.4632551969,-0.6626618988863209,-1.1829684098665263,-1629.0421319925,0.3209734435004066
PHEN_red_103_cutoff_0.0.inp.out,266.6277453014414,-0.3291,0.1526,1.9918,0.0,-1325.9015127738,5.187645253594011,8.068320230936902,-1629.4776676174,0.3078252719997181
PHEN_red_104_cutoff_0.0.inp.out,269.70448518737487,-0.3282,0.1644,1.7627,0.0,-1325.3429400759,2.927722048416126,6.011720171340529,-1628.9156125016,0.302204014599738
PHEN_red_105_cutoff_0.0.inp.out,265.7586834118524,-0.307,0.1737,2.0496,0.0,-1325.9059833466,-0.5202968073076025,1.278150114835693,-1629.4789000921,0.294885526199323
PHEN_red_106_cutoff_0.0.inp.out,266.18153520612884,-0.3179,0.1561,1.9433,0.0,-1325.2901170152,2.729204666884669,1.5423049544979313,-1628.8792385151,0.3059760029991594
PHEN_red_107_cutoff_0.0.inp.out,267.5575070821116,-0.3584,0.1368,1.7906,0.0,-1325.8803511208,0.1252585937393867,0.2738448282735733,-1629.4653468068,0.3298853849000807
PHEN_red_108_cutoff_0.0.inp.out,266.2869990477444,-0.3246,0.1617,1.5646,0.0,-1325.5152328643,2.4016548026628106,1.163124034880099,-1629.099126999,0.308813300899601
PHEN_red_109_cutoff_0.0.inp.out,268.0026345039382,-0.3229,0.1669,1.2717,0.0,-1325.3280688919,5.34978020203709,2.743282450656916,-1628.9170012457,0.3060394906005967
PHEN_red_10_cutoff_0.0.inp.out,270.4681737856302,-0.3284,0.1658,2.2587,0.0,-1325.4494699399,-0.0292560178633504,2.767178596402297,-1629.0475898542,0.3046011752003323
PHEN_red_110_cutoff_0.0.inp.out,265.19043706152127,-0.3411,0.1453,1.9047,0.0,-1325.5355991088,1.2585102423524102,-0.2480407147826671,-1629.1165881243,0.3247412407999945
PHEN_red_111_cutoff_0.0.inp.out,267.09285406687445,-0.3269,0.1532,2.0314,0.0,-1325.6692751002,0.8959954975706164,-0.3856958165832482,-1629.2341318127,0.3078256077997139
PHEN_red_112_cutoff_0.0.inp.out,267.2774300612059,-0.3341,0.1542,2.4732,0.0,-1325.825315147,1.293580895849879,2.0750566653374056,-1629.408462704,0.3144479172997307
PHEN_red_113_cutoff_0.0.inp.out,266.1933483130303,-0.3361,0.1504,2.6553,0.0,-1325.4675222148,-0.7590219289081475,-1.1815881995846635,-1629.0588310611,0.3181962871994983
PHEN_red_114_cutoff_0.0.inp.out,268.13513544430026,-0.3462,0.1382,2.6656,0.0,-1325.7125286265,-0.1886250835240139,-6.191162638507566,-1629.3015860173,0.3270303239996792
PHEN_red_115_cutoff_0.0.inp.out,267.7593791500172,-0.3403,0.158,2.5902,0.0,-1325.4013455979,2.706693099631146,-3.6276565909398353,-1629.0129169624,0.3202518807993328
PHEN_red_116_cutoff_0.0.inp.out,269.2653628414209,-0.3262,0.171,2.5074,0.0,-1325.4055053861,-2.1115457297669016,-1.221263795583304,-1629.0143475824,0.3119728093997764
PHEN_red_117_cutoff_0.0.inp.out,269.6550996011005,-0.3344,0.1585,2.526,0.0,-1325.2335311268,0.4165759270200033,0.5505690673787621,-1628.8203542205,0.3152227379996475
PHEN_red_118_cutoff_0.0.inp.out,267.7712138428836,-0.2948,0.2008,2.3178,0.0,-1325.1258710161,6.017180588995036,0.7886120959075118,-1628.714790951,0.2801060383999356
PHEN_red_119_cutoff_0.0.inp.out,269.78093150329653,-0.341,0.1586,2.3009,0.0,-1325.4756478167,7.247089954297046,11.96738652988765,-1629.0590712052,0.3197098924001693
PHEN_red_11_cutoff_0.0.inp.out,268.29721218919286,-0.3318,0.1657,2.0881,0.0,-1325.715106293,0.2041151219201038,-0.5971776482927444,-1629.3113704081,0.3086670189995857
PHEN_red_120_cutoff_0.0.inp.out,266.6080369546541,-0.3119,0.1759,2.0162,0.0,-1325.1629501628,9.658845199272765,6.308236741436712,-1628.7411839653,0.2925413652992574
PHEN_red_121_cutoff_0.0.inp.out,266.0658781591054,-0.3296,0.1591,1.9619,0.0,-1325.393442859,7.5443120580836736,7.915096729697941,-1628.9593465297,0.3096788657994693
PHEN_red_122_cutoff_0.0.inp.out,268.43791333816694,-0.3427,0.1518,2.0821,0.0,-1325.4205254092,5.101644108298736,3.476383832268673,-1628.9982268204,0.3168121240005348
PHEN_red_123_cutoff_0.0.inp.out,265.3373361946604,-0.3161,0.1606,2.1114,0.0,-1325.7972852449,-1.462584855905214,-4.346613668774552,-1629.3779385415,0.3028146882998044
PHEN_red_124_cutoff_0.0.inp.out,269.9299937514498,-0.3288,0.1622,2.6575,0.0,-1325.4953914178,-4.125555924480943,-5.5141583380124874,-1629.0922935134,0.3025475998001639
PHEN_red_125_cutoff_0.0.inp.out,264.8408416481427,-0.3499,0.1265,2.7083,0.0,-1325.4903927066,-7.220725277545411,-4.597824849526104,-1629.0719435586,0.3259782098002688
PHEN_red_126_cutoff_0.0.inp.out,266.96998647952506,-0.3309,0.1516,2.7183,0.0,-1325.4646951425,-5.373321646982558,-6.046647123050126,-1629.051571097,0.3131726600995534
PHEN_red_127_cutoff_0.0.inp.out,268.364485421924,-0.3208,0.1821,2.1379,0.0,-1325.575907639,1.7709487041116905,0.7208924212146737,-1629.1525757899,0.3073178161002943
PHEN_red_128_cutoff_0.0.inp.out,268.21369812493555,-0.3167,0.1704,2.572,0.0,-1325.6948211649,-1.4230769273715655,-3.416237841841885,-1629.2814651721,0.3017132968998339
PHEN_red_129_cutoff_0.0.inp.out,269.99139913625845,-0.3136,0.1804,2.3992,0.0,-1325.3017713941,-1.26762895577786,-5.778853051695039,-1628.8934410255,0.2976625864994275
PHEN_red_12_cutoff_0.0.inp.out,269.1414070146536,-0.3668,0.1242,2.3172,0.0,-1325.6600161756,-0.0235122150523251,1.9136390841418776,-1629.2484593757,0.3455642480003007
PHEN_red_130_cutoff_0.0.inp.out,265.36343161847867,-0.3493,0.1445,2.6448,0.0,-1325.7132419168,-2.9854207887756066,-6.283556536566994,-1629.2875349934,0.3265022484001747
PHEN_red_131_cutoff_0.0.inp.out,269.7634353072797,-0.3122,0.1787,2.6221,0.0,-1326.1115789713,1.1513489120596323,-4.878399499520984,-1629.7057749212,0.2918364437000491
PHEN_red_132_cutoff_0.0.inp.out,269.2212597337956,-0.3097,0.1705,2.4406,0.0,-1325.7302059137,-0.3826158431960906,-6.620592026346897,-1629.3063545878,0.2947988373998669
PHEN_red_133_cutoff_0.0.inp.out,268.3510720225034,-0.3119,0.1765,2.2967,0.0,-1326.076025402,3.304498642269974,-4.610028285267487,-1629.6488245581,0.2928870474997893
PHEN_red_134_cutoff_0.0.inp.out,270.1260621859422,-0.328,0.1637,1.796,0.0,-1325.6783113157,4.1199860969148006,1.768835401567121,-1629.2589596342,0.3079969700002039
PHEN_red_135_cutoff_0.0.inp.out,267.1519628462377,-0.3285,0.1585,2.2633,0.0,-1325.8856050582,-0.1848350090719421,-3.4927116871446886,-1629.4586194226,0.3112199668003086
PHEN_red_136_cutoff_0.0.inp.out,270.4333498692773,-0.3123,0.1751,1.7682,0.0,-1325.9388017701,2.770526758403862,1.9733534925998517,-1629.5182854554,0.2975955771998997
PHEN_red_137_cutoff_0.0.inp.out,266.6879642245844,-0.3367,0.1526,2.3614,0.0,-1325.8566095523,2.9559478799362418,-1.24899410351268,-1629.4395867555,0.3251282077999349
PHEN_red_138_cutoff_0.0.inp.out,269.25788924930725,-0.3423,0.1432,2.2697,0.0,-1325.786156719,0.8415056707828342,-2.4333421921329865,-1629.3728029161,0.3254618075006874
PHEN_red_139_cutoff_0.0.inp.out,268.8646422197276,-0.3455,0.1486,1.9718,0.0,-1326.038577309,1.7203821356515654,-3.4369315338867223,-1629.62437939,0.323600832000011
PHEN_red_13_cutoff_0.0.inp.out,269.3131637583003,-0.3444,0.1364,1.9762,0.0,-1325.8544153167,-1.7341031390207085,0.4452934087889017,-1629.4451217155,0.327090660700378
PHEN_red_140_cutoff_0.0.inp.out,264.4783523906225,-0.3158,0.1569,1.6462,0.0,-1325.6547097446,6.639740021262837,1.155106731657911,-1629.2319938317,0.303956831799951
PHEN_red_141_cutoff_0.0.inp.out,269.843124852553,-0.331,0.1551,1.8435,0.0,-1325.6798648019,2.7605574409052727,-1.6003056576512102,-1629.2606493961,0.3146866338001928
PHEN_red_142_cutoff_0.0.inp.out,263.52090631930156,-0.3345,0.1504,2.301,0.0,-1325.7350207398,2.676192801226462,-0.91495801927956,-1629.3168144197,0.3163143627998579
PHEN_red_143_cutoff_0.0.inp.out,270.0001136303033,-0.3427,0.1538,2.0414,0.0,-1325.5955662587,-1.1354974954326893,-2.6627866465013117,-1629.1793437982,0.318935886500185
PHEN_red_144_cutoff_0.0.inp.out,266.0751982195077,-0.3183,0.1646,1.6809,0.0,-1325.8306294376,-1.4192891796828175,-3.0444144724806197,-1629.4279292123,0.3024605079999674
PHEN_red_145_cutoff_0.0.inp.out,267.66587516463704,-0.321,0.1721,2.2837,0.0,-1325.6168816279,4.5794627743817795,-2.873233294580825,-1629.2143461479,0.3001719374005915
PHEN_red_146_cutoff_0.0.inp.out,268.29171763742386,-0.3608,0.1319,1.7964,0.0,-1325.8299954821,-2.5008203338203305,-4.150660314281159,-1629.4214470292,0.3360984831997484
PHEN_red_147_cutoff_0.0.inp.out,268.06399258794124,-0.3411,0.1551,2.1435,0.0,-1325.291831261,4.958097321200066,0.8340384466967126,-1628.8916358293,0.324463371100137
PHEN_red_148_cutoff_0.0.inp.out,269.5300425071959,-0.3377,0.1558,1.9715,0.0,-1325.7883700094,0.25121666673055,-4.180410394994593,-1629.3849932735,0.3147173739007485
PHEN_red_149_cutoff_0.0.inp.out,268.7446452601649,-0.3265,0.172,2.7602,0.0,-1326.0132233247,0.4725789201071265,-3.350368248578008,-1629.6127684707,0.3055998410000029
PHEN_red_14_cutoff_0.0.inp.out,267.6571930576898,-0.3232,0.1687,1.7531,0.0,-1325.8742620103,2.9218419821784334,2.3854234686160267,-1629.4816663047,0.3095585362007114
PHEN_red_150_cutoff_0.0.inp.out,269.0055676344042,-0.3338,0.1629,2.4287,0.0,-1325.5660194129,3.6328312332660087,-1.3039055436558395,-1629.1591306805,0.3146164851996218
PHEN_red_151_cutoff_0.0.inp.out,267.03883573010773,-0.3453,0.1393,1.8129,0.0,-1325.8852382396,2.9661712789895005,1.986292525084248,-1629.4782690415,0.3241981829996803
PHEN_red_152_cutoff_0.0.inp.out,268.7540846148026,-0.3201,0.168,1.545,0.0,-1325.7937485888,1.7017157698434082,-0.5220721638810576,-1629.3885951106,0.3017113300002165
PHEN_red_153_cutoff_0.0.inp.out,266.4731078843639,-0.3303,0.1486,1.5527,0.0,-1325.8639587485,2.803539236130809,-0.8570734174316604,-1629.45255429,0.3175714408998829
PHEN_red_154_cutoff_0.0.inp.out,267.71583668103295,-0.3248,0.1627,2.0241,0.0,-1326.1196924524,2.273568138648679,1.6010371378507209,-1629.7085556777,0.3115068913002687
PHEN_red_155_cutoff_0.0.inp.out,269.3008612469758,-0.3365,0.155,2.0445,0.0,-1325.4585312264,4.006610530012847,1.533346029603976,-1629.0584614336,0.3131097384994064
PHEN_red_156_cutoff_0.0.inp.out,269.48315360163275,-0.3616,0.1423,2.4404,0.0,-1325.6051741215,2.507072003868922,2.3535587725090727,-1629.1974321352,0.3397533260003911
PHEN_red_157_cutoff_0.0.inp.out,268.6512141539863,-0.3207,0.1731,2.5619,0.0,-1326.3014759517,0.7226678355444727,-1.8827446313588183,-1629.9051463672,0.2969326412003283
PHEN_red_158_cutoff_0.0.inp.out,269.47856579002524,-0.3437,0.1515,1.8168,0.0,-1325.412311444,2.234304770091742,-0.1109032741446824,-1628.9958818622,0.3207138991001557
PHEN_red_159_cutoff_0.0.inp.out,267.1277514175507,-0.3173,0.1692,2.5775,0.0,-1325.7123148901,2.649065812426704,-0.7707737400051254,-1629.298709288,0.3007533741993029
PHEN_red_15_cutoff_0.0.inp.out,269.4542038117227,-0.3402,0.1575,1.4541,0.0,-1325.7540351937,2.941890813009624,2.586024518282764,-1629.3386246235,0.3269808645000012
PHEN_red_160_cutoff_0.0.inp.out,268.71968407110984,-0.342,0.152,2.506,0.0,-1325.7193194386,-4.414123974135941,-8.22536527587596,-1629.3182649763,0.3213631966000321
PHEN_red_161_cutoff_0.0.inp.out,266.9867906875505,-0.3095,0.173,2.4836,0.0,-1325.5760777285,1.429219250932487,0.198902047812604,-1629.1576307304,0.2970318956004121
PHEN_red_162_cutoff_0.0.inp.out,270.1492031973188,-0.326,0.1625,2.9391,0.0,-1325.3978766816,2.07795176149436,-1.2203692565227058,-1628.9819078333,0.3028566094999405
PHEN_red_163_cutoff_0.0.inp.out,266.95096260326534,-0.3335,0.1565,2.5042,0.0,-1325.3555041527,1.7302959509704738,0.5441286114213653,-1628.9438800122,0.3093316235999737
PHEN_red_164_cutoff_0.0.inp.out,268.57596781925037,-0.3112,0.1703,2.2138,0.0,-1325.0996977897,1.670151175024707,0.963554004354236,-1628.6905739476,0.2921963641001639
PHEN_red_165_cutoff_0.0.inp.out,267.27898760185286,-0.3293,0.1626,2.2113,0.0,-1325.3165194545,3.772969044087472,-0.0613780842696233,-1628.8974759846,0.3116237642998385
PHEN_red_166_cutoff_0.0.inp.out,268.2999287379761,-0.3398,0.1548,2.0726,0.0,-1325.3278579704,3.4959960213683554,1.8766371427915032,-1628.9137274829,0.3193120189998808
PHEN_red_167_cutoff_0.0.inp.out,265.46099848862957,-0.3202,0.1534,2.5701,0.0,-1325.3154374574,3.223768375223822,1.4307194894734374,-1628.894727163,0.3053349396996054
PHEN_red_168_cutoff_0.0.inp.out,268.6546481682841,-0.3269,0.1666,1.8037,0.0,-1325.1327483442,3.5474938516974968,1.920651811665056,-1628.729930823,0.3090738601003977
PHEN_red_169_cutoff_0.0.inp.out,267.6926244433743,-0.309,0.1748,2.1429,0.0,-1325.4470258708,2.1205350489840997,3.320814758650375,-1629.0358234975,0.2910724194998693
PHEN_red_16_cutoff_0.0.inp.out,265.6402658469714,-0.3151,0.1736,1.9479,0.0,-1325.7175943988,1.4846838099932964,0.3795060286254968,-1629.3012021168,0.3078181632999985
PHEN_red_170_cutoff_0.0.inp.out,269.4961654896217,-0.2986,0.206,2.0127,0.0,-1325.3647019856,7.0194253279635905,5.045596472487356,-1628.945523188,0.2742466782001429
PHEN_red_171_cutoff_0.0.inp.out,270.0263471997403,-0.3111,0.1802,2.0642,0.0,-1325.4234429684,3.692454434516823,1.5241896865422615,-1629.0124960245,0.2854619059999095
PHEN_red_172_cutoff_0.0.inp.out,268.6447595982779,-0.2987,0.194,1.9721,0.0,-1325.0867366463,2.968274893518346,0.3588493427237357,-1628.6639211893,0.2807927096000639
PHEN_red_173_cutoff_0.0.inp.out,271.576952740538,-0.3107,0.194,2.4383,0.0,-1325.59236948,2.183859956727326,2.4674376321608893,-1629.1758643363,0.2886858360998303
PHEN_red_174_cutoff_0.0.inp.out,269.07317277043865,-0.3292,0.1676,2.2552,0.0,-1325.3649514658,4.687028674046644,4.311485410954912,-1628.9448954229,0.2996427519001372
PHEN_red_175_cutoff_0.0.inp.out,270.9502437468676,-0.3332,0.1687,2.7341,0.0,-1325.8076762897,-3.095007160030378,-0.6300687033523604,-1629.4048323768,0.310778454899264
PHEN_red_176_cutoff_0.0.inp.out,269.213505214572,-0.3375,0.161,2.8547,0.0,-1325.7759745673,10.870784098006911,14.604814409549972,-1629.3653440382,0.31528621940015
PHEN_red_177_cutoff_0.0.inp.out,270.90190480897996,-0.3398,0.1582,2.4557,0.0,-1325.6459005166,3.2898827637089267,2.730478842192166,-1629.232390254,0.3220594289005021
PHEN_red_178_cutoff_0.0.inp.out,269.89970688128057,-0.343,0.1488,2.2724,0.0,-1325.8023652277,6.579360863041757,6.298784333221882,-1629.3873820175,0.3242292520999399
PHEN_red_179_cutoff_0.0.inp.out,266.7064915621924,-0.3073,0.1862,2.118,0.0,-1325.8149191014,3.927618425819298,1.0588658595851688,-1629.394419447,0.2897789174003264
PHEN_red_17_cutoff_0.0.inp.out,266.6220388885959,-0.3279,0.1501,1.8655,0.0,-1325.8328640393,2.936115437606105,6.361317944067148,-1629.4145681496,0.3152450858005977
PHEN_red_180_cutoff_0.0.inp.out,269.77218003123886,-0.3189,0.1614,2.0344,0.0,-1325.653443279,4.1570080273614325,1.8771396495318184,-1629.2374461795,0.2984686241998133
PHEN_red_181_cutoff_0.0.inp.out,264.91853250932417,-0.3459,0.1494,2.1647,0.0,-1325.744441943,-0.5714677479148067,-0.0542398660595118,-1629.3292819731,0.3277186684008484
PHEN_red_182_cutoff_0.0.inp.out,268.2149440691128,-0.3281,0.1541,2.1157,0.0,-1325.9909400028,1.616822755473151,2.608127186150419,-1629.5869955782,0.3053282848004528
PHEN_red_183_cutoff_0.0.inp.out,265.89106399105935,-0.3153,0.1666,2.0679,0.0,-1325.6218536448,6.122017552882359,1.6278497697953107,-1629.2089752653,0.3057393400995352
PHEN_red_184_cutoff_0.0.inp.out,267.0484409277353,-0.3384,0.1396,1.644,0.0,-1325.7376415251,6.938908941590578,4.192611246896226,-1629.3206891642,0.317761154999971
PHEN_red_185_cutoff_0.0.inp.out,267.0817997457049,-0.3173,0.1783,2.6634,0.0,-1326.0065802942,4.9455176557238945,4.604795227586267,-1629.5979666471,0.3037289880994649
PHEN_red_186_cutoff_0.0.inp.out,266.63691674028365,-0.3393,0.1418,2.1335,0.0,-1325.5540283767,2.0601863111022465,3.315586667845552,-1629.1457704532,0.326471502899949
PHEN_red_187_cutoff_0.0.inp.out,266.282753096673,-0.3153,0.1651,2.1567,0.0,-1326.163323375,5.109353637879626,3.8380395257518134,-1629.7556551312,0.3019058370000493
PHEN_red_188_cutoff_0.0.inp.out,268.10945202604034,-0.3308,0.1647,2.5324,0.0,-1325.8942254746,-3.1837196898226385,-3.8693681741349346,-1629.490986322,0.3157109810999827
PHEN_red_189_cutoff_0.0.inp.out,265.3665944468791,-0.3278,0.1535,1.5111,0.0,-1325.3085442572,1.2735935382236094,-3.12076154435826,-1628.8960552927,0.3148977767004908
PHEN_red_18_cutoff_0.0.inp.out,268.85798963213625,-0.338,0.1464,1.4902,0.0,-1325.4117378009,1.965888984467028,2.1390181942406463,-1629.0051073357,0.3180652620003457
PHEN_red_190_cutoff_0.0.inp.out,268.2620197594012,-0.3551,0.1387,2.1349,0.0,-1325.9301327959,3.95431648205996,1.1906421822231026,-1629.5102635294,0.3348584776003918
PHEN_red_191_cutoff_0.0.inp.out,265.0388786161943,-0.3368,0.1508,2.0091,0.0,-1325.5190852,2.061524759060389,-4.559735582909056,-1629.1047315659,0.319398989399815
PHEN_red_192_cutoff_0.0.inp.out,267.6805835893198,-0.359,0.1249,1.6466,0.0,-1325.8459036932,-1.2081983471831306,-4.323966529358137,-1629.4346757115,0.3421186210998712
PHEN_red_193_cutoff_0.0.inp.out,266.5327648297074,-0.3188,0.1604,2.4514,0.0,-1325.7698253417,-1.2356912127359554,-6.118528417844975,-1629.3677039569,0.3024537892006265
PHEN_red_194_cutoff_0.0.inp.out,266.2478315670161,-0.3347,0.1457,2.3836,0.0,-1325.8512471953,3.1969825617065233,-0.1646272356022591,-1629.428631434,0.3224965497001903
PHEN_red_195_cutoff_0.0.inp.out,267.9448052990028,-0.3195,0.1591,2.3687,0.0,-1326.0409469728,2.0454267283773415,-0.6965402659743288,-1629.6265965663,0.3010991567998644
PHEN_red_196_cutoff_0.0.inp.out,267.790342995078,-0.3291,0.1538,2.069,0.0,-1325.7275982275,3.218076214133853,1.4694972489774396,-1629.3125426807,0.3214501555003153
PHEN_red_197_cutoff_0.0.inp.out,268.3826572581416,-0.3532,0.1515,2.5716,0.0,-1325.7751312789,-1.5639672815703074,-6.4232287473429475,-1629.3649359448,0.3305849653006589
PHEN_red_198_cutoff_0.0.inp.out,267.96806898629535,-0.3336,0.1664,2.3469,0.0,-1325.5456944741,2.353644262874225,2.315685486619457,-1629.1327795468,0.3175962508994416
PHEN_red_199_cutoff_0.0.inp.out,268.4132131454319,-0.3251,0.162,1.786,0.0,-1325.5806492745,-3.2259910210709277,-1.6563405262092068,-1629.1621605609,0.3087906639993889
PHEN_red_19_cutoff_0.0.inp.out,266.7799813983336,-0.3378,0.1494,1.2949,0.0,-1325.2656927637,2.065916681465215,4.365700820738775,-1628.8442644889,0.3143076929000017
PHEN_red_1_cutoff_0.0.inp.out,267.0377454812243,-0.345,0.1487,1.6986,0.0,-1325.6982312682,1.0582078138637234,0.0746509815274548,-1629.2763399232,0.3253471486996204
PHEN_red_200_cutoff_0.0.inp.out,270.14907161549235,-0.3128,0.1925,1.8518,0.0,-1325.868025725,-2.9209226151199337,-6.674339206012146,-1629.4481116475,0.3029750542000329
PHEN_red_201_cutoff_0.0.inp.out,267.42068267028134,-0.3051,0.1842,2.5607,0.0,-1325.5664223444,-4.646846666528573,-11.74676134573922,-1629.1557592085,0.2930629758002396
PHEN_red_202_cutoff_0.0.inp.out,268.744944493368,-0.3103,0.1763,1.9696,0.0,-1325.8647419791,0.0706725597965565,-6.133197042686182,-1629.4470674407,0.2901362543007053
PHEN_red_203_cutoff_0.0.inp.out,269.78545746514334,-0.3216,0.1865,1.8724,0.0,-1325.3932237181,-3.687474960536176,-7.3057215632369825,-1628.9807630646,0.301304726399394
PHEN_red_204_cutoff_0.0.inp.out,268.66704393940574,-0.3332,0.1596,1.9047,0.0,-1325.9564936076,-0.6247268857134807,-3.2891265349958347,-1629.5484466886,0.3114339041003404
PHEN_red_205_cutoff_0.0.inp.out,268.5214677722776,-0.3561,0.1483,2.1822,0.0,-1325.6518406595,-1.7681688738732086,-0.5212565067339405,-1629.2378577376,0.3259705192003821
PHEN_red_206_cutoff_0.0.inp.out,269.78040436655425,-0.3308,0.1558,2.0205,0.0,-1325.1824573048,4.570979278447469,5.8045607926582115,-1628.7723574371,0.3088207170003443
PHEN_red_207_cutoff_0.0.inp.out,267.2415137164441,-0.3368,0.1577,2.5445,0.0,-1325.5997636929,-2.2084855555432092,-6.968087880949243,-1629.1956073036,0.3178524660997937
PHEN_red_208_cutoff_0.0.inp.out,268.5769041074107,-0.3159,0.1677,2.3057,0.0,-1325.8192332274,-5.477514693306479,-3.342659439653308,-1629.4083187839,0.2966500966003877
PHEN_red_209_cutoff_0.0.inp.out,265.72861097379626,-0.318,0.1726,2.28,0.0,-1325.7243745033,-0.106820006405941,-2.128216563865769,-1629.3198325667,0.2998008464001032
PHEN_red_20_cutoff_0.0.inp.out,266.89915504646973,-0.3373,0.1463,2.0523,0.0,-1325.5027491083,1.9661216454978132,7.1865503523679095,-1629.0813397859,0.3192414160002954
PHEN_red_210_cutoff_0.0.inp.out,269.0500376294433,-0.3315,0.1729,1.8299,0.0,-1325.6232601331,1.7131764129649625,-0.7133905040520085,-1629.2158037528,0.3154443980001815
PHEN_red_211_cutoff_0.0.inp.out,265.97614796603006,-0.329,0.1563,2.1952,0.0,-1325.3510724341,1.4063887380803102,-3.7714299643718063,-1628.9454110234,0.3124330227001337
PHEN_red_212_cutoff_0.0.inp.out,268.3783964144266,-0.3216,0.1674,2.4858,0.0,-1325.535732214,-0.7125444040907043,-4.704442364807735,-1629.1266971124,0.3024811585000861
PHEN_red_213_cutoff_0.0.inp.out,268.77198012525326,-0.3299,0.1523,2.6556,0.0,-1325.449468456,-7.924574807334604,-8.906624671828135,-1629.037448855,0.3110750582000037
PHEN_red_214_cutoff_0.0.inp.out,266.6339672697399,-0.3229,0.1665,2.3884,0.0,-1325.4487235012,4.1081538881764885,-1.0430785672670595,-1629.0303107136,0.3132480427002519
PHEN_red_215_cutoff_0.0.inp.out,269.4540325406866,-0.3186,0.1598,2.5381,0.0,-1325.3956921213,4.699752764533042,2.187387706741358,-1628.9824248495,0.3044567543001903
PHEN_red_216_cutoff_0.0.inp.out,267.3472349648093,-0.3096,0.1756,1.9023,0.0,-1325.5474792591,3.776949430048933,0.1039717713581353,-1629.1467212906,0.2996439971002473
PHEN_red_217_cutoff_0.0.inp.out,268.84647004200343,-0.3386,0.1651,2.4971,0.0,-1325.8068096233,-0.1224594805042189,-2.2521766337488116,-1629.4033467278,0.3199733757001013
PHEN_red_218_cutoff_0.0.inp.out,270.43130410400767,-0.3187,0.1723,2.5412,0.0,-1325.5339204997,-0.5862124682064481,-4.3418164274572275,-1629.1272346544,0.303696161499829
PHEN_red_219_cutoff_0.0.inp.out,264.3409605727268,-0.3173,0.1762,2.4132,0.0,-1325.8522642355,-1.850965785407112,-3.7126736813280496,-1629.4291417653,0.3062017685997489
PHEN_red_21_cutoff_0.0.inp.out,264.968799619756,-0.3184,0.1494,1.8049,0.0,-1325.4333930805,1.9160154060342969,2.4105659588911967,-1629.0118270647,0.2972681811997972
PHEN_red_220_cutoff_0.0.inp.out,269.78070765533585,-0.3319,0.1703,2.1114,0.0,-1325.4813375988,4.1980750340162345,3.9007239820067143,-1629.0606525703,0.3227058784996188
PHEN_red_221_cutoff_0.0.inp.out,266.227133802203,-0.3235,0.1524,2.2743,0.0,-1325.5248105346,-1.543301291956058,-2.6380545887642923,-1629.1072017848,0.3068044697001824
PHEN_red_222_cutoff_0.0.inp.out,267.6504661518101,-0.3353,0.1458,1.5628,0.0,-1325.5048709406,-1.9408697282434524,-3.933179591767238,-1629.0795770171,0.320927854600086
PHEN_red_223_cutoff_0.0.inp.out,266.58223012014827,-0.3433,0.1434,1.5615,0.0,-1325.0874276352,-1.9326784835322448,-3.709294920384133,-1628.6654321974,0.3299271559999397
PHEN_red_224_cutoff_0.0.inp.out,267.24723299125077,-0.33,0.1526,1.9006,0.0,-1325.5600361383,-4.8258038066605415,-3.9034359968087062,-1629.1511689813,0.318050999299885
PHEN_red_225_cutoff_0.0.inp.out,267.351127830892,-0.3116,0.1864,1.8502,0.0,-1325.5980043499,2.9176264213274266,0.8057311544045969,-1629.1832823408,0.2990525595996587
PHEN_red_226_cutoff_0.0.inp.out,266.32367190872884,-0.3146,0.1639,2.2011,0.0,-1325.6315719903,1.9694390912985096,-0.7252876467255455,-1629.2091045783,0.2963288754999666
PHEN_red_227_cutoff_0.0.inp.out,268.34443867678544,-0.3307,0.1563,2.155,0.0,-1325.1926538694,-1.6004332046191527,-2.4893853419159613,-1628.7672962838,0.3116229050001493
PHEN_red_228_cutoff_0.0.inp.out,268.7711706471601,-0.3395,0.1584,1.9016,0.0,-1325.4704616126,-1.0896722437211106,-5.560715088220839,-1629.0494390718,0.316274958100621
PHEN_red_229_cutoff_0.0.inp.out,267.86185470482616,-0.3155,0.1598,1.8613,0.0,-1325.7007730543,-1.7131482816001695,-3.557590037685868,-1629.2832201791,0.3060317627996483
PHEN_red_22_cutoff_0.0.inp.out,265.38970261948174,-0.3194,0.1595,1.7137,0.0,-1325.4837872347,4.183374930459577,5.098160471213875,-1629.0584423627,0.3053382379002869
PHEN_red_230_cutoff_0.0.inp.out,269.92813536182655,-0.3347,0.1712,1.9353,0.0,-1325.3909116724,-0.0574602898597495,-2.22957126899974,-1628.9623032019,0.3126246648998858
PHEN_red_231_cutoff_0.0.inp.out,268.32040056437927,-0.3157,0.1731,2.0905,0.0,-1325.0515591561,-3.304555044210191,-6.005786734450727,-1628.649538977,0.3001016179005091
PHEN_red_232_cutoff_0.0.inp.out,269.8720315302242,-0.3299,0.1645,2.5781,0.0,-1325.3901652639,-4.316435731172357,-1.0159482336084165,-1628.9895312011,0.3083452468999894
PHEN_red_233_cutoff_0.0.inp.out,268.3759300688895,-0.3092,0.1832,2.1848,0.0,-1325.6637795106,2.5528841364084407,-0.7322363670368088,-1629.2607199586,0.2919432905000576
PHEN_red_234_cutoff_0.0.inp.out,269.61215125617974,-0.3423,0.1574,2.3252,0.0,-1325.4212371161,-3.204472184078913,-2.6761170526700715,-1629.0228051773,0.3237908538994816
PHEN_red_235_cutoff_0.0.inp.out,269.6496621360286,-0.3322,0.1651,2.3658,0.0,-1325.7777372665,5.363802818509329,-0.3722373287781849,-1629.3732886507,0.3101778161999391
PHEN_red_236_cutoff_0.0.inp.out,266.3888489610068,-0.311,0.1814,2.2195,0.0,-1325.5330454522,0.6330538301268582,-1.995468478674414,-1629.1316702199,0.2968926980001924
PHEN_red_237_cutoff_0.0.inp.out,270.5888319738303,-0.3318,0.17,2.1631,0.0,-1325.4941536354,2.5136444767713866,1.8026350538025129,-1629.0925756598,0.313206054600414
PHEN_red_238_cutoff_0.0.inp.out,266.5906284818705,-0.3167,0.1775,2.0808,0.0,-1325.3012813127,1.611105158067519,-1.0638425896398296,-1628.8910400624,0.3031926512003338
PHEN_red_239_cutoff_0.0.inp.out,269.65885833596985,-0.3032,0.1848,2.6848,0.0,-1325.3880261688,-2.321351911364923,-4.708187653446406,-1628.9843467948,0.2913692145002642
PHEN_red_23_cutoff_0.0.inp.out,266.9489489503767,-0.3412,0.1386,2.1462,0.0,-1325.7896421332,-1.5687034670386883,0.8347530133689901,-1629.369718862,0.3238422090998938
PHEN_red_240_cutoff_0.0.inp.out,266.48159254100256,-0.3467,0.143,1.9585,0.0,-1325.3826993395,-1.3857193766113896,0.76467707519373,-1628.9797817143,0.3264870946004521
PHEN_red_241_cutoff_0.0.inp.out,266.9656942256805,-0.3201,0.1605,2.7076,0.0,-1325.0133384199,-4.605890369079118,0.3881799957855929,-1628.6011340928,0.3089991390997966
PHEN_red_242_cutoff_0.0.inp.out,268.23954637182203,-0.3462,0.1454,1.9979,0.0,-1325.0518294435,-1.9307124292810771,0.650943595357883,-1628.6473935837,0.3298317655999199
PHEN_red_243_cutoff_0.0.inp.out,266.35047045741857,-0.3313,0.1518,2.3733,0.0,-1325.70755977,-2.7126589925462494,-0.7460406077065159,-1629.2975174539,0.3129345298993939
PHEN_red_244_cutoff_0.0.inp.out,271.2231548175961,-0.335,0.1612,2.0961,0.0,-1325.4926941252,-0.2111885926925164,1.929451871695641,-1629.0906148964,0.312737876400206
PHEN_red_245_cutoff_0.0.inp.out,266.47081973236584,-0.3243,0.1648,2.3046,0.0,-1325.5281041725,-0.84432321635865,0.7488380149833355,-1629.1223118785,0.3118116341001951
PHEN_red_246_cutoff_0.0.inp.out,267.9512427165781,-0.308,0.1685,2.4063,0.0,-1325.7123720725,0.124369602413341,-0.4839725601775779,-1629.3084070073,0.2927149341994663
PHEN_red_247_cutoff_0.0.inp.out,269.703362382619,-0.3412,0.1579,1.9074,0.0,-1325.9198138831,1.2503190065396932,2.617577738978201,-1629.5133428171,0.3174794842007031
PHEN_red_248_cutoff_0.0.inp.out,267.31612470470424,-0.3222,0.1635,2.377,0.0,-1325.509748986,2.3818180288196213,3.789513678043058,-1629.0787532005,0.3035953993003204
PHEN_red_249_cutoff_0.0.inp.out,269.357651421395,-0.3567,0.136,1.7332,0.0,-1325.396796323,-2.9900538515846407,-0.6117876848045658,-1628.972315978,0.3279550694005593
PHEN_red_24_cutoff_0.0.inp.out,265.7764575410887,-0.3458,0.1365,2.3021,0.0,-1326.2485432681,-2.4202187133286395,1.7871821197009712,-1629.8330822029,0.3267594134003957
PHEN_red_250_cutoff_0.0.inp.out,269.49810039671587,-0.3285,0.1653,2.05,0.0,-1325.1879764729,-0.2553231648168291,-1.609257007232615,-1628.7585139118,0.310820969300039
PHEN_red_251_cutoff_0.0.inp.out,267.12952744219865,-0.3115,0.1624,1.8143,0.0,-1325.6363114952,-1.420075551852987,-3.6214586349031617,-1629.1979144216,0.2934863302007215
PHEN_red_252_cutoff_0.0.inp.out,267.707438400433,-0.3379,0.1612,2.1569,0.0,-1325.2264260724,-0.077176166658651,-1.8896679162656895,-1628.8062020423,0.3145984901002521
PHEN_red_253_cutoff_0.0.inp.out,263.4986220400982,-0.3262,0.1517,2.413,0.0,-1325.6417252968,2.486218323128132,1.6138419424042652,-1629.2019868065,0.3039377075001539
PHEN_red_254_cutoff_0.0.inp.out,268.43743485799257,-0.3197,0.1649,1.9362,0.0,-1325.5826470443,1.5600702982524457,2.238006445679991,-1629.154862925,0.3038377176999347
PHEN_red_255_cutoff_0.0.inp.out,267.89436527749183,-0.3188,0.1703,2.1346,0.0,-1325.8883731767,2.0035706851891373,1.926909242681451,-1629.466648288,0.302821945299911
PHEN_red_256_cutoff_0.0.inp.out,267.55694502942936,-0.3245,0.1708,1.636,0.0,-1325.5454200056,2.056587948622486,2.150404766718567,-1629.125546964,0.3101803995004957
PHEN_red_257_cutoff_0.0.inp.out,271.38675865795295,-0.3345,0.1564,2.1868,0.0,-1325.8076293096,-2.560348458064992,-0.338737847199164,-1629.3917317207,0.3138980045996504
PHEN_red_258_cutoff_0.0.inp.out,269.55641912119444,-0.3139,0.1791,1.5689,0.0,-1325.3462756283,3.19267702016104,2.9884009460240595,-1628.909870555,0.2977101865999429
PHEN_red_259_cutoff_0.0.inp.out,268.9144810345913,-0.3249,0.1693,2.0394,0.0,-1325.6572352175,0.4217039169731126,-0.6707618897621053,-1629.2263140199,0.3075548002998403
PHEN_red_25_cutoff_0.0.inp.out,268.19756984719993,-0.3386,0.1504,2.3831,0.0,-1325.4623423912,-5.4138571302287195,-1.5796954785345965,-1629.0426829659,0.3231498927998473
PHEN_red_260_cutoff_0.0.inp.out,267.8070585411568,-0.3123,0.1679,2.4156,0.0,-1325.3844584127,2.7586093654754613,-0.0389899837509222,-1628.9784617454,0.2957308535005722
PHEN_red_261_cutoff_0.0.inp.out,266.80789735269235,-0.33,0.1627,1.9806,0.0,-1325.567715541,3.557009947771608,0.042317780810348,-1629.154799589,0.3187630163001813
PHEN_red_262_cutoff_0.0.inp.out,268.0881238623025,-0.3187,0.1685,2.1601,0.0,-1325.2860462427,1.0547215327456934,-3.947770651188261,-1628.8862784655,0.3010963607994199
PHEN_red_263_cutoff_0.0.inp.out,267.43596402224983,-0.305,0.1753,2.3848,0.0,-1325.4889037475,-2.338187878592761,-3.0939633234010326,-1629.0724506621,0.2913128897998831
PHEN_red_264_cutoff_0.0.inp.out,267.1603051827353,-0.3054,0.1777,1.9982,0.0,-1325.6626255578,2.9064518803440307,0.9355956193065827,-1629.2550235213,0.288114669200695
PHEN_red_265_cutoff_0.0.inp.out,267.88991825965894,-0.3175,0.1681,2.2046,0.0,-1325.5217483366,0.7396962866647034,0.578416570915128,-1629.1152978438,0.3043862592003279
PHEN_red_266_cutoff_0.0.inp.out,270.9294690351773,-0.3119,0.1814,2.2518,0.0,-1325.1838699412,4.001493349174063,5.6928228158112475,-1628.7678573431,0.2946161077998113
PHEN_red_267_cutoff_0.0.inp.out,270.0127377659092,-0.3101,0.1735,2.2823,0.0,-1325.6094352455,3.3100064806158627,5.15108114730941,-1629.1923158831,0.292031810699882
PHEN_red_268_cutoff_0.0.inp.out,270.30050496848526,-0.3323,0.1746,2.4839,0.0,-1325.2682825104,7.567770335259235,8.554118818888009,-1628.8783690865,0.318086138399849
PHEN_red_269_cutoff_0.0.inp.out,268.12301558846343,-0.3221,0.1659,2.1893,0.0,-1325.3098480114,9.276450197783207,7.470963261320437,-1628.8920817598,0.3066790876000596
PHEN_red_26_cutoff_0.0.inp.out,267.1430436483304,-0.3213,0.1705,1.9465,0.0,-1325.6264354363,-0.1190468869559411,-3.0112016281689127,-1629.2142405859,0.3147401036994779
PHEN_red_270_cutoff_0.0.inp.out,268.4066564137603,-0.324,0.1723,2.167,0.0,-1325.441465115,5.780031172710012,4.64799765928952,-1629.0305278815,0.3062664505005159
PHEN_red_271_cutoff_0.0.inp.out,266.09846582626176,-0.3408,0.1592,2.0136,0.0,-1325.5012494249,3.1478064203582523,2.330876164260046,-1629.0858389043,0.3239445797998996
PHEN_red_272_cutoff_0.0.inp.out,266.74027917266943,-0.3271,0.1616,2.2598,0.0,-1325.2876017519,7.540476775320695,7.374325237124562,-1628.8761680177,0.3073601468995548
PHEN_red_273_cutoff_0.0.inp.out,269.4305211939424,-0.3176,0.1672,2.8114,0.0,-1325.4900737152,0.5072887660027233,3.30277825098543,-1629.0893692933,0.2951674575997458
PHEN_red_274_cutoff_0.0.inp.out,265.4810582710241,-0.3176,0.168,1.9754,0.0,-1325.4895279602,1.5329665556749008,1.382439320169223,-1629.0718331667,0.3056607487997098
PHEN_red_275_cutoff_0.0.inp.out,265.8426597809329,-0.3277,0.1666,2.3389,0.0,-1324.9785799648,-2.962990592374243,-2.5560035876242457,-1628.5657820313,0.3079118772002402
PHEN_red_276_cutoff_0.0.inp.out,267.49034811477736,-0.3228,0.1564,2.0918,0.0,-1325.0047322707,-4.945653620918571,-5.012118412091395,-1628.5904043521,0.313030136299858
PHEN_red_277_cutoff_0.0.inp.out,269.0683770295145,-0.3268,0.1754,2.3298,0.0,-1325.2925802464,-3.3681304524960396,-4.671941689822959,-1628.8786432613,0.3112730627999553
PHEN_red_278_cutoff_0.0.inp.out,269.38005723027356,-0.3428,0.1489,1.9229,0.0,-1324.9809298955,-0.2796156298513675,-1.594231456018072,-1628.5643467792,0.3261135522006952
PHEN_red_279_cutoff_0.0.inp.out,269.73751412093475,-0.3196,0.1669,1.5126,0.0,-1325.1370218133,0.7564861976197694,-0.2977494808022519,-1628.7219015364,0.2990930953992574
PHEN_red_27_cutoff_0.0.inp.out,267.68277332135875,-0.3048,0.1817,1.8699,0.0,-1325.7538791224,1.6061505156755207,0.3066849016996298,-1629.3494391496,0.2905362701003469
PHEN_red_280_cutoff_0.0.inp.out,268.4862185522474,-0.3217,0.1629,1.862,0.0,-1324.8599278991,-1.2398409386765086,-1.6526638071332649,-1628.4447360227,0.3034883970994997
PHEN_red_281_cutoff_0.0.inp.out,267.8873503945513,-0.3385,0.1446,2.0764,0.0,-1324.8587249804,-1.5406831537466652,-2.0484539994016946,-1628.4436849996,0.3193799916998614
PHEN_red_282_cutoff_0.0.inp.out,268.8511090844859,-0.3456,0.1542,1.8511,0.0,-1325.2970626437,-3.846009856261274,-5.055775077734531,-1628.8907910235,0.3231270787000539
PHEN_red_283_cutoff_0.0.inp.out,267.4514942615528,-0.3401,0.1525,1.7923,0.0,-1325.1696196685,0.9031225671998832,1.0297114806552048,-1628.7697944922,0.3262586195996846
PHEN_red_284_cutoff_0.0.inp.out,269.14872571594043,-0.315,0.1824,1.7193,0.0,-1325.0841420234,2.0797081370844457,-3.085213263461146,-1628.6711045292,0.2997638371007269
PHEN_red_285_cutoff_0.0.inp.out,269.97527163169224,-0.3212,0.1716,1.4743,0.0,-1325.054668124,-0.2552663240225494,-3.013265284233678,-1628.6399352707,0.303542523300166
PHEN_red_286_cutoff_0.0.inp.out,265.7542080552454,-0.3263,0.1648,1.4063,0.0,-1325.1983286063,2.848598252089018,3.90538839899688,-1628.7770237963,0.3112837210992438
PHEN_red_287_cutoff_0.0.inp.out,268.04069604811366,-0.3367,0.1636,1.5294,0.0,-1325.4622640846,0.9257289924273095,-1.917056565578925,-1629.0406722403,0.3140146575997278
PHEN_red_288_cutoff_0.0.inp.out,267.91468647819306,-0.3362,0.1495,2.6281,0.0,-1325.1717091597,-3.3897663179160524,-6.58297100240726,-1628.7477179891,0.3162315857007343
PHEN_red_289_cutoff_0.0.inp.out,265.7155866031435,-0.3357,0.1534,2.0569,0.0,-1325.1392371898,2.8897057388145675,-0.0278371989022925,-1628.7095692764,0.3198775419996309
PHEN_red_28_cutoff_0.0.inp.out,267.8312353298662,-0.3265,0.1724,1.9584,0.0,-1325.91195127,3.505921039365395,2.8416283557999185,-1629.4970691851,0.309089911299452
PHEN_red_290_cutoff_0.0.inp.out,265.4898522763959,-0.3204,0.1671,1.6016,0.0,-1324.9255088336,0.3021210318580893,-3.335417203700638,-1628.5090296883,0.3027836730007038
PHEN_red_291_cutoff_0.0.inp.out,265.66851879977963,-0.3195,0.1735,2.2602,0.0,-1325.1394650479,-2.010781044110702,-6.143619262073435,-1628.7248607645,0.308499678500084
PHEN_red_292_cutoff_0.0.inp.out,267.8889657443243,-0.3199,0.1691,2.7534,0.0,-1325.0538179856,-4.979545064734935,-5.919353827624613,-1628.6472052592,0.3056085920998157
PHEN_red_293_cutoff_0.0.inp.out,267.349058333247,-0.3008,0.1841,2.413,0.0,-1325.3301057281,-3.5339228821910607,-3.178460917160761,-1628.9174388399,0.2942262626002048
PHEN_red_294_cutoff_0.0.inp.out,269.0554018790345,-0.3065,0.1806,2.7111,0.0,-1325.0398561943,-1.3542125946473802,-2.593480376277736,-1628.6366297785,0.2847933134999039
PHEN_red_295_cutoff_0.0.inp.out,268.2861809530152,-0.319,0.1664,2.4264,0.0,-1325.4250949678,-1.287765416375727,-1.2334851045647426,-1629.0085146522,0.2978868615000465
PHEN_red_296_cutoff_0.0.inp.out,269.40774654513535,-0.3097,0.1862,1.8669,0.0,-1325.2229946741,-0.0239098925370583,-3.608708836431203,-1628.7954189664,0.2992548744005034
PHEN_red_297_cutoff_0.0.inp.out,268.2085799580872,-0.3085,0.1784,2.7755,0.0,-1325.3660335747,-2.279839544767191,-2.6345439150834893,-1628.9407662166,0.2970604192996688
PHEN_red_298_cutoff_0.0.inp.out,270.2581648859155,-0.3223,0.1629,2.1479,0.0,-1325.3045313661,-1.5110780187948625,-1.2314201465834596,-1628.8882918233,0.3057845292996717
PHEN_red_299_cutoff_0.0.inp.out,269.66165089155726,-0.3151,0.174,2.1695,0.0,-1325.4711393037,5.000762369773088,5.359134840365446,-1629.0530252391,0.2885494271995412
PHEN_red_29_cutoff_0.0.inp.out,270.0569990247529,-0.3346,0.1648,2.1015,0.0,-1326.0706616919,1.905920698384525,2.9947610207792073,-1629.6538724397,0.3177012427995578
PHEN_red_2_cutoff_0.0.inp.out,268.1754503009182,-0.3005,0.1822,1.6497,0.0,-1325.6093271447,-0.0029390100690506,-1.1571753297031997,-1629.1858825822,0.2851423625006646
PHEN_red_300_cutoff_0.0.inp.out,267.59645607536225,-0.344,0.1477,2.0148,0.0,-1325.4471687943,1.690420998354703,2.6545764626265744,-1629.0310886792,0.3256235392000235
PHEN_red_301_cutoff_0.0.inp.out,266.64687231368504,-0.3254,0.1635,2.1145,0.0,-1325.7277133191,2.0055889053101397,1.478763808016056,-1629.3284882884,0.3084343141999852
PHEN_red_302_cutoff_0.0.inp.out,266.3725204655048,-0.3474,0.147,2.0913,0.0,-1325.7062028741,2.0052163561253313,2.390029123947753,-1629.2903562157,0.3260125599008461
PHEN_red_303_cutoff_0.0.inp.out,268.81563313725536,-0.3653,0.1265,2.0134,0.0,-1325.4513954695,-3.1110247978459946,-0.7086925628974632,-1629.0362987466,0.3457153483004731
PHEN_red_304_cutoff_0.0.inp.out,267.17336106317856,-0.3198,0.1678,1.8473,0.0,-1325.6970999558,2.5790479050216364,2.7544130414341748,-1629.2811710759,0.3024701193999135
PHEN_red_305_cutoff_0.0.inp.out,266.2986102375398,-0.3021,0.177,2.2246,0.0,-1325.540273137,-0.5498627586497284,-0.4173948587341984,-1629.1234524255,0.2869562289006353
PHEN_red_306_cutoff_0.0.inp.out,270.74275160410775,-0.3364,0.1518,2.1837,0.0,-1325.330677738,-2.216075333868869,-3.8010341057133186,-1628.91461283,0.3110861880995799
PHEN_red_307_cutoff_0.0.inp.out,270.12642210537433,-0.3098,0.183,1.8889,0.0,-1325.412231173,0.4257813835752584,-1.0278093417481065,-1629.000885734,0.2949022277998665
PHEN_red_308_cutoff_0.0.inp.out,270.3599186128687,-0.3049,0.1821,2.0293,0.0,-1325.8632158746,1.301321108292242,0.4635023290502179,-1629.44336298,0.2923067643996546
PHEN_red_309_cutoff_0.0.inp.out,271.1331395046118,-0.3086,0.1888,2.3082,0.0,-1325.2081082085,0.0786683201483757,-3.722368138642615,-1628.7873971071,0.2952431191997675
PHEN_red_30_cutoff_0.0.inp.out,267.12404392913896,-0.3128,0.1874,2.038,0.0,-1325.7931154779,3.0428637537200403,3.272085458596858,-1629.3849056181,0.3034708868999587
PHEN_red_310_cutoff_0.0.inp.out,268.14221010576244,-0.3425,0.1607,2.2926,0.0,-1325.9184304128,0.5202392151503898,-1.7549173801426017,-1629.5137262435,0.3215569931999198
PHEN_red_311_cutoff_0.0.inp.out,269.48133770595416,-0.3378,0.1581,2.194,0.0,-1325.9831270259,1.4946915850228968,-0.6968026411339876,-1629.558466753,0.3128058707998207
PHEN_red_312_cutoff_0.0.inp.out,266.52336180355826,-0.3123,0.1791,1.9663,0.0,-1325.6955401359,1.092415397022786,0.7810070726898859,-1629.2767876994,0.2915510084003472
PHEN_red_313_cutoff_0.0.inp.out,266.773946814729,-0.3188,0.1669,2.1098,0.0,-1325.7676659888,0.7895821474163774,-1.3004449632801958,-1629.3508690114,0.3034771164993799
PHEN_red_314_cutoff_0.0.inp.out,265.7343079059695,-0.3416,0.1357,2.8648,0.0,-1325.8369296725,-2.655381052464194,-3.1032387006611786,-1629.4205280433,0.3286442118997001
PHEN_red_315_cutoff_0.0.inp.out,268.22406125041675,-0.3193,0.1767,2.0605,0.0,-1325.5294481421,3.2307562495859736,0.2500565197056712,-1629.111970601,0.3049041828999179
PHEN_red_316_cutoff_0.0.inp.out,268.0278820698711,-0.3477,0.143,2.1702,0.0,-1325.6279011525,-4.651110887006216,-1.9408567697495716,-1629.2219930958,0.3261860446000355
PHEN_red_317_cutoff_0.0.inp.out,268.13326029810213,-0.3237,0.1771,1.8361,0.0,-1326.1728353631,3.2388843036232062,2.382780041676139,-1629.7618797599,0.3077260863001356
PHEN_red_318_cutoff_0.0.inp.out,269.33254001713857,-0.3535,0.1436,2.1005,0.0,-1325.7960540486,2.5417204341766824,0.7039225871993033,-1629.3896864373,0.3321498776995213
PHEN_red_319_cutoff_0.0.inp.out,267.6949709208219,-0.3569,0.1387,2.5856,0.0,-1325.9746182947,-5.237144021864021,-2.269482230164448,-1629.5591653374,0.330482150100579
PHEN_red_31_cutoff_0.0.inp.out,270.4592326350578,-0.3483,0.146,1.9516,0.0,-1326.0950459608,-0.1179415096552416,1.771851962340576,-1629.678122777,0.3265327106000768
PHEN_red_320_cutoff_0.0.inp.out,267.3060947097873,-0.311,0.1755,2.4263,0.0,-1325.5782144476,-2.4541885522997164,-3.261424413244357,-1629.1550685041,0.2957055148999643
PHEN_red_321_cutoff_0.0.inp.out,266.89903799834684,-0.324,0.1625,2.1001,0.0,-1325.6678803407,1.2292371881269313,-0.1389855260322046,-1629.2391900814,0.3087928552004086
PHEN_red_322_cutoff_0.0.inp.out,266.02678475980207,-0.3126,0.1816,1.3031,0.0,-1325.9329456574,3.539100416467524,-0.3667895740147079,-1629.5108577568,0.2959898414001145
PHEN_red_323_cutoff_0.0.inp.out,264.910157165014,-0.3395,0.158,2.0587,0.0,-1325.9565055772,4.939159186720478,4.0978679389480535,-1629.5374776761,0.3210662733999925
PHEN_red_324_cutoff_0.0.inp.out,271.4601714369739,-0.3276,0.1661,2.2388,0.0,-1326.0142058541,-2.6912796022561554,-2.426933947128827,-1629.6046236308,0.3044617511995966
PHEN_red_325_cutoff_0.0.inp.out,267.8540981527705,-0.3325,0.1566,1.64,0.0,-1325.8652841912,2.031079871701321,1.970705119673406,-1629.451373692,0.3186355881998679
PHEN_red_326_cutoff_0.0.inp.out,269.6161538296846,-0.326,0.1669,1.4283,0.0,-1325.9610626172,-0.2838010670243632,-0.8139501075379278,-1629.5399797055,0.304981833200145
PHEN_red_327_cutoff_0.0.inp.out,270.95237317433,-0.3365,0.1568,1.7063,0.0,-1325.7946553567,0.1143316288491166,-0.2886356826212017,-1629.3844805067,0.3195655150993843
PHEN_red_328_cutoff_0.0.inp.out,268.84227177590776,-0.316,0.1809,1.953,0.0,-1325.6606531341,-3.441042492588268,-2.4749156648135866,-1629.2429462102,0.3036261192000893
PHEN_red_329_cutoff_0.0.inp.out,269.32954198088464,-0.3153,0.1754,2.5469,0.0,-1325.4068456251,-3.131892914066006,-3.662309690632504,-1628.9961645723,0.3054974776996459
PHEN_red_32_cutoff_0.0.inp.out,267.1573524012156,-0.3273,0.1725,2.0121,0.0,-1325.97297427,3.572240610976139,1.002703320985347,-1629.5532249034,0.3027931541992075
PHEN_red_330_cutoff_0.0.inp.out,269.4629440926659,-0.3006,0.1837,2.5917,0.0,-1325.36632704,-1.1212040825968492,0.988637113399641,-1628.9530698189,0.2862241968996386
PHEN_red_331_cutoff_0.0.inp.out,267.32832821378673,-0.3105,0.1794,2.1806,0.0,-1325.6072605158,-2.626952982829448,-1.100723588178299,-1629.18671555,0.2942174278005041
PHEN_red_332_cutoff_0.0.inp.out,265.9084099680679,-0.3304,0.1603,2.0063,0.0,-1325.5348324623,1.3900306531796731,1.0463815644404808,-1629.127672978,0.3132875159999457
PHEN_red_333_cutoff_0.0.inp.out,267.09908996004344,-0.3347,0.1485,2.0918,0.0,-1325.4606294237,2.25990374342817,3.1306604707073515,-1629.0662515463,0.3196191168999576
PHEN_red_334_cutoff_0.0.inp.out,267.01394257996026,-0.342,0.153,1.4374,0.0,-1325.2996290717,2.034826830681137,0.6239709105474709,-1628.8840820161,0.332366354899932
PHEN_red_335_cutoff_0.0.inp.out,269.21460828228237,-0.3192,0.1656,1.8092,0.0,-1325.5791674707,2.6959794940420756,0.9399429970615528,-1629.1619388035,0.3049839005998365
PHEN_red_336_cutoff_0.0.inp.out,270.00362419601777,-0.3457,0.1443,1.3363,0.0,-1325.5151664026,0.864109202461701,0.7507456205152738,-1629.1001726119,0.3291078424999796
PHEN_red_337_cutoff_0.0.inp.out,271.20437692399184,-0.3228,0.168,2.0342,0.0,-1325.6620628205,-1.06484540321939,-3.0404998331073405,-1629.2490793934,0.305012205300045
PHEN_red_338_cutoff_0.0.inp.out,269.9769381749226,-0.3234,0.1665,1.9797,0.0,-1325.7226184364,-3.092045882963379,-4.640308409480489,-1629.31295382,0.3039348040001641
PHEN_red_339_cutoff_0.0.inp.out,267.60061026380544,-0.3208,0.1582,1.8601,0.0,-1325.9517071397,-3.802399330851739,-4.185833452875051,-1629.53001713,0.3059271681004247
PHEN_red_33_cutoff_0.0.inp.out,270.4723463905157,-0.3305,0.1647,2.2657,0.0,-1325.927893921,0.9082904604321314,-0.2917107644563277,-1629.5056766393,0.3046358736000911
PHEN_red_340_cutoff_0.0.inp.out,270.1011404371497,-0.3287,0.1734,2.3717,0.0,-1325.5810782083,5.821304316227115,6.730445050534022,-1629.1733024254,0.3142555198000991
PHEN_red_341_cutoff_0.0.inp.out,269.35842340603546,-0.3149,0.1849,2.7787,0.0,-1325.3891600815,-3.2778695991902658,1.6052550917267372,-1628.9811357574,0.2974088936998669
PHEN_red_342_cutoff_0.0.inp.out,270.39034568910176,-0.3141,0.1793,2.3238,0.0,-1325.4554855587,3.2918260909366044,5.4646623328775314,-1629.0379166736,0.2989856141994096
PHEN_red_343_cutoff_0.0.inp.out,267.0940156068567,-0.3354,0.156,1.7843,0.0,-1324.949330969,-1.6072546551653537,-0.3195405642556461,-1628.523564859,0.316754041700733
PHEN_red_344_cutoff_0.0.inp.out,268.49114214121215,-0.3241,0.1571,1.9339,0.0,-1325.4195384434,2.5468499746852884,4.71368245269046,-1629.0118972373,0.3091198108004391
PHEN_red_345_cutoff_0.0.inp.out,267.3011195645795,-0.3208,0.1631,1.7648,0.0,-1325.4205831916,3.0503895458216683,1.9369009368897865,-1629.0059105267,0.3069676782006354
PHEN_red_346_cutoff_0.0.inp.out,265.47158066063736,-0.3472,0.1424,2.4244,0.0,-1325.1658636694,2.5473298825038695,0.7594005263273045,-1628.7498565726,0.3316605599002287
PHEN_red_347_cutoff_0.0.inp.out,269.28058165060645,-0.3265,0.1752,2.022,0.0,-1325.3060979539,7.272462850952313,1.7846385032526777,-1628.8988466311,0.3095476141998006
PHEN_red_348_cutoff_0.0.inp.out,268.6819750469671,-0.3154,0.1815,1.9558,0.0,-1325.8457203633,3.465720826551995,5.031934743535373,-1629.4232579471,0.2975548486001571
PHEN_red_349_cutoff_0.0.inp.out,268.78974349241753,-0.3376,0.1554,2.2634,0.0,-1325.446639871,1.9906682511008176,3.586326451175366,-1629.0301878657,0.3207278239005973
PHEN_red_34_cutoff_0.0.inp.out,268.83148475330864,-0.3174,0.1741,2.5307,0.0,-1325.9140221804,5.238158115377847,1.3334645005033572,-1629.5080338662,0.2932863461001034
PHEN_red_350_cutoff_0.0.inp.out,268.9817068188688,-0.3144,0.1701,2.2098,0.0,-1325.5713706738,1.048049827917202,1.417628483922543,-1629.1557601814,0.2986300512002344
PHEN_red_351_cutoff_0.0.inp.out,268.30025935539277,-0.3237,0.1707,2.4491,0.0,-1325.8942223242,0.1851725973125004,1.083640084589325,-1629.4770168524,0.3110943859001054
PHEN_red_352_cutoff_0.0.inp.out,266.431095072193,-0.2933,0.1891,2.784,0.0,-1325.9177128443,2.100482897337701,2.6070990353838805,-1629.4908321777,0.2773667858000408
PHEN_red_353_cutoff_0.0.inp.out,266.8555965538299,-0.3108,0.1714,1.942,0.0,-1325.3961690746,0.0715313416268338,0.6298929925336466,-1628.970540141,0.2902308845996231
PHEN_red_354_cutoff_0.0.inp.out,268.23741579744177,-0.313,0.1764,2.5837,0.0,-1325.8085305082,1.841325967576632,5.977755141159384,-1629.4065117334,0.2984527839998918
PHEN_red_355_cutoff_0.0.inp.out,266.97653610108057,-0.3093,0.1733,2.7577,0.0,-1325.392813638,3.8236477018189983,6.068049205738488,-1628.987508353,0.2972487652996278
PHEN_red_356_cutoff_0.0.inp.out,267.1159054995972,-0.296,0.1917,2.6438,0.0,-1325.4804886908,1.1782189144668218,0.7058714941981356,-1629.0747590489,0.2828697217000808
PHEN_red_357_cutoff_0.0.inp.out,268.7294388779258,-0.3093,0.1803,2.4731,0.0,-1325.4121470869,-0.7639773144712328,0.9260941406756464,-1629.0037906803,0.2871316657001443
PHEN_red_358_cutoff_0.0.inp.out,266.5660355333818,-0.3207,0.1628,2.2211,0.0,-1325.4637720906,2.2251120471419203,4.200713570709379,-1629.0464617833,0.3057421348003117
PHEN_red_359_cutoff_0.0.inp.out,270.84283396101966,-0.3199,0.1754,2.5961,0.0,-1325.3570692014,0.6523183487473206,1.7822718714232568,-1628.9483767843,0.2999850173000595
PHEN_red_35_cutoff_0.0.inp.out,269.2573595422241,-0.3208,0.1775,2.1845,0.0,-1325.9476631388,4.137319019870307,3.880911678002675,-1629.5324397324,0.3033354261997374
PHEN_red_360_cutoff_0.0.inp.out,269.34174850990024,-0.3101,0.183,2.3848,0.0,-1325.3778162586,-2.6931635484741534,-1.3683741719520297,-1628.9667822615,0.2970143922002535
PHEN_red_361_cutoff_0.0.inp.out,271.60112250122256,-0.3299,0.1671,2.3456,0.0,-1325.6610687884,-2.7590955702396607,1.49026205129035,-1629.2445427983,0.3058305772001404
PHEN_red_362_cutoff_0.0.inp.out,269.626543095797,-0.3305,0.1683,1.8858,0.0,-1326.0149340709,1.9457288353968225,0.9663281966060492,-1629.6071921292,0.3073050449002039
PHEN_red_363_cutoff_0.0.inp.out,269.7272096155794,-0.3055,0.1934,2.2565,0.0,-1325.5284675858,3.1799487390787484,0.6675385719033616,-1629.0994236159,0.2887055873998179
PHEN_red_364_cutoff_0.0.inp.out,271.94091026793905,-0.3193,0.1862,1.8935,0.0,-1325.235406088,4.173834136115747,4.791306100689502,-1628.8147345849,0.295432254500156
PHEN_red_365_cutoff_0.0.inp.out,268.34394599580975,-0.3213,0.1631,1.9783,0.0,-1325.4885923404,3.440760233526751,5.614715096676645,-1629.069714937,0.3072346801000094
PHEN_red_366_cutoff_0.0.inp.out,268.750254636771,-0.335,0.1632,2.0238,0.0,-1325.5910344176,0.882280985995766,-1.915293210733983,-1629.1783795,0.3181773514006636
PHEN_red_367_cutoff_0.0.inp.out,266.11348356100615,-0.326,0.1622,2.1863,0.0,-1325.5057014177,2.3645554013156085,2.2829960965840894,-1629.0924540177,0.3037204297997959
PHEN_red_368_cutoff_0.0.inp.out,266.3865623343946,-0.3577,0.142,2.2048,0.0,-1325.1675611809,-1.953711567338724,-0.0294053411995844,-1628.7528300582,0.3402378094006053
PHEN_red_369_cutoff_0.0.inp.out,264.8758230539127,-0.3361,0.1553,1.9762,0.0,-1325.2298554277,1.1936217989785944,0.8940717252842364,-1628.8101996905,0.3205684367003414
PHEN_red_36_cutoff_0.0.inp.out,269.5138070230174,-0.3429,0.1459,1.5906,0.0,-1325.7586340966,2.4800921357613497,2.191766283666643,-1629.3227641879,0.3268312423997486
PHEN_red_370_cutoff_0.0.inp.out,267.8101111720145,-0.3363,0.1658,2.1358,0.0,-1325.2123667895,-2.4684169082440786,-3.832491845594312,-1628.7978192581,0.3218028242999935
PHEN_red_371_cutoff_0.0.inp.out,266.5570395488342,-0.3311,0.1752,2.5733,0.0,-1325.6248519965,-2.3943432184355515,-4.086091680427055,-1629.2138419446,0.3139859675002299
PHEN_red_372_cutoff_0.0.inp.out,265.76873832885946,-0.3358,0.1638,2.2578,0.0,-1325.3529662867,1.2931487440529903,-1.0312452803486116,-1628.9516846021,0.3224725944000965
PHEN_red_373_cutoff_0.0.inp.out,266.63584770919044,-0.3246,0.1719,2.3491,0.0,-1325.444036559,-0.0830051414641236,-3.3959070860061944,-1629.0172582315,0.3130956416998742
PHEN_red_374_cutoff_0.0.inp.out,268.36218214657595,-0.3206,0.1653,2.3579,0.0,-1325.2512721146,1.683204672044346,-0.9269000258018156,-1628.832727315,0.302323708699987
PHEN_red_375_cutoff_0.0.inp.out,266.28793194424,-0.3253,0.1533,1.8368,0.0,-1325.815263822,1.7889852321945068,1.116402012927488,-1629.40511982,0.3142213969003933
PHEN_red_376_cutoff_0.0.inp.out,269.02850117535365,-0.3084,0.1716,2.1054,0.0,-1325.8310081066,3.983649636665027,3.428107604140945,-1629.4109204837,0.2879440710003109
PHEN_red_377_cutoff_0.0.inp.out,267.9838298605358,-0.3167,0.1637,1.762,0.0,-1324.9634765557,6.340343627857051,4.288872606846405,-1628.5491552134,0.2987522343000819
PHEN_red_378_cutoff_0.0.inp.out,265.9897365738875,-0.3089,0.1711,1.5737,0.0,-1325.3801640971,3.99287670515454,0.0555853859493915,-1628.9676731763,0.2956220223995842
PHEN_red_379_cutoff_0.0.inp.out,267.5691479761866,-0.3333,0.1629,2.2271,0.0,-1325.1725647718,1.4964131588465246,0.7258960043609305,-1628.7660704898,0.3114537476003534
PHEN_red_37_cutoff_0.0.inp.out,268.0616437428881,-0.2916,0.1942,2.2639,0.0,-1326.0334623654,-1.87249919321027,-2.563884863805269,-1629.6246105353,0.2807746756998313
PHEN_red_380_cutoff_0.0.inp.out,268.35433894243874,-0.3311,0.1543,2.5674,0.0,-1325.6916326897,-5.184298013081511,-4.675212354041765,-1629.2832660395,0.3100722375002078
PHEN_red_381_cutoff_0.0.inp.out,267.7116913292715,-0.336,0.1586,2.5719,0.0,-1325.3612100278,-3.8232487532265367,-2.000754202199403,-1628.9549811081,0.3119522725000934
PHEN_red_382_cutoff_0.0.inp.out,270.2827820074203,-0.3444,0.1581,2.5287,0.0,-1325.3049760808,-4.26200106787067,-1.6474783258001195,-1628.9027515914,0.3211525366004935
PHEN_red_383_cutoff_0.0.inp.out,270.36385563611157,-0.3038,0.1969,2.2128,0.0,-1325.2913499153,-2.6029132731355182,-4.2904274386968835,-1628.8829032821,0.2845707315000254
PHEN_red_384_cutoff_0.0.inp.out,269.78969827998617,-0.3552,0.1492,2.1444,0.0,-1325.3466351629,3.3710760276577907,0.494501742863063,-1628.9265468353,0.3253103990000454
PHEN_red_385_cutoff_0.0.inp.out,268.42229230941587,-0.3633,0.1294,2.4763,0.0,-1325.8120463514,0.8964221852559635,1.6728999006359626,-1629.3987046754,0.3390187227996648
PHEN_red_386_cutoff_0.0.inp.out,270.0354554392518,-0.3386,0.1556,2.7019,0.0,-1325.5052403525,0.2885939168166664,-0.5803146996831006,-1629.1019133285,0.318547677299648
PHEN_red_387_cutoff_0.0.inp.out,268.67418348674033,-0.3359,0.1527,2.2834,0.0,-1325.7882845389,-1.1448279584934098,-0.8732992820312416,-1629.3817877473,0.3176643890001287
PHEN_red_388_cutoff_0.0.inp.out,267.7307624827269,-0.3287,0.161,2.2455,0.0,-1325.9758233837,2.272070510631554,1.5962066019345014,-1629.5782591721,0.3065476002002469
PHEN_red_389_cutoff_0.0.inp.out,265.3961662927402,-0.3338,0.1613,2.2149,0.0,-1325.6885589099,2.984070501273973,0.9440097539952952,-1629.2716831447,0.3149550823000027
PHEN_red_38_cutoff_0.0.inp.out,271.6251770100952,-0.3163,0.176,2.2901,0.0,-1325.8340951314,4.1007410529842625,5.445690007945362,-1629.419434168,0.2952319046999037
PHEN_red_390_cutoff_0.0.inp.out,265.5864018587643,-0.3343,0.1616,2.0197,0.0,-1325.7328662016,3.4357667497628475,2.42186447188279,-1629.3292746809,0.3139676902001156
PHEN_red_391_cutoff_0.0.inp.out,264.8898470163938,-0.3365,0.1572,1.8115,0.0,-1325.8112813974,0.4847191336319764,-2.3039891747762176,-1629.3987444022,0.321365175599567
PHEN_red_392_cutoff_0.0.inp.out,268.55592947579055,-0.3179,0.1704,2.0785,0.0,-1325.6938757007,-1.0634181743911022,-5.634109787260302,-1629.2646104258,0.2994104446006531
PHEN_red_393_cutoff_0.0.inp.out,267.97966229455596,-0.3364,0.1497,2.3386,0.0,-1325.9644756446,0.9938772605557644,1.0384381224325048,-1629.5487465771,0.3141167021003639
PHEN_red_394_cutoff_0.0.inp.out,265.8123902084226,-0.3373,0.1581,1.7308,0.0,-1325.6346700277,-2.956903808048282,-6.914107390558558,-1629.2184938976,0.3215397440999368
PHEN_red_395_cutoff_0.0.inp.out,268.0538353486703,-0.3345,0.1526,2.32,0.0,-1325.3465537945,-2.840270119621841,-5.327921680711513,-1628.941043081,0.320156725400011
PHEN_red_396_cutoff_0.0.inp.out,267.7819549392206,-0.32,0.1613,2.185,0.0,-1325.3901033717,-4.002202776838167,-3.840982729437908,-1628.9860113985,0.301391457799582
PHEN_red_397_cutoff_0.0.inp.out,267.34793951042997,-0.3217,0.1688,1.9951,0.0,-1325.9264875443,-2.237634486970177,-6.1452767119736915,-1629.5096467646,0.307752289900236
PHEN_red_398_cutoff_0.0.inp.out,268.46961563458785,-0.3227,0.1657,2.0337,0.0,-1325.581656085,-2.2125709779047336,-6.758682475024487,-1629.1665957441,0.2987223718000678
PHEN_red_399_cutoff_0.0.inp.out,267.5534999109161,-0.3144,0.1707,1.5901,0.0,-1325.9366716575,-1.9537957504680628,-7.671546586780813,-1629.5243651643,0.2977868426996792
PHEN_red_39_cutoff_0.0.inp.out,265.4010013228978,-0.3177,0.1715,2.1206,0.0,-1325.4725149561,0.3811422590573016,1.2741798080736966,-1629.0449894085,0.3063621649998822
PHEN_red_3_cutoff_0.0.inp.out,267.15510557832664,-0.3204,0.1617,1.5598,0.0,-1325.2491194636,3.7544170757033584,1.8845757557984568,-1628.8358426532,0.2991357942000832
PHEN_red_400_cutoff_0.0.inp.out,269.0321049230008,-0.3358,0.1496,2.3475,0.0,-1325.4319542875,-1.8214700267917936,-4.542217910283246,-1629.0340908876,0.3156887346003714
PHEN_red_401_cutoff_0.0.inp.out,269.993362459985,-0.318,0.1739,1.9911,0.0,-1325.5087130769,-1.0420960529137837,-6.740250478266637,-1629.0999671892,0.3010274572998241
PHEN_red_402_cutoff_0.0.inp.out,270.9223763172396,-0.3184,0.1804,1.8246,0.0,-1325.7574730745,-0.6774176015410117,-5.520445942556382,-1629.3514897917,0.2981835889995636
PHEN_red_403_cutoff_0.0.inp.out,267.4325070480681,-0.3406,0.1528,2.6667,0.0,-1325.3581640505,-3.2858916330455763,-7.997470368726031,-1628.9508588216,0.3262716205999822
PHEN_red_404_cutoff_0.0.inp.out,269.46063103242125,-0.3188,0.1739,2.4069,0.0,-1325.3775850513,-1.2655070507918564,-2.4925586701546685,-1628.9700982827,0.3016705038999134
PHEN_red_405_cutoff_0.0.inp.out,270.0986882335091,-0.2996,0.2017,2.3279,0.0,-1325.7224199128,-8.077429142814394,-10.983725677300614,-1629.3105602018,0.283912021699507
PHEN_red_406_cutoff_0.0.inp.out,268.04761248573504,-0.3303,0.163,2.3463,0.0,-1325.5183771582,-3.7176230191399857,-10.220944650281275,-1629.116514371,0.3096926165999321
PHEN_red_407_cutoff_0.0.inp.out,268.1484254063088,-0.321,0.1648,2.2259,0.0,-1325.7464576803,-2.322737075963952,-6.144449048995947,-1629.3346320017,0.3006562204000147
PHEN_red_408_cutoff_0.0.inp.out,266.94545196875856,-0.3041,0.1718,2.1072,0.0,-1325.8737624225,-4.518831885887053,-6.730051249121013,-1629.4580539628,0.2902279648005788
PHEN_red_409_cutoff_0.0.inp.out,266.1517837749129,-0.3161,0.1654,2.6852,0.0,-1325.7558720529,-4.928451083214541,-8.013297007420293,-1629.3446205974,0.297953447200598
PHEN_red_40_cutoff_0.0.inp.out,269.1180383672731,-0.3254,0.1722,1.9971,0.0,-1325.7464509464,2.139670186367831,1.345425591212507,-1629.3420237217,0.3052872783991915
PHEN_red_410_cutoff_0.0.inp.out,265.9290311922867,-0.3404,0.1467,3.2212,0.0,-1325.5463384688,-9.59837931336394,-11.04772582685854,-1629.1535601804,0.3257608814992636
PHEN_red_411_cutoff_0.0.inp.out,267.730034880658,-0.3335,0.1509,2.4066,0.0,-1325.8523523587,-1.342175155729274,-3.5113297241763934,-1629.4501014131,0.3097638161998475
PHEN_red_412_cutoff_0.0.inp.out,266.1646838177233,-0.3269,0.1593,2.5266,0.0,-1325.5041016704,2.800554758605045,4.922351776214396,-1629.0981539661,0.30768072940009
PHEN_red_413_cutoff_0.0.inp.out,267.25009466184395,-0.3305,0.1608,2.2816,0.0,-1325.7241816171,2.297931579863989,2.4133844913859366,-1629.306969481,0.3122525203998521
PHEN_red_414_cutoff_0.0.inp.out,270.29647882400803,-0.3263,0.1702,2.4181,0.0,-1325.5437287828,-1.2523879774281517,0.0770958926094131,-1629.1313688712,0.3019943569997849
PHEN_red_415_cutoff_0.0.inp.out,268.58352321150977,-0.3588,0.1332,2.1286,0.0,-1326.1390331799,1.1848014984331696,2.455902392925037,-1629.7146506231,0.3382070125999235
PHEN_red_416_cutoff_0.0.inp.out,271.0928185717059,-0.303,0.1949,1.5095,0.0,-1325.5130887577,-0.78193198632325,-1.6317794603250937,-1629.0896736044,0.2900814947006438
PHEN_red_417_cutoff_0.0.inp.out,272.23311360317473,-0.3159,0.1844,1.659,0.0,-1325.4551105932,1.008823780126059,-1.1709953608187995,-1629.0460111638,0.2997073005999482
PHEN_red_418_cutoff_0.0.inp.out,269.68917705439895,-0.3366,0.1716,1.7673,0.0,-1325.6841906183,-2.7331205442707533,-3.0888956548927915,-1629.2748912779,0.318898650999472
PHEN_red_419_cutoff_0.0.inp.out,265.84909631486005,-0.3412,0.15,1.8876,0.0,-1325.4282602319,1.6745076891138833,2.1403978991571906,-1629.0122283563,0.3242702433999511
PHEN_red_41_cutoff_0.0.inp.out,268.8694099362537,-0.3336,0.1607,1.9539,0.0,-1325.4015327408,2.834475553993532,2.828395813683154,-1628.9926600314,0.3143260306997035
PHEN_red_420_cutoff_0.0.inp.out,268.55218736579883,-0.3098,0.1825,2.3997,0.0,-1325.5738666503,-0.3259101248607021,1.386453504385366,-1629.1523166098,0.2909674564998568
PHEN_red_421_cutoff_0.0.inp.out,268.44486135331607,-0.357,0.1468,2.2269,0.0,-1325.7413539245,5.624656753434438,5.077560537654409,-1629.3153593821,0.330328316899795
PHEN_red_422_cutoff_0.0.inp.out,268.18016013495384,-0.3156,0.1748,2.3973,0.0,-1325.8122498647,1.6205280472628587,1.9973386824660904,-1629.3900613525,0.296773856100117
PHEN_red_423_cutoff_0.0.inp.out,265.45412591617537,-0.32,0.1564,1.2575,0.0,-1325.4794668996,2.098089168326217,1.0657184440976335,-1629.0341656486,0.3041862740001306
PHEN_red_424_cutoff_0.0.inp.out,266.73260382449115,-0.3221,0.1659,1.6071,0.0,-1325.7203910741,2.896881388997714,1.6815935444487258,-1629.2803297552,0.3048770387003969
PHEN_red_425_cutoff_0.0.inp.out,267.641037808525,-0.3081,0.1742,1.675,0.0,-1325.7445832182,4.364546229095005,0.4256871670082164,-1629.3124974159,0.2940890853997189
PHEN_red_426_cutoff_0.0.inp.out,269.61253648226074,-0.3066,0.1772,2.1489,0.0,-1325.5143860701,3.287019275169999,1.420961549802612,-1629.0896238697,0.2952525880991743
PHEN_red_427_cutoff_0.0.inp.out,267.8265510013588,-0.3136,0.1726,1.9871,0.0,-1325.9278733305,2.7500796082223222,1.042702191901531,-1629.4949471018,0.2962868892000188
PHEN_red_428_cutoff_0.0.inp.out,270.09122109385163,-0.3273,0.1612,1.8034,0.0,-1325.4576872239,3.5064916989339396,2.149029358679415,-1629.0342828665,0.3039107883996621
PHEN_red_429_cutoff_0.0.inp.out,268.1834936729676,-0.3256,0.1733,2.2902,0.0,-1325.3369659585,1.7507779827314311,-1.3188949041588816,-1628.9109065408,0.3077057198006514
PHEN_red_42_cutoff_0.0.inp.out,271.9884326407763,-0.3245,0.1751,1.4838,0.0,-1325.7420641361,1.6846995224288572,1.6660789385298846,-1629.3227055767,0.3131692091001241
PHEN_red_430_cutoff_0.0.inp.out,265.97721143699397,-0.3266,0.1673,2.3229,0.0,-1325.5050042479,-0.1164376711181063,-2.304235917226333,-1629.0798286549,0.3074685882002086
PHEN_red_431_cutoff_0.0.inp.out,269.4373697205371,-0.3113,0.1777,1.9907,0.0,-1325.6134318922,2.819203083197574,1.7654294877493304,-1629.1914016221,0.2961077885001941
PHEN_red_432_cutoff_0.0.inp.out,267.08445218758845,-0.3169,0.1678,1.8658,0.0,-1325.3255800964,6.453048784523778,4.033524569164312,-1628.8973232194,0.2966553184996883
PHEN_red_433_cutoff_0.0.inp.out,266.2347094146207,-0.3361,0.1583,2.2556,0.0,-1325.4903271881,0.7964383733972571,0.5932556501571047,-1629.0621717167,0.3083627234000232
PHEN_red_434_cutoff_0.0.inp.out,266.46736938637855,-0.3218,0.1581,2.4019,0.0,-1325.6046507502,4.061527488943998,6.5202376225233225,-1629.1892911844,0.3033025250997525
PHEN_red_435_cutoff_0.0.inp.out,267.19143269932414,-0.3192,0.1613,1.9551,0.0,-1325.6353568841,2.308108634793304,-0.4580176459192779,-1629.2016451883,0.3064620123996064
PHEN_red_436_cutoff_0.0.inp.out,268.0635406295301,-0.3117,0.1764,1.473,0.0,-1325.0111967299,2.468967679934477,0.3192442111739354,-1628.5798793101,0.296480789299494
PHEN_red_437_cutoff_0.0.inp.out,269.93777504409735,-0.345,0.1357,1.7701,0.0,-1325.6954162943,5.624600226525573,4.288969819963601,-1629.2805688632,0.3178420259991981
PHEN_red_438_cutoff_0.0.inp.out,269.2775413491171,-0.336,0.153,1.8736,0.0,-1325.3921611937,4.755331367868205,2.606087944881684,-1628.9781103234,0.3137945348007633
PHEN_red_439_cutoff_0.0.inp.out,265.3981004135933,-0.3272,0.1602,2.3419,0.0,-1325.1832769814,1.902930092202924,0.0737180243710343,-1628.7601065036,0.3146342553000067
PHEN_red_43_cutoff_0.0.inp.out,267.05545523735424,-0.3414,0.1474,2.4961,0.0,-1325.7539389875,-11.362035033559252,-6.680366300547805,-1629.3402886616,0.3261675123003442
PHEN_red_440_cutoff_0.0.inp.out,269.375178581345,-0.297,0.1686,2.1343,0.0,-1325.3733695067,3.0909190953808925,3.255767447244585,-1628.9387221381,0.2827997235999646
PHEN_red_441_cutoff_0.0.inp.out,268.22584001541753,-0.2944,0.1783,2.4746,0.0,-1325.2940456166,3.285868606306885,1.5156993836418189,-1628.8643053482,0.2802700346992424
PHEN_red_442_cutoff_0.0.inp.out,268.7105020720308,-0.2999,0.1836,2.7672,0.0,-1325.627650546,3.4397772601005867,4.221488938286398,-1629.195238614,0.2867543100001057
PHEN_red_443_cutoff_0.0.inp.out,270.7511944120654,-0.3058,0.1852,2.1398,0.0,-1325.6773623014,4.909109042482272,3.182366922813113,-1629.2652723501,0.2888746884000284
PHEN_red_444_cutoff_0.0.inp.out,270.25794007915226,-0.2966,0.2002,2.1059,0.0,-1325.8410921979,1.0360269948564644,1.95472113740375,-1629.4323292504,0.2874617171000864
PHEN_red_445_cutoff_0.0.inp.out,267.9599446748048,-0.3301,0.1677,1.9435,0.0,-1325.5149103329,4.308833262208144,3.4835479968391794,-1629.0949949921,0.3137747165001201
PHEN_red_446_cutoff_0.0.inp.out,270.1915002819559,-0.3409,0.1613,2.3366,0.0,-1326.0004878744,3.6923508715719273,3.752739904305608,-1629.5909694333,0.3170363889003056
PHEN_red_447_cutoff_0.0.inp.out,269.29673568961044,-0.3457,0.1355,2.5211,0.0,-1325.6350532374,-3.213658504409763,0.1492753876524265,-1629.2219171119,0.328827942499629
PHEN_red_448_cutoff_0.0.inp.out,269.47592256112216,-0.3302,0.1695,1.8692,0.0,-1325.6026722485,4.358963435564895,5.027197678367299,-1629.200270022,0.3106488049998006
PHEN_red_449_cutoff_0.0.inp.out,268.31700241459544,-0.3138,0.1727,1.815,0.0,-1325.6537087976,5.854406851374215,4.897746932715166,-1629.2516838582,0.303159607600719
PHEN_red_44_cutoff_0.0.inp.out,271.1160101348059,-0.3267,0.1679,1.4748,0.0,-1325.5377167969,-2.7771369117762807,-0.6467316668375954,-1629.1294318748,0.3118134827000176
PHEN_red_450_cutoff_0.0.inp.out,268.04458201576637,-0.3218,0.1586,2.6725,0.0,-1325.7902690031,6.319208174084237,8.154577041960408,-1629.3793759559,0.3101146016997518
PHEN_red_451_cutoff_0.0.inp.out,268.6375909724832,-0.3178,0.1564,2.3434,0.0,-1325.7715668746,0.6134531792560656,-0.2672976779150049,-1629.3623472599,0.3037826683003004
PHEN_red_452_cutoff_0.0.inp.out,268.4292034910831,-0.3118,0.1718,2.2865,0.0,-1326.0478046217,1.394247166778012,-0.5775010608567246,-1629.6384917162,0.3021285311006068
PHEN_red_453_cutoff_0.0.inp.out,270.089830711075,-0.3107,0.1734,2.4042,0.0,-1325.7230311294,2.940468200177881,2.13595156236945,-1629.3343728249,0.2945713927001634
PHEN_red_454_cutoff_0.0.inp.out,268.5051170240528,-0.3227,0.167,2.1397,0.0,-1325.9232911282,5.8472939285042385,0.9186323912545976,-1629.5201202538,0.3117366201995537
PHEN_red_455_cutoff_0.0.inp.out,267.29428029145834,-0.3507,0.1409,2.3497,0.0,-1325.583389578,-0.0759053379261145,-2.407330105542164,-1629.1757714171,0.3327230565000718
PHEN_red_456_cutoff_0.0.inp.out,268.0463811375448,-0.316,0.1699,2.6121,0.0,-1325.6648832725,-2.4714457323231844,-4.10817909883135,-1629.2562684734,0.3006774816994948
PHEN_red_457_cutoff_0.0.inp.out,267.3395041114826,-0.3265,0.1804,2.4084,0.0,-1325.5927470029,-2.311054136090022,-2.805669556749399,-1629.187617589,0.3062768119998509
PHEN_red_458_cutoff_0.0.inp.out,264.7778207986642,-0.3155,0.1669,1.9501,0.0,-1325.9345535236,0.3643267951580675,1.742164811698542,-1629.517318407,0.3013122175007083
PHEN_red_459_cutoff_0.0.inp.out,267.8543666897576,-0.3229,0.166,2.2025,0.0,-1325.6303453264,2.9347845001569564,2.21294890532855,-1629.2192285852,0.3090922145993318
PHEN_red_45_cutoff_0.0.inp.out,268.296699031839,-0.3438,0.1536,1.9823,0.0,-1325.4439528591,-0.5656529519745079,-1.3367878739677876,-1629.0227399999,0.3318574674995034
PHEN_red_460_cutoff_0.0.inp.out,269.4057241841652,-0.3062,0.1872,1.6095,0.0,-1325.8239475081,4.006724016179612,2.613681598127285,-1629.4106220981,0.2930850460998044
PHEN_red_461_cutoff_0.0.inp.out,267.9543936235996,-0.3474,0.153,1.8709,0.0,-1325.6065313135,3.098487223972999,2.1602751661512776,-1629.1974495427,0.3269877350003298
PHEN_red_462_cutoff_0.0.inp.out,264.7780899882402,-0.3446,0.1451,2.1274,0.0,-1325.3916280186,0.306080916659939,-0.9134258073238668,-1628.9769823135,0.3255669276995832
PHEN_red_463_cutoff_0.0.inp.out,268.2752003704296,-0.3238,0.168,1.861,0.0,-1325.4161078769,2.683315893329559,1.652007464129274,-1629.016399548,0.3123994837997088
PHEN_red_464_cutoff_0.0.inp.out,264.03930964571873,-0.344,0.1374,1.6317,0.0,-1325.5611966603,5.046716375496052,3.467469074456814,-1629.1365584156,0.3224698337999143
PHEN_red_465_cutoff_0.0.inp.out,267.111917353599,-0.313,0.1701,2.0151,0.0,-1325.3582719693,7.333456150683802,4.534825818947315,-1628.9391156547,0.2969638352005859
PHEN_red_466_cutoff_0.0.inp.out,269.3415965900366,-0.299,0.1745,1.7445,0.0,-1325.3103265118,4.190849405116925,3.933218827100215,-1628.881271414,0.2898387261002426
PHEN_red_467_cutoff_0.0.inp.out,269.2314089936566,-0.2857,0.1987,2.0637,0.0,-1325.6418331691,1.1860437016281655,1.7276293914584455,-1629.2264171953,0.2748172623005303
PHEN_red_468_cutoff_0.0.inp.out,269.08287979879316,-0.3352,0.1533,2.1224,0.0,-1325.4497693371,4.834729119969185,4.451748036945923,-1629.0339337016,0.3157304386004398
PHEN_red_469_cutoff_0.0.inp.out,269.1193255874596,-0.3094,0.1753,1.7133,0.0,-1325.3213516968,5.704215110757191,3.734853560211843,-1628.8904913236,0.2957300829002633
PHEN_red_46_cutoff_0.0.inp.out,269.0695260452074,-0.3325,0.1563,1.8274,0.0,-1325.4086393964,-0.6610278710353144,-1.8994193947028437,-1628.9930980316,0.3156480072002523
PHEN_red_470_cutoff_0.0.inp.out,268.97818849843395,-0.3525,0.1311,1.7272,0.0,-1325.4538317277,3.531205086861136,5.425501449762154,-1629.015355237,0.3346950841996658
PHEN_red_471_cutoff_0.0.inp.out,266.6915048918885,-0.3243,0.1644,1.9076,0.0,-1325.5020463863,5.776601653643091,6.393868015846076,-1629.0746720678,0.3103549226998439
PHEN_red_472_cutoff_0.0.inp.out,270.7139380565391,-0.3361,0.1444,1.7814,0.0,-1325.7675771109,-1.6712592690410069,-0.7654888501885992,-1629.3261890441,0.3124536771001658
PHEN_red_473_cutoff_0.0.inp.out,267.42153189411124,-0.3151,0.1693,1.6601,0.0,-1325.9005523435,2.4995929691443513,3.170629172518832,-1629.4566512203,0.2970642057998702
PHEN_red_474_cutoff_0.0.inp.out,266.9802439622251,-0.349,0.147,1.9311,0.0,-1326.212902102,0.5890729624870404,1.3138333959937158,-1629.7896628362,0.3234722621000401
PHEN_red_475_cutoff_0.0.inp.out,269.0256061981636,-0.3384,0.1697,1.5824,0.0,-1325.9527087848,1.8985176898541216,0.8697433645402735,-1629.521214207,0.3235909285003799
PHEN_red_476_cutoff_0.0.inp.out,269.9713902670967,-0.3178,0.1716,2.1843,0.0,-1325.6694949533,0.3789578376315188,-1.2213497598694116,-1629.2577992627,0.2902996378006719
PHEN_red_477_cutoff_0.0.inp.out,269.22576062246486,-0.3617,0.1294,1.6741,0.0,-1325.5355992886,0.5526803226412431,-0.2095832505425086,-1629.1222719296,0.3358082844997625
PHEN_red_478_cutoff_0.0.inp.out,264.78676976635444,-0.3402,0.1375,1.8556,0.0,-1325.7935255051,3.690345721922281,5.924375225243471,-1629.3665408361,0.3244187521004278
PHEN_red_479_cutoff_0.0.inp.out,267.9072257535239,-0.3165,0.1774,1.8366,0.0,-1325.8527168304,2.072392263068201,-1.3470726334806715,-1629.4310464351,0.2961955228001898
PHEN_red_47_cutoff_0.0.inp.out,268.65600976961457,-0.3327,0.1568,1.7387,0.0,-1325.3357168515,1.6885950289824945,2.476502076229682,-1628.9284215366,0.319057131900081
PHEN_red_480_cutoff_0.0.inp.out,265.1835248393629,-0.3377,0.1556,2.0794,0.0,-1325.6504214882,1.6900265179822656,3.3972805957728407,-1629.2343603873,0.3253009131003637
PHEN_red_481_cutoff_0.0.inp.out,269.41082989859046,-0.3204,0.1728,2.0129,0.0,-1325.4717249038,-2.193501717590907,-2.7047915023467595,-1629.0599982169,0.3097563068995441
PHEN_red_482_cutoff_0.0.inp.out,267.652801728505,-0.3244,0.1668,2.0928,0.0,-1326.0447128601,3.348158471657586,6.533096772428809,-1629.6208539225,0.309220504899713
PHEN_red_483_cutoff_0.0.inp.out,269.09329453461305,-0.3188,0.1821,1.4261,0.0,-1325.1814090282,4.496526771826188,4.377810781129691,-1628.7627259932,0.3033991790007349
PHEN_red_484_cutoff_0.0.inp.out,270.4503921191855,-0.3215,0.1764,1.5778,0.0,-1325.3830154479,3.8709270670740863,5.0099525648730685,-1628.9748020203,0.3036109623999437
PHEN_red_485_cutoff_0.0.inp.out,271.1917240386158,-0.3255,0.1644,1.3544,0.0,-1325.4923543936,2.099748401316986,1.5216901561356382,-1629.0826315543,0.3078749742999207
PHEN_red_486_cutoff_0.0.inp.out,269.396451287439,-0.2999,0.1963,1.9429,0.0,-1325.8066567512,1.6192581646671065,0.0519748933604695,-1629.3889186709,0.2837374541995814
PHEN_red_487_cutoff_0.0.inp.out,268.9205938553527,-0.305,0.1816,1.9479,0.0,-1325.6068004487,6.994868931228023,7.438609225859012,-1629.1819675051,0.2930093883005611
PHEN_red_488_cutoff_0.0.inp.out,268.1078100483572,-0.3114,0.1754,1.7384,0.0,-1325.3931041153,3.2972607069622426,5.657135203879602,-1628.9709942948,0.3027823605007143
PHEN_red_489_cutoff_0.0.inp.out,266.57751851006765,-0.3179,0.1712,2.1538,0.0,-1325.4155696917,4.602241480525927,3.277558860787662,-1628.9849566873,0.3090276890006862
PHEN_red_48_cutoff_0.0.inp.out,266.2388298123567,-0.3512,0.1434,1.8902,0.0,-1325.4406168005,-2.241058142216586,-1.4353232613820217,-1629.0272352871,0.3349783707999449
PHEN_red_490_cutoff_0.0.inp.out,266.4264193895583,-0.3278,0.1499,1.758,0.0,-1325.3964518885,0.4424089293600448,-0.6076351203983238,-1628.9678952312,0.3140835927006264
PHEN_red_491_cutoff_0.0.inp.out,268.28395043903373,-0.3031,0.1658,1.6069,0.0,-1325.436832395,4.165107877078008,3.727669345763781,-1628.998971625,0.2891808468002637
PHEN_red_492_cutoff_0.0.inp.out,265.01634272337344,-0.335,0.1361,1.7272,0.0,-1325.0627635339,-1.6434450598899688,-0.966684450289939,-1628.6391299096,0.3154026309002802
PHEN_red_493_cutoff_0.0.inp.out,265.71396549424423,-0.3195,0.1583,1.9106,0.0,-1325.1776068072,-1.0962683562554705,-1.5562694835846491,-1628.7466916592,0.3064941270004055
PHEN_red_494_cutoff_0.0.inp.out,267.27192426258324,-0.307,0.1708,2.1097,0.0,-1325.2873047589,0.8307968219838583,4.393517993152986,-1628.8641898558,0.2931651020999197
PHEN_red_495_cutoff_0.0.inp.out,264.565125676461,-0.3205,0.1539,2.1467,0.0,-1325.67784835,-1.7930327375025177,-4.938434521733317,-1629.2534376617,0.3042751354005304
PHEN_red_496_cutoff_0.0.inp.out,267.84875558864894,-0.3075,0.1791,2.1586,0.0,-1325.2748480396,-0.6604925216340641,0.3170601634960153,-1628.8689671915,0.2953597464002087
PHEN_red_497_cutoff_0.0.inp.out,269.2728777129579,-0.3394,0.1472,2.0291,0.0,-1325.0762995858,-2.12079419219666,-0.9992390247056514,-1628.6720498701,0.3194656852001571
PHEN_red_498_cutoff_0.0.inp.out,269.1172597174021,-0.3255,0.1647,2.0359,0.0,-1325.3433032163,0.2249605174825025,-2.2943835094956784,-1628.9216939381,0.3119353859001421
PHEN_red_499_cutoff_0.0.inp.out,269.96243860088606,-0.3429,0.1601,2.3139,0.0,-1325.0040259212,-3.831346791418028,-4.109026222171798,-1628.5953434385,0.3254254560997651
PHEN_red_49_cutoff_0.0.inp.out,267.0872855371599,-0.3497,0.1577,2.5095,0.0,-1325.5501763645,-3.4984708888750142,-7.823576844462785,-1629.140702485,0.3304878471008123
PHEN_red_4_cutoff_0.0.inp.out,265.12285568978484,-0.3103,0.1683,1.8331,0.0,-1325.1763505103,6.049629588623659,6.306848896462069,-1628.7567868878,0.2973398384001484
PHEN_red_500_cutoff_0.0.inp.out,268.3676283336937,-0.3108,0.1856,2.0731,0.0,-1325.6586080788,1.1945840829183356,-0.247522547501856,-1629.2368429645,0.296949206899626
PHEN_red_501_cutoff_0.0.inp.out,269.2297046218007,-0.3313,0.169,2.5202,0.0,-1325.7049128718,-3.1410662255806043,-2.437417973817349,-1629.3075807377,0.3044165844994495
PHEN_red_502_cutoff_0.0.inp.out,266.88852794287914,-0.34,0.1606,2.0014,0.0,-1325.7896433295,-2.259441067192475,-2.88519155244395,-1629.383175087,0.3166286759005743
PHEN_red_503_cutoff_0.0.inp.out,269.64246694313897,-0.321,0.1725,2.46,0.0,-1325.6626296501,-4.6581141021653245,-2.3641210441463567,-1629.254958945,0.3071081522994063
PHEN_red_504_cutoff_0.0.inp.out,267.8765399702654,-0.3245,0.1776,2.0805,0.0,-1326.1172412006,1.0124844930142505,-2.210768244517175,-1629.7100579588,0.3069670178001615
PHEN_red_505_cutoff_0.0.inp.out,267.3027944857828,-0.3401,0.1559,2.4815,0.0,-1325.6706251118,0.1843639509684451,-3.045873173855394,-1629.2603353365,0.3194127528004173
PHEN_red_506_cutoff_0.0.inp.out,269.7236351964578,-0.3317,0.1662,2.1012,0.0,-1325.3352393254,2.93168188525689,0.9026434779791884,-1628.9266456038,0.3124537520006925
PHEN_red_507_cutoff_0.0.inp.out,269.1963810083886,-0.3473,0.1434,1.887,0.0,-1325.3882170835,3.444653403157856,4.6102754012329825,-1628.9847034755,0.3294619858997976
PHEN_red_508_cutoff_0.0.inp.out,268.13381928487473,-0.3298,0.1635,2.4466,0.0,-1325.5482786589,3.578017123495127,1.204307241430787,-1629.1381538649,0.3108376396003223
PHEN_red_509_cutoff_0.0.inp.out,268.419434409649,-0.318,0.178,1.7644,0.0,-1325.4693922246,0.5730460584701556,-0.9586143616435872,-1629.0509780039,0.3008982231003756
PHEN_red_50_cutoff_0.0.inp.out,268.36886026730133,-0.3481,0.1662,2.3311,0.0,-1325.2803517445,-2.263504553923454,-7.97781198297568,-1628.8679605427,0.3309128600994881
PHEN_red_510_cutoff_0.0.inp.out,267.6099422701969,-0.3231,0.1635,2.0478,0.0,-1325.6612681008,1.1345400894419375,-0.7164964893679189,-1629.2431550858,0.3017020439001499
PHEN_red_511_cutoff_0.0.inp.out,267.6112481764623,-0.3167,0.1704,1.5452,0.0,-1325.7646886158,0.6044385900524922,-2.1022371984308243,-1629.3456064584,0.2949051948999113
PHEN_red_512_cutoff_0.0.inp.out,267.6790333532991,-0.3158,0.1636,2.0071,0.0,-1325.7806132435,-1.5056590465858326,-3.5878071105313847,-1629.3751885822,0.2907172751001781
PHEN_red_513_cutoff_0.0.inp.out,269.31554210254995,-0.3017,0.1906,2.2888,0.0,-1325.7853731742,2.3694763203768123,0.4767305154368849,-1629.3713964599,0.2807458436000161
PHEN_red_514_cutoff_0.0.inp.out,267.40789028609146,-0.3216,0.1629,1.8263,0.0,-1326.0202686992,0.9865772540105212,-1.9017771308763691,-1629.597134694,0.2927562958002454
PHEN_red_515_cutoff_0.0.inp.out,270.0500079328652,-0.3269,0.1628,1.9744,0.0,-1326.0055563504,3.002765030881543,1.9242885668785008,-1629.5833174194,0.2988679917998524
PHEN_red_516_cutoff_0.0.inp.out,269.1665376616514,-0.3242,0.1625,2.0796,0.0,-1325.2441570611,1.1543067838664451,-1.7402617858499083,-1628.8375696456,0.3032456296004966
PHEN_red_517_cutoff_0.0.inp.out,268.5357781102376,-0.3246,0.1593,1.8537,0.0,-1325.8145023758,2.6070259783933407,0.0310969293815261,-1629.4076873237,0.307892255200386
PHEN_red_518_cutoff_0.0.inp.out,269.038321097177,-0.3291,0.1611,2.4605,0.0,-1325.6320920712,-0.8013842430851736,1.2888453895348984,-1629.2232883826,0.3078937266000139
PHEN_red_519_cutoff_0.0.inp.out,267.14249348675526,-0.3269,0.1522,2.5413,0.0,-1325.7089913029,-0.1202162799364993,1.216907712169071,-1629.2964551836,0.3038947693003138
PHEN_red_51_cutoff_0.0.inp.out,266.29350618901265,-0.3609,0.1397,2.0547,0.0,-1325.5577523605,-5.830445015953338,-10.82193824910812,-1629.148602129,0.3413266359002591
PHEN_red_520_cutoff_0.0.inp.out,268.4050057526282,-0.3476,0.146,2.3325,0.0,-1325.5843691257,-1.72456765057618,-4.836085284158784,-1629.1621931389,0.3224076918995706
PHEN_red_521_cutoff_0.0.inp.out,265.4384538281406,-0.3417,0.1451,1.933,0.0,-1325.4726643336,-2.5237676243024176,-2.427124806969295,-1629.0515400626,0.3192186263004259
PHEN_red_522_cutoff_0.0.inp.out,267.9738334251799,-0.3452,0.1545,1.5781,0.0,-1325.8884650331,-0.4844396757386594,-2.4333387709147125,-1629.4604376554,0.3231410875005167
PHEN_red_523_cutoff_0.0.inp.out,269.9628940275143,-0.3468,0.15,2.1528,0.0,-1325.742513891,-0.511817055506484,-3.271508090155441,-1629.3155710696,0.3258043843006817
PHEN_red_524_cutoff_0.0.inp.out,268.2271457369465,-0.3434,0.1577,2.4751,0.0,-1325.8634715016,-4.9694640845269165,-4.0384356872821545,-1629.4463890567,0.3227323095998144
PHEN_red_525_cutoff_0.0.inp.out,266.7681422768912,-0.3265,0.1694,1.9762,0.0,-1325.885901231,-4.770040098905633,-7.314128723883336,-1629.4648666351,0.309611206500449
PHEN_red_526_cutoff_0.0.inp.out,268.7362808729458,-0.3033,0.1872,2.3525,0.0,-1325.8440076421,-3.506847286080359,-8.60053086199482,-1629.421634891,0.2907978992998323
PHEN_red_527_cutoff_0.0.inp.out,269.21089122719735,-0.3078,0.1837,1.8586,0.0,-1325.4865864122,-0.5096923073779864,-6.755394521915543,-1629.0786147505,0.2912116051993507
PHEN_red_528_cutoff_0.0.inp.out,269.941733031127,-0.3339,0.1608,2.1561,0.0,-1325.7625255647,-0.5865948538504341,-5.996081166806899,-1629.3411796128,0.3083251952002683
PHEN_red_529_cutoff_0.0.inp.out,268.9291331463272,-0.3293,0.1627,1.8617,0.0,-1325.6301538579,0.5085446274845011,-1.5591271259197903,-1629.2112954867,0.3076447735002148
PHEN_red_52_cutoff_0.0.inp.out,270.10108850991236,-0.3419,0.1574,2.0976,0.0,-1325.6109639037,0.9058654329694048,0.5247572314660953,-1629.197709856,0.3166029353997146
PHEN_red_530_cutoff_0.0.inp.out,271.66252640504547,-0.3293,0.1783,1.8661,0.0,-1325.8557602831,1.8168263748120113,-1.9043667785517309,-1629.4551518577,0.2992613589995017
PHEN_red_531_cutoff_0.0.inp.out,268.02093804908435,-0.3151,0.1864,2.2092,0.0,-1326.4168910727,-1.326859177684683,-3.802873968584901,-1630.0067904991,0.2928440622999915
PHEN_red_532_cutoff_0.0.inp.out,268.45313392393814,-0.3291,0.1739,2.0496,0.0,-1325.7361248322,0.6565655475969547,0.5707951608905903,-1629.333641887,0.301938588700068
PHEN_red_533_cutoff_0.0.inp.out,266.2359131796668,-0.3286,0.1521,1.7247,0.0,-1326.1636525009,0.3458996956847308,-3.395590730891345,-1629.7456384191,0.3150059349000003
PHEN_red_534_cutoff_0.0.inp.out,268.42932923514076,-0.3202,0.166,1.4912,0.0,-1325.8871627105,0.1643174360844999,-2.922101336531019,-1629.4602381714,0.3092003643996577
PHEN_red_535_cutoff_0.0.inp.out,265.56452734409424,-0.3198,0.1679,2.668,0.0,-1326.0236084583,-6.5481849031535955,-8.88178946693075,-1629.6133947415,0.3091693546994065
PHEN_red_536_cutoff_0.0.inp.out,269.85319970714573,-0.3252,0.1679,1.8283,0.0,-1326.2107473989,-5.813901440508991,-7.085468185459719,-1629.8005365053,0.30982438349929
PHEN_red_537_cutoff_0.0.inp.out,269.61117530320644,-0.3218,0.1701,2.1395,0.0,-1325.8221706414,-3.627625709473275,-4.932224518727811,-1629.4172869177,0.3078011024999796
PHEN_red_538_cutoff_0.0.inp.out,267.2239148003809,-0.3262,0.1631,1.9011,0.0,-1325.979785509,-3.0359994013868605,-4.913843552209894,-1629.5596199838,0.3151269787003912
PHEN_red_539_cutoff_0.0.inp.out,269.57565240278655,-0.3203,0.1746,2.1149,0.0,-1325.6445462885,-1.0371412758663374,-1.6603598695926467,-1629.2377180029,0.3027078184004494
PHEN_red_53_cutoff_0.0.inp.out,268.79419961558614,-0.3477,0.1604,2.2392,0.0,-1325.3539043765,-0.0830311015343656,1.272349955195348,-1628.9515169122,0.3218919486007507
PHEN_red_54_cutoff_0.0.inp.out,269.2244651422449,-0.3336,0.1589,1.8946,0.0,-1325.2424131514,3.6685814704850137,4.125781432357613,-1628.8361334769,0.312825072400301
PHEN_red_55_cutoff_0.0.inp.out,268.87298930042516,-0.3264,0.1759,2.0668,0.0,-1325.4220207035,3.019516022707878,6.870583456754616,-1629.020556828,0.3059040354000899
PHEN_red_56_cutoff_0.0.inp.out,269.0629779084375,-0.311,0.1779,2.2563,0.0,-1325.2828090929,3.777999025755222,4.592922253447863,-1628.882908025,0.2907349775996408
PHEN_red_57_cutoff_0.0.inp.out,268.7226876014893,-0.3291,0.1617,1.7597,0.0,-1325.8814803238,7.512017390169192,6.539301002063029,-1629.4636397301,0.3069882411000435
PHEN_red_58_cutoff_0.0.inp.out,268.1833097283462,-0.3635,0.1304,2.2178,0.0,-1325.4958865793,-1.9234728668040568,4.237246545146974,-1629.0901615169,0.3391353273000277
PHEN_red_59_cutoff_0.0.inp.out,268.36740096714067,-0.3105,0.1799,1.8354,0.0,-1325.5201399843,4.094434870226577,2.851344565107164,-1629.1222780993,0.2974731285003145
PHEN_red_5_cutoff_0.0.inp.out,267.1569160651011,-0.3275,0.1504,1.519,0.0,-1325.2309072522,5.501890435740549,4.162833612647948,-1628.8050663484,0.3129140209002798
PHEN_red_60_cutoff_0.0.inp.out,267.7355160655727,-0.3417,0.1499,1.9208,0.0,-1325.5286876179,1.0830514072829094,3.586701671800983,-1629.1146970465,0.3209661364999192
PHEN_red_61_cutoff_0.0.inp.out,270.00511301105706,-0.3103,0.1695,1.7112,0.0,-1324.7675758913,2.5739022883853933,4.696822622611812,-1628.3559905187,0.2927799625003899
PHEN_red_62_cutoff_0.0.inp.out,269.1994378475143,-0.3285,0.1703,2.1595,0.0,-1325.1819088347,1.631536813464927,6.483571685474126,-1628.7706497178,0.3172644743999626
PHEN_red_63_cutoff_0.0.inp.out,269.28184420647653,-0.3428,0.1491,2.2043,0.0,-1325.2017401078,6.527963394571182,7.850086794377784,-1628.7896482172,0.3208991361998414
PHEN_red_64_cutoff_0.0.inp.out,269.3882886761147,-0.3025,0.1791,1.5653,0.0,-1324.8589613043,5.336863725618695,4.257834755541039,-1628.4406500832,0.2803031861003546
PHEN_red_65_cutoff_0.0.inp.out,266.5118410191188,-0.3033,0.1784,1.8765,0.0,-1325.1940517337,9.171930211016385,9.544423212500451,-1628.7787632792,0.2841070546000992
PHEN_red_66_cutoff_0.0.inp.out,271.06884121097335,-0.3464,0.1417,2.0893,0.0,-1325.2081521924,7.676063410200052,10.199038421292745,-1628.7790353438,0.3189410113000122
PHEN_red_67_cutoff_0.0.inp.out,266.9346794755761,-0.312,0.1808,1.499,0.0,-1325.238683652,6.252307330840442,4.7962391878044945,-1628.813145682,0.2989696384993294
PHEN_red_68_cutoff_0.0.inp.out,267.38942307054776,-0.301,0.1832,1.8221,0.0,-1325.3039736121,2.073518194495832,-0.0140984116058948,-1628.8758111409,0.2875120737999168
PHEN_red_69_cutoff_0.0.inp.out,269.39795028214303,-0.3391,0.1509,1.4612,0.0,-1325.1946413415,-3.9634321972445425,-7.784438451366153,-1628.7667634165,0.3208577156001411
PHEN_red_6_cutoff_0.0.inp.out,267.05423112168484,-0.3452,0.1468,2.2543,0.0,-1325.0792209022,5.4055041224827765,5.562581464760512,-1628.6726974191,0.334539864900762
PHEN_red_70_cutoff_0.0.inp.out,267.1932225762629,-0.3479,0.1479,1.579,0.0,-1325.3588227457,-1.2653223207457416,-5.568514255367974,-1628.9316331317,0.3283704303994454
PHEN_red_71_cutoff_0.0.inp.out,269.9084746658669,-0.3129,0.1685,2.1321,0.0,-1325.1795325006,1.5424816605205354,2.7966523469350553,-1628.7635680085,0.300786914100172
PHEN_red_72_cutoff_0.0.inp.out,267.25674713996966,-0.3145,0.1769,1.8955,0.0,-1325.8174820121,3.072388147472267,2.221374076451698,-1629.3899175526,0.3033316236005703
PHEN_red_73_cutoff_0.0.inp.out,268.8268186162693,-0.3375,0.1483,1.8145,0.0,-1325.3955476178,2.589614430325488,2.2924201977547716,-1628.9663767068,0.320452574799674
PHEN_red_74_cutoff_0.0.inp.out,267.74392380568975,-0.3489,0.1393,2.2701,0.0,-1325.3241028086,0.1415243920847696,3.922140042466752,-1628.9015364221,0.3309507149997444
PHEN_red_75_cutoff_0.0.inp.out,268.0336330835899,-0.3389,0.1537,2.4851,0.0,-1324.9602221859,-1.351869477349541,-2.2473316468326336,-1628.5532181331,0.3256787566997445
PHEN_red_76_cutoff_0.0.inp.out,269.6966736052383,-0.3471,0.1408,2.5698,0.0,-1325.4745936085,-1.3715205995299535,-1.9376555183634712,-1629.0703308714,0.3310243051000725
PHEN_red_77_cutoff_0.0.inp.out,267.3336773571739,-0.3208,0.1768,2.4693,0.0,-1325.6223182331,-0.5721059419891398,-0.6181909531151221,-1629.2205578023,0.3067697001997658
PHEN_red_78_cutoff_0.0.inp.out,269.8378237543909,-0.3272,0.1562,2.4464,0.0,-1325.5310238176,-1.8634826396894817,-0.1353051883253736,-1629.1271648024,0.310538823099705
PHEN_red_79_cutoff_0.0.inp.out,268.1339739855895,-0.3103,0.173,2.2866,0.0,-1325.3110831168,1.4137797801572105,-1.5752380617773067,-1628.8950649537,0.2989314444002957
PHEN_red_7_cutoff_0.0.inp.out,267.7463695583695,-0.3003,0.187,1.712,0.0,-1325.4669010982,4.949690513180517,6.320576702494972,-1629.05538361,0.288128100499307
PHEN_red_80_cutoff_0.0.inp.out,268.9512252606576,-0.3108,0.1834,2.308,0.0,-1325.4268234147,4.858032998764209,1.8747349644903544,-1629.0240978998,0.2954360003004694
PHEN_red_81_cutoff_0.0.inp.out,267.98073587039516,-0.3257,0.1718,2.0658,0.0,-1325.5159516383,2.7849536136941477,4.498749300550924,-1629.1043022574,0.3057773127002292
PHEN_red_82_cutoff_0.0.inp.out,269.0724860705679,-0.3296,0.1755,2.5085,0.0,-1324.9955373158,7.730488351088979,5.2295164551545925,-1628.5893526236,0.3007226061999972
PHEN_red_83_cutoff_0.0.inp.out,266.9274650794231,-0.3036,0.1891,2.0215,0.0,-1325.2830349992,-0.916017341255889,-4.809845433180433,-1628.8847619745,0.2894126443998175
PHEN_red_84_cutoff_0.0.inp.out,266.3334253947417,-0.3348,0.1575,2.0812,0.0,-1325.2321928413,-0.9844848265250792,-1.6566353202277413,-1628.8224931905,0.3256275372004893
PHEN_red_85_cutoff_0.0.inp.out,267.8867148774058,-0.3357,0.1573,2.524,0.0,-1324.9704421081,-2.4817766680217845,-4.300548623991669,-1628.571442402,0.3183674579995568
PHEN_red_86_cutoff_0.0.inp.out,269.148448165646,-0.3318,0.166,1.9178,0.0,-1325.1329892033,1.0364036686690148,-1.8872511216266887,-1628.7348927306,0.3101421087003473
PHEN_red_87_cutoff_0.0.inp.out,267.9572912323965,-0.3484,0.1467,2.1837,0.0,-1325.1815377176,0.864311607595731,0.1638266572348637,-1628.781761884,0.3273328919003688
PHEN_red_88_cutoff_0.0.inp.out,268.7401485720726,-0.3088,0.1799,2.437,0.0,-1325.236728851,-0.734820813797298,-2.0235794649091514,-1628.8206694394,0.2898221654995723
PHEN_red_89_cutoff_0.0.inp.out,268.472086031733,-0.3125,0.1765,2.5749,0.0,-1325.4249572552,0.5356105516472693,-0.5065470082781769,-1629.0048556208,0.2920542384999862
PHEN_red_8_cutoff_0.0.inp.out,268.90148188575756,-0.3172,0.1827,1.8986,0.0,-1325.5211695265,3.383699776845779,4.162309020679278,-1629.0994537418,0.3000855490008689
PHEN_red_90_cutoff_0.0.inp.out,271.1564919728168,-0.3306,0.1613,2.1441,0.0,-1325.3561065796,3.845308705959251,3.0463106061500165,-1628.9395270417,0.3113655841998479
PHEN_red_91_cutoff_0.0.inp.out,263.32580043721134,-0.304,0.174,2.3559,0.0,-1325.3354489374,0.6917559152983468,0.1628500301008542,-1628.9123673852,0.2969043682996926
PHEN_red_92_cutoff_0.0.inp.out,270.14744743744654,-0.3313,0.1722,1.825,0.0,-1325.368025878,-0.5481850395208849,0.1021191972103989,-1628.9497747118,0.3124708483001086
PHEN_red_93_cutoff_0.0.inp.out,264.89772373210724,-0.3137,0.1682,1.9993,0.0,-1325.6658393736,2.3606351517692694,1.5588892827191103,-1629.2561082959,0.297362845999487
PHEN_red_94_cutoff_0.0.inp.out,267.7189168363341,-0.3107,0.1687,2.036,0.0,-1325.4493852187,4.141311295481784,-0.8772669588705025,-1629.0363514583,0.292452325400518
PHEN_red_95_cutoff_0.0.inp.out,267.1313814559963,-0.3325,0.1464,1.7184,0.0,-1325.5298425184,0.9876501121888784,2.283428166269432,-1629.098816622,0.318883370399817
PHEN_red_96_cutoff_0.0.inp.out,266.1980838657258,-0.3339,0.1532,1.5954,0.0,-1325.5365191111,0.7292917647499608,1.6285564039113936,-1629.1116434341,0.3169332141997074
PHEN_red_97_cutoff_0.0.inp.out,269.7555912052347,-0.3255,0.1757,2.1167,0.0,-1325.7629648654,-2.2341388039624994,-4.318280111973354,-1629.3463739884,0.3078263684001285
PHEN_red_98_cutoff_0.0.inp.out,265.65759464468204,-0.334,0.1599,1.631,0.0,-1325.47597681,-2.448633214114162,1.659017747320837,-1629.0633313979,0.3186994226998649
PHEN_red_99_cutoff_0.0.inp.out,271.39342282555384,-0.3176,0.1756,2.3164,0.0,-1325.9476487387,-0.686166460469235,3.310616184292899,-1629.5464447408,0.3015108195004359
PHEN_red_9_cutoff_0.0.inp.out,269.17430433815895,-0.3163,0.175,2.5977,0.0,-1325.4794210044,3.067360799266552,3.2962956182409537,-1629.0705779349,0.2986656490002133
