file_name,NRE,HOMO,LUMO,Dipole_mom,Num_waters,chg_chg,elec5,elec10,delE_hf,delE_dft
PHEN_red_0_cutoff_0.0.inp.out,268.80975433959213,-0.3245,0.0793,2.0094,0.0,-1325.5321475615,0.43559051321359143,3.2315396198816857,-1631.1118053163,0.32155816939985016
PHEN_red_100_cutoff_0.0.inp.out,271.29395740543663,-0.3276,0.0868,2.3342,0.0,-1325.5349116054,1.7861087315573014,3.537029968984779,-1631.1204758432,0.32355202669987193
PHEN_red_101_cutoff_0.0.inp.out,268.35544735862095,-0.3418,0.0748,2.5280,0.0,-1325.9126285990,8.296710651964894,13.416832190896868,-1631.4882572344,0.33906188150012895
PHEN_red_102_cutoff_0.0.inp.out,272.3425912675193,-0.3405,0.0754,1.7173,0.0,-1325.4632551969,2.1306240243459285,0.8033836322970559,-1631.0383815921,0.33549369489992387
PHEN_red_103_cutoff_0.0.inp.out,266.6277453014414,-0.3321,0.0770,1.9428,0.0,-1325.9015127738,13.531013833797584,18.726594860569524,-1631.4704345337,0.3272478054000203
PHEN_red_104_cutoff_0.0.inp.out,269.70448518737487,-0.3305,0.0721,2.0725,0.0,-1325.3429400759,3.4440528798571246,9.375026102517289,-1630.9109423602,0.32654946629986625
PHEN_red_105_cutoff_0.0.inp.out,265.7586834118524,-0.3104,0.0872,2.3467,0.0,-1325.9059833466,-1.8476401543636733,1.9692705318477546,-1631.4709272434,0.3096164027999748
PHEN_red_106_cutoff_0.0.inp.out,266.18153520612884,-0.3235,0.0848,2.2937,0.0,-1325.2901170152,5.589010844167601,3.7247406965559344,-1630.875592153,0.3193933804000153
PHEN_red_107_cutoff_0.0.inp.out,267.5575070821116,-0.3573,0.0698,1.8536,0.0,-1325.8803511208,0.2641674042165676,0.43148967056321186,-1631.4631162352,0.35009315690012954
PHEN_red_108_cutoff_0.0.inp.out,266.2869990477444,-0.3264,0.0847,1.4621,0.0,-1325.5152328643,3.5805473086093302,0.8228051674767228,-1631.0943109472,0.3248135651999746
PHEN_red_109_cutoff_0.0.inp.out,268.0026345039382,-0.3256,0.0782,1.3252,0.0,-1325.3280688919,8.533785327028959,-2.863043707541938,-1630.916675925,0.32436874290010564
PHEN_red_10_cutoff_0.0.inp.out,270.4681737856302,-0.3272,0.0856,2.8548,0.0,-1325.4494699399,-1.5790538132918117,4.631154626956113,-1631.0416514142,0.32394639120002466
PHEN_red_110_cutoff_0.0.inp.out,265.19043706152127,-0.3426,0.0751,2.1728,0.0,-1325.5355991088,-0.9278314255848099,-4.303770809909968,-1631.1151969298,0.3399976879998121
PHEN_red_111_cutoff_0.0.inp.out,267.09285406687445,-0.3281,0.0863,2.2475,0.0,-1325.6692751002,-4.537352034434246,-8.372488375459426,-1631.2310484873,0.322916794700177
PHEN_red_112_cutoff_0.0.inp.out,267.2774300612059,-0.3354,0.0828,2.9353,0.0,-1325.8253151470,6.942539978492226,11.101728032495227,-1631.4073690096,0.3329566853999495
PHEN_red_113_cutoff_0.0.inp.out,266.1933483130303,-0.3395,0.0699,3.2559,0.0,-1325.4675222148,-0.22678689664516893,-1.5971027039590566,-1631.0567862256,0.33758575620004194
PHEN_red_114_cutoff_0.0.inp.out,268.13513544430026,-0.3463,0.0717,3.2760,0.0,-1325.7125286265,-2.2112338185801472,-13.719954430931939,-1631.3003733713,0.3423846568000499
PHEN_red_115_cutoff_0.0.inp.out,267.7593791500172,-0.3428,0.0795,3.0286,0.0,-1325.4013455979,9.45782857637446,-5.479781363849423,-1631.0109545388,0.3385744878000878
PHEN_red_116_cutoff_0.0.inp.out,269.2653628414209,-0.3248,0.0803,3.2803,0.0,-1325.4055053861,-1.8111580044094586,0.773866494135278,-1631.0126110759,0.3242515066001488
PHEN_red_117_cutoff_0.0.inp.out,269.6550996011005,-0.3368,0.0744,3.1867,0.0,-1325.2335311268,5.389842929926244,4.154212154577055,-1630.8196975018,0.3336928900998828
PHEN_red_118_cutoff_0.0.inp.out,267.7712138428836,-0.2942,0.1188,2.6160,0.0,-1325.1258710161,11.17915129191302,2.2535321772986308,-1630.7091677858,0.29014235680006095
PHEN_red_119_cutoff_0.0.inp.out,269.78093150329653,-0.3408,0.0757,2.3793,0.0,-1325.4756478167,16.4142169049332,28.044018474189798,-1631.0528815301,0.3357521062998785
PHEN_red_11_cutoff_0.0.inp.out,268.29721218919286,-0.3343,0.0791,2.2212,0.0,-1325.7151062930,1.9923543805113217,-0.09140341489787374,-1631.3061313314,0.3303502441999626
PHEN_red_120_cutoff_0.0.inp.out,266.6080369546541,-0.3134,0.0857,2.1510,0.0,-1325.1629501628,15.611098166186716,9.777287395143063,-1630.7366030479,0.31116425279992654
PHEN_red_121_cutoff_0.0.inp.out,266.0658781591054,-0.3306,0.0699,2.0912,0.0,-1325.3934428590,12.014697364335856,9.908612468153636,-1630.9507821102,0.32872361260001526
PHEN_red_122_cutoff_0.0.inp.out,268.43791333816694,-0.3395,0.0718,2.4181,0.0,-1325.4205254092,7.7101887356402,2.574969171310562,-1630.9943794095,0.33729014509981425
PHEN_red_123_cutoff_0.0.inp.out,265.3373361946604,-0.3215,0.0698,2.3576,0.0,-1325.7972852449,-1.7243738990417592,-6.261906654376979,-1631.3701316419,0.3205592490999152
PHEN_red_124_cutoff_0.0.inp.out,269.9299937514498,-0.3303,0.0610,3.3883,0.0,-1325.4953914178,-6.378741708708685,-8.838454535353998,-1631.0896234492,0.3263042480000422
PHEN_red_125_cutoff_0.0.inp.out,264.8408416481427,-0.3550,0.0548,3.1810,0.0,-1325.4903927066,-16.81422426232694,-11.821636529878482,-1631.0677389661,0.35221922109985826
PHEN_red_126_cutoff_0.0.inp.out,266.96998647952506,-0.3315,0.0775,3.5371,0.0,-1325.4646951425,-15.86470604947129,-18.838117423158454,-1631.0528779127,0.3301441347000491
PHEN_red_127_cutoff_0.0.inp.out,268.364485421924,-0.3215,0.0879,2.6657,0.0,-1325.5759076390,3.8398201168795882,1.5453023773482795,-1631.1473575584,0.3211380707000444
PHEN_red_128_cutoff_0.0.inp.out,268.21369812493555,-0.3188,0.0740,3.0437,0.0,-1325.6948211649,-2.572145216441806,-5.9462640288540864,-1631.2765568121,0.31762224020008034
PHEN_red_129_cutoff_0.0.inp.out,269.99139913625845,-0.3118,0.0947,2.9347,0.0,-1325.3017713941,-2.769800536065414,-12.211640268678885,-1630.8906565225,0.31194909949999783
PHEN_red_12_cutoff_0.0.inp.out,269.1414070146536,-0.3670,0.0507,2.4188,0.0,-1325.6600161756,1.3414939049983547,6.449899999067668,-1631.2439514359,0.36514332289993945
PHEN_red_130_cutoff_0.0.inp.out,265.36343161847867,-0.3524,0.0653,3.2239,0.0,-1325.7132419168,-6.609565465313592,-13.633562485953757,-1631.28079223,0.3476680431999739
PHEN_red_131_cutoff_0.0.inp.out,269.7634353072797,-0.3134,0.0865,3.2195,0.0,-1326.1115789713,7.627584282921074,-3.025066034604068,-1631.6987638488,0.3107240519998413
PHEN_red_132_cutoff_0.0.inp.out,269.2212597337956,-0.3118,0.0790,2.7329,0.0,-1325.7302059137,12.461410436801579,6.680134713119285,-1631.3000145551,0.31177182989995345
PHEN_red_133_cutoff_0.0.inp.out,268.3510720225034,-0.3137,0.0924,2.4873,0.0,-1326.0760254020,2.1306519567992224,-17.525351256448403,-1631.6403926515,0.3096315244001744
PHEN_red_134_cutoff_0.0.inp.out,270.1260621859422,-0.3275,0.0815,1.9923,0.0,-1325.6783113157,9.231593446535976,5.8361382108201445,-1631.2535259269,0.3222925379998287
PHEN_red_135_cutoff_0.0.inp.out,267.1519628462377,-0.3304,0.0753,2.5630,0.0,-1325.8856050582,0.6224253271642812,-4.399119126583751,-1631.4526997296,0.327746178499865
PHEN_red_136_cutoff_0.0.inp.out,270.4333498692773,-0.3121,0.0887,1.7805,0.0,-1325.9388017701,6.48971775187311,5.782812102470256,-1631.5141649185,0.30976980610012106
PHEN_red_137_cutoff_0.0.inp.out,266.6879642245844,-0.3380,0.0613,2.7365,0.0,-1325.8566095523,4.129515390464813,-1.864904073391763,-1631.4341633413,0.3358426250999855
PHEN_red_138_cutoff_0.0.inp.out,269.25788924930725,-0.3425,0.0654,2.4530,0.0,-1325.7861567190,-5.409441439394706,-17.265051374124912,-1631.3667660488,0.3402515732000211
PHEN_red_139_cutoff_0.0.inp.out,268.8646422197276,-0.3440,0.0708,2.2725,0.0,-1326.0385773090,2.0464263976810786,-7.142410269981488,-1631.6187650411,0.3410551869999381
PHEN_red_13_cutoff_0.0.inp.out,269.3131637583003,-0.3446,0.0525,2.3351,0.0,-1325.8544153167,-3.8917803008859613,1.450350543783334,-1631.4409738266,0.345165262600176
PHEN_red_140_cutoff_0.0.inp.out,264.4783523906225,-0.3187,0.0789,1.6322,0.0,-1325.6547097446,11.760260329588402,1.9347573668817848,-1631.2210920457,0.3166692974000398
PHEN_red_141_cutoff_0.0.inp.out,269.843124852553,-0.3347,0.0707,2.3200,0.0,-1325.6798648019,0.35199213279286345,-9.227445543844468,-1631.2566085976,0.3320903951000673
PHEN_red_142_cutoff_0.0.inp.out,263.52090631930156,-0.3386,0.0640,2.7339,0.0,-1325.7350207398,7.001234791682029,3.241909446493187,-1631.3089601973,0.3364781882000898
PHEN_red_143_cutoff_0.0.inp.out,270.0001136303033,-0.3399,0.0753,2.5218,0.0,-1325.5955662587,-2.4882360310385425,-3.170439652942324,-1631.1771615353,0.33635286189996805
PHEN_red_144_cutoff_0.0.inp.out,266.0751982195077,-0.3212,0.0832,1.8699,0.0,-1325.8306294376,-2.2154336089378113,-7.81753305454999,-1631.4237848909,0.3188462182999956
PHEN_red_145_cutoff_0.0.inp.out,267.66587516463704,-0.3231,0.0906,2.3663,0.0,-1325.6168816279,7.0683519255322045,-10.36541218545375,-1631.2116550575,0.3212028654002097
PHEN_red_146_cutoff_0.0.inp.out,268.29171763742386,-0.3587,0.0541,1.8389,0.0,-1325.8299954821,-2.27528934194429,-2.186671715757203,-1631.4179527325,0.3564566585000648
PHEN_red_147_cutoff_0.0.inp.out,268.06399258794124,-0.3405,0.0818,2.2950,0.0,-1325.2918312610,9.67948620201285,3.4943715227840846,-1630.8882120959,0.3372676963001595
PHEN_red_148_cutoff_0.0.inp.out,269.5300425071959,-0.3383,0.0691,2.3118,0.0,-1325.7883700094,1.275307633871079,-6.443575142318794,-1631.3805769603,0.33421842810003
PHEN_red_149_cutoff_0.0.inp.out,268.7446452601649,-0.3279,0.0709,3.1742,0.0,-1326.0132233247,0.2623105062454243,-9.375126017134999,-1631.6063897091,0.32566878739999083
PHEN_red_14_cutoff_0.0.inp.out,267.6571930576898,-0.3226,0.0886,1.8430,0.0,-1325.8742620103,4.183646476730044,1.8632963824356086,-1631.4783642922,0.32086082320006426
PHEN_red_150_cutoff_0.0.inp.out,269.0055676344042,-0.3332,0.0820,2.7139,0.0,-1325.5660194129,7.523175048473682,-6.676590876973113,-1631.1540250631,0.3310084063998602
PHEN_red_151_cutoff_0.0.inp.out,267.03883573010773,-0.3461,0.0618,2.0212,0.0,-1325.8852382396,9.28066597124763,6.02650174544557,-1631.471727035,0.3440955574999407
PHEN_red_152_cutoff_0.0.inp.out,268.7540846148026,-0.3219,0.0816,1.6658,0.0,-1325.7937485888,2.918758164497964,-1.3125019524597592,-1631.3823024437,0.31848008940005457
PHEN_red_153_cutoff_0.0.inp.out,266.4731078843639,-0.3325,0.0730,1.6100,0.0,-1325.8639587485,1.2432626064464456,-8.707345126494706,-1631.4477272207,0.33198684510011844
PHEN_red_154_cutoff_0.0.inp.out,267.71583668103295,-0.3310,0.0615,2.3078,0.0,-1326.1196924524,10.18030289056889,9.329082406796044,-1631.705399524,0.32797037730006195
PHEN_red_155_cutoff_0.0.inp.out,269.3008612469758,-0.3334,0.0772,2.4851,0.0,-1325.4585312264,18.634002589534944,11.669286537322002,-1631.0544329084,0.330807868400143
PHEN_red_156_cutoff_0.0.inp.out,269.48315360163275,-0.3626,0.0551,2.6894,0.0,-1325.6051741215,6.788168363194973,5.641443461088358,-1631.1928479415,0.35897223000006306
PHEN_red_157_cutoff_0.0.inp.out,268.6512141539863,-0.3258,0.0755,2.9485,0.0,-1326.3014759517,7.11969502279172,2.2070697695059067,-1631.9001915199,0.3224975665000329
PHEN_red_158_cutoff_0.0.inp.out,269.47856579002524,-0.3426,0.0681,2.1831,0.0,-1325.4123114440,1.1845960495816694,-4.7398968809193995,-1630.9913009224,0.3397698588998992
PHEN_red_159_cutoff_0.0.inp.out,267.1277514175507,-0.3226,0.0787,3.1727,0.0,-1325.7123148901,12.85541012377803,2.9305923248098926,-1631.2948007024,0.31823756120002145
PHEN_red_15_cutoff_0.0.inp.out,269.4542038117227,-0.3419,0.0767,1.4188,0.0,-1325.7540351937,9.007789311234824,7.641258336665274,-1631.337170166,0.33747119229997224
PHEN_red_160_cutoff_0.0.inp.out,268.71968407110984,-0.3420,0.0660,3.2187,0.0,-1325.7193194386,-12.151825013299337,-24.22829875829151,-1631.3132048009,0.3399939881001046
PHEN_red_161_cutoff_0.0.inp.out,266.9867906875505,-0.3125,0.0806,3.6453,0.0,-1325.5760777285,8.81454232226498,7.077815567931411,-1631.1513178867,0.310024169099961
PHEN_red_162_cutoff_0.0.inp.out,270.1492031973188,-0.3282,0.0703,3.6101,0.0,-1325.3978766816,0.19244596748691345,-5.717705883801919,-1630.9782456591,0.3243316839000272
PHEN_red_163_cutoff_0.0.inp.out,266.95096260326534,-0.3320,0.0741,3.4031,0.0,-1325.3555041527,0.7143931568361199,-1.3782851986390108,-1630.9417569323,0.32907493580000846
PHEN_red_164_cutoff_0.0.inp.out,268.57596781925037,-0.3161,0.0827,2.9470,0.0,-1325.0996977897,2.8453572358859494,1.3429833297651872,-1630.688942744,0.31350378510001065
PHEN_red_165_cutoff_0.0.inp.out,267.27898760185286,-0.3310,0.0781,2.6885,0.0,-1325.3165194545,11.817558803604548,5.694453941915138,-1630.8935061276,0.3287868526999773
PHEN_red_166_cutoff_0.0.inp.out,268.2999287379761,-0.3402,0.0800,3.1513,0.0,-1325.3278579704,7.247466483553321,4.417951535996388,-1630.9141585974,0.33536848289986665
PHEN_red_167_cutoff_0.0.inp.out,265.46099848862957,-0.3272,0.0676,3.2392,0.0,-1325.3154374574,5.821562562036529,2.999165643105855,-1630.8875512587,0.3241753853001228
PHEN_red_168_cutoff_0.0.inp.out,268.6546481682841,-0.3286,0.0918,2.1558,0.0,-1325.1327483442,4.752181109949072,1.6335224145288838,-1630.7278838964,0.32547840669985817
PHEN_red_169_cutoff_0.0.inp.out,267.6926244433743,-0.3098,0.0938,2.6088,0.0,-1325.4470258708,4.54941128179161,7.193106995575485,-1631.0312479642,0.3090813397000147
PHEN_red_16_cutoff_0.0.inp.out,265.6402658469714,-0.3172,0.1010,2.2085,0.0,-1325.7175943988,1.5869608976739027,-0.28507351251223,-1631.294452513,0.31301562350017775
PHEN_red_170_cutoff_0.0.inp.out,269.4961654896217,-0.2969,0.1157,2.0909,0.0,-1325.3647019856,18.463694595433118,16.942411994506543,-1630.9449854926,0.29382184010000856
PHEN_red_171_cutoff_0.0.inp.out,270.0263471997403,-0.3122,0.0891,2.3483,0.0,-1325.4234429684,9.782453182246423,3.423909966347668,-1631.0091804927,0.30896293129990227
PHEN_red_172_cutoff_0.0.inp.out,268.6447595982779,-0.3007,0.1022,2.2506,0.0,-1325.0867366463,9.210659731190313,4.98760153268466,-1630.6594259999,0.2978828847999466
PHEN_red_173_cutoff_0.0.inp.out,271.576952740538,-0.3063,0.0978,2.7816,0.0,-1325.5923694800,4.305491872830785,4.932066260176557,-1631.1708883374,0.3034832097000617
PHEN_red_174_cutoff_0.0.inp.out,269.07317277043865,-0.3308,0.0829,2.5979,0.0,-1325.3649514658,9.344033010577208,9.795529140938543,-1630.939103269,0.326155849000088
PHEN_red_175_cutoff_0.0.inp.out,270.9502437468676,-0.3316,0.0698,3.2441,0.0,-1325.8076762897,-4.189186657254514,2.5927502239769487,-1631.401166894,0.32782834199997524
PHEN_red_176_cutoff_0.0.inp.out,269.213505214572,-0.3407,0.0798,3.5201,0.0,-1325.7759745673,23.834839221172857,33.07897373382635,-1631.3624872676,0.33652687300013895
PHEN_red_177_cutoff_0.0.inp.out,270.90190480897996,-0.3379,0.0655,2.7594,0.0,-1325.6459005166,6.671157019358295,5.22230034705687,-1631.2270481294,0.33585987369997383
PHEN_red_178_cutoff_0.0.inp.out,269.89970688128057,-0.3439,0.0664,2.7245,0.0,-1325.8023652277,10.715351272415884,10.067978431764598,-1631.3803164735,0.3401165832001425
PHEN_red_179_cutoff_0.0.inp.out,266.7064915621924,-0.3107,0.0913,2.6127,0.0,-1325.8149191014,15.72195279421678,8.193624412498146,-1631.3857252002,0.3070218171999386
PHEN_red_17_cutoff_0.0.inp.out,266.6220388885959,-0.3302,0.0732,1.7951,0.0,-1325.8328640393,6.114453920238884,11.664434345248772,-1631.4106489927,0.33060799479994785
PHEN_red_180_cutoff_0.0.inp.out,269.77218003123886,-0.3211,0.0731,2.0899,0.0,-1325.6534432790,7.41829329504951,1.5444888220149595,-1631.2315963576,0.3197438790000433
PHEN_red_181_cutoff_0.0.inp.out,264.91853250932417,-0.3492,0.0652,2.6908,0.0,-1325.7444419430,0.4932440088150143,-0.1881742645490334,-1631.3215518353,0.346368376800001
PHEN_red_182_cutoff_0.0.inp.out,268.2149440691128,-0.3289,0.0776,2.3470,0.0,-1325.9909400028,2.7974936556029655,3.5322310985725984,-1631.5804497198,0.3259478556999511
PHEN_red_183_cutoff_0.0.inp.out,265.89106399105935,-0.3181,0.0903,2.2408,0.0,-1325.6218536448,13.449653704458784,4.011878710180471,-1631.2030673291,0.31769829390009363
PHEN_red_184_cutoff_0.0.inp.out,267.0484409277353,-0.3415,0.0698,1.9077,0.0,-1325.7376415251,13.273171828544402,8.110235233449696,-1631.3168818061,0.3406102602000374
PHEN_red_185_cutoff_0.0.inp.out,267.0817997457049,-0.3204,0.0930,3.0606,0.0,-1326.0065802942,11.56379285248637,12.117230670330706,-1631.5914966735,0.3167883393000466
PHEN_red_186_cutoff_0.0.inp.out,266.63691674028365,-0.3405,0.0690,2.6194,0.0,-1325.5540283767,4.040235041880557,6.211651837833346,-1631.1422919396,0.3402248492000126
PHEN_red_187_cutoff_0.0.inp.out,266.282753096673,-0.3174,0.0813,2.5043,0.0,-1326.1633233750,10.114836564607321,10.5967475749549,-1631.7499147629,0.3174166507001246
PHEN_red_188_cutoff_0.0.inp.out,268.10945202604034,-0.3341,0.0627,2.9017,0.0,-1325.8942254746,-6.908782513838362,-7.817257522122689,-1631.4863970951,0.33143462329985596
PHEN_red_189_cutoff_0.0.inp.out,265.3665944468791,-0.3286,0.0827,1.7177,0.0,-1325.3085442572,5.363899022289421,-6.914136223599659,-1630.8943509589,0.3267371137999362
PHEN_red_18_cutoff_0.0.inp.out,268.85798963213625,-0.3372,0.0721,1.6503,0.0,-1325.4117378009,2.7389432830521168,3.190782626171961,-1631.0006710048,0.33591470179999305
PHEN_red_190_cutoff_0.0.inp.out,268.2620197594012,-0.3548,0.0656,2.1825,0.0,-1325.9301327959,9.836483545683073,1.7109253491257723,-1631.5079934526,0.35110039470009724
PHEN_red_191_cutoff_0.0.inp.out,265.0388786161943,-0.3413,0.0637,2.0979,0.0,-1325.5190852000,3.523467724200117,-11.402275311236302,-1631.0998492548,0.3376165049000974
PHEN_red_192_cutoff_0.0.inp.out,267.6805835893198,-0.3591,0.0464,1.7145,0.0,-1325.8459036932,-0.884003476076319,-10.546319129597311,-1631.4337685406,0.35765389719995255
PHEN_red_193_cutoff_0.0.inp.out,266.5327648297074,-0.3232,0.0773,2.8633,0.0,-1325.7698253417,-2.2857630049754096,-13.599663067043318,-1631.3662449878,0.3213555671998165
PHEN_red_194_cutoff_0.0.inp.out,266.2478315670161,-0.3371,0.0772,2.5517,0.0,-1325.8512471953,4.496871648694762,-2.6133524312133347,-1631.4275231863,0.33551598930012005
PHEN_red_195_cutoff_0.0.inp.out,267.9448052990028,-0.3237,0.0808,2.9520,0.0,-1326.0409469728,3.821963968276726,-2.333270534314007,-1631.6241060609,0.32212675589994433
PHEN_red_196_cutoff_0.0.inp.out,267.790342995078,-0.3321,0.0703,2.2142,0.0,-1325.7275982275,3.7899032689830805,2.101396670931474,-1631.3092481319,0.33254711509994195
PHEN_red_197_cutoff_0.0.inp.out,268.3826572581416,-0.3498,0.0609,3.2532,0.0,-1325.7751312789,-0.9175328060992306,-6.34909687129947,-1631.358707024,0.34725550079997447
PHEN_red_198_cutoff_0.0.inp.out,267.96806898629535,-0.3377,0.0763,2.5566,0.0,-1325.5456944741,2.4920124712333855,0.3874392519125437,-1631.1281387215,0.33408751930005565
PHEN_red_199_cutoff_0.0.inp.out,268.4132131454319,-0.3222,0.0733,1.9968,0.0,-1325.5806492745,-4.658806849675162,-3.777943866257169,-1631.152574851,0.3208507838000969
PHEN_red_19_cutoff_0.0.inp.out,266.7799813983336,-0.3388,0.0753,1.2175,0.0,-1325.2656927637,3.332773847280189,6.833152358899883,-1630.8363697589,0.33413522069986357
PHEN_red_1_cutoff_0.0.inp.out,267.0377454812243,-0.3444,0.0668,1.9301,0.0,-1325.6982312682,1.8726539108062081,-0.3899320488760326,-1631.2678903794,0.33921627030008494
PHEN_red_200_cutoff_0.0.inp.out,270.14907161549235,-0.3142,0.0983,2.0333,0.0,-1325.8680257250,-4.10834934911661,-13.062729057434009,-1631.4416620725,0.3102637572999356
PHEN_red_201_cutoff_0.0.inp.out,267.42068267028134,-0.3063,0.0986,2.9150,0.0,-1325.5664223444,-11.867527746136735,-32.446513992120856,-1631.149131345,0.3032931092000126
PHEN_red_202_cutoff_0.0.inp.out,268.744944493368,-0.3136,0.0792,2.4008,0.0,-1325.8647419791,1.932018073705287,-9.279234569622757,-1631.4415658549,0.30930758839986083
PHEN_red_203_cutoff_0.0.inp.out,269.78545746514334,-0.3215,0.0910,2.2010,0.0,-1325.3932237181,-4.698943027112478,-9.365142492096949,-1630.9763723126,0.31849231579985826
PHEN_red_204_cutoff_0.0.inp.out,268.66704393940574,-0.3337,0.0727,1.9016,0.0,-1325.9564936076,-0.6837722010821499,-5.574923662391253,-1631.5464572997,0.3324714203001804
PHEN_red_205_cutoff_0.0.inp.out,268.5214677722776,-0.3547,0.0726,2.5510,0.0,-1325.6518406595,-1.9640817544126792,2.174807740728711,-1631.2351794054,0.35128290800003015
PHEN_red_206_cutoff_0.0.inp.out,269.78040436655425,-0.3287,0.0843,1.9731,0.0,-1325.1824573048,9.494812823708326,12.223311399568766,-1630.7693525053,0.32626864799999566
PHEN_red_207_cutoff_0.0.inp.out,267.2415137164441,-0.3384,0.0668,2.9203,0.0,-1325.5997636929,-2.6409996564673657,-9.786418271781406,-1631.1906693243,0.33637331579984675
PHEN_red_208_cutoff_0.0.inp.out,268.5769041074107,-0.3198,0.0759,2.5428,0.0,-1325.8192332274,-11.284453522231638,-9.666959065239848,-1631.4054733292,0.31737223630011613
PHEN_red_209_cutoff_0.0.inp.out,265.72861097379626,-0.3206,0.0913,2.6823,0.0,-1325.7243745033,-0.34063398892214547,-3.4613310642897535,-1631.3163356713,0.3165160708001622
PHEN_red_20_cutoff_0.0.inp.out,266.89915504646973,-0.3403,0.0759,2.1723,0.0,-1325.5027491083,6.218463968075957,17.72901071665295,-1631.0777234139,0.3366747164000117
PHEN_red_210_cutoff_0.0.inp.out,269.0500376294433,-0.3318,0.0838,2.0012,0.0,-1325.6232601331,2.48559346447342,1.2803619847563132,-1631.2107966232,0.3285638755000946
PHEN_red_211_cutoff_0.0.inp.out,265.97614796603006,-0.3337,0.0744,2.7012,0.0,-1325.3510724341,5.020165803730828,-4.821985899508228,-1630.941947912,0.33206175770010304
PHEN_red_212_cutoff_0.0.inp.out,268.3783964144266,-0.3234,0.0801,2.7678,0.0,-1325.5357322140,-1.8599527020379352,-10.758687471312173,-1631.1210677007,0.32183558459996675
PHEN_red_213_cutoff_0.0.inp.out,268.77198012525326,-0.3325,0.0690,3.1890,0.0,-1325.4494684560,-18.795944785165055,-21.474632369481405,-1631.0323904788,0.3300802810999812
PHEN_red_214_cutoff_0.0.inp.out,266.6339672697399,-0.3226,0.0895,2.8032,0.0,-1325.4487235012,6.023979673357003,-1.2324922640312603,-1631.022501694,0.32016573410010096
PHEN_red_215_cutoff_0.0.inp.out,269.4540325406866,-0.3205,0.0824,3.0491,0.0,-1325.3956921213,5.943771277572003,-0.8904002360283763,-1630.9781493501,0.3186478774000534
PHEN_red_216_cutoff_0.0.inp.out,267.3472349648093,-0.3124,0.0971,2.3828,0.0,-1325.5474792591,6.806150666448318,-0.7124713481410813,-1631.1432233011,0.3116990137000357
PHEN_red_217_cutoff_0.0.inp.out,268.84647004200343,-0.3387,0.0794,2.9113,0.0,-1325.8068096233,-3.1726103614082852,-7.373647865514717,-1631.3967432624,0.33584697490005055
PHEN_red_218_cutoff_0.0.inp.out,270.43130410400767,-0.3196,0.0929,2.7067,0.0,-1325.5339204997,-0.447753282894386,-6.5029952050002136,-1631.1244402305,0.31496127669993257
PHEN_red_219_cutoff_0.0.inp.out,264.3409605727268,-0.3198,0.0859,2.9604,0.0,-1325.8522642355,-5.287002717192216,-8.549952007804634,-1631.4213912933,0.31899533509999856
PHEN_red_21_cutoff_0.0.inp.out,264.968799619756,-0.3239,0.0722,2.0239,0.0,-1325.4333930805,2.7893327748709016,3.2850086270524947,-1631.0086065343,0.32226251570000386
PHEN_red_220_cutoff_0.0.inp.out,269.78070765533585,-0.3333,0.0773,1.9643,0.0,-1325.4813375988,9.526781031113636,8.293387043438988,-1631.0602972495,0.3317420895000396
PHEN_red_221_cutoff_0.0.inp.out,266.227133802203,-0.3226,0.0865,2.8310,0.0,-1325.5248105346,-3.965842658507251,-5.538455547774434,-1631.1051041357,0.31883810249996714
PHEN_red_222_cutoff_0.0.inp.out,267.6504661518101,-0.3415,0.0730,1.5012,0.0,-1325.5048709406,-2.096316084800053,-4.825759760539405,-1631.0791630523,0.336561855599939
PHEN_red_223_cutoff_0.0.inp.out,266.58223012014827,-0.3449,0.0649,1.3873,0.0,-1325.0874276352,-2.0845519700217627,-3.701606177682189,-1630.6649330854,0.34340679879983327
PHEN_red_224_cutoff_0.0.inp.out,267.24723299125077,-0.3298,0.0599,2.4012,0.0,-1325.5600361383,-7.346859855244631,-5.741553651479501,-1631.1480459152,0.3302331982999931
PHEN_red_225_cutoff_0.0.inp.out,267.351127830892,-0.3155,0.0857,2.4144,0.0,-1325.5980043499,5.9904649559334375,2.025369783576614,-1631.1766226482,0.3118306134999784
PHEN_red_226_cutoff_0.0.inp.out,266.32367190872884,-0.3183,0.0885,2.1265,0.0,-1325.6315719903,5.456871790856651,2.660750173529656,-1631.2047417237,0.31546197970010326
PHEN_red_227_cutoff_0.0.inp.out,268.34443867678544,-0.3304,0.0727,2.5117,0.0,-1325.1926538694,-3.474501790911479,-5.355762446007314,-1630.7584628686,0.3283469691998562
PHEN_red_228_cutoff_0.0.inp.out,268.7711706471601,-0.3366,0.0724,2.0794,0.0,-1325.4704616126,-2.7988923837222868,-9.641776864197544,-1631.0468997039,0.33451004790003935
PHEN_red_229_cutoff_0.0.inp.out,267.86185470482616,-0.3178,0.0672,1.6979,0.0,-1325.7007730543,-3.4628471767564344,-9.809779367338788,-1631.2793402923,0.316309089600054
PHEN_red_22_cutoff_0.0.inp.out,265.38970261948174,-0.3223,0.0855,1.6653,0.0,-1325.4837872347,8.697984863874366,9.16009684724789,-1631.0523915906,0.3210616402998312
PHEN_red_230_cutoff_0.0.inp.out,269.92813536182655,-0.3351,0.0786,2.0853,0.0,-1325.3909116724,0.24629561920093818,-4.163488524042511,-1630.9557458878,0.32907615559997794
PHEN_red_231_cutoff_0.0.inp.out,268.32040056437927,-0.3178,0.0836,2.4103,0.0,-1325.0515591561,-6.652542362029824,-14.30773701119737,-1630.6429271818,0.31533070480008973
PHEN_red_232_cutoff_0.0.inp.out,269.8720315302242,-0.3331,0.0662,2.9221,0.0,-1325.3901652639,-7.790684702262435,-1.2919207260955283,-1630.9856960733,0.32927541310004926
PHEN_red_233_cutoff_0.0.inp.out,268.3759300688895,-0.3104,0.0949,2.5184,0.0,-1325.6637795106,4.776714435875787,-0.3040182591245563,-1631.2535742603,0.3085968716000025
PHEN_red_234_cutoff_0.0.inp.out,269.61215125617974,-0.3419,0.0700,2.7688,0.0,-1325.4212371161,-5.927924731907076,-4.810591322586367,-1631.0159038223,0.338618711899926
PHEN_red_235_cutoff_0.0.inp.out,269.6496621360286,-0.3322,0.0785,2.7018,0.0,-1325.7777372665,10.71158441748203,-0.9674564854715225,-1631.370401782,0.3293611113999759
PHEN_red_236_cutoff_0.0.inp.out,266.3888489610068,-0.3126,0.0914,2.7612,0.0,-1325.5330454522,0.9238925489278595,-3.1890133455693834,-1631.1252053946,0.31107054320000316
PHEN_red_237_cutoff_0.0.inp.out,270.5888319738303,-0.3312,0.0757,2.4968,0.0,-1325.4941536354,2.3457044046472477,1.8556266732462114,-1631.0869244261,0.3295797374000813
PHEN_red_238_cutoff_0.0.inp.out,266.5906284818705,-0.3165,0.0956,2.3187,0.0,-1325.3012813127,2.5638586915052026,-3.1692819630606177,-1630.8842550533,0.3142774947000362
PHEN_red_239_cutoff_0.0.inp.out,269.65885833596985,-0.3036,0.0866,3.0781,0.0,-1325.3880261688,0.39924101267686685,-3.74737230319242,-1630.9817132884,0.30380897779991756
PHEN_red_23_cutoff_0.0.inp.out,266.9489489503767,-0.3433,0.0550,2.8104,0.0,-1325.7896421332,-2.1328006171169096,2.284285099180881,-1631.3640388627,0.34162223790008284
PHEN_red_240_cutoff_0.0.inp.out,266.48159254100256,-0.3479,0.0728,2.6004,0.0,-1325.3826993395,-3.775116322539091,0.9025693746516936,-1630.9770836996,0.3446330418000798
PHEN_red_241_cutoff_0.0.inp.out,266.9656942256805,-0.3250,0.0864,3.3328,0.0,-1325.0133384199,-18.571050525639375,-7.1955765948357815,-1630.5992862767,0.3231650454999908
PHEN_red_242_cutoff_0.0.inp.out,268.23954637182203,-0.3435,0.0685,2.2826,0.0,-1325.0518294435,-0.4002511105536537,3.7950597702323736,-1630.6456967969,0.34279431480013045
PHEN_red_243_cutoff_0.0.inp.out,266.35047045741857,-0.3365,0.0683,2.5585,0.0,-1325.7075597700,-4.534594896449788,-1.78670742697913,-1631.2925400317,0.3344187694001448
PHEN_red_244_cutoff_0.0.inp.out,271.2231548175961,-0.3321,0.0667,2.6634,0.0,-1325.4926941252,-1.0143404840673353,3.746150632341604,-1631.0896580128,0.33019909860013286
PHEN_red_245_cutoff_0.0.inp.out,266.47081973236584,-0.3288,0.0806,2.5476,0.0,-1325.5281041725,-0.8293230864567576,1.8683271119423241,-1631.1182066414,0.3258800505000181
PHEN_red_246_cutoff_0.0.inp.out,267.9512427165781,-0.3122,0.0839,2.7323,0.0,-1325.7123720725,0.2807443844121799,-1.4090338500167132,-1631.3049906605,0.31000443609991635
PHEN_red_247_cutoff_0.0.inp.out,269.703362382619,-0.3398,0.0623,2.1239,0.0,-1325.9198138831,4.135000494515227,7.423829268306168,-1631.5057858544,0.3361654284001361
PHEN_red_248_cutoff_0.0.inp.out,267.31612470470424,-0.3234,0.0819,2.5320,0.0,-1325.5097489860,6.062494538521104,9.556903052437537,-1631.070944186,0.3205237064000812
PHEN_red_249_cutoff_0.0.inp.out,269.357651421395,-0.3558,0.0550,2.0622,0.0,-1325.3967963230,-3.839494537742873,1.0563958568051846,-1630.9692758868,0.35102676289989176
PHEN_red_24_cutoff_0.0.inp.out,265.7764575410887,-0.3471,0.0668,2.5259,0.0,-1326.2485432681,-4.238076699266954,6.632019117986344,-1631.8320732338,0.3450046809000469
PHEN_red_250_cutoff_0.0.inp.out,269.49810039671587,-0.3331,0.0697,2.0943,0.0,-1325.1879764729,-4.035558270559298,-7.2841660887612445,-1630.752132469,0.32902931690000514
PHEN_red_251_cutoff_0.0.inp.out,267.12952744219865,-0.3136,0.0744,2.0945,0.0,-1325.6363114952,-2.560218375824605,-7.4705637227595565,-1631.1920871116,0.31258145419997163
PHEN_red_252_cutoff_0.0.inp.out,267.707438400433,-0.3367,0.0854,2.4839,0.0,-1325.2264260724,0.1756741205515786,-3.3096961066255766,-1630.798055524,0.3319796112000404
PHEN_red_253_cutoff_0.0.inp.out,263.4986220400982,-0.3294,0.0755,2.6554,0.0,-1325.6417252968,3.6081052219935006,1.1860901042561105,-1631.19235058,0.3286051733998647
PHEN_red_254_cutoff_0.0.inp.out,268.43743485799257,-0.3202,0.0798,2.3583,0.0,-1325.5826470443,2.6714892276320317,3.4309474513973877,-1631.1483140704,0.3185901246999947
PHEN_red_255_cutoff_0.0.inp.out,267.89436527749183,-0.3206,0.0855,2.3331,0.0,-1325.8883731767,3.1668411488815984,4.363606209037995,-1631.4601721415,0.31847540700005084
PHEN_red_256_cutoff_0.0.inp.out,267.55694502942936,-0.3260,0.0944,1.8520,0.0,-1325.5454200056,2.2986974149090624,3.095800884177544,-1631.1208497977,0.3219621826999628
PHEN_red_257_cutoff_0.0.inp.out,271.38675865795295,-0.3322,0.0664,2.4360,0.0,-1325.8076293096,-8.777446826331808,-2.4748489588241864,-1631.3850553315,0.32932405650012697
PHEN_red_258_cutoff_0.0.inp.out,269.55641912119444,-0.3176,0.0823,1.8231,0.0,-1325.3462756283,6.342017337864213,6.626177520773748,-1630.9007882278,0.31405169749996276
PHEN_red_259_cutoff_0.0.inp.out,268.9144810345913,-0.3254,0.0623,2.2097,0.0,-1325.6572352175,-0.9317481962132494,-3.2748010964138103,-1631.2215142038,0.3227924420000363
PHEN_red_25_cutoff_0.0.inp.out,268.19756984719993,-0.3412,0.0561,2.3912,0.0,-1325.4623423912,-7.768684797897745,-2.064894232562099,-1631.0396453364,0.33776088210015587
PHEN_red_260_cutoff_0.0.inp.out,267.8070585411568,-0.3128,0.0940,2.5693,0.0,-1325.3844584127,6.0159907486731115,1.1635502934585658,-1630.973950704,0.30971309999995356
PHEN_red_261_cutoff_0.0.inp.out,266.80789735269235,-0.3335,0.0660,2.2518,0.0,-1325.5677155410,8.423204802750861,0.5713549204313891,-1631.1491200452,0.3286945259001186
PHEN_red_262_cutoff_0.0.inp.out,268.0881238623025,-0.3193,0.0860,2.3917,0.0,-1325.2860462427,3.7456225376992407,-4.280629144994146,-1630.8813078175,0.316796291899891
PHEN_red_263_cutoff_0.0.inp.out,267.43596402224983,-0.3094,0.0812,2.8011,0.0,-1325.4889037475,-4.2219759867692055,-4.780047751408233,-1631.0691994908,0.3067114126999968
PHEN_red_264_cutoff_0.0.inp.out,267.1603051827353,-0.3099,0.0824,2.0842,0.0,-1325.6626255578,8.239740746997043,2.9547624480808388,-1631.2498256619,0.3066427405999548
PHEN_red_265_cutoff_0.0.inp.out,267.88991825965894,-0.3228,0.0769,2.4434,0.0,-1325.5217483366,-0.7100765797954358,-1.9837061945323204,-1631.1097161525,0.3194794258999991
PHEN_red_266_cutoff_0.0.inp.out,270.9294690351773,-0.3105,0.1021,2.7602,0.0,-1325.1838699412,4.800185435885476,8.023961634397022,-1630.763676433,0.30651729299984254
PHEN_red_267_cutoff_0.0.inp.out,270.0127377659092,-0.3106,0.0870,2.4484,0.0,-1325.6094352455,5.495617268487561,7.953514680623039,-1631.1863337492,0.30853665300014654
PHEN_red_268_cutoff_0.0.inp.out,270.30050496848526,-0.3322,0.0800,2.8996,0.0,-1325.2682825104,17.15967920865755,20.19839916471025,-1630.8748096628,0.32892463999996835
PHEN_red_269_cutoff_0.0.inp.out,268.12301558846343,-0.3244,0.0856,2.4542,0.0,-1325.3098480114,16.863626554018484,14.468060846239219,-1630.8867214608,0.32159100490002857
PHEN_red_26_cutoff_0.0.inp.out,267.1430436483304,-0.3247,0.0757,2.3598,0.0,-1325.6264354363,-0.9165965969861358,-8.18995966285598,-1631.2063817743,0.32232175690000986
PHEN_red_270_cutoff_0.0.inp.out,268.4066564137603,-0.3239,0.0936,2.5890,0.0,-1325.4414651150,8.07678744973516,8.185437120437268,-1631.0252482228,0.32010827229987626
PHEN_red_271_cutoff_0.0.inp.out,266.09846582626176,-0.3420,0.0777,2.2625,0.0,-1325.5012494249,1.83974821056657,-4.791748688139457,-1631.0777293627,0.339718478199984
PHEN_red_272_cutoff_0.0.inp.out,266.74027917266943,-0.3308,0.0807,2.5159,0.0,-1325.2876017519,7.411144720860421,6.680192364913967,-1630.8695038458,0.32735242259991537
PHEN_red_273_cutoff_0.0.inp.out,269.4305211939424,-0.3204,0.0812,3.2518,0.0,-1325.4900737152,-1.016029026173536,5.721745488532114,-1631.0868937253,0.31731895600000826
PHEN_red_274_cutoff_0.0.inp.out,265.4810582710241,-0.3227,0.0894,2.4663,0.0,-1325.4895279602,0.48104433746919406,-1.2802962024759357,-1631.0670742745,0.32069115870012865
PHEN_red_275_cutoff_0.0.inp.out,265.8426597809329,-0.3300,0.0904,2.7008,0.0,-1324.9785799648,-5.022785393656036,-4.019024068846439,-1630.5563349934,0.3252748557999894
PHEN_red_276_cutoff_0.0.inp.out,267.49034811477736,-0.3244,0.0765,2.3468,0.0,-1325.0047322707,-7.344985839970211,-7.553535110833918,-1630.5849776827,0.3237316725001165
PHEN_red_277_cutoff_0.0.inp.out,269.0683770295145,-0.3281,0.0770,2.6172,0.0,-1325.2925802464,-11.632208638038058,-16.495673798576995,-1630.8697783456,0.324425374700013
PHEN_red_278_cutoff_0.0.inp.out,269.38005723027356,-0.3432,0.0644,2.1116,0.0,-1324.9809298955,-1.3613668799702001,-3.748490315449855,-1630.5590352546,0.33972860180006137
PHEN_red_279_cutoff_0.0.inp.out,269.73751412093475,-0.3217,0.0700,1.5845,0.0,-1325.1370218133,0.6807064195539212,-2.375028669908324,-1630.7167420787,0.3193603057998189
PHEN_red_27_cutoff_0.0.inp.out,267.68277332135875,-0.3084,0.0805,2.0301,0.0,-1325.7538791224,7.307694643370014,5.625831644632012,-1631.3460885641,0.30812700640012736
PHEN_red_280_cutoff_0.0.inp.out,268.4862185522474,-0.3245,0.0759,2.1756,0.0,-1324.8599278991,-2.7095468109020184,-4.306463545035694,-1630.4394380977,0.32321037440010514
PHEN_red_281_cutoff_0.0.inp.out,267.8873503945513,-0.3424,0.0569,2.4540,0.0,-1324.8587249804,-0.9191151310838712,-0.3847896487429564,-1630.4375202197,0.34046672160002345
PHEN_red_282_cutoff_0.0.inp.out,268.8511090844859,-0.3489,0.0678,1.7977,0.0,-1325.2970626437,1.4929383592727632,4.630687976172721,-1630.8861752649,0.3425156937998963
PHEN_red_283_cutoff_0.0.inp.out,267.4514942615528,-0.3425,0.0694,2.0749,0.0,-1325.1696196685,1.5223301195630723,1.9188464986907257,-1630.7668269514,0.33888183810017836
PHEN_red_284_cutoff_0.0.inp.out,269.14872571594043,-0.3158,0.0992,1.4960,0.0,-1325.0841420234,2.8612148254777154,-7.867985830857325,-1630.6660800232,0.3132367964999503
PHEN_red_285_cutoff_0.0.inp.out,269.97527163169224,-0.3213,0.0883,1.6484,0.0,-1325.0546681240,-0.813882365186505,-5.023147783198971,-1630.6348794344,0.3185628226999597
PHEN_red_286_cutoff_0.0.inp.out,265.7542080552454,-0.3306,0.0839,1.1852,0.0,-1325.1983286063,4.036104530266143,6.4446557482515825,-1630.7734047513,0.3278007192000132
PHEN_red_287_cutoff_0.0.inp.out,268.04069604811366,-0.3340,0.0805,1.8046,0.0,-1325.4622640846,-0.4081125106721679,-4.863480977168045,-1631.0351976372,0.33047511239988125
PHEN_red_288_cutoff_0.0.inp.out,267.91468647819306,-0.3388,0.0740,3.4368,0.0,-1325.1717091597,-6.851454636884956,-12.603329477443761,-1630.7392097199,0.3342872308001006
PHEN_red_289_cutoff_0.0.inp.out,265.7155866031435,-0.3395,0.0661,2.1329,0.0,-1325.1392371898,2.257493332594504,-3.184278754408287,-1630.6998177005,0.3364880889998858
PHEN_red_28_cutoff_0.0.inp.out,267.8312353298662,-0.3283,0.0768,2.1013,0.0,-1325.9119512700,6.111172447091991,5.318562917498397,-1631.4918151247,0.3248588322001069
PHEN_red_290_cutoff_0.0.inp.out,265.4898522763959,-0.3225,0.0889,1.9530,0.0,-1324.9255088336,0.08805002722086341,-5.784878951915234,-1630.5037741502,0.32000029790015105
PHEN_red_291_cutoff_0.0.inp.out,265.66851879977963,-0.3256,0.0796,2.4074,0.0,-1325.1394650479,-1.661999896474228,-11.3666879168513,-1630.7194524049,0.32076738470004784
PHEN_red_292_cutoff_0.0.inp.out,267.8889657443243,-0.3224,0.0856,3.1850,0.0,-1325.0538179856,-10.787272349816815,-14.214210177573873,-1630.6410725735,0.32024424459996226
PHEN_red_293_cutoff_0.0.inp.out,267.349058333247,-0.3048,0.0970,3.0858,0.0,-1325.3301057281,-6.541690876117557,-8.458625676174421,-1630.9174724257,0.30280212730008316
PHEN_red_294_cutoff_0.0.inp.out,269.0554018790345,-0.3086,0.0954,3.1663,0.0,-1325.0398561943,-1.5958412547238767,-5.227475039923775,-1630.6316821154,0.30530865889977576
PHEN_red_295_cutoff_0.0.inp.out,268.2861809530152,-0.3208,0.0763,3.2110,0.0,-1325.4250949678,-1.7835623092770132,-2.0098070777896186,-1631.007601822,0.3188521733000016
PHEN_red_296_cutoff_0.0.inp.out,269.40774654513535,-0.3105,0.0970,2.4203,0.0,-1325.2229946741,1.1244251478831933,-2.8544210273102504,-1630.7891075607,0.3068427306000103
PHEN_red_297_cutoff_0.0.inp.out,268.2085799580872,-0.3099,0.0866,3.1220,0.0,-1325.3660335747,-2.338271743506451,-4.428069637357304,-1630.9357459381,0.3092817525000555
PHEN_red_298_cutoff_0.0.inp.out,270.2581648859155,-0.3258,0.0698,2.7404,0.0,-1325.3045313661,-0.6784542782130641,-0.24965103155163093,-1630.8871329404,0.32246941180005706
PHEN_red_299_cutoff_0.0.inp.out,269.66165089155726,-0.3135,0.0864,2.3375,0.0,-1325.4711393037,11.777904071703706,12.195084015469938,-1631.0507172853,0.3108372952999616
PHEN_red_29_cutoff_0.0.inp.out,270.0569990247529,-0.3343,0.0710,2.4550,0.0,-1326.0706616919,7.337930117496931,8.311232700231777,-1631.6520464527,0.33137376920012684
PHEN_red_2_cutoff_0.0.inp.out,268.1754503009182,-0.3019,0.0940,1.9833,0.0,-1325.6093271447,0.2206790999010666,-2.445717260356714,-1631.1788695278,0.2996528991000105
PHEN_red_300_cutoff_0.0.inp.out,267.59645607536225,-0.3477,0.0612,2.2701,0.0,-1325.4471687943,2.6468771386661545,3.9536636859431593,-1631.0249323007,0.3437411453999175
PHEN_red_301_cutoff_0.0.inp.out,266.64687231368504,-0.3263,0.0830,2.6475,0.0,-1325.7277133191,3.483214857741604,1.5755115631815102,-1631.3227485212,0.3243152930999713
PHEN_red_302_cutoff_0.0.inp.out,266.3725204655048,-0.3468,0.0745,2.2989,0.0,-1325.7062028741,3.031477032858655,2.831220360610658,-1631.2847126422,0.34329838679991553
PHEN_red_303_cutoff_0.0.inp.out,268.81563313725536,-0.3631,0.0533,2.5100,0.0,-1325.4513954695,-6.471021646507426,-1.8724557505963375,-1631.0300890722,0.36011464440002783
PHEN_red_304_cutoff_0.0.inp.out,267.17336106317856,-0.3208,0.0916,2.1300,0.0,-1325.6970999558,5.176277007422133,7.3903104730065605,-1631.2718757112,0.31904102239991516
PHEN_red_305_cutoff_0.0.inp.out,266.2986102375398,-0.3048,0.0949,2.4698,0.0,-1325.5402731370,0.7304888428156301,1.242779269905074,-1631.1159258931,0.3032918344999871
PHEN_red_306_cutoff_0.0.inp.out,270.74275160410775,-0.3324,0.0722,2.8422,0.0,-1325.3306777380,-1.656698347555745,-3.6287857909940504,-1630.910910572,0.32839845210014573
PHEN_red_307_cutoff_0.0.inp.out,270.12642210537433,-0.3092,0.0897,1.8998,0.0,-1325.4122311730,0.6065253369892819,-1.4416714241894653,-1630.9952124281,0.30630702639996343
PHEN_red_308_cutoff_0.0.inp.out,270.3599186128687,-0.3058,0.0936,2.0027,0.0,-1325.8632158746,2.941804116752807,1.8368819997208503,-1631.4365789872,0.3049572463999084
PHEN_red_309_cutoff_0.0.inp.out,271.1331395046118,-0.3091,0.0871,2.6160,0.0,-1325.2081082085,-0.0795673538384444,-6.96862050961021,-1630.7821959366,0.3066890095999497
PHEN_red_30_cutoff_0.0.inp.out,267.12404392913896,-0.3146,0.1020,2.1269,0.0,-1325.7931154779,5.895797335608228,8.267822860949801,-1631.3798637565,0.3121889126998667
PHEN_red_310_cutoff_0.0.inp.out,268.14221010576244,-0.3427,0.0583,2.5612,0.0,-1325.9184304128,2.2195304697224776,-4.126167346507722,-1631.5068942549,0.3390039490000163
PHEN_red_311_cutoff_0.0.inp.out,269.48133770595416,-0.3361,0.0831,2.7009,0.0,-1325.9831270259,2.8016507905822836,-1.5721351009911224,-1631.551409225,0.33222452289987814
PHEN_red_312_cutoff_0.0.inp.out,266.52336180355826,-0.3144,0.0869,2.6293,0.0,-1325.6955401359,3.2268811707689955,4.762818315508668,-1631.2693551598,0.31124073360001603
PHEN_red_313_cutoff_0.0.inp.out,266.773946814729,-0.3214,0.0780,2.1306,0.0,-1325.7676659888,1.5380563395212206,-2.1194465024585516,-1631.3421486,0.3196370187999946
PHEN_red_314_cutoff_0.0.inp.out,265.7343079059695,-0.3464,0.0637,3.6934,0.0,-1325.8369296725,-5.444576478493136,-5.03101978502006,-1631.4117605262,0.3434885174001465
PHEN_red_315_cutoff_0.0.inp.out,268.22406125041675,-0.3198,0.0821,2.1478,0.0,-1325.5294481421,4.6180390997130525,-0.1847270665762739,-1631.1010174107,0.3159722650000276
PHEN_red_316_cutoff_0.0.inp.out,268.0278820698711,-0.3476,0.0522,2.8973,0.0,-1325.6279011525,-6.490324530244898,-4.512482152626511,-1631.2171789331,0.3446377110001322
PHEN_red_317_cutoff_0.0.inp.out,268.13326029810213,-0.3227,0.0902,2.3953,0.0,-1326.1728353631,8.186994273906611,7.391591876226279,-1631.7557079137,0.32051238750000266
PHEN_red_318_cutoff_0.0.inp.out,269.33254001713857,-0.3526,0.0663,2.5365,0.0,-1325.7960540486,4.970320989976965,-0.978510540354172,-1631.3887785546,0.3497854064000876
PHEN_red_319_cutoff_0.0.inp.out,267.6949709208219,-0.3573,0.0595,3.5451,0.0,-1325.9746182947,-14.96324770451055,-9.330763325175742,-1631.5562516214,0.35414403000004313
PHEN_red_31_cutoff_0.0.inp.out,270.4592326350578,-0.3475,0.0659,2.4149,0.0,-1326.0950459608,-1.0255565105952114,3.1874836205607453,-1631.6751138284,0.3461285794999185
PHEN_red_320_cutoff_0.0.inp.out,267.3060947097873,-0.3143,0.0820,3.2515,0.0,-1325.5782144476,-4.156862211674112,-5.761922383228149,-1631.1519153342,0.31145469319994845
PHEN_red_321_cutoff_0.0.inp.out,266.89903799834684,-0.3259,0.0721,2.2285,0.0,-1325.6678803407,1.8050974448622983,-0.4877270458361396,-1631.2341391483,0.32379282069996407
PHEN_red_322_cutoff_0.0.inp.out,266.02678475980207,-0.3156,0.0881,1.4342,0.0,-1325.9329456574,7.890342404771699,-2.5362595726697723,-1631.5017927431,0.31117366429998583
PHEN_red_323_cutoff_0.0.inp.out,264.910157165014,-0.3403,0.0805,2.3866,0.0,-1325.9565055772,11.982549193979226,8.921028244163203,-1631.5298368122,0.33569257709996236
PHEN_red_324_cutoff_0.0.inp.out,271.4601714369739,-0.3289,0.0675,2.5114,0.0,-1326.0142058541,-4.025498873020897,-3.7932149376319644,-1631.6017135446,0.3259744329000114
PHEN_red_325_cutoff_0.0.inp.out,267.8540981527705,-0.3354,0.0746,1.6656,0.0,-1325.8652841912,3.0825031728733605,2.407443506829596,-1631.4485544466,0.3326600120999501
PHEN_red_326_cutoff_0.0.inp.out,269.6161538296846,-0.3265,0.0890,1.5008,0.0,-1325.9610626172,0.003112990435467755,-0.8037732124896534,-1631.5392923129,0.3206916278998051
PHEN_red_327_cutoff_0.0.inp.out,270.95237317433,-0.3376,0.0700,1.8920,0.0,-1325.7946553567,0.5053290205951415,-0.6104002826777282,-1631.3809252793,0.3328897971000515
PHEN_red_328_cutoff_0.0.inp.out,268.84227177590776,-0.3213,0.0802,2.3312,0.0,-1325.6606531341,-4.231111184915243,-3.213867824730492,-1631.2376767904,0.3165583168001831
PHEN_red_329_cutoff_0.0.inp.out,269.32954198088464,-0.3162,0.0830,2.8895,0.0,-1325.4068456251,-5.336471217140731,-6.295733443930836,-1630.9878270915,0.31260881510002037
PHEN_red_32_cutoff_0.0.inp.out,267.1573524012156,-0.3265,0.0880,2.3871,0.0,-1325.9729742700,6.790102943145236,1.9532575930693477,-1631.5445617364,0.3231548233000012
PHEN_red_330_cutoff_0.0.inp.out,269.4629440926659,-0.3038,0.0810,3.2889,0.0,-1325.3663270400,-0.9934472783842551,6.825621460361958,-1630.9466031812,0.3001365057998555
PHEN_red_331_cutoff_0.0.inp.out,267.32832821378673,-0.3147,0.0800,2.6790,0.0,-1325.6072605158,-5.5683491577096405,-3.533225002679122,-1631.1761078016,0.30951758530000006
PHEN_red_332_cutoff_0.0.inp.out,265.9084099680679,-0.3341,0.0753,2.4098,0.0,-1325.5348324623,1.074837879859969,-0.34543453837063554,-1631.1224543124,0.3306757551001738
PHEN_red_333_cutoff_0.0.inp.out,267.09908996004344,-0.3386,0.0603,2.3887,0.0,-1325.4606294237,4.53015906053576,5.169624099164667,-1631.0624222296,0.3361355764000109
PHEN_red_334_cutoff_0.0.inp.out,267.01394257996026,-0.3428,0.0717,1.3349,0.0,-1325.2996290717,2.900999226232111,-0.29302183222760453,-1630.8796004024,0.3392189915000472
PHEN_red_335_cutoff_0.0.inp.out,269.21460828228237,-0.3211,0.0755,2.0014,0.0,-1325.5791674707,3.756376222929033,2.248891678821134,-1631.1578237127,0.3185051899999962
PHEN_red_336_cutoff_0.0.inp.out,270.00362419601777,-0.3454,0.0589,1.6153,0.0,-1325.5151664026,-1.4286103263427576,-1.322574919597876,-1631.1005739263,0.34270203410005706
PHEN_red_337_cutoff_0.0.inp.out,271.20437692399184,-0.3230,0.0848,2.2887,0.0,-1325.6620628205,-1.06860631798698,-3.8677126064643192,-1631.2464183644,0.319900305200008
PHEN_red_338_cutoff_0.0.inp.out,269.9769381749226,-0.3225,0.0756,2.2798,0.0,-1325.7226184364,-9.492444633971537,-12.933895958983598,-1631.3073711011,0.3202574164999987
PHEN_red_339_cutoff_0.0.inp.out,267.60061026380544,-0.3250,0.0742,2.2035,0.0,-1325.9517071397,-6.464663888763939,-7.4492986952403495,-1631.5219826893,0.3226373603999946
PHEN_red_33_cutoff_0.0.inp.out,270.4723463905157,-0.3321,0.0592,2.4477,0.0,-1325.9278939210,0.6963389633685662,-5.759819521803555,-1631.4996154088,0.32907633380000334
PHEN_red_340_cutoff_0.0.inp.out,270.1011404371497,-0.3287,0.0872,2.6356,0.0,-1325.5810782083,9.493388147826316,11.756738678740577,-1631.1683140065,0.3252373529999204
PHEN_red_341_cutoff_0.0.inp.out,269.35842340603546,-0.3148,0.0847,3.6426,0.0,-1325.3891600815,-9.4058595198685,3.4054071620952375,-1630.977191948,0.3135850743001356
PHEN_red_342_cutoff_0.0.inp.out,270.39034568910176,-0.3173,0.0813,2.2620,0.0,-1325.4554855587,6.910243255391083,10.829035772614818,-1631.0338889543,0.3146348469001623
PHEN_red_343_cutoff_0.0.inp.out,267.0940156068567,-0.3351,0.0582,2.1915,0.0,-1324.9493309690,-1.6282612001197232,3.1366430841132193,-1630.5148831976,0.3340740894998362
PHEN_red_344_cutoff_0.0.inp.out,268.49114214121215,-0.3241,0.0798,2.2735,0.0,-1325.4195384434,8.16777827071919,14.380908628236488,-1631.007868008,0.32233469509992574
PHEN_red_345_cutoff_0.0.inp.out,267.3011195645795,-0.3227,0.0753,1.5015,0.0,-1325.4205831916,11.6053883433072,9.398210842327906,-1631.0038854746,0.32192977649992827
PHEN_red_346_cutoff_0.0.inp.out,265.47158066063736,-0.3464,0.0741,2.7545,0.0,-1325.1658636694,2.6224280109474885,-0.3928218358219949,-1630.7474904442,0.3462413648999245
PHEN_red_347_cutoff_0.0.inp.out,269.28058165060645,-0.3276,0.0825,2.0154,0.0,-1325.3060979539,12.764370422511616,1.9616497124411854,-1630.8957779014,0.3263881020000099
PHEN_red_348_cutoff_0.0.inp.out,268.6819750469671,-0.3167,0.0937,2.1637,0.0,-1325.8457203633,6.658961794842913,10.578194649265196,-1631.4167309898,0.3139573062001091
PHEN_red_349_cutoff_0.0.inp.out,268.78974349241753,-0.3371,0.0813,2.4292,0.0,-1325.4466398710,6.24755636266818,8.936222824462835,-1631.0267897369,0.3331687262000287
PHEN_red_34_cutoff_0.0.inp.out,268.83148475330864,-0.3161,0.0941,3.0218,0.0,-1325.9140221804,14.26619090403688,2.703624735954009,-1631.5014774403,0.31357267290013624
PHEN_red_350_cutoff_0.0.inp.out,268.9817068188688,-0.3149,0.0894,2.7061,0.0,-1325.5713706738,2.3271759042041302,5.254425459994938,-1631.148700595,0.3134454626999741
PHEN_red_351_cutoff_0.0.inp.out,268.30025935539277,-0.3272,0.0746,2.4986,0.0,-1325.8942223242,8.435125026860574,12.826642204371838,-1631.4709094519,0.3248968607001643
PHEN_red_352_cutoff_0.0.inp.out,266.431095072193,-0.2994,0.0885,3.2130,0.0,-1325.9177128443,6.78583764024578,8.425092867570411,-1631.481300023,0.29637329089996456
PHEN_red_353_cutoff_0.0.inp.out,266.8555965538299,-0.3124,0.0787,2.5336,0.0,-1325.3961690746,2.5170484664245043,2.18127173668835,-1630.9629371905,0.30928075209999406
PHEN_red_354_cutoff_0.0.inp.out,268.23741579744177,-0.3155,0.0961,2.8103,0.0,-1325.8085305082,4.8606003865492795,18.216887968435003,-1631.4016050638,0.3130454308998196
PHEN_red_355_cutoff_0.0.inp.out,266.97653610108057,-0.3129,0.0796,3.5681,0.0,-1325.3928136380,5.326128067294967,7.229418889797548,-1630.9870765193,0.3128112664001037
PHEN_red_356_cutoff_0.0.inp.out,267.1159054995972,-0.3002,0.0963,3.3262,0.0,-1325.4804886908,2.6561102384541786,2.3039536093540094,-1631.0689064772,0.298439445700069
PHEN_red_357_cutoff_0.0.inp.out,268.7294388779258,-0.3113,0.0914,2.8878,0.0,-1325.4121470869,0.06886287350350737,3.576824886777421,-1630.9976594241,0.30822255610019056
PHEN_red_358_cutoff_0.0.inp.out,266.5660355333818,-0.3250,0.0864,2.6413,0.0,-1325.4637720906,4.271068555422125,8.355081165623155,-1631.0408229787,0.3212230888000249
PHEN_red_359_cutoff_0.0.inp.out,270.84283396101966,-0.3207,0.0834,3.0026,0.0,-1325.3570692014,0.8964522429268561,4.843126672309252,-1630.9433912948,0.3159269387999757
PHEN_red_35_cutoff_0.0.inp.out,269.2573595422241,-0.3218,0.0851,2.2080,0.0,-1325.9476631388,10.121998933201592,9.70486878184218,-1631.5276947621,0.3175753051000356
PHEN_red_360_cutoff_0.0.inp.out,269.34174850990024,-0.3115,0.0925,2.6708,0.0,-1325.3778162586,-3.825529904705069,-2.6792748698797832,-1630.9644898596,0.30957242609997593
PHEN_red_361_cutoff_0.0.inp.out,271.60112250122256,-0.3300,0.0714,2.8933,0.0,-1325.6610687884,-3.784274165142829,0.40654730994028765,-1631.2398283899,0.3264821958000539
PHEN_red_362_cutoff_0.0.inp.out,269.626543095797,-0.3302,0.0785,1.9873,0.0,-1326.0149340709,9.804572593532907,7.476487586976582,-1631.6027236258,0.32873598290007067
PHEN_red_363_cutoff_0.0.inp.out,269.7272096155794,-0.3040,0.1039,2.6735,0.0,-1325.5284675858,8.418357787726327,2.204883405784998,-1631.094473346,0.30098149419995934
PHEN_red_364_cutoff_0.0.inp.out,271.94091026793905,-0.3173,0.0910,2.4067,0.0,-1325.2354060880,12.81662256188457,12.9409246037856,-1630.8122249561,0.31384790230004
PHEN_red_365_cutoff_0.0.inp.out,268.34394599580975,-0.3252,0.0778,2.1981,0.0,-1325.4885923404,6.103939691169656,9.907408288240024,-1631.0680212037,0.3245211252999525
PHEN_red_366_cutoff_0.0.inp.out,268.750254636771,-0.3364,0.0710,1.9823,0.0,-1325.5910344176,1.981906184041672,-4.562116257463108,-1631.173718385,0.3356549133000044
PHEN_red_367_cutoff_0.0.inp.out,266.11348356100615,-0.3275,0.0821,2.8313,0.0,-1325.5057014177,2.1679927351325374,1.2304362071221897,-1631.0861486935,0.3250081169999248
PHEN_red_368_cutoff_0.0.inp.out,266.3865623343946,-0.3578,0.0569,2.7254,0.0,-1325.1675611809,-4.013329349094373,-0.4101769706108467,-1630.7471654142,0.3563771174001431
PHEN_red_369_cutoff_0.0.inp.out,264.8758230539127,-0.3382,0.0739,2.0693,0.0,-1325.2298554277,0.8595088487462998,0.49321894960320745,-1630.8013614406,0.3389889617001245
PHEN_red_36_cutoff_0.0.inp.out,269.5138070230174,-0.3431,0.0555,2.0538,0.0,-1325.7586340966,5.2349461162299,4.092250279134859,-1631.3206249111,0.33999418099983814
PHEN_red_370_cutoff_0.0.inp.out,267.8101111720145,-0.3361,0.0731,2.6163,0.0,-1325.2123667895,-4.239766555914611,-5.617252575364502,-1630.7931010158,0.3346654165000018
PHEN_red_371_cutoff_0.0.inp.out,266.5570395488342,-0.3262,0.0912,3.5596,0.0,-1325.6248519965,-6.2662524931858545,-9.335782478350573,-1631.2121168934,0.32754778100002113
PHEN_red_372_cutoff_0.0.inp.out,265.76873832885946,-0.3369,0.0856,3.0914,0.0,-1325.3529662867,1.8727872207072118,-5.742759743575635,-1630.9475291153,0.3364005671999166
PHEN_red_373_cutoff_0.0.inp.out,266.63584770919044,-0.3256,0.0863,2.8111,0.0,-1325.4440365590,-7.321039791735158,-15.283406610619686,-1631.0118613778,0.32603936350005824
PHEN_red_374_cutoff_0.0.inp.out,268.36218214657595,-0.3219,0.0796,2.9311,0.0,-1325.2512721146,3.978183178032072,-1.4657630769845997,-1630.8304277954,0.321654226200053
PHEN_red_375_cutoff_0.0.inp.out,266.28793194424,-0.3313,0.0726,2.1722,0.0,-1325.8152638220,3.446385054852868,0.7994803497968733,-1631.4002865998,0.32853697659993486
PHEN_red_376_cutoff_0.0.inp.out,269.02850117535365,-0.3114,0.0832,2.5475,0.0,-1325.8310081066,6.2336028673146835,6.5161817320050295,-1631.4076179254,0.30832119110004896
PHEN_red_377_cutoff_0.0.inp.out,267.9838298605358,-0.3192,0.0836,2.4439,0.0,-1324.9634765557,9.830426965849831,7.652004472337767,-1630.5457602754,0.31801232120005807
PHEN_red_378_cutoff_0.0.inp.out,265.9897365738875,-0.3139,0.0891,1.4167,0.0,-1325.3801640971,7.310774537104013,-0.10953025406034819,-1630.9630275903,0.31170145629994295
PHEN_red_379_cutoff_0.0.inp.out,267.5691479761866,-0.3339,0.0779,2.7588,0.0,-1325.1725647718,2.877672053109491,1.1412566162280982,-1630.7596050452,0.3313044683000044
PHEN_red_37_cutoff_0.0.inp.out,268.0616437428881,-0.2925,0.1067,2.6097,0.0,-1326.0334623654,-4.085916911418505,-4.980753910972655,-1631.6203228338,0.2919349952999255
PHEN_red_380_cutoff_0.0.inp.out,268.35433894243874,-0.3333,0.0484,3.2403,0.0,-1325.6916326897,-3.8419658182849576,-3.5349695659517937,-1631.277782848,0.32908137020012873
PHEN_red_381_cutoff_0.0.inp.out,267.7116913292715,-0.3368,0.0754,3.1403,0.0,-1325.3612100278,-9.834583783808993,-4.834977101159041,-1630.9513877063,0.33308905759986374
PHEN_red_382_cutoff_0.0.inp.out,270.2827820074203,-0.3423,0.0661,3.0893,0.0,-1325.3049760808,-4.4672056164230955,1.0557281798682323,-1630.9010791711,0.33915234279993456
PHEN_red_383_cutoff_0.0.inp.out,270.36385563611157,-0.3024,0.1021,2.5848,0.0,-1325.2913499153,-9.458004056075662,-14.25570794393844,-1630.8779217471,0.2997865115000877
PHEN_red_384_cutoff_0.0.inp.out,269.78969827998617,-0.3543,0.0652,2.6502,0.0,-1325.3466351629,9.201108668864565,0.0156560288886059,-1630.9209590483,0.3498893393000344
PHEN_red_385_cutoff_0.0.inp.out,268.42229230941587,-0.3628,0.0572,2.8949,0.0,-1325.8120463514,1.5180643127333062,2.73716148501309,-1631.391598885,0.36047864229999504
PHEN_red_386_cutoff_0.0.inp.out,270.0354554392518,-0.3407,0.0657,3.1069,0.0,-1325.5052403525,1.3369686553718787,-1.129395078893126,-1631.0941022119,0.3361016692999783
PHEN_red_387_cutoff_0.0.inp.out,268.67418348674033,-0.3358,0.0605,2.6276,0.0,-1325.7882845389,-1.835935592058904,-2.6209330314047676,-1631.374147295,0.33394640680012344
PHEN_red_388_cutoff_0.0.inp.out,267.7307624827269,-0.3296,0.0794,2.5571,0.0,-1325.9758233837,7.066335804189226,4.8792755663215495,-1631.569940664,0.32620218209990526
PHEN_red_389_cutoff_0.0.inp.out,265.3961662927402,-0.3358,0.0787,2.5716,0.0,-1325.6885589099,7.771696035591772,4.083138137252279,-1631.2610320903,0.33151246329998685
PHEN_red_38_cutoff_0.0.inp.out,271.6251770100952,-0.3144,0.0952,2.6785,0.0,-1325.8340951314,11.143555948467476,12.073754454463575,-1631.4176427736,0.3115283718000228
PHEN_red_390_cutoff_0.0.inp.out,265.5864018587643,-0.3356,0.0748,2.0757,0.0,-1325.7328662016,9.41496443145084,5.533380028825661,-1631.3220408391,0.3329788428000029
PHEN_red_391_cutoff_0.0.inp.out,264.8898470163938,-0.3392,0.0693,2.0874,0.0,-1325.8112813974,1.6885072595260673,-5.482849350526045,-1631.3900936637,0.3376510923001206
PHEN_red_392_cutoff_0.0.inp.out,268.55592947579055,-0.3188,0.0869,2.6663,0.0,-1325.6938757007,-1.9465326983745062,-8.606988031977842,-1631.2605565977,0.31557916099995964
PHEN_red_393_cutoff_0.0.inp.out,267.97966229455596,-0.3350,0.0697,2.6433,0.0,-1325.9644756446,1.7982715705907601,1.8797305321874507,-1631.54463099,0.33158270979993176
PHEN_red_394_cutoff_0.0.inp.out,265.8123902084226,-0.3379,0.0846,1.8751,0.0,-1325.6346700277,-0.6303422843793564,-4.491205858910408,-1631.2141970572,0.33431137279990253
PHEN_red_395_cutoff_0.0.inp.out,268.0538353486703,-0.3343,0.0708,2.6854,0.0,-1325.3465537945,-5.138876752828259,-9.642340889763481,-1630.9381457323,0.3320054641999377
PHEN_red_396_cutoff_0.0.inp.out,267.7819549392206,-0.3220,0.0721,2.4367,0.0,-1325.3901033717,-9.688452992574765,-11.184056678786913,-1630.9830845752,0.32177988099988397
PHEN_red_397_cutoff_0.0.inp.out,267.34793951042997,-0.3232,0.0822,2.2069,0.0,-1325.9264875443,-7.199603398348999,-18.20960780493981,-1631.5024083079,0.3210636430001159
PHEN_red_398_cutoff_0.0.inp.out,268.46961563458785,-0.3221,0.0841,2.0276,0.0,-1325.5816560850,-8.59759148060466,-22.022141842573244,-1631.1605888899,0.32052583050017347
PHEN_red_399_cutoff_0.0.inp.out,267.5534999109161,-0.3140,0.0862,1.5963,0.0,-1325.9366716575,-4.466879719945004,-17.62676290441425,-1631.5184492675,0.31298473240008207
PHEN_red_39_cutoff_0.0.inp.out,265.4010013228978,-0.3232,0.0813,2.3653,0.0,-1325.4725149561,-0.8063966399628193,1.372842512123297,-1631.0369059503,0.319385721000117
PHEN_red_3_cutoff_0.0.inp.out,267.15510557832664,-0.3252,0.0667,1.8769,0.0,-1325.2491194636,6.0888350301134775,3.597775626675263,-1630.8348852042,0.323858115999883
PHEN_red_400_cutoff_0.0.inp.out,269.0321049230008,-0.3359,0.0750,2.8165,0.0,-1325.4319542875,-1.904173628491719,-10.473994722454147,-1631.0330279668,0.33527352689998224
PHEN_red_401_cutoff_0.0.inp.out,269.993362459985,-0.3204,0.0870,2.1310,0.0,-1325.5087130769,-1.6239090959076887,-14.033080119226469,-1631.0976560569,0.3174814942001376
PHEN_red_402_cutoff_0.0.inp.out,270.9223763172396,-0.3163,0.0972,2.0231,0.0,-1325.7574730745,-4.832751253833445,-20.04231791247575,-1631.3500924576,0.31204917400009435
PHEN_red_403_cutoff_0.0.inp.out,267.4325070480681,-0.3440,0.0601,3.3492,0.0,-1325.3581640505,-12.876138519417154,-28.438389540018186,-1630.9465911607,0.3405956302001414
PHEN_red_404_cutoff_0.0.inp.out,269.46063103242125,-0.3215,0.0888,2.7934,0.0,-1325.3775850513,-6.676405175787432,-9.64066383484981,-1630.9646152698,0.3186728552000204
PHEN_red_405_cutoff_0.0.inp.out,270.0986882335091,-0.2978,0.1033,2.8477,0.0,-1325.7224199128,-19.390960556188205,-24.06881816247642,-1631.3050893342,0.29477813500011507
PHEN_red_406_cutoff_0.0.inp.out,268.04761248573504,-0.3325,0.0849,2.5785,0.0,-1325.5183771582,-11.683554089090661,-25.89905710371012,-1631.1116687721,0.3286808800999097
PHEN_red_407_cutoff_0.0.inp.out,268.1484254063088,-0.3225,0.0916,2.6018,0.0,-1325.7464576803,-7.537441966814857,-15.469621043378726,-1631.329855808,0.31813659919998827
PHEN_red_408_cutoff_0.0.inp.out,266.94545196875856,-0.3075,0.0852,2.5418,0.0,-1325.8737624225,-10.361568896924476,-14.324861861925257,-1631.4513992374,0.30686956990007275
PHEN_red_409_cutoff_0.0.inp.out,266.1517837749129,-0.3183,0.0785,3.2277,0.0,-1325.7558720529,-10.613460653014702,-16.73714470495172,-1631.3381433468,0.31575935050000226
PHEN_red_40_cutoff_0.0.inp.out,269.1180383672731,-0.3254,0.0755,2.3678,0.0,-1325.7464509464,4.731847829102502,3.896111619631371,-1631.3371956106,0.32329501539993544
PHEN_red_410_cutoff_0.0.inp.out,265.9290311922867,-0.3450,0.0605,3.9623,0.0,-1325.5463384688,-18.712069082876347,-21.541295908048347,-1631.1504920659,0.34025836289993094
PHEN_red_411_cutoff_0.0.inp.out,267.730034880658,-0.3361,0.0700,3.0414,0.0,-1325.8523523587,-1.1503497940189218,-3.457724638592228,-1631.4440461616,0.3318706676000147
PHEN_red_412_cutoff_0.0.inp.out,266.1646838177233,-0.3309,0.0721,3.2434,0.0,-1325.5041016704,5.291165949717078,9.432620795905688,-1631.0886343283,0.3289570370000092
PHEN_red_413_cutoff_0.0.inp.out,267.25009466184395,-0.3336,0.0751,2.4225,0.0,-1325.7241816171,6.231865183165537,6.367153978935804,-1631.2982045653,0.3306693857000482
PHEN_red_414_cutoff_0.0.inp.out,270.29647882400803,-0.3275,0.0808,3.1931,0.0,-1325.5437287828,-4.677469569826966,-0.5863485283039456,-1631.1254739226,0.3217366287999539
PHEN_red_415_cutoff_0.0.inp.out,268.58352321150977,-0.3587,0.0636,2.1004,0.0,-1326.1390331799,1.3973498763557384,3.718308686761727,-1631.7075349266,0.3532013968001593
PHEN_red_416_cutoff_0.0.inp.out,271.0928185717059,-0.3021,0.0899,1.3671,0.0,-1325.5130887577,0.8352899831044465,-2.099454796649673,-1631.0829766967,0.30160702369994397
PHEN_red_417_cutoff_0.0.inp.out,272.23311360317473,-0.3138,0.0811,1.8801,0.0,-1325.4551105932,1.3911464609862538,-4.111121877357014,-1631.0435793951,0.3115328958999726
PHEN_red_418_cutoff_0.0.inp.out,269.68917705439895,-0.3340,0.0884,1.7571,0.0,-1325.6841906183,-5.078916197415184,-6.363361177262537,-1631.2724324454,0.330401787899973
PHEN_red_419_cutoff_0.0.inp.out,265.84909631486005,-0.3422,0.0791,2.0968,0.0,-1325.4282602319,6.129003497612594,7.42232926944632,-1631.0048395386,0.3392458859998442
PHEN_red_41_cutoff_0.0.inp.out,268.8694099362537,-0.3343,0.0668,2.0085,0.0,-1325.4015327408,5.5546875655300845,6.489192026662933,-1630.9866251818,0.3316326284000297
PHEN_red_420_cutoff_0.0.inp.out,268.55218736579883,-0.3126,0.0644,2.3500,0.0,-1325.5738666503,0.033695559342268755,2.273888302812021,-1631.1450670504,0.3101340246998916
PHEN_red_421_cutoff_0.0.inp.out,268.44486135331607,-0.3563,0.0709,2.9452,0.0,-1325.7413539245,11.231484408228908,10.048447599868119,-1631.3063726285,0.35118597039991073
PHEN_red_422_cutoff_0.0.inp.out,268.18016013495384,-0.3196,0.0781,2.7377,0.0,-1325.8122498647,4.5364987916559425,3.89679734898596,-1631.3834051666,0.31441288850010096
PHEN_red_423_cutoff_0.0.inp.out,265.45412591617537,-0.3236,0.0718,1.3438,0.0,-1325.4794668996,4.92997557349811,3.9168735578858147,-1631.0292049045,0.3212756634000016
PHEN_red_424_cutoff_0.0.inp.out,266.73260382449115,-0.3251,0.0763,1.6316,0.0,-1325.7203910741,3.383506153958895,1.1107382133963273,-1631.2732387531,0.321882002700022
PHEN_red_425_cutoff_0.0.inp.out,267.641037808525,-0.3086,0.0935,1.9702,0.0,-1325.7445832182,6.744421989230252,0.9036668973876216,-1631.3057072395,0.30526188780004304
PHEN_red_426_cutoff_0.0.inp.out,269.61253648226074,-0.3088,0.0869,2.1682,0.0,-1325.5143860701,3.174437590655476,1.7971937409865941,-1631.0815800001,0.30551206500012995
PHEN_red_427_cutoff_0.0.inp.out,267.8265510013588,-0.3142,0.0850,2.5227,0.0,-1325.9278733305,5.844725515731925,2.083580722080006,-1631.4881593124,0.3125223713000196
PHEN_red_428_cutoff_0.0.inp.out,270.09122109385163,-0.3249,0.0917,2.0997,0.0,-1325.4576872239,6.850067749369796,4.6998714643623325,-1631.0323582018,0.32278659550001976
PHEN_red_429_cutoff_0.0.inp.out,268.1834936729676,-0.3262,0.0851,2.4787,0.0,-1325.3369659585,3.3255602837146547,-0.7232429212410808,-1630.9057749506,0.32290679509992515
PHEN_red_42_cutoff_0.0.inp.out,271.9884326407763,-0.3260,0.0720,2.0119,0.0,-1325.7420641361,4.056396635905739,2.969820064335904,-1631.3194112995,0.32411266720009735
PHEN_red_430_cutoff_0.0.inp.out,265.97721143699397,-0.3241,0.0884,2.8513,0.0,-1325.5050042479,-0.7864030778974112,-5.860058678580481,-1631.0787631173,0.3244537774000946
PHEN_red_431_cutoff_0.0.inp.out,269.4373697205371,-0.3141,0.0928,1.8932,0.0,-1325.6134318922,4.266563462757382,3.004612099919982,-1631.1871014339,0.3120879136001804
PHEN_red_432_cutoff_0.0.inp.out,267.08445218758845,-0.3179,0.0847,1.7553,0.0,-1325.3255800964,16.67221312288479,11.07510802769247,-1630.8918266289,0.31322323940003116
PHEN_red_433_cutoff_0.0.inp.out,266.2347094146207,-0.3356,0.0869,2.6528,0.0,-1325.4903271881,1.4695417092271834,1.4565122030389712,-1631.0565414009,0.33023089450011867
PHEN_red_434_cutoff_0.0.inp.out,266.46736938637855,-0.3239,0.0856,2.7810,0.0,-1325.6046507502,6.783354140586545,10.737550838517516,-1631.1860206288,0.32298862430002373
PHEN_red_435_cutoff_0.0.inp.out,267.19143269932414,-0.3250,0.0828,1.8646,0.0,-1325.6353568841,3.1829995994453615,-0.8948720813546496,-1631.1983492441,0.3216981324999324
PHEN_red_436_cutoff_0.0.inp.out,268.0635406295301,-0.3149,0.0945,1.5567,0.0,-1325.0111967299,7.511556969238255,-1.6038137426601373,-1630.5804585658,0.3106313508999392
PHEN_red_437_cutoff_0.0.inp.out,269.93777504409735,-0.3440,0.0658,1.9103,0.0,-1325.6954162943,10.17441710266317,7.489553499782021,-1631.2811612996,0.34253627099997175
PHEN_red_438_cutoff_0.0.inp.out,269.2775413491171,-0.3326,0.0724,1.9132,0.0,-1325.3921611937,3.5037375596213454,-1.3718265056563952,-1630.9772486677,0.3331697184000859
PHEN_red_439_cutoff_0.0.inp.out,265.3981004135933,-0.3327,0.0768,2.6647,0.0,-1325.1832769814,4.443333008399171,-1.3295783811384627,-1630.7603599824,0.3315124903999731
PHEN_red_43_cutoff_0.0.inp.out,267.05545523735424,-0.3405,0.0713,2.9748,0.0,-1325.7539389875,-20.33748597985496,-11.546897667888421,-1631.3383472084,0.3383642834000966
PHEN_red_440_cutoff_0.0.inp.out,269.375178581345,-0.3051,0.0819,2.2867,0.0,-1325.3733695067,10.494182817732616,4.945400597271413,-1630.9383154171,0.2992707401001553
PHEN_red_441_cutoff_0.0.inp.out,268.22584001541753,-0.2979,0.0978,2.8133,0.0,-1325.2940456166,1.7684203616947767,-3.4689197606218602,-1630.8597745622,0.29535991360012304
PHEN_red_442_cutoff_0.0.inp.out,268.7105020720308,-0.3092,0.0964,3.3798,0.0,-1325.6276505460,5.643548366720056,5.266347424691235,-1631.1934474222,0.30437234860005447
PHEN_red_443_cutoff_0.0.inp.out,270.7511944120654,-0.3054,0.0988,2.1381,0.0,-1325.6773623014,10.629132582328127,5.649028015461857,-1631.2618920538,0.3033178405999024
PHEN_red_444_cutoff_0.0.inp.out,270.25794007915226,-0.2970,0.1072,2.3026,0.0,-1325.8410921979,3.063555894552817,5.319300125469215,-1631.4265332525,0.29247119620004014
PHEN_red_445_cutoff_0.0.inp.out,267.9599446748048,-0.3344,0.0778,2.2348,0.0,-1325.5149103329,9.222022046460426,10.790939077298335,-1631.088880891,0.32960623599979044
PHEN_red_446_cutoff_0.0.inp.out,270.1915002819559,-0.3411,0.0720,2.6042,0.0,-1326.0004878744,8.5858896033159,8.37940604819012,-1631.5832694786,0.3382483143000172
PHEN_red_447_cutoff_0.0.inp.out,269.29673568961044,-0.3479,0.0468,3.0407,0.0,-1325.6350532374,-5.081175697332095,1.049936799175142,-1631.2188834595,0.3461426291000862
PHEN_red_448_cutoff_0.0.inp.out,269.47592256112216,-0.3333,0.0732,2.1621,0.0,-1325.6026722485,4.985440716985539,5.046432742325187,-1631.1921178157,0.3283928747000573
PHEN_red_449_cutoff_0.0.inp.out,268.31700241459544,-0.3173,0.0818,1.8071,0.0,-1325.6537087976,11.401032169190593,10.279580832868833,-1631.2442386008,0.3147937538001315
PHEN_red_44_cutoff_0.0.inp.out,271.1160101348059,-0.3261,0.0742,1.7421,0.0,-1325.5377167969,-4.348904465850815,1.6430374413543336,-1631.1277743822,0.3242751087000215
PHEN_red_450_cutoff_0.0.inp.out,268.04458201576637,-0.3244,0.0749,3.2025,0.0,-1325.7902690031,15.254674139591133,23.06794092440273,-1631.372085086,0.32309541530003116
PHEN_red_451_cutoff_0.0.inp.out,268.6375909724832,-0.3218,0.0764,2.8297,0.0,-1325.7715668746,3.0413501454720944,0.7763354561973009,-1631.3581814055,0.3190120930999001
PHEN_red_452_cutoff_0.0.inp.out,268.4292034910831,-0.3132,0.0825,2.7657,0.0,-1326.0478046217,3.2368302666991142,-0.7989564295031606,-1631.6322737473,0.31251643849986976
PHEN_red_453_cutoff_0.0.inp.out,270.089830711075,-0.3124,0.0858,2.7715,0.0,-1325.7230311294,7.9502349631009785,5.31271567820021,-1631.331430442,0.3103253999001936
PHEN_red_454_cutoff_0.0.inp.out,268.5051170240528,-0.3244,0.0833,2.5354,0.0,-1325.9232911282,13.55076966602017,2.754899792100701,-1631.5129204017,0.3231028530999538
PHEN_red_455_cutoff_0.0.inp.out,267.29428029145834,-0.3503,0.0652,2.6670,0.0,-1325.5833895780,0.6454312621286105,-5.175685337545729,-1631.1682625242,0.34964771890008706
PHEN_red_456_cutoff_0.0.inp.out,268.0463811375448,-0.3180,0.0820,3.2680,0.0,-1325.6648832725,-6.448687407180187,-9.635020037576501,-1631.2513484707,0.31644500390007124
PHEN_red_457_cutoff_0.0.inp.out,267.3395041114826,-0.3258,0.0920,2.9857,0.0,-1325.5927470029,-3.4353707638457083,-4.885003191563524,-1631.1831775306,0.3222694178000438
PHEN_red_458_cutoff_0.0.inp.out,264.7778207986642,-0.3175,0.0943,2.4323,0.0,-1325.9345535236,4.303457092649812,7.768823285308046,-1631.5135868584,0.31460014300000694
PHEN_red_459_cutoff_0.0.inp.out,267.8543666897576,-0.3261,0.0795,2.5631,0.0,-1325.6303453264,11.679680791749739,9.899068386030061,-1631.2137474463,0.32380408380004155
PHEN_red_45_cutoff_0.0.inp.out,268.296699031839,-0.3462,0.0676,2.2379,0.0,-1325.4439528591,0.2108390135495033,-3.928311278548975,-1631.0134304931,0.3427999775999524
PHEN_red_460_cutoff_0.0.inp.out,269.4057241841652,-0.3064,0.0940,1.8302,0.0,-1325.8239475081,5.755896583326766,4.021344972443575,-1631.406809957,0.3045584674998736
PHEN_red_461_cutoff_0.0.inp.out,267.9543936235996,-0.3481,0.0513,2.3677,0.0,-1325.6065313135,11.168685001580371,7.345446284180393,-1631.1901055966,0.345592384000156
PHEN_red_462_cutoff_0.0.inp.out,264.7780899882402,-0.3479,0.0565,2.1350,0.0,-1325.3916280186,0.6106659234950895,-2.0985489524930427,-1630.9674315599,0.3458862119000514
PHEN_red_463_cutoff_0.0.inp.out,268.2752003704296,-0.3250,0.0863,2.4475,0.0,-1325.4161078769,5.443393729570743,2.572383262514989,-1631.0114887768,0.3234184555999491
PHEN_red_464_cutoff_0.0.inp.out,264.03930964571873,-0.3471,0.0609,1.4778,0.0,-1325.5611966603,10.969722784164883,7.99912011758445,-1631.1299144601,0.3423995015998571
PHEN_red_465_cutoff_0.0.inp.out,267.111917353599,-0.3176,0.0884,2.2016,0.0,-1325.3582719693,19.932072957039743,12.810720865328745,-1630.9318723419,0.3110888014000466
PHEN_red_466_cutoff_0.0.inp.out,269.3415965900366,-0.3036,0.0913,1.9962,0.0,-1325.3103265118,16.64230171956475,15.772022047798181,-1630.8762808763,0.3007707890999427
PHEN_red_467_cutoff_0.0.inp.out,269.2314089936566,-0.2898,0.0891,2.3742,0.0,-1325.6418331691,10.028868725291261,11.694556398410803,-1631.2206859734,0.28652543240013983
PHEN_red_468_cutoff_0.0.inp.out,269.08287979879316,-0.3360,0.0651,2.5562,0.0,-1325.4497693371,12.6879725151761,13.369800358862854,-1631.0314672332,0.33230952799999613
PHEN_red_469_cutoff_0.0.inp.out,269.1193255874596,-0.3118,0.0810,2.0047,0.0,-1325.3213516968,13.157989978448592,10.86330789490745,-1630.8858134922,0.30840559000012036
PHEN_red_46_cutoff_0.0.inp.out,269.0695260452074,-0.3309,0.0716,1.8885,0.0,-1325.4086393964,-5.374095921490514,-10.148488476447442,-1630.9846868559,0.3277437088001989
PHEN_red_470_cutoff_0.0.inp.out,268.97818849843395,-0.3542,0.0541,1.4965,0.0,-1325.4538317277,11.477349918480959,17.471339056234594,-1631.0112723358,0.3498552624000695
PHEN_red_471_cutoff_0.0.inp.out,266.6915048918885,-0.3309,0.0604,2.1965,0.0,-1325.5020463863,14.865298299608511,11.721271066868189,-1631.0689667756,0.3268750022000404
PHEN_red_472_cutoff_0.0.inp.out,270.7139380565391,-0.3333,0.0750,2.0921,0.0,-1325.7675771109,-3.4246482148861466,-2.5760919727502665,-1631.3226844637,0.3295332430000144
PHEN_red_473_cutoff_0.0.inp.out,267.42153189411124,-0.3174,0.0847,1.5322,0.0,-1325.9005523435,3.4915588780632083,3.444920900408637,-1631.4505826939,0.31411323919996903
PHEN_red_474_cutoff_0.0.inp.out,266.9802439622251,-0.3465,0.0693,1.7309,0.0,-1326.2129021020,0.3010816679360999,0.9137931735554743,-1631.7865204049,0.348425070400026
PHEN_red_475_cutoff_0.0.inp.out,269.0256061981636,-0.3379,0.0740,0.7868,0.0,-1325.9527087848,6.286818169549634,1.7993452581021148,-1631.5183223278,0.33663109050007733
PHEN_red_476_cutoff_0.0.inp.out,269.9713902670967,-0.3224,0.0673,2.5406,0.0,-1325.6694949533,-1.5427838834640155,-4.703969593960449,-1631.2538057263,0.3181837385000108
PHEN_red_477_cutoff_0.0.inp.out,269.22576062246486,-0.3601,0.0463,1.7757,0.0,-1325.5355992886,-0.7553820150649713,-3.6862874738784344,-1631.1147672325,0.35778324080001767
PHEN_red_478_cutoff_0.0.inp.out,264.78676976635444,-0.3453,0.0624,2.3112,0.0,-1325.7935255051,5.858474717877804,10.61124487047285,-1631.3586135907,0.34281370669987155
PHEN_red_479_cutoff_0.0.inp.out,267.9072257535239,-0.3134,0.0841,2.0237,0.0,-1325.8527168304,4.480394864417733,-0.6035263840996403,-1631.4287516675,0.3117150033999678
PHEN_red_47_cutoff_0.0.inp.out,268.65600976961457,-0.3368,0.0744,2.0354,0.0,-1325.3357168515,4.27629969124424,4.895025504971429,-1630.9245348546,0.33374253970009704
PHEN_red_480_cutoff_0.0.inp.out,265.1835248393629,-0.3397,0.0798,2.4030,0.0,-1325.6504214882,0.32230640286015055,6.8530892394348735,-1631.2251919754,0.3365911399000652
PHEN_red_481_cutoff_0.0.inp.out,269.41082989859046,-0.3190,0.0848,2.1745,0.0,-1325.4717249038,-6.797954076061811,-6.401882307582174,-1631.0508495615,0.316851063500053
PHEN_red_482_cutoff_0.0.inp.out,267.652801728505,-0.3256,0.0740,2.4274,0.0,-1326.0447128601,6.979315191093781,13.86856767464043,-1631.6122586526,0.32444795579999663
PHEN_red_483_cutoff_0.0.inp.out,269.09329453461305,-0.3166,0.0861,1.5470,0.0,-1325.1814090282,12.105054410701456,12.607447203590318,-1630.7556330191,0.31402745649984354
PHEN_red_484_cutoff_0.0.inp.out,270.4503921191855,-0.3202,0.0902,1.4925,0.0,-1325.3830154479,8.517093270726756,12.53193519356491,-1630.9691169357,0.3177533712000695
PHEN_red_485_cutoff_0.0.inp.out,271.1917240386158,-0.3241,0.0854,1.3382,0.0,-1325.4923543936,4.819289563605549,2.9072617944925256,-1631.080759831,0.32287012450001384
PHEN_red_486_cutoff_0.0.inp.out,269.396451287439,-0.3011,0.0999,2.1535,0.0,-1325.8066567512,3.7094809110897913,1.6727778807925788,-1631.3829300923,0.2985861157999352
PHEN_red_487_cutoff_0.0.inp.out,268.9205938553527,-0.3066,0.0915,1.9239,0.0,-1325.6068004487,13.807682689431807,14.54695408226502,-1631.1774093749,0.30698160350016224
PHEN_red_488_cutoff_0.0.inp.out,268.1078100483572,-0.3126,0.0844,1.8244,0.0,-1325.3931041153,9.105661415023357,13.680689284413337,-1630.9646145194,0.3097622935001709
PHEN_red_489_cutoff_0.0.inp.out,266.57751851006765,-0.3171,0.0856,2.3059,0.0,-1325.4155696917,7.356023134599832,3.8497321327818637,-1630.9755515642,0.31503460399994765
PHEN_red_48_cutoff_0.0.inp.out,266.2388298123567,-0.3501,0.0701,2.0664,0.0,-1325.4406168005,-2.7481499757606587,-0.3689596293526025,-1631.0204445109,0.34869038639999417
PHEN_red_490_cutoff_0.0.inp.out,266.4264193895583,-0.3301,0.0729,1.8251,0.0,-1325.3964518885,1.9657346647278044,-0.7112873423776677,-1630.960773072,0.3290146521999304
PHEN_red_491_cutoff_0.0.inp.out,268.28395043903373,-0.3062,0.0849,1.5367,0.0,-1325.4368323950,6.04673262527427,5.556096533698405,-1630.9934040716,0.3051129738998952
PHEN_red_492_cutoff_0.0.inp.out,265.01634272337344,-0.3406,0.0678,1.6281,0.0,-1325.0627635339,-6.007883669492501,-5.048512180022644,-1630.6355614931,0.33713500199996815
PHEN_red_493_cutoff_0.0.inp.out,265.71396549424423,-0.3238,0.0721,2.0677,0.0,-1325.1776068072,-6.146002134512395,-8.02179941488766,-1630.7407855101,0.32103763609984526
PHEN_red_494_cutoff_0.0.inp.out,267.27192426258324,-0.3084,0.0849,2.1183,0.0,-1325.2873047589,1.9010445538761291,10.102320382601231,-1630.8570026429,0.3069052226999247
PHEN_red_495_cutoff_0.0.inp.out,264.565125676461,-0.3255,0.0739,2.4204,0.0,-1325.6778483500,-2.102730107968357,-9.862643997494768,-1631.2456125325,0.32478386359980504
PHEN_red_496_cutoff_0.0.inp.out,267.84875558864894,-0.3121,0.0846,2.4577,0.0,-1325.2748480396,-0.8739704476501761,2.0861523915701388,-1630.8636442863,0.3104475988998274
PHEN_red_497_cutoff_0.0.inp.out,269.2728777129579,-0.3415,0.0642,2.1329,0.0,-1325.0762995858,-5.025440320691251,-1.862075696140215,-1630.6679817333,0.3365812765998726
PHEN_red_498_cutoff_0.0.inp.out,269.1172597174021,-0.3281,0.0786,2.3817,0.0,-1325.3433032163,-2.5221505123715975,-11.851112209477503,-1630.9174516027,0.3236272033000205
PHEN_red_499_cutoff_0.0.inp.out,269.96243860088606,-0.3434,0.0682,2.6493,0.0,-1325.0040259212,-11.687248840468325,-16.175117364754104,-1630.5914149935,0.339891739200084
PHEN_red_49_cutoff_0.0.inp.out,267.0872855371599,-0.3463,0.0599,3.4007,0.0,-1325.5501763645,-0.9255097459524206,-7.493141555651153,-1631.1382768866,0.3475569233000897
PHEN_red_4_cutoff_0.0.inp.out,265.12285568978484,-0.3132,0.0896,1.9570,0.0,-1325.1763505103,15.82012061189582,18.30353943329964,-1630.7524442675,0.3126524256999801
PHEN_red_500_cutoff_0.0.inp.out,268.3676283336937,-0.3150,0.0876,2.5702,0.0,-1325.6586080788,3.368748034429903,-1.2690976063520707,-1631.2278289053,0.3116220665999663
PHEN_red_501_cutoff_0.0.inp.out,269.2297046218007,-0.3313,0.0792,2.7624,0.0,-1325.7049128718,-7.620415016751471,-5.72230832362969,-1631.3018974863,0.32739628769991214
PHEN_red_502_cutoff_0.0.inp.out,266.88852794287914,-0.3425,0.0780,2.2278,0.0,-1325.7896433295,-3.5644223459129782,-4.164787908239055,-1631.3744386477,0.33731546850003724
PHEN_red_503_cutoff_0.0.inp.out,269.64246694313897,-0.3229,0.0782,2.9510,0.0,-1325.6626296501,-7.627591391267141,-2.4857241070547467,-1631.2485938632,0.32000700230014445
PHEN_red_504_cutoff_0.0.inp.out,267.8765399702654,-0.3245,0.0808,2.4932,0.0,-1326.1172412006,1.3113065266730617,-3.5553072198466555,-1631.7019378516,0.32177898369991453
PHEN_red_505_cutoff_0.0.inp.out,267.3027944857828,-0.3398,0.0748,3.0766,0.0,-1325.6706251118,-1.7417299670891695,-6.833615242369999,-1631.2518754688,0.3356848383000397
PHEN_red_506_cutoff_0.0.inp.out,269.7236351964578,-0.3318,0.0756,2.4235,0.0,-1325.3352393254,7.377271091833925,2.122037321691863,-1630.9210824212,0.32847862890002943
PHEN_red_507_cutoff_0.0.inp.out,269.1963810083886,-0.3485,0.0583,2.0567,0.0,-1325.3882170835,5.746696320383769,7.701836603784398,-1630.9789902902,0.3470990089999759
PHEN_red_508_cutoff_0.0.inp.out,268.13381928487473,-0.3326,0.0711,3.0002,0.0,-1325.5482786589,7.6630657803786155,2.661809634189161,-1631.1310454812,0.32800085729991224
PHEN_red_509_cutoff_0.0.inp.out,268.419434409649,-0.3200,0.0947,1.9587,0.0,-1325.4693922246,1.4721633583076468,-1.2824845492874628,-1631.0450029852,0.31300861189993157
PHEN_red_50_cutoff_0.0.inp.out,268.36886026730133,-0.3454,0.0787,2.6960,0.0,-1325.2803517445,-6.705567593667002,-22.000717515805803,-1630.8656520974,0.3456246099999589
PHEN_red_510_cutoff_0.0.inp.out,267.6099422701969,-0.3246,0.0850,2.1427,0.0,-1325.6612681008,1.196177602369795,-1.2057120756585629,-1631.2363953432,0.3184082730999762
PHEN_red_511_cutoff_0.0.inp.out,267.6112481764623,-0.3168,0.0838,1.6129,0.0,-1325.7646886158,2.2311599647471447,-5.217299223475203,-1631.3374886758,0.3127232530000583
PHEN_red_512_cutoff_0.0.inp.out,267.6790333532991,-0.3185,0.0859,2.2870,0.0,-1325.7806132435,-4.057430444254144,-12.701791732067461,-1631.3730416075,0.31800827860001846
PHEN_red_513_cutoff_0.0.inp.out,269.31554210254995,-0.3045,0.0827,2.5013,0.0,-1325.7853731742,5.526952516033684,0.9932668728702143,-1631.3642110348,0.3011006125000222
PHEN_red_514_cutoff_0.0.inp.out,267.40789028609146,-0.3222,0.0820,2.3061,0.0,-1326.0202686992,1.3952958854634132,-2.356823046462467,-1631.593082726,0.3189404895001644
PHEN_red_515_cutoff_0.0.inp.out,270.0500079328652,-0.3301,0.0774,1.9418,0.0,-1326.0055563504,8.31630235533032,4.879492176153704,-1631.5799542002,0.3229075439001008
PHEN_red_516_cutoff_0.0.inp.out,269.1665376616514,-0.3274,0.0802,2.0148,0.0,-1325.2441570611,4.158342101562247,-4.658654675227056,-1630.8347040981,0.32448836460002894
PHEN_red_517_cutoff_0.0.inp.out,268.5357781102376,-0.3282,0.0683,1.8974,0.0,-1325.8145023758,4.73532451776772,-0.8384816161170378,-1631.4039572051,0.32803569289990264
PHEN_red_518_cutoff_0.0.inp.out,269.038321097177,-0.3309,0.0718,2.5956,0.0,-1325.6320920712,-1.6316670235429436,1.7206237102349533,-1631.2185497647,0.3276110112999504
PHEN_red_519_cutoff_0.0.inp.out,267.14249348675526,-0.3329,0.0707,3.1847,0.0,-1325.7089913029,0.8693268935366725,1.4841410387241079,-1631.2944515392,0.32746004969999376
PHEN_red_51_cutoff_0.0.inp.out,266.29350618901265,-0.3583,0.0641,2.2359,0.0,-1325.5577523605,-10.807260015401386,-22.715597017095472,-1631.1464350763,0.3598044169000332
PHEN_red_520_cutoff_0.0.inp.out,268.4050057526282,-0.3491,0.0639,2.7986,0.0,-1325.5843691257,-8.691417770955438,-14.921471093062188,-1631.1584958297,0.34528222349990756
PHEN_red_521_cutoff_0.0.inp.out,265.4384538281406,-0.3447,0.0567,1.9583,0.0,-1325.4726643336,-7.9091231982736065,-7.539479234832156,-1631.0455925186,0.3441896818001169
PHEN_red_522_cutoff_0.0.inp.out,267.9738334251799,-0.3442,0.0728,1.8380,0.0,-1325.8884650331,-1.089220234622672,-1.4463678548731984,-1631.4553406102,0.34129511810010627
PHEN_red_523_cutoff_0.0.inp.out,269.9628940275143,-0.3453,0.0659,2.0679,0.0,-1325.7425138910,-5.3133055568046235,-16.122471878845747,-1631.3145591073,0.34333760439994876
PHEN_red_524_cutoff_0.0.inp.out,268.2271457369465,-0.3394,0.0729,3.0206,0.0,-1325.8634715016,-6.819859018275226,-7.481454591217329,-1631.4406326209,0.33792904100005217
PHEN_red_525_cutoff_0.0.inp.out,266.7681422768912,-0.3256,0.0740,2.4901,0.0,-1325.8859012310,-6.254019798378734,-9.90999059086816,-1631.457977155,0.3242231043998345
PHEN_red_526_cutoff_0.0.inp.out,268.7362808729458,-0.3049,0.0944,2.3131,0.0,-1325.8440076421,-11.649345630827861,-23.936957470769503,-1631.4166921874,0.30404036139998425
PHEN_red_527_cutoff_0.0.inp.out,269.21089122719735,-0.3082,0.0885,2.1248,0.0,-1325.4865864122,-3.2126040869611012,-21.523552545759284,-1631.0726227278,0.30622669839999617
PHEN_red_528_cutoff_0.0.inp.out,269.941733031127,-0.3331,0.0643,2.6488,0.0,-1325.7625255647,-3.751400132216158,-18.17591020557219,-1631.3332910916,0.32880167409985006
PHEN_red_529_cutoff_0.0.inp.out,268.9291331463272,-0.3313,0.0615,1.7793,0.0,-1325.6301538579,4.429546752662778,-2.997042385001344,-1631.2053332532,0.32811731540004985
PHEN_red_52_cutoff_0.0.inp.out,270.10108850991236,-0.3396,0.0834,2.1884,0.0,-1325.6109639037,3.2813022885056373,4.7683888355415105,-1631.1942819756,0.3345269159999589
PHEN_red_530_cutoff_0.0.inp.out,271.66252640504547,-0.3254,0.0899,1.9766,0.0,-1325.8557602831,0.4673184671036319,-4.327841667587249,-1631.4525141731,0.3229496852000011
PHEN_red_531_cutoff_0.0.inp.out,268.02093804908435,-0.3155,0.0944,2.3580,0.0,-1326.4168910727,0.22443370760048897,-0.5736073740312486,-1632.0007476901,0.3134274690999064
PHEN_red_532_cutoff_0.0.inp.out,268.45313392393814,-0.3289,0.0864,2.1783,0.0,-1325.7361248322,0.9274223729319179,1.8163398366968795,-1631.3290823491,0.32447885820010924
PHEN_red_533_cutoff_0.0.inp.out,266.2359131796668,-0.3312,0.0741,2.0235,0.0,-1326.1636525009,1.7044118471662877,-1.191082053600453,-1631.7412470231,0.33091982130008546
PHEN_red_534_cutoff_0.0.inp.out,268.42932923514076,-0.3219,0.0660,1.5826,0.0,-1325.8871627105,0.34346556769921405,-6.043398090293156,-1631.4513847962,0.3210193918000641
PHEN_red_535_cutoff_0.0.inp.out,265.56452734409424,-0.3234,0.0660,3.1302,0.0,-1326.0236084583,-12.355108404950197,-16.343247369264095,-1631.6073148754,0.3226064511000004
PHEN_red_536_cutoff_0.0.inp.out,269.85319970714573,-0.3236,0.0733,2.2357,0.0,-1326.2107473989,-10.056933015225434,-12.525671924471053,-1631.7953516839,0.3217375143001391
PHEN_red_537_cutoff_0.0.inp.out,269.61117530320644,-0.3241,0.0766,2.2525,0.0,-1325.8221706414,-10.48267183460562,-11.977243504978347,-1631.4115885276,0.32065980230004243
PHEN_red_538_cutoff_0.0.inp.out,267.2239148003809,-0.3274,0.0784,2.0963,0.0,-1325.9797855090,-8.242672164586937,-13.021214070009073,-1631.5514297995,0.3246736976000193
PHEN_red_539_cutoff_0.0.inp.out,269.57565240278655,-0.3221,0.0845,2.3817,0.0,-1325.6445462885,-3.103213667922669,-3.737958032316193,-1631.2316290072,0.3205309539000609
PHEN_red_53_cutoff_0.0.inp.out,268.79419961558614,-0.3473,0.0732,2.9731,0.0,-1325.3539043765,-0.22993811778012097,2.1183871515605786,-1630.9486770656,0.34372445750000225
PHEN_red_54_cutoff_0.0.inp.out,269.2244651422449,-0.3335,0.0751,2.1120,0.0,-1325.2424131514,13.427014624264658,16.960498072104233,-1630.8303606515,0.33257048159998703
PHEN_red_55_cutoff_0.0.inp.out,268.87298930042516,-0.3263,0.0953,2.1524,0.0,-1325.4220207035,5.377153864972697,13.256671363949417,-1631.0160574759,0.3223941537999053
PHEN_red_56_cutoff_0.0.inp.out,269.0629779084375,-0.3125,0.0941,2.6076,0.0,-1325.2828090929,5.16193064544416,9.971874465432814,-1630.8810938344,0.3084040634998928
PHEN_red_57_cutoff_0.0.inp.out,268.7226876014893,-0.3297,0.0738,1.7960,0.0,-1325.8814803238,20.30487831953761,14.800475550521313,-1631.4578160129,0.32553450609998436
PHEN_red_58_cutoff_0.0.inp.out,268.1833097283462,-0.3647,0.0494,2.3926,0.0,-1325.4958865793,-3.603238657879433,6.079303154053843,-1631.0906100809,0.3636856870000429
PHEN_red_59_cutoff_0.0.inp.out,268.36740096714067,-0.3097,0.1016,1.9709,0.0,-1325.5201399843,5.095820892104546,3.263228083441831,-1631.1183892499,0.30777198169994335
PHEN_red_5_cutoff_0.0.inp.out,267.1569160651011,-0.3293,0.0731,1.6278,0.0,-1325.2309072522,10.43130201617864,8.181988310188583,-1630.8028643237,0.32786224329993274
PHEN_red_60_cutoff_0.0.inp.out,267.7355160655727,-0.3464,0.0670,2.2714,0.0,-1325.5286876179,2.172644997462897,10.673086877671343,-1631.1135507919,0.34154788169985295
PHEN_red_61_cutoff_0.0.inp.out,270.00511301105706,-0.3098,0.0830,1.7564,0.0,-1324.7675758913,5.00453297422939,8.718591060588277,-1630.3523988734,0.30769495570007166
PHEN_red_62_cutoff_0.0.inp.out,269.1994378475143,-0.3306,0.0722,2.5847,0.0,-1325.1819088347,4.4548151181450715,14.738925540902702,-1630.7647870603,0.3265837357998862
PHEN_red_63_cutoff_0.0.inp.out,269.28184420647653,-0.3428,0.0634,2.1970,0.0,-1325.2017401078,16.441006862081146,22.87459095594608,-1630.7835724782,0.3383568719000323
PHEN_red_64_cutoff_0.0.inp.out,269.3882886761147,-0.3030,0.0902,1.7184,0.0,-1324.8589613043,14.175721794669537,10.783252898340706,-1630.4338853581,0.3004073461997905
PHEN_red_65_cutoff_0.0.inp.out,266.5118410191188,-0.3082,0.0964,1.9595,0.0,-1325.1940517337,17.33744898622885,13.593268113693497,-1630.7745425274,0.3056283790999714
PHEN_red_66_cutoff_0.0.inp.out,271.06884121097335,-0.3432,0.0616,2.2003,0.0,-1325.2081521924,14.243418927874556,18.281442338881213,-1630.7765087252,0.34068623849998403
PHEN_red_67_cutoff_0.0.inp.out,266.9346794755761,-0.3156,0.0934,1.5801,0.0,-1325.2386836520,10.568058848357898,9.0170805286957,-1630.8046433694,0.3117528211998888
PHEN_red_68_cutoff_0.0.inp.out,267.38942307054776,-0.3037,0.0925,1.8360,0.0,-1325.3039736121,0.9530582924118239,-2.593086529212346,-1630.8707571383,0.30254483649991926
PHEN_red_69_cutoff_0.0.inp.out,269.39795028214303,-0.3366,0.0746,1.2329,0.0,-1325.1946413415,-1.5906367399762193,-5.186819006354609,-1630.7630429138,0.33275465950009675
PHEN_red_6_cutoff_0.0.inp.out,267.05423112168484,-0.3461,0.0733,2.3651,0.0,-1325.0792209022,10.191441505466843,10.545082838469936,-1630.6724543822,0.34386799820003944
PHEN_red_70_cutoff_0.0.inp.out,267.1932225762629,-0.3451,0.0804,2.1759,0.0,-1325.3588227457,-1.378727860075925,-7.681720976011419,-1630.924509899,0.34216504219989474
PHEN_red_71_cutoff_0.0.inp.out,269.9084746658669,-0.3143,0.0841,2.2031,0.0,-1325.1795325006,6.599658993163056,10.780183357552033,-1630.7611932808,0.3130299022998315
PHEN_red_72_cutoff_0.0.inp.out,267.25674713996966,-0.3178,0.0884,1.8428,0.0,-1325.8174820121,6.357609815605774,3.60513885972467,-1631.383648061,0.3147607881001022
PHEN_red_73_cutoff_0.0.inp.out,268.8268186162693,-0.3378,0.0662,2.1761,0.0,-1325.3955476178,7.043661732200365,7.673171569319688,-1630.9598129759,0.3350270494997858
PHEN_red_74_cutoff_0.0.inp.out,267.74392380568975,-0.3494,0.0544,2.5724,0.0,-1325.3241028086,1.3110818270516043,12.162502950373023,-1630.8956778236,0.3466130315000555
PHEN_red_75_cutoff_0.0.inp.out,268.0336330835899,-0.3380,0.0689,2.9510,0.0,-1324.9602221859,-3.77487897367463,-5.422489200628611,-1630.5460474137,0.3362118315999396
PHEN_red_76_cutoff_0.0.inp.out,269.6966736052383,-0.3470,0.0614,3.2363,0.0,-1325.4745936085,-3.7012490105238003,-4.979620073654537,-1631.0645398703,0.344143729200141
PHEN_red_77_cutoff_0.0.inp.out,267.3336773571739,-0.3230,0.0944,2.8414,0.0,-1325.6223182331,-3.8135436024958143,-3.132054791033684,-1631.2133747084,0.31969373800006906
PHEN_red_78_cutoff_0.0.inp.out,269.8378237543909,-0.3258,0.0753,3.1832,0.0,-1325.5310238176,-5.231499687246051,-0.8882653956339048,-1631.1225648732,0.32318487899988213
PHEN_red_79_cutoff_0.0.inp.out,268.1339739855895,-0.3122,0.0809,2.3019,0.0,-1325.3110831168,3.2141392796169477,-2.1444740269001565,-1630.8869558725,0.31151541350004663
PHEN_red_7_cutoff_0.0.inp.out,267.7463695583695,-0.3019,0.0976,1.6597,0.0,-1325.4669010982,7.6091721172304,10.206944819778865,-1631.0509399767,0.30137264199993297
PHEN_red_80_cutoff_0.0.inp.out,268.9512252606576,-0.3101,0.0865,2.6162,0.0,-1325.4268234147,11.147213820018449,5.147466113133567,-1631.0173980121,0.30936806930003513
PHEN_red_81_cutoff_0.0.inp.out,267.98073587039516,-0.3252,0.0868,2.4576,0.0,-1325.5159516383,4.799400590333228,6.7790188051417,-1631.1008312262,0.3220205782999983
PHEN_red_82_cutoff_0.0.inp.out,269.0724860705679,-0.3269,0.0852,2.8094,0.0,-1324.9955373158,16.200484322578408,10.44368103446467,-1630.5852336158,0.32454910319984265
PHEN_red_83_cutoff_0.0.inp.out,266.9274650794231,-0.3061,0.0974,2.3811,0.0,-1325.2830349992,-2.6698832928218446,-11.166691859590795,-1630.8799107444,0.30382194220010206
PHEN_red_84_cutoff_0.0.inp.out,266.3334253947417,-0.3380,0.0663,2.6165,0.0,-1325.2321928413,-2.638167998806314,-4.0147519224763295,-1630.8158613279,0.3365800051999486
PHEN_red_85_cutoff_0.0.inp.out,267.8867148774058,-0.3371,0.0698,2.9871,0.0,-1324.9704421081,-7.015545179104787,-11.692263627937606,-1630.5637913761,0.33488365199991676
PHEN_red_86_cutoff_0.0.inp.out,269.148448165646,-0.3314,0.0809,2.0883,0.0,-1325.1329892033,0.5149482833410275,-7.471132515758337,-1630.7303784484,0.3282121587999427
PHEN_red_87_cutoff_0.0.inp.out,267.9572912323965,-0.3489,0.0669,2.6327,0.0,-1325.1815377176,0.6685272310884011,-0.37758451793240155,-1630.778234269,0.3456039648999649
PHEN_red_88_cutoff_0.0.inp.out,268.7401485720726,-0.3123,0.0897,2.7900,0.0,-1325.2367288510,2.213194085749701,-1.5924888866147149,-1630.813865343,0.3081504337999377
PHEN_red_89_cutoff_0.0.inp.out,268.472086031733,-0.3174,0.0704,2.9760,0.0,-1325.4249572552,1.1843257913666103,-1.2086451456353307,-1630.9986041642,0.31277443570002106
PHEN_red_8_cutoff_0.0.inp.out,268.90148188575756,-0.3151,0.0899,2.1785,0.0,-1325.5211695265,6.5068110257438,8.161343359911935,-1631.0914064869,0.3117653004001113
PHEN_red_90_cutoff_0.0.inp.out,271.1564919728168,-0.3312,0.0794,2.5387,0.0,-1325.3561065796,6.589850146391337,5.30007752269456,-1630.9382905099,0.3249484027001017
PHEN_red_91_cutoff_0.0.inp.out,263.32580043721134,-0.3097,0.0906,2.6278,0.0,-1325.3354489374,1.91417172614151,0.661034167724865,-1630.9044768877,0.30812816010006827
PHEN_red_92_cutoff_0.0.inp.out,270.14744743744654,-0.3337,0.0736,2.1423,0.0,-1325.3680258780,-1.176049500820207,-0.33956431126923625,-1630.9452978743,0.32981235920010477
PHEN_red_93_cutoff_0.0.inp.out,264.89772373210724,-0.3191,0.0811,2.0685,0.0,-1325.6658393736,4.53235099292946,2.0138245906138,-1631.24828288,0.3154328026000712
PHEN_red_94_cutoff_0.0.inp.out,267.7189168363341,-0.3120,0.0963,2.3045,0.0,-1325.4493852187,7.104717775467352,-6.755441287214987,-1631.0325411498,0.3082203685000877
PHEN_red_95_cutoff_0.0.inp.out,267.1313814559963,-0.3358,0.0605,1.7088,0.0,-1325.5298425184,4.681160459727286,8.480499470909985,-1631.0893070949,0.33440843900007167
PHEN_red_96_cutoff_0.0.inp.out,266.1980838657258,-0.3380,0.0727,1.6234,0.0,-1325.5365191111,1.0264007111302034,-0.0707773462089798,-1631.1004476309,0.33423775730011585
PHEN_red_97_cutoff_0.0.inp.out,269.7555912052347,-0.3256,0.0823,2.5001,0.0,-1325.7629648654,-3.7134046524622164,-3.9284521680383726,-1631.3384729244,0.3217009108000184
PHEN_red_98_cutoff_0.0.inp.out,265.65759464468204,-0.3397,0.0718,1.7438,0.0,-1325.4759768100,-5.490453583276121,2.2729574938913717,-1631.0547710648,0.3356826913000077
PHEN_red_99_cutoff_0.0.inp.out,271.39342282555384,-0.3190,0.0823,2.5943,0.0,-1325.9476487387,-2.683943751337556,6.507393255333911,-1631.5410680018,0.31490915130007124
PHEN_red_9_cutoff_0.0.inp.out,269.17430433815895,-0.3177,0.0875,2.8527,0.0,-1325.4794210044,6.372216628107913,8.3226356425369,-1631.0651805459,0.3143744945000435
