file_name,NRE,HOMO,LUMO,Dipole_mom,Num_waters,chg_chg,elec5,elec10,delE_hf,delE_dft
PHEN_red_0_cutoff_7.5.inp.out,268.80975433959213,-0.3231,0.0746,23.4520,47.0,-1309.2178294910,38.37657410171082,17.86060789502847,-5188.6132580161,0.309295896599906
PHEN_red_100_cutoff_7.5.inp.out,271.29395740543663,-0.3268,0.0703,36.2760,54.0,-1306.8738279769,59.92247130829691,-1.7483895681810346,-5718.4400443901,0.311020858500342
PHEN_red_101_cutoff_7.5.inp.out,268.35544735862095,-0.3377,0.0677,41.3126,55.0,-1306.8254568350,12.83594894849754,19.452158646143737,-5794.4460266758,0.32169707370030665
PHEN_red_102_cutoff_7.5.inp.out,272.3425912675193,-0.3386,0.0668,41.0537,53.0,-1307.0776831079,-47.67749142245711,-15.108449774491167,-5642.6937532977,0.3209734435004066
PHEN_red_103_cutoff_7.5.inp.out,266.6277453014414,-0.3252,0.0723,31.1429,55.0,-1306.8663860387,-122.65432570740877,-40.76983359555225,-5794.4940124118,0.3078252719997181
PHEN_red_104_cutoff_7.5.inp.out,269.70448518737487,-0.3189,0.0750,27.8859,55.0,-1306.3415246611,-56.837160170705396,-39.17151204678954,-5793.9131875622,0.302204014599738
PHEN_red_105_cutoff_7.5.inp.out,265.7586834118524,-0.3079,0.0806,31.9345,59.0,-1305.4726275107,2.742477938312958,24.845085343393695,-6097.1994150219,0.29488552619932307
PHEN_red_106_cutoff_7.5.inp.out,266.18153520612884,-0.3235,0.0807,27.2893,59.0,-1304.8790430383,34.113929807126915,31.366388055576728,-6096.6356306504,0.3059760029991594
PHEN_red_107_cutoff_7.5.inp.out,267.5575070821116,-0.3518,0.0766,26.5359,58.0,-1305.7761395718,122.69592623134241,30.30860378303307,-6021.500430957,0.3298853849000807
PHEN_red_108_cutoff_7.5.inp.out,266.2869990477444,-0.3236,0.0819,27.1654,59.0,-1305.0933251836,41.37943535604357,-25.912302731806975,-6096.7946611949,0.308813300899601
PHEN_red_109_cutoff_7.5.inp.out,268.0026345039382,-0.3196,0.0790,27.6001,56.0,-1305.9518473729,-23.09048247769267,-66.55938094823556,-5869.5943495428,0.30603949060059676
PHEN_red_10_cutoff_7.5.inp.out,270.4681737856302,-0.3204,0.0859,22.7969,53.0,-1307.0939316616,115.9409971548873,3.944557123327235,-5642.7288369359,0.30460117520033236
PHEN_red_110_cutoff_7.5.inp.out,265.19043706152127,-0.3402,0.0640,22.0088,52.0,-1307.5308230001,-50.42312127361868,-110.95750430165147,-5567.0624778712,0.32474124079999456
PHEN_red_111_cutoff_7.5.inp.out,267.09285406687445,-0.3248,0.0839,27.7687,56.0,-1306.2184238922,116.83077516154022,-153.56533504315075,-5869.9012961289,0.3078256077997139
PHEN_red_112_cutoff_7.5.inp.out,267.2774300612059,-0.3305,0.0819,19.1794,56.0,-1306.4088224253,72.70282888748173,-131.1520114466485,-5870.0438531695,0.31444791729973076
PHEN_red_113_cutoff_7.5.inp.out,266.1933483130303,-0.3338,0.0777,21.1483,51.0,-1307.8194371672,-1.813107748191809,-100.0245233243124,-5491.3362539153,0.31819628719949833
PHEN_red_114_cutoff_7.5.inp.out,268.13513544430026,-0.3455,0.0767,17.6244,50.0,-1308.4277088124,-25.996188309567422,-154.27933452135375,-5415.8627969103,0.32703032399967924
PHEN_red_115_cutoff_7.5.inp.out,267.7593791500172,-0.3384,0.0787,21.5832,54.0,-1306.7220408636,116.95783549143039,-118.62731500447877,-5718.3175481852,0.32025188079933287
PHEN_red_116_cutoff_7.5.inp.out,269.2653628414209,-0.3248,0.0675,6.0689,56.0,-1306.0774489240,34.74914328236224,3.7060319472677947,-5869.7266693016,0.31197280939977645
PHEN_red_117_cutoff_7.5.inp.out,269.6550996011005,-0.3327,0.0791,5.6004,54.0,-1306.5566038028,18.68028566871876,-47.52985648573431,-5718.0949021416,0.3152227379996475
PHEN_red_118_cutoff_7.5.inp.out,267.7712138428836,-0.2964,0.1046,6.1431,54.0,-1306.4667667332,663.0119995378808,-5.632169489581558,-5718.0430008538,0.28010603839993564
PHEN_red_119_cutoff_7.5.inp.out,269.78093150329653,-0.3386,0.0755,9.8426,56.0,-1306.1144302014,34.22154978857723,19.270751356094397,-5869.7988471543,0.31970989240016934
PHEN_red_11_cutoff_7.5.inp.out,268.29721218919286,-0.3257,0.0710,16.1627,56.0,-1306.3314707145,-21.473852454059674,4.342552926559458,-5870.0122024714,0.3086670189995857
PHEN_red_120_cutoff_7.5.inp.out,266.6080369546541,-0.3079,0.0815,6.1951,57.0,-1305.4573643496,56.035821949759686,9.520196668166632,-5945.1134876342,0.29254136529925745
PHEN_red_121_cutoff_7.5.inp.out,266.0658781591054,-0.3252,0.0737,18.0219,57.0,-1305.7205747693,100.56738803226618,29.231988910737606,-5945.2982236198,0.30967886579946935
PHEN_red_122_cutoff_7.5.inp.out,268.43791333816694,-0.3331,0.0716,20.2433,56.0,-1306.1139483790,136.46064379240374,104.76656450253115,-5869.6580894152,0.3168121240005348
PHEN_red_123_cutoff_7.5.inp.out,265.3373361946604,-0.3161,0.0626,15.0202,54.0,-1307.1014526360,70.99690675529844,41.53644328120824,-5718.6427752445,0.3028146882998044
PHEN_red_124_cutoff_7.5.inp.out,269.9299937514498,-0.3203,0.0657,16.5310,54.0,-1306.8307786386,82.64567089006056,83.98738272175386,-5718.3897121697,0.3025475998001639
PHEN_red_125_cutoff_7.5.inp.out,264.8408416481427,-0.3438,0.0636,14.4533,56.0,-1306.1451100448,-23.512197148205598,6.528399589367489,-5869.7420380166,0.3259782098002688
PHEN_red_126_cutoff_7.5.inp.out,266.96998647952506,-0.3285,0.0749,10.1945,59.0,-1305.0523666562,-89.43655476184895,-11.044571768559528,-6096.772861457,0.31317266009955347
PHEN_red_127_cutoff_7.5.inp.out,268.364485421924,-0.3207,0.0799,12.7814,58.0,-1305.4809159168,39.65054574014413,44.602688870053356,-6021.1891357686,0.3073178161002943
PHEN_red_128_cutoff_7.5.inp.out,268.21369812493555,-0.3166,0.0777,11.8280,57.0,-1305.9583120790,-7.4855190742291295,-16.197008082768882,-5945.6478091129,0.30171329689983395
PHEN_red_129_cutoff_7.5.inp.out,269.99139913625845,-0.3094,0.0711,26.2896,54.0,-1306.6480711643,78.7116115917665,51.584420621981565,-5718.1547210918,0.29766258649942756
PHEN_red_12_cutoff_7.5.inp.out,269.1414070146536,-0.3614,0.0544,21.8704,51.0,-1307.9694802471,-22.9471197541847,24.66291952605432,-5491.508694898,0.3455642480003007
PHEN_red_130_cutoff_7.5.inp.out,265.36343161847867,-0.3444,0.0647,22.2700,51.0,-1308.0606588608,-61.49611896376758,-32.69228204146269,-5491.5621773922,0.3265022484001747
PHEN_red_131_cutoff_7.5.inp.out,269.7634353072797,-0.3068,0.0790,18.9557,51.0,-1308.4501336382,23.043574695618435,-51.97147461292223,-5491.910211167,0.29183644370004913
PHEN_red_132_cutoff_7.5.inp.out,269.2212597337956,-0.3068,0.0801,21.6289,53.0,-1307.3778843269,58.67939201999972,-77.03231772823786,-5642.9443164611,0.2947988373998669
PHEN_red_133_cutoff_7.5.inp.out,268.3510720225034,-0.3089,0.0886,17.3576,52.0,-1308.0540254289,13.67669518415512,-117.89532106597431,-5567.57191974,0.29288704749978933
PHEN_red_134_cutoff_7.5.inp.out,270.1260621859422,-0.3252,0.0702,28.1049,48.0,-1309.0397611934,-115.25830813676137,-85.70610707309572,-5264.3849483183,0.3079969700002039
PHEN_red_135_cutoff_7.5.inp.out,267.1519628462377,-0.3256,0.0652,28.7580,51.0,-1308.1986162041,110.02563220496799,58.661447935897755,-5491.7037174134,0.3112199668003086
PHEN_red_136_cutoff_7.5.inp.out,270.4333498692773,-0.3105,0.0862,28.9901,47.0,-1309.6152725260,-23.925111124444893,37.516730648548595,-5189.0362745101,0.2975955771998997
PHEN_red_137_cutoff_7.5.inp.out,266.6879642245844,-0.3388,0.0691,37.6930,50.0,-1308.5273871651,63.64801879240936,23.854122322983716,-5415.9600064331,0.3251282077999349
PHEN_red_138_cutoff_7.5.inp.out,269.25788924930725,-0.3396,0.0636,36.2393,49.0,-1308.7844413366,36.64931802545604,-37.08943893689551,-5340.1851634726,0.32546180750068743
PHEN_red_139_cutoff_7.5.inp.out,268.8646422197276,-0.3386,0.0656,31.9043,51.0,-1308.3350232635,136.65349602080622,115.57345726884205,-5491.844782302,0.323600832000011
PHEN_red_13_cutoff_7.5.inp.out,269.3131637583003,-0.3397,0.0486,14.2945,53.0,-1307.5230889434,-10.763589891420358,4.3065945827689855,-5643.0866478852,0.32709066070037807
PHEN_red_140_cutoff_7.5.inp.out,264.4783523906225,-0.3170,0.0826,32.9439,47.0,-1309.3418980704,30.33295495258355,-12.81151176684139,-5188.7159039826,0.30395683179995103
PHEN_red_141_cutoff_7.5.inp.out,269.843124852553,-0.3289,0.0782,36.8636,46.0,-1309.6934624279,-15.907311365858027,-33.19821833602666,-5113.0769128087,0.3146866338001928
PHEN_red_142_cutoff_7.5.inp.out,263.52090631930156,-0.3316,0.0707,42.4570,47.0,-1309.3846916873,6.122267787452319,-70.09505071882748,-5188.8132328495,0.3163143627998579
PHEN_red_143_cutoff_7.5.inp.out,270.0001136303033,-0.3349,0.0567,41.5882,53.0,-1307.2026760029,156.03501807444476,120.8249416579818,-5642.8161827283,0.318935886500185
PHEN_red_144_cutoff_7.5.inp.out,266.0751982195077,-0.3168,0.0749,38.7993,54.0,-1307.0925679787,70.09069345358579,-82.7383930375718,-5718.7871196941,0.3024605079999674
PHEN_red_145_cutoff_7.5.inp.out,267.66587516463704,-0.3148,0.0687,41.8518,54.0,-1306.8846022007,353.2489048319465,-35.03230895848034,-5718.4907254639,0.30017193740059156
PHEN_red_146_cutoff_7.5.inp.out,268.29171763742386,-0.3520,0.0576,42.4009,54.0,-1307.1361263661,-6.271500531332783,25.579191783279754,-5718.7641549255,0.33609848319974844
PHEN_red_147_cutoff_7.5.inp.out,268.06399258794124,-0.3400,0.0677,45.6893,50.0,-1307.9602075733,22.005338738082333,-48.80608071610923,-5415.4071193629,0.324463371100137
PHEN_red_148_cutoff_7.5.inp.out,269.5300425071959,-0.3314,0.0545,42.1487,51.0,-1308.1141097499,53.820726463493884,-86.51714895492223,-5491.6281169261,0.3147173739007485
PHEN_red_149_cutoff_7.5.inp.out,268.7446452601649,-0.3199,0.0646,41.1047,53.0,-1307.6404114747,-57.33230683268968,-63.81746777245897,-5643.2675781251,0.3055998410000029
PHEN_red_14_cutoff_7.5.inp.out,267.6571930576898,-0.3224,0.0553,27.6020,53.0,-1307.4942463607,80.06135330701707,54.743879672719444,-5643.1361821019,0.3095585362007114
PHEN_red_150_cutoff_7.5.inp.out,269.0055676344042,-0.3307,0.0838,24.7573,48.0,-1309.0193924785,-25.293473324104685,-9.09098294169541,-5264.3278633909,0.3146164851996218
PHEN_red_151_cutoff_7.5.inp.out,267.03883573010773,-0.3405,0.0583,36.4634,54.0,-1307.2463448939,55.01198239905608,89.05683491957792,-5718.7840913071,0.3241981829996803
PHEN_red_152_cutoff_7.5.inp.out,268.7540846148026,-0.3176,0.0782,30.6971,55.0,-1306.7117712085,8.959339451574953,-16.975932968958254,-5794.4088169404,0.30171133000021655
PHEN_red_153_cutoff_7.5.inp.out,266.4731078843639,-0.3310,0.0749,36.3550,52.0,-1307.8849511347,-54.20850992648605,-112.3153501721054,-5567.4319196643,0.3175714408998829
PHEN_red_154_cutoff_7.5.inp.out,267.71583668103295,-0.3270,0.0646,41.6108,52.0,-1308.1136331566,-45.173870050067606,22.23621498401409,-5567.645646669,0.31150689130026876
PHEN_red_155_cutoff_7.5.inp.out,269.3008612469758,-0.3289,0.0747,39.4388,51.0,-1307.8124732173,97.29732617188893,-38.53106544421273,-5491.3226537454,0.3131097384994064
PHEN_red_156_cutoff_7.5.inp.out,269.48315360163275,-0.3571,0.0492,38.6711,56.0,-1306.2390658444,67.31175252127827,-6.443451505506819,-5869.9007164629,0.3397533260003911
PHEN_red_157_cutoff_7.5.inp.out,268.6512141539863,-0.3139,0.0693,32.2617,55.0,-1307.2259428959,122.31120215300885,-30.170990261511882,-5794.8960092789,0.29693264120032836
PHEN_red_158_cutoff_7.5.inp.out,269.47856579002524,-0.3370,0.0639,44.8226,59.0,-1304.9986155748,64.65457240358204,-49.28310413807529,-6096.7883737103,0.3207138991001557
PHEN_red_159_cutoff_7.5.inp.out,267.1277514175507,-0.3177,0.0604,29.2903,58.0,-1305.6219410902,117.26694333673935,-94.99241457343726,-6021.3694831982,0.3007533741993029
PHEN_red_15_cutoff_7.5.inp.out,269.4542038117227,-0.3433,0.0528,21.4088,53.0,-1307.4371572773,63.62473525090452,34.686332022699006,-5642.9818728672,0.3269808645000012
PHEN_red_160_cutoff_7.5.inp.out,268.71968407110984,-0.3368,0.0659,33.8355,59.0,-1305.2729650189,-70.94337376373883,-113.07408861276845,-6097.0534421787,0.3213631966000321
PHEN_red_161_cutoff_7.5.inp.out,266.9867906875505,-0.3120,0.0661,31.8572,62.0,-1304.0433486064,-32.96999371093043,-181.62371703321426,-6323.9742034536,0.2970318956004121
PHEN_red_162_cutoff_7.5.inp.out,270.1492031973188,-0.3198,0.0680,23.7854,60.0,-1304.5539143246,-43.69322511222446,-145.81083343887477,-6172.4727926762,0.30285660949994053
PHEN_red_163_cutoff_7.5.inp.out,266.95096260326534,-0.3248,0.0659,21.4174,59.0,-1304.8989546933,-133.60417179648525,-184.77092747297866,-6096.660600678,0.3093316235999737
PHEN_red_164_cutoff_7.5.inp.out,268.57596781925037,-0.3074,0.0770,35.3258,59.0,-1304.6667549406,19.866078454635723,-28.99673313994626,-6096.4493452801,0.2921963641001639
PHEN_red_165_cutoff_7.5.inp.out,267.27898760185286,-0.3258,0.0789,23.8491,56.0,-1305.8793646914,106.53674058688796,-14.203214724213641,-5869.5949098372,0.3116237642998385
PHEN_red_166_cutoff_7.5.inp.out,268.2999287379761,-0.3351,0.0687,30.9322,55.0,-1306.2839630044,-0.5820258629142561,-135.65170603723882,-5793.9145102822,0.3193120189998808
PHEN_red_167_cutoff_7.5.inp.out,265.46099848862957,-0.3201,0.0731,28.4205,55.0,-1306.2998006538,6.842348977070664,4.0733543555255,-5793.8376199156,0.30533493969960546
PHEN_red_168_cutoff_7.5.inp.out,268.6546481682841,-0.3237,0.0858,26.5065,53.0,-1306.7693224961,111.9925072881225,76.1472309421091,-5642.3658995098,0.3090738601003977
PHEN_red_169_cutoff_7.5.inp.out,267.6926244433743,-0.3038,0.0794,25.0420,55.0,-1306.4093725547,-35.21361562642744,-100.04865332742857,-5794.0131970379,0.2910724194998693
PHEN_red_16_cutoff_7.5.inp.out,265.6402658469714,-0.3226,0.0822,20.8927,52.0,-1307.7063741120,44.40248806488848,-35.57527287117427,-5567.2603499282,0.30781816329999856
PHEN_red_170_cutoff_7.5.inp.out,269.4961654896217,-0.2885,0.0992,30.0468,56.0,-1305.9628127621,64.05896713731129,-28.365893617996466,-5869.6805244524,0.2742466782001429
PHEN_red_171_cutoff_7.5.inp.out,270.0263471997403,-0.3009,0.0888,46.8748,54.0,-1306.6612038166,-28.23532151537543,-6.052009836058808,-5718.3196487753,0.2854619059999095
PHEN_red_172_cutoff_7.5.inp.out,268.6447595982779,-0.2942,0.0847,36.5930,54.0,-1306.4528436589,-78.72847899931213,-119.06612553500068,-5717.9967948405,0.28079270960006397
PHEN_red_173_cutoff_7.5.inp.out,271.576952740538,-0.3019,0.0782,38.2375,53.0,-1307.2031146564,33.74704311780258,-6.791394015624927,-5642.7862572142,0.28868583609983034
PHEN_red_174_cutoff_7.5.inp.out,269.07317277043865,-0.3174,0.0843,44.8630,56.0,-1305.9129305282,122.8315494404383,-72.83736501072555,-5869.6423712631,0.2996427519001372
PHEN_red_175_cutoff_7.5.inp.out,270.9502437468676,-0.3262,0.0585,45.5273,53.0,-1307.3714740113,105.29269403029869,12.079734564764415,-5643.0369973695,0.31077845489926403
PHEN_red_176_cutoff_7.5.inp.out,269.213505214572,-0.3326,0.0792,34.5071,54.0,-1307.0631574795,94.293725930774,-68.9650142894759,-5718.6761043151,0.31528621940015
PHEN_red_177_cutoff_7.5.inp.out,270.90190480897996,-0.3364,0.0637,47.3095,51.0,-1307.8734859364,-122.23661969143453,-76.88809881142866,-5491.4634527801,0.3220594289005021
PHEN_red_178_cutoff_7.5.inp.out,269.89970688128057,-0.3398,0.0634,29.9763,53.0,-1307.3828970969,-155.15599717245559,-178.07414082433985,-5643.0371317789,0.3242292520999399
PHEN_red_179_cutoff_7.5.inp.out,266.7064915621924,-0.3048,0.0899,36.1973,50.0,-1308.4746450460,181.29522710704265,-135.50215744325416,-5415.9870394724,0.28977891740032646
PHEN_red_17_cutoff_7.5.inp.out,266.6220388885959,-0.3270,0.0642,17.6489,52.0,-1307.8263932763,-144.57210906548477,44.98213694668215,-5567.3365224783,0.31524508580059774
PHEN_red_180_cutoff_7.5.inp.out,269.77218003123886,-0.3126,0.0590,36.3213,52.0,-1307.6307655988,-30.188524701513398,-131.20107586587272,-5567.1882740514,0.29846862419981335
PHEN_red_181_cutoff_7.5.inp.out,264.91853250932417,-0.3433,0.0645,35.6241,54.0,-1307.0293245251,-7.756739797736865,-10.228852877617594,-5718.618609708,0.3277186684008484
PHEN_red_182_cutoff_7.5.inp.out,268.2149440691128,-0.3213,0.0845,36.4556,53.0,-1307.6078567489,30.737315747082775,-6.291798492046104,-5643.241974657,0.3053282848004528
PHEN_red_183_cutoff_7.5.inp.out,265.89106399105935,-0.3183,0.0818,45.5213,55.0,-1306.4795369180,193.12420016560438,-92.63556659488405,-5794.240336619,0.3057393400995352
PHEN_red_184_cutoff_7.5.inp.out,267.0484409277353,-0.3329,0.0729,37.6224,55.0,-1306.6884675689,92.68574023416113,-71.86741159186622,-5794.2951475932,0.31776115499997104
PHEN_red_185_cutoff_7.5.inp.out,267.0817997457049,-0.3200,0.0947,32.7910,55.0,-1306.9862623801,-24.89514218188487,-91.28557096266323,-5794.5712275412,0.3037289880994649
PHEN_red_186_cutoff_7.5.inp.out,266.63691674028365,-0.3395,0.0681,36.8325,50.0,-1308.2757202644,47.41356598237297,-80.89789718103798,-5415.6387563,0.326471502899949
PHEN_red_187_cutoff_7.5.inp.out,266.282753096673,-0.3131,0.0789,45.8543,47.0,-1309.8479176180,129.44175267544534,-53.02785479366749,-5189.229902168,0.30190583700004936
PHEN_red_188_cutoff_7.5.inp.out,268.10945202604034,-0.3302,0.0701,41.3993,49.0,-1308.9338378215,36.00062663787184,-52.057936815935456,-5340.3287973812,0.31571098109998275
PHEN_red_189_cutoff_7.5.inp.out,265.3665944468791,-0.3290,0.0786,51.1266,50.0,-1307.9891742554,152.61895063766553,-71.55718007146335,-5415.4384889841,0.3148977767004908
PHEN_red_18_cutoff_7.5.inp.out,268.85798963213625,-0.3329,0.0641,13.6405,55.0,-1306.4592165496,-44.59933925534759,14.159983400493237,-5793.9851849942,0.3180652620003457
PHEN_red_190_cutoff_7.5.inp.out,268.2620197594012,-0.3517,0.0648,43.0890,51.0,-1308.2708294141,64.4399039021501,-154.63260008189704,-5491.7323957381,0.3348584776003918
PHEN_red_191_cutoff_7.5.inp.out,265.0388786161943,-0.3362,0.0679,40.5614,51.0,-1307.9215575632,289.51005613260946,-135.80440925736485,-5491.3088400772,0.31939898939981504
PHEN_red_192_cutoff_7.5.inp.out,267.6805835893198,-0.3574,0.0502,41.2184,49.0,-1308.8870631777,15.673270667372936,-62.49326225789311,-5340.3459860063,0.34211862109987123
PHEN_red_193_cutoff_7.5.inp.out,266.5327648297074,-0.3168,0.0813,41.7497,52.0,-1307.7807483140,95.01531174125576,-58.789953347754796,-5567.2832861352,0.3024537892006265
PHEN_red_194_cutoff_7.5.inp.out,266.2478315670161,-0.3372,0.0795,42.8044,52.0,-1307.8129915133,2.733408496039433,-138.57779966466558,-5567.3132483467,0.32249654970019037
PHEN_red_195_cutoff_7.5.inp.out,267.9448052990028,-0.3162,0.0805,40.2974,51.0,-1308.4061616278,2.7802123452752245,-116.24776769382132,-5491.8879722906,0.30109915679986443
PHEN_red_196_cutoff_7.5.inp.out,267.790342995078,-0.3339,0.0678,29.6381,53.0,-1307.4070276384,0.9248859227781931,-176.96590967273934,-5642.9413290353,0.3214501555003153
PHEN_red_197_cutoff_7.5.inp.out,268.3826572581416,-0.3469,0.0733,52.6555,53.0,-1307.4111978796,-32.6137766564666,-205.1455715775931,-5642.996228718,0.33058496530065895
PHEN_red_198_cutoff_7.5.inp.out,267.96806898629535,-0.3345,0.0657,63.7028,57.0,-1305.8076771014,-86.9607862997832,-383.8248189291188,-5945.4881913569,0.31759625089944166
PHEN_red_199_cutoff_7.5.inp.out,268.4132131454319,-0.3220,0.0667,46.6599,58.0,-1305.4973316220,53.56806587058624,-192.06282586691123,-6021.2660684972,0.3087906639993889
PHEN_red_19_cutoff_7.5.inp.out,266.7799813983336,-0.3324,0.0772,11.3881,52.0,-1307.3167272226,25.9971023334424,58.14443208126127,-5566.7436378394,0.3143076929000017
PHEN_red_1_cutoff_7.5.inp.out,267.0377454812243,-0.3417,0.0543,26.0520,50.0,-1308.3300997128,-53.122170778396274,-28.026993483426146,-5415.8368582201,0.32534714869962045
PHEN_red_200_cutoff_7.5.inp.out,270.14907161549235,-0.3172,0.0795,39.0236,55.0,-1306.7889787761,-7.395164255456476,-236.61266060392376,-5794.4771091075,0.3029750542000329
PHEN_red_201_cutoff_7.5.inp.out,267.42068267028134,-0.3082,0.0889,50.0718,54.0,-1306.8310922158,-99.5621806926158,-310.21751568819326,-5718.4308664486,0.29306297580023966
PHEN_red_202_cutoff_7.5.inp.out,268.744944493368,-0.3068,0.0845,48.0461,55.0,-1306.7777437526,-95.67325707445823,-175.42331825659315,-5794.4265161531,0.29013625430070533
PHEN_red_203_cutoff_7.5.inp.out,269.78545746514334,-0.3167,0.0807,54.4247,55.0,-1306.3746430715,37.23478445831996,-97.35489281841151,-5794.0131935482,0.301304726399394
PHEN_red_204_cutoff_7.5.inp.out,268.66704393940574,-0.3261,0.0695,62.1066,55.0,-1306.9209513885,7.675308855134548,50.783456692434754,-5794.5079912862,0.31143390410034044
PHEN_red_205_cutoff_7.5.inp.out,268.5214677722776,-0.3444,0.0798,59.2766,56.0,-1306.2102991445,98.3795698783459,147.69828130088405,-5869.9107470284,0.3259705192003821
PHEN_red_206_cutoff_7.5.inp.out,269.78040436655425,-0.3252,0.0837,49.0838,56.0,-1305.7769016505,50.28322269439263,65.06805704287957,-5869.4183039449,0.3088207170003443
PHEN_red_207_cutoff_7.5.inp.out,267.2415137164441,-0.3329,0.0700,51.5372,55.0,-1306.5472523892,58.79236334718166,-19.055933057217903,-5794.1734727375,0.3178524660997937
PHEN_red_208_cutoff_7.5.inp.out,268.5769041074107,-0.3119,0.0758,49.1373,55.0,-1306.7603792365,53.83477730403069,-45.29869906977207,-5794.3764011929,0.29665009660038777
PHEN_red_209_cutoff_7.5.inp.out,265.72861097379626,-0.3152,0.0697,51.2454,51.0,-1308.0535077827,9.728892969567683,7.463107391108597,-5491.5629204298,0.2998008464001032
PHEN_red_20_cutoff_7.5.inp.out,266.89915504646973,-0.3358,0.0747,14.5642,50.0,-1308.2403688038,54.33593079812198,-24.33943044979364,-5415.6162509976,0.31924141600029543
PHEN_red_210_cutoff_7.5.inp.out,269.0500376294433,-0.3310,0.0682,48.8720,50.0,-1308.3087337740,18.83195775263737,47.30764634703194,-5415.7370099303,0.31544439800018154
PHEN_red_211_cutoff_7.5.inp.out,265.97614796603006,-0.3267,0.0796,43.4713,50.0,-1308.0333643290,3.292559842040983,-208.16239378919636,-5415.4945041635,0.31243302270013373
PHEN_red_212_cutoff_7.5.inp.out,268.3783964144266,-0.3169,0.0719,48.3449,54.0,-1306.7931553028,-52.138909838996774,-95.96612348355161,-5718.3953276625,0.30248115850008617
PHEN_red_213_cutoff_7.5.inp.out,268.77198012525326,-0.3254,0.0611,52.7899,54.0,-1306.7259509288,-172.96617472453377,-153.0339849143002,-5718.3378815337,0.3110750582000037
PHEN_red_214_cutoff_7.5.inp.out,266.6339672697399,-0.3269,0.0755,41.9865,53.0,-1307.1135296346,-11.897789185967271,-89.84920351681376,-5642.6343746064,0.31324804270025197
PHEN_red_215_cutoff_7.5.inp.out,269.4540325406866,-0.3186,0.0698,51.2043,50.0,-1308.0152339623,19.533444754920357,57.50649652922998,-5415.5042290932,0.30445675430019037
PHEN_red_216_cutoff_7.5.inp.out,267.3472349648093,-0.3117,0.0870,44.8285,47.0,-1309.2750448357,25.327508892401788,54.16043931459127,-5188.629471089,0.29964399710024736
PHEN_red_217_cutoff_7.5.inp.out,268.84647004200343,-0.3357,0.0745,43.7619,46.0,-1309.8822967641,-25.462456624241238,-15.590199622142876,-5113.2047401722,0.3199733757001013
PHEN_red_218_cutoff_7.5.inp.out,270.43130410400767,-0.3190,0.0715,42.8945,46.0,-1309.6366534627,-16.534403899519113,-3.4433509012858283,-5112.9185006366,0.30369616149982903
PHEN_red_219_cutoff_7.5.inp.out,264.3409605727268,-0.3184,0.0801,36.1680,45.0,-1310.2570286552,0.7197622187011955,-24.686784885408876,-5037.5790231607,0.3062017685997489
PHEN_red_21_cutoff_7.5.inp.out,264.968799619756,-0.3131,0.0773,10.1085,51.0,-1307.8264984752,55.007161952083926,-0.17597850845762325,-5491.2513820188,0.29726818119979725
PHEN_red_220_cutoff_7.5.inp.out,269.78070765533585,-0.3354,0.0583,43.9627,45.0,-1309.8299237670,73.33925230156018,91.66861926406244,-5037.086539833,0.32270587849961885
PHEN_red_221_cutoff_7.5.inp.out,266.227133802203,-0.3220,0.0719,43.8534,48.0,-1308.8388273771,-29.62463093228217,-32.72707851213373,-5264.2662716935,0.3068044697001824
PHEN_red_222_cutoff_7.5.inp.out,267.6504661518101,-0.3384,0.0717,43.4188,50.0,-1308.2207641309,82.08555730161653,48.68120109721024,-5415.6689362784,0.320927854600086
PHEN_red_223_cutoff_7.5.inp.out,266.58223012014827,-0.3442,0.0558,40.5758,50.0,-1307.8507805859,508.52375461552435,237.4348981479356,-5415.1989618585,0.3299271559999397
PHEN_red_224_cutoff_7.5.inp.out,267.24723299125077,-0.3300,0.0629,41.5952,51.0,-1307.9530521638,30.740187052417582,92.81787495727474,-5491.3909092518,0.318050999299885
PHEN_red_225_cutoff_7.5.inp.out,267.351127830892,-0.3139,0.0787,42.0058,52.0,-1307.5813436668,83.13003397022804,187.11845856070224,-5567.0930874068,0.2990525595996587
PHEN_red_226_cutoff_7.5.inp.out,266.32367190872884,-0.3115,0.0805,37.8987,51.0,-1307.9621751773,75.41654412549025,129.56960663049048,-5491.4600817297,0.29632887549996667
PHEN_red_227_cutoff_7.5.inp.out,268.34443867678544,-0.3260,0.0519,37.5049,53.0,-1306.8102306258,-12.795521108384031,-9.99489961188274,-5642.3954005434,0.31162290500014933
PHEN_red_228_cutoff_7.5.inp.out,268.7711706471601,-0.3317,0.0683,46.3857,53.0,-1307.0812333399,-52.36513335923139,-62.01009680221718,-5642.7106368945,0.316274958100621
PHEN_red_229_cutoff_7.5.inp.out,267.86185470482616,-0.3192,0.0543,39.7968,53.0,-1307.3132480212,27.847855371046194,2.330247469386586,-5642.9686115152,0.3060317627996483
PHEN_red_22_cutoff_7.5.inp.out,265.38970261948174,-0.3186,0.0666,15.2365,52.0,-1307.5575307754,-71.03888971194162,-41.339468358118964,-5567.0321364613,0.3053382379002869
PHEN_red_230_cutoff_7.5.inp.out,269.92813536182655,-0.3307,0.0679,45.0116,52.0,-1307.2771693419,-28.6377214996628,34.47214788899753,-5566.8734597365,0.31262466489988583
PHEN_red_231_cutoff_7.5.inp.out,268.32040056437927,-0.3147,0.0702,41.3778,53.0,-1306.6591836160,35.452019794383105,130.2920603169557,-5642.3013672668,0.30010161790050915
PHEN_red_232_cutoff_7.5.inp.out,269.8720315302242,-0.3247,0.0660,35.2020,50.0,-1308.1117745903,16.52894362987302,112.88975088517705,-5415.5760902823,0.30834524689998943
PHEN_red_233_cutoff_7.5.inp.out,268.3759300688895,-0.3053,0.0837,29.6304,52.0,-1307.6420273834,132.007025435005,42.09318457527568,-5567.202308384,0.29194329050005763
PHEN_red_234_cutoff_7.5.inp.out,269.61215125617974,-0.3394,0.0614,27.2366,53.0,-1307.0301308013,16.541091105346492,55.77746198247149,-5642.6480059201,0.3237908538994816
PHEN_red_235_cutoff_7.5.inp.out,269.6496621360286,-0.3256,0.0722,44.1493,48.0,-1309.1693740559,224.20486265734473,85.11435648050194,-5264.5756502838,0.3101778161999391
PHEN_red_236_cutoff_7.5.inp.out,266.3888489610068,-0.3094,0.0828,41.9107,51.0,-1307.8853765201,133.2351438674441,96.29001176707573,-5491.4380082963,0.29689269800019247
PHEN_red_237_cutoff_7.5.inp.out,270.5888319738303,-0.3272,0.0688,42.4533,54.0,-1306.7863241901,47.7470305531026,42.94090249776504,-5718.4038938371,0.31320605460041406
PHEN_red_238_cutoff_7.5.inp.out,266.5906284818705,-0.3171,0.0865,35.8402,53.0,-1306.9101173769,170.29793247615538,10.909033506278377,-5642.529378114,0.3031926512003338
PHEN_red_239_cutoff_7.5.inp.out,269.65885833596985,-0.3029,0.0809,42.1731,53.0,-1307.0343884892,-16.01605531364934,-83.90563108048724,-5642.6446726779,0.2913692145002642
PHEN_red_23_cutoff_7.5.inp.out,266.9489489503767,-0.3382,0.0636,9.7636,50.0,-1308.5402422078,-84.12612489404775,-16.1992704095794,-5415.9425572054,0.3238422090998938
PHEN_red_240_cutoff_7.5.inp.out,266.48159254100256,-0.3432,0.0774,35.6258,53.0,-1307.0832120129,1.0648347897849553,18.48910243772426,-5642.6114905475,0.3264870946004521
PHEN_red_241_cutoff_7.5.inp.out,266.9656942256805,-0.3234,0.0692,38.5155,55.0,-1305.9834566586,-157.43971546974467,-68.78670891019965,-5793.5850032976,0.3089991390997966
PHEN_red_242_cutoff_7.5.inp.out,268.23954637182203,-0.3432,0.0594,43.2329,56.0,-1305.6360306464,-26.28878061978683,-13.807165713667102,-5869.3324935807,0.3298317655999199
PHEN_red_243_cutoff_7.5.inp.out,266.35047045741857,-0.3287,0.0642,43.4499,55.0,-1306.7120579349,-45.30541591356771,19.533548473662282,-5794.2996885857,0.31293452989939397
PHEN_red_244_cutoff_7.5.inp.out,271.2231548175961,-0.3274,0.0611,35.2200,54.0,-1306.8417246982,-62.22285882056056,9.202587886254246,-5718.4161104177,0.312737876400206
PHEN_red_245_cutoff_7.5.inp.out,266.47081973236584,-0.3265,0.0594,42.6664,53.0,-1307.2980205517,1.1123600024034,63.475874840572445,-5642.784928275,0.3118116341001951
PHEN_red_246_cutoff_7.5.inp.out,267.9512427165781,-0.3079,0.0607,54.8455,53.0,-1307.4490608122,24.477861734286353,39.04042507750591,-5642.9236193705,0.29271493419946637
PHEN_red_247_cutoff_7.5.inp.out,269.703362382619,-0.3337,0.0681,52.7915,51.0,-1308.3003706498,-423.4731608321761,158.37325582295503,-5491.7937520419,0.31747948420070315
PHEN_red_248_cutoff_7.5.inp.out,267.31612470470424,-0.3187,0.0755,53.2548,53.0,-1307.2042712716,79.78379383850776,311.17020421644406,-5642.7163753136,0.3035953993003204
PHEN_red_249_cutoff_7.5.inp.out,269.357651421395,-0.3457,0.0556,49.4532,55.0,-1306.3011681083,-108.42606155503148,125.03179037198069,-5793.9505769078,0.3279550694005593
PHEN_red_24_cutoff_7.5.inp.out,265.7764575410887,-0.3403,0.0651,10.3995,51.0,-1308.5997394391,3.1333089240988574,26.442739680770806,-5492.1390694256,0.3267594134003957
PHEN_red_250_cutoff_7.5.inp.out,269.49810039671587,-0.3275,0.0678,16.3449,55.0,-1306.0817273202,59.08026018750023,65.85266525801717,-5793.7694404781,0.310820969300039
PHEN_red_251_cutoff_7.5.inp.out,267.12952744219865,-0.3069,0.0639,10.7837,55.0,-1306.5358686117,34.86530921378731,3.8502254258223294,-5794.171872147,0.29348633020072157
PHEN_red_252_cutoff_7.5.inp.out,267.707438400433,-0.3327,0.0823,24.2900,53.0,-1306.9281432000,13.798446849522033,0.24685784816774464,-5642.3979206994,0.3145984901002521
PHEN_red_253_cutoff_7.5.inp.out,263.4986220400982,-0.3179,0.0779,22.6394,54.0,-1307.0143839256,-15.532626509823016,46.513852935548435,-5718.5212640974,0.3039377075001539
PHEN_red_254_cutoff_7.5.inp.out,268.43743485799257,-0.3177,0.0787,24.3556,54.0,-1306.8541215960,100.0085573060301,70.0014300328655,-5718.4416668588,0.30383771769993473
PHEN_red_255_cutoff_7.5.inp.out,267.89436527749183,-0.3171,0.0798,20.8270,52.0,-1307.8666801204,-9.431027715972194,-67.022539336258,-5567.391579395,0.302821945299911
PHEN_red_256_cutoff_7.5.inp.out,267.55694502942936,-0.3263,0.0817,18.3312,53.0,-1307.1540693372,8.608655625576143,-2.4142398513327676,-5642.7941751684,0.3101803995004957
PHEN_red_257_cutoff_7.5.inp.out,271.38675865795295,-0.3285,0.0572,18.3846,51.0,-1308.1219397621,12.053037418942806,22.229870694783237,-5491.6441521912,0.31389800459965045
PHEN_red_258_cutoff_7.5.inp.out,269.55641912119444,-0.3126,0.0724,22.0086,52.0,-1307.3271475596,-35.03543021002728,72.10744491743007,-5566.8772284367,0.29771018659994297
PHEN_red_259_cutoff_7.5.inp.out,268.9144810345913,-0.3215,0.0444,26.9644,53.0,-1307.3264752470,80.15295145390643,28.587186013498087,-5642.8162801131,0.3075548002998403
PHEN_red_25_cutoff_7.5.inp.out,268.19756984719993,-0.3379,0.0593,6.4087,49.0,-1308.5271009542,-10.018457244765358,6.2563148528334835,-5339.9571259169,0.3231498927998473
PHEN_red_260_cutoff_7.5.inp.out,267.8070585411568,-0.3106,0.0804,23.3716,56.0,-1306.0041745124,-39.973761821832625,-34.89516886028894,-5869.6464134138,0.29573085350057227
PHEN_red_261_cutoff_7.5.inp.out,266.80789735269235,-0.3353,0.0619,16.7340,54.0,-1306.8869881377,1.878392297773355,-37.707837669408924,-5718.4720687206,0.31876301630018133
PHEN_red_262_cutoff_7.5.inp.out,268.0881238623025,-0.3157,0.0716,19.6643,55.0,-1306.2245282205,-2.238374707919438,-77.58821971680777,-5793.8960466536,0.3010963607994199
PHEN_red_263_cutoff_7.5.inp.out,267.43596402224983,-0.3054,0.0755,6.2917,54.0,-1306.8036824585,136.2171515107281,-18.97645071654074,-5718.3777660326,0.2913128897998831
PHEN_red_264_cutoff_7.5.inp.out,267.1603051827353,-0.3032,0.0658,8.6989,53.0,-1307.2643522862,36.586688960053145,48.8633502640153,-5642.9124057632,0.28811466920069506
PHEN_red_265_cutoff_7.5.inp.out,267.88991825965894,-0.3199,0.0637,9.4935,54.0,-1306.8515350183,-62.76385567159597,-8.340606590408296,-5718.4546844152,0.3043862592003279
PHEN_red_266_cutoff_7.5.inp.out,270.9294690351773,-0.3098,0.0840,14.1672,52.0,-1307.2342397850,4.888487058668293,-17.74892118793018,-5566.7313122223,0.2946161077998113
PHEN_red_267_cutoff_7.5.inp.out,270.0127377659092,-0.3052,0.0702,21.2935,54.0,-1306.9315733550,-125.13435468151016,-114.04531586502509,-5718.5055307615,0.29203181069988204
PHEN_red_268_cutoff_7.5.inp.out,270.30050496848526,-0.3331,0.0694,20.0425,53.0,-1306.9741642767,101.46991097206678,36.215060193151466,-5642.5190946953,0.318086138399849
PHEN_red_269_cutoff_7.5.inp.out,268.12301558846343,-0.3216,0.0740,14.3021,52.0,-1307.3078069825,298.0362896171112,54.802200482033946,-5566.8034117788,0.3066790876000596
PHEN_red_26_cutoff_7.5.inp.out,267.1430436483304,-0.3287,0.0726,14.1612,49.0,-1308.6695817877,-3.2966842616418837,16.238978573430522,-5340.0789639492,0.3147401036994779
PHEN_red_270_cutoff_7.5.inp.out,268.4066564137603,-0.3231,0.0946,11.0491,54.0,-1306.7228325367,12.944607939847748,81.2953755385431,-5718.3400687,0.30626645050051593
PHEN_red_271_cutoff_7.5.inp.out,266.09846582626176,-0.3397,0.0817,8.3600,56.0,-1306.0885334617,134.1262660393475,42.71789812053496,-5869.760158473,0.32394457979989966
PHEN_red_272_cutoff_7.5.inp.out,266.74027917266943,-0.3242,0.0844,12.4322,55.0,-1306.2412429887,144.99349091103102,87.9779156408562,-5793.8696600017,0.3073601468995548
PHEN_red_273_cutoff_7.5.inp.out,269.4305211939424,-0.3119,0.0867,12.7674,57.0,-1305.7897958000,55.39234576097536,65.37212792206421,-5945.4904761178,0.29516745759974583
PHEN_red_274_cutoff_7.5.inp.out,265.4810582710241,-0.3197,0.0839,12.9014,54.0,-1306.8282132853,51.44787045165869,16.481319410407067,-5718.4161730487,0.30566074879970984
PHEN_red_275_cutoff_7.5.inp.out,265.8426597809329,-0.3241,0.0784,25.5100,52.0,-1306.9512353187,-49.48268106010768,6.229548415019561,-5566.5024730608,0.30791187720024027
PHEN_red_276_cutoff_7.5.inp.out,267.49034811477736,-0.3248,0.0553,25.1133,49.0,-1308.0230418906,-81.77114738449727,-15.401739523456817,-5339.4470393055,0.313030136299858
PHEN_red_277_cutoff_7.5.inp.out,269.0683770295145,-0.3266,0.0675,23.9360,52.0,-1307.2685416802,-106.94450152197948,-68.89180257429828,-5566.821441204,0.31127306279995537
PHEN_red_278_cutoff_7.5.inp.out,269.38005723027356,-0.3409,0.0641,36.2314,50.0,-1307.6354243117,24.925129317753278,-38.33655494073112,-5415.1522435663,0.32611355220069527
PHEN_red_279_cutoff_7.5.inp.out,269.73751412093475,-0.3131,0.0635,36.8279,51.0,-1307.5135294468,-7.279088789891862,-43.76495169345983,-5490.9606071804,0.29909309539925744
PHEN_red_27_cutoff_7.5.inp.out,267.68277332135875,-0.3032,0.0755,19.8089,53.0,-1307.4276734282,-107.39252361984757,-91.42606781242898,-5642.9314247545,0.2905362701003469
PHEN_red_280_cutoff_7.5.inp.out,268.4862185522474,-0.3161,0.0657,43.9880,52.0,-1306.8871456278,-148.94698577704116,-187.95394596678278,-5566.3961066017,0.3034883970994997
PHEN_red_281_cutoff_7.5.inp.out,267.8873503945513,-0.3338,0.0604,49.8643,57.0,-1305.1790764656,-105.63871289123114,-106.33149315132805,-5944.850445952,0.3193799916998614
PHEN_red_282_cutoff_7.5.inp.out,268.8511090844859,-0.3425,0.0709,42.6266,57.0,-1305.5902740753,-33.94548594497583,-93.1399355052765,-5945.1942660669,0.32312707870005397
PHEN_red_283_cutoff_7.5.inp.out,267.4514942615528,-0.3422,0.0661,51.1219,53.0,-1306.8632431175,21.00395312059121,-215.37064688606108,-5642.3751010656,0.3262586195996846
PHEN_red_284_cutoff_7.5.inp.out,269.14872571594043,-0.3146,0.0835,52.3621,58.0,-1304.9798118471,-73.41938837028925,24.482158346632115,-6020.746956474,0.29976383710072696
PHEN_red_285_cutoff_7.5.inp.out,269.97527163169224,-0.3187,0.0732,45.4410,55.0,-1305.9713768401,80.65882676743463,150.84919288609748,-5793.5978566797,0.30354252330016607
PHEN_red_286_cutoff_7.5.inp.out,265.7542080552454,-0.3277,0.0747,50.2348,56.0,-1305.7837815800,175.19832123745047,102.24229409374493,-5869.4466974171,0.31128372109924385
PHEN_red_287_cutoff_7.5.inp.out,268.04069604811366,-0.3308,0.0716,41.3671,59.0,-1305.0162221181,28.46534364601439,34.659055378267745,-6096.7538028909,0.3140146575997278
PHEN_red_288_cutoff_7.5.inp.out,267.91468647819306,-0.3343,0.0805,47.0862,53.0,-1306.8110620887,236.84126290502306,159.50753047582353,-5642.4214361018,0.3162315857007343
PHEN_red_289_cutoff_7.5.inp.out,265.7155866031435,-0.3353,0.0648,39.6776,57.0,-1305.3980630570,192.08009367283603,151.4208732459411,-5945.1083668804,0.3198775419996309
PHEN_red_28_cutoff_7.5.inp.out,267.8312353298662,-0.3251,0.0789,19.4334,51.0,-1308.2374691567,-1.7926023163660159,-1.5681317680813216,-5491.7464183214,0.30908991129945207
PHEN_red_290_cutoff_7.5.inp.out,265.4898522763959,-0.3179,0.0842,35.9209,55.0,-1305.9331331396,65.73591240394825,145.57824900814313,-5793.530459851,0.30278367300070386
PHEN_red_291_cutoff_7.5.inp.out,265.66851879977963,-0.3256,0.0749,28.9584,55.0,-1306.1603067797,43.867199529656595,-38.82272370512237,-5793.7284079622,0.308499678500084
PHEN_red_292_cutoff_7.5.inp.out,267.8889657443243,-0.3203,0.0793,32.2685,55.0,-1306.0950417860,-56.80608031863359,-58.78154604600418,-5793.6453592986,0.3056085920998157
PHEN_red_293_cutoff_7.5.inp.out,267.349058333247,-0.3074,0.0855,27.3028,53.0,-1307.0971984375,-55.19432848408343,-6.810347628788936,-5642.5245274178,0.2942262626002048
PHEN_red_294_cutoff_7.5.inp.out,269.0554018790345,-0.2997,0.0887,28.6023,51.0,-1307.4872413475,102.15424953065181,16.2711058131146,-5490.8730339024,0.2847933134999039
PHEN_red_295_cutoff_7.5.inp.out,268.2861809530152,-0.3126,0.0767,28.4930,54.0,-1306.8423162872,-37.60241089270623,52.95010004763149,-5718.3455763006,0.2978868615000465
PHEN_red_296_cutoff_7.5.inp.out,269.40774654513535,-0.3127,0.0845,19.9139,51.0,-1307.6422592498,59.824049061689365,-5.83434086110759,-5491.0930248832,0.29925487440050347
PHEN_red_297_cutoff_7.5.inp.out,268.2085799580872,-0.3076,0.0792,28.0699,50.0,-1308.1177757102,56.90547828216111,-14.190523851968734,-5415.4976182557,0.29706041929966887
PHEN_red_298_cutoff_7.5.inp.out,270.2581648859155,-0.3213,0.0687,31.2353,52.0,-1307.3689929414,-71.01247862492824,-54.431682711984365,-5566.8374722379,0.3057845292996717
PHEN_red_299_cutoff_7.5.inp.out,269.66165089155726,-0.3030,0.0807,36.5860,56.0,-1306.1459330274,141.6061757221828,95.51485828586145,-5869.7277008608,0.28854942719954124
PHEN_red_29_cutoff_7.5.inp.out,270.0569990247529,-0.3333,0.0779,21.1660,48.0,-1309.4615477788,-102.13870085688737,-67.08376068945346,-5264.8445727917,0.3177012427995578
PHEN_red_2_cutoff_7.5.inp.out,268.1754503009182,-0.2983,0.0817,21.2536,51.0,-1307.9611091230,31.267365947267095,-8.473048756842221,-5491.3876619582,0.2851423625006646
PHEN_red_300_cutoff_7.5.inp.out,267.59645607536225,-0.3421,0.0642,29.3876,52.0,-1307.4736739714,185.17511851436478,121.14469603929301,-5566.9693447031,0.3256235392000235
PHEN_red_301_cutoff_7.5.inp.out,266.64687231368504,-0.3233,0.0726,27.6863,57.0,-1306.0052383472,157.17540364302448,75.76655469410497,-5945.6588366869,0.30843431419998524
PHEN_red_302_cutoff_7.5.inp.out,266.3725204655048,-0.3436,0.0643,37.0531,57.0,-1306.0131327500,80.69528190413239,99.04278787476412,-5945.661230903,0.3260125599008461
PHEN_red_303_cutoff_7.5.inp.out,268.81563313725536,-0.3638,0.0532,25.9492,60.0,-1304.7376159203,-2.925666670784118,-10.20689626655774,-6172.4615461263,0.3457153483004731
PHEN_red_304_cutoff_7.5.inp.out,267.17336106317856,-0.3170,0.0818,33.0751,59.0,-1305.3245015396,138.47103993321312,53.59978722370117,-6097.0359146896,0.30247011939991353
PHEN_red_305_cutoff_7.5.inp.out,266.2986102375398,-0.3006,0.0910,32.2672,56.0,-1306.1346336769,105.10152835995714,-32.136898999447155,-5869.7961606185,0.2869562289006353
PHEN_red_306_cutoff_7.5.inp.out,270.74275160410775,-0.3285,0.0697,26.8378,56.0,-1306.0112390067,22.5597380247823,-43.96640084851421,-5869.5937613473,0.3110861880995799
PHEN_red_307_cutoff_7.5.inp.out,270.12642210537433,-0.3107,0.0887,20.9155,59.0,-1304.9825021473,139.65118632707149,-79.65305839016965,-6096.6935560051,0.2949022277998665
PHEN_red_308_cutoff_7.5.inp.out,270.3599186128687,-0.3049,0.0862,14.2383,55.0,-1306.8294131382,3.6850212830324818,-21.392901593896422,-5794.4252999686,0.29230676439965464
PHEN_red_309_cutoff_7.5.inp.out,271.1331395046118,-0.3085,0.0770,8.4308,52.0,-1307.1985559004,15.107577395926825,23.73661874859577,-5566.7904383312,0.29524311919976753
PHEN_red_30_cutoff_7.5.inp.out,267.12404392913896,-0.3177,0.0860,23.5886,52.0,-1307.8137088040,31.49040744433228,-7.310541588732606,-5567.2646123108,0.3034708868999587
PHEN_red_310_cutoff_7.5.inp.out,268.14221010576244,-0.3386,0.0601,23.6345,55.0,-1306.8427233167,21.699660771168706,-3.043851476432629,-5794.5067607198,0.3215569931999198
PHEN_red_311_cutoff_7.5.inp.out,269.48133770595416,-0.3303,0.0806,19.8199,53.0,-1307.5839718706,42.01842321636301,-1.689005706609489,-5643.2077238402,0.3128058707998207
PHEN_red_312_cutoff_7.5.inp.out,266.52336180355826,-0.3070,0.0797,24.0446,53.0,-1307.3775074749,39.82447018013883,13.710497600717936,-5642.8845954145,0.2915510084003472
PHEN_red_313_cutoff_7.5.inp.out,266.773946814729,-0.3176,0.0715,27.1078,52.0,-1307.7396637600,22.22213984179334,39.28967696837677,-5567.3179134598,0.3034771164993799
PHEN_red_314_cutoff_7.5.inp.out,265.7343079059695,-0.3440,0.0553,20.3073,49.0,-1308.8868686449,-47.17163140188401,6.010572676493399,-5340.3068427572,0.32864421189970017
PHEN_red_315_cutoff_7.5.inp.out,268.22406125041675,-0.3200,0.0698,31.9750,51.0,-1307.8704450557,20.86517403790037,-20.24956084436361,-5491.3715230095,0.30490418289991794
PHEN_red_316_cutoff_7.5.inp.out,268.0278820698711,-0.3410,0.0589,37.9145,47.0,-1309.3998360377,-163.83939407846182,38.06783691489559,-5188.6843440723,0.32618604460003553
PHEN_red_317_cutoff_7.5.inp.out,268.13326029810213,-0.3207,0.0807,33.7158,48.0,-1309.5877958369,-3.108030582174117,-18.131054798684684,-5264.9803122614,0.30772608630013565
PHEN_red_318_cutoff_7.5.inp.out,269.33254001713857,-0.3469,0.0595,24.5065,47.0,-1309.5569207619,-98.72091065901338,71.24259599661326,-5188.8614509105,0.3321498776995213
PHEN_red_319_cutoff_7.5.inp.out,267.6949709208219,-0.3471,0.0691,22.3827,49.0,-1309.0554682409,-102.81103182195412,34.012870957483216,-5340.4135204685,0.330482150100579
PHEN_red_31_cutoff_7.5.inp.out,270.4592326350578,-0.3430,0.0734,17.7152,53.0,-1307.7769753785,-41.30999329628905,-4.80539066577367,-5643.2596233579,0.3265327106000768
PHEN_red_320_cutoff_7.5.inp.out,267.3060947097873,-0.3103,0.0792,19.3615,54.0,-1306.9047905650,-6.456375875272726,24.196952177544702,-5718.4793610613,0.29570551489996433
PHEN_red_321_cutoff_7.5.inp.out,266.89903799834684,-0.3237,0.0641,22.0366,53.0,-1307.3440165448,-29.972499965199763,35.44157522999941,-5642.8734978279,0.30879285520040867
PHEN_red_322_cutoff_7.5.inp.out,266.02678475980207,-0.3119,0.0738,29.3835,51.0,-1308.2907007407,85.61102192013664,81.5707432154553,-5491.7351924465,0.29598984140011453
PHEN_red_323_cutoff_7.5.inp.out,264.910157165014,-0.3380,0.0703,24.2529,50.0,-1308.6764954533,-11.836480772255493,47.0666244512128,-5416.1004943469,0.3210662733999925
PHEN_red_324_cutoff_7.5.inp.out,271.4601714369739,-0.3198,0.0660,35.8848,52.0,-1307.9750299494,-103.49581028560313,42.596183972782406,-5567.5609156378,0.3044617511995966
PHEN_red_325_cutoff_7.5.inp.out,267.8540981527705,-0.3333,0.0756,27.4622,52.0,-1307.8643113853,-11.08267819288612,9.57601834947383,-5567.4342108171,0.3186355881998679
PHEN_red_326_cutoff_7.5.inp.out,269.6161538296846,-0.3228,0.0735,26.5462,52.0,-1307.9347254698,16.892411135492907,65.49047173778834,-5567.443843498,0.30498183320014505
PHEN_red_327_cutoff_7.5.inp.out,270.95237317433,-0.3361,0.0697,42.4055,51.0,-1308.1163861161,-2.0975828187645025,31.486670253695358,-5491.6583441325,0.31956551509938436
PHEN_red_328_cutoff_7.5.inp.out,268.84227177590776,-0.3206,0.0767,34.9510,56.0,-1306.2729065932,-159.4712737402306,-42.95040360830627,-5869.9669553932,0.3036261192000893
PHEN_red_329_cutoff_7.5.inp.out,269.32954198088464,-0.3204,0.0762,31.8293,55.0,-1306.3438348058,-29.60772459268467,-29.297881553063664,-5793.9956538641,0.30549747769964597
PHEN_red_32_cutoff_7.5.inp.out,267.1573524012156,-0.3198,0.0740,30.8612,55.0,-1306.9650803769,21.18350954801714,37.15137471339881,-5794.5411881509,0.3027931541992075
PHEN_red_330_cutoff_7.5.inp.out,269.4629440926659,-0.3017,0.0861,19.2524,51.0,-1307.6932735003,-7.19164588348073,-2.422047451987989,-5491.2401290036,0.2862241968996386
PHEN_red_331_cutoff_7.5.inp.out,267.32832821378673,-0.3108,0.0785,20.3734,53.0,-1307.1618323382,-30.737313672915846,-20.301324316156574,-5642.8327539192,0.2942174278005041
PHEN_red_332_cutoff_7.5.inp.out,265.9084099680679,-0.3296,0.0724,21.5646,54.0,-1306.7854386853,-43.26256840518699,-31.819964542806904,-5718.4426802665,0.31328751599994575
PHEN_red_333_cutoff_7.5.inp.out,267.09908996004344,-0.3357,0.0621,22.1798,56.0,-1306.0245838389,-48.74911450030661,15.59133371589649,-5869.7106795471,0.3196191168999576
PHEN_red_334_cutoff_7.5.inp.out,267.01394257996026,-0.3481,0.0662,23.4143,52.0,-1307.2994584862,14.52704567525417,36.8818569476732,-5566.7867862885,0.33236635489993205
PHEN_red_335_cutoff_7.5.inp.out,269.21460828228237,-0.3195,0.0786,31.7720,53.0,-1307.2081321749,63.57217702153686,-28.390320498365025,-5642.7944331047,0.3049839005998365
PHEN_red_336_cutoff_7.5.inp.out,270.00362419601777,-0.3442,0.0516,36.8585,54.0,-1306.8030499813,33.73043467179786,118.00014453340785,-5718.4285134519,0.3291078424999796
PHEN_red_337_cutoff_7.5.inp.out,271.20437692399184,-0.3202,0.0624,37.8699,55.0,-1306.5545621523,-18.98709809326434,-20.385221923348222,-5794.2793578811,0.305012205300045
PHEN_red_338_cutoff_7.5.inp.out,269.9769381749226,-0.3186,0.0684,27.5715,54.0,-1306.9908654810,-33.212279042632176,-131.00282372785503,-5718.6720441814,0.30393480400016415
PHEN_red_339_cutoff_7.5.inp.out,267.60061026380544,-0.3206,0.0720,18.2821,55.0,-1306.8278683691,-46.248591842899025,-49.37844862255756,-5794.5415313996,0.30592716810042475
PHEN_red_33_cutoff_7.5.inp.out,270.4723463905157,-0.3212,0.0686,35.5321,55.0,-1306.9017131139,-34.99798197759218,48.721314604533156,-5794.4756315918,0.30463587360009114
PHEN_red_340_cutoff_7.5.inp.out,270.1011404371497,-0.3294,0.0746,28.5558,53.0,-1307.1493798206,2.9588739647487823,-20.285661429239042,-5642.8188421869,0.31425551980009914
PHEN_red_341_cutoff_7.5.inp.out,269.35842340603546,-0.3098,0.0792,23.7152,55.0,-1306.3618598465,-64.95986000689804,21.818053302528753,-5794.0181040375,0.2974088936998669
PHEN_red_342_cutoff_7.5.inp.out,270.39034568910176,-0.3135,0.0791,30.0871,55.0,-1306.3802270353,-17.961077506768564,50.31292664317088,-5794.0737918211,0.2989856141994096
PHEN_red_343_cutoff_7.5.inp.out,267.0940156068567,-0.3302,0.0604,15.7534,56.0,-1305.5023394970,-147.70578140872195,100.19346342159079,-5869.2765746729,0.31675404170073307
PHEN_red_344_cutoff_7.5.inp.out,268.49114214121215,-0.3235,0.0733,14.3630,56.0,-1305.9778336897,-72.28586340933423,73.79632301044603,-5869.7037184691,0.30911981080043915
PHEN_red_345_cutoff_7.5.inp.out,267.3011195645795,-0.3199,0.0666,16.6150,56.0,-1305.9473831773,-34.197884405341135,54.36704387287571,-5869.6864577046,0.3069676782006354
PHEN_red_346_cutoff_7.5.inp.out,265.47158066063736,-0.3453,0.0763,19.4764,58.0,-1305.1046197241,-8.306953998084186,1.9200195559967952,-6020.8658381153,0.3316605599002287
PHEN_red_347_cutoff_7.5.inp.out,269.28058165060645,-0.3248,0.0889,22.1253,59.0,-1304.8186376795,197.69452279356128,24.855706352811403,-6096.6131173485,0.3095476141998006
PHEN_red_348_cutoff_7.5.inp.out,268.6819750469671,-0.3120,0.0831,21.7713,56.0,-1306.4274341024,89.183962924843,89.36715463385927,-5870.1271750907,0.29755484860015713
PHEN_red_349_cutoff_7.5.inp.out,268.78974349241753,-0.3373,0.0764,25.6166,54.0,-1306.8127956804,33.47474145632071,16.431497452269625,-5718.3790410418,0.3207278239005973
PHEN_red_34_cutoff_7.5.inp.out,268.83148475330864,-0.3097,0.0911,24.4083,50.0,-1308.6053817930,47.19491123599641,-6.830261676619168,-5416.0035048237,0.2932863461001034
PHEN_red_350_cutoff_7.5.inp.out,268.9817068188688,-0.3130,0.0880,4.8674,55.0,-1306.5774986223,108.07123898323323,52.17092048143544,-5794.1365648725,0.29863005120023445
PHEN_red_351_cutoff_7.5.inp.out,268.30025935539277,-0.3254,0.0559,10.3854,54.0,-1307.2556113139,42.44062739204354,26.073226088356712,-5718.7775055893,0.3110943859001054
PHEN_red_352_cutoff_7.5.inp.out,266.431095072193,-0.2925,0.0928,18.0613,51.0,-1308.2721163769,61.31723637379246,-8.701395545757364,-5491.7157611669,0.2773667858000408
PHEN_red_353_cutoff_7.5.inp.out,266.8555965538299,-0.3054,0.0846,14.4767,52.0,-1307.3181344753,-19.735894056215063,-28.228808361739816,-5566.8637813325,0.2902308845996231
PHEN_red_354_cutoff_7.5.inp.out,268.23741579744177,-0.3142,0.0819,13.2820,54.0,-1307.0205218092,76.62680705088994,-21.426606683741756,-5718.6868378409,0.29845278399989184
PHEN_red_355_cutoff_7.5.inp.out,266.97653610108057,-0.3101,0.0835,16.8347,58.0,-1305.2820277697,68.06647470651232,-14.128031000265812,-6021.0774793153,0.29724876529962785
PHEN_red_356_cutoff_7.5.inp.out,267.1159054995972,-0.2976,0.0844,13.5722,58.0,-1305.4395196664,101.55677609819172,-23.636884311150695,-6021.1094127642,0.28286972170008085
PHEN_red_357_cutoff_7.5.inp.out,268.7294388779258,-0.3036,0.0873,13.8633,58.0,-1305.4105850402,56.251443370880395,13.889386570274056,-6021.0768127564,0.28713166570014437
PHEN_red_358_cutoff_7.5.inp.out,266.5660355333818,-0.3218,0.0763,19.2748,58.0,-1305.4353320272,-95.03655209813795,-30.863185510674786,-6021.0958014862,0.30574213480031176
PHEN_red_359_cutoff_7.5.inp.out,270.84283396101966,-0.3167,0.0824,32.3315,51.0,-1307.6911572905,18.13020478296615,5.0168357712377,-5491.168983591,0.29998501730005955
PHEN_red_35_cutoff_7.5.inp.out,269.2573595422241,-0.3201,0.0853,29.8840,57.0,-1306.1576790313,-20.480552355080132,-63.111981019933665,-5945.9221967872,0.3033354261997374
PHEN_red_360_cutoff_7.5.inp.out,269.34174850990024,-0.3112,0.0773,30.2343,53.0,-1306.9716089577,10.034518306513903,-70.66971283161274,-5642.5922484664,0.2970143922002535
PHEN_red_361_cutoff_7.5.inp.out,271.60112250122256,-0.3222,0.0793,21.7026,54.0,-1306.8548673980,-55.74630818659089,-18.384492375976023,-5718.5869779251,0.3058305772001404
PHEN_red_362_cutoff_7.5.inp.out,269.626543095797,-0.3211,0.0778,22.0765,50.0,-1308.6726984647,-30.794509342707904,-84.44452090234569,-5416.147958676,0.30730504490020394
PHEN_red_363_cutoff_7.5.inp.out,269.7272096155794,-0.3022,0.0844,26.9010,53.0,-1307.1442804078,82.51753934938874,-25.41807033459663,-5642.7331018459,0.2887055873998179
PHEN_red_364_cutoff_7.5.inp.out,271.94091026793905,-0.3099,0.0813,18.7601,50.0,-1307.9703622267,-25.194633750578408,9.562256454521217,-5415.3795686359,0.295432254500156
PHEN_red_365_cutoff_7.5.inp.out,268.34394599580975,-0.3199,0.0733,24.0104,52.0,-1307.4971553909,14.354499076358977,46.204865806248726,-5567.0297123503,0.3072346801000094
PHEN_red_366_cutoff_7.5.inp.out,268.750254636771,-0.3323,0.0774,20.9444,53.0,-1307.2400444243,41.70384375023883,-19.82083731121545,-5642.7815511316,0.3181773514006636
PHEN_red_367_cutoff_7.5.inp.out,266.11348356100615,-0.3185,0.0762,11.7663,56.0,-1306.1843190063,64.8628388876337,33.69116221097489,-5869.7865029215,0.30372042979979597
PHEN_red_368_cutoff_7.5.inp.out,266.3865623343946,-0.3543,0.0539,16.2197,50.0,-1307.9072611009,-140.49256430939258,0.4697982668093512,-5415.3041338401,0.34023780940060533
PHEN_red_369_cutoff_7.5.inp.out,264.8758230539127,-0.3317,0.0751,10.0413,51.0,-1307.5675482463,-51.44618367141337,24.765464184446927,-5491.0447039467,0.3205684367003414
PHEN_red_36_cutoff_7.5.inp.out,269.5138070230174,-0.3429,0.0472,21.0951,49.0,-1308.7575751862,-82.4096027877134,-88.40488101139968,-5340.1737501187,0.3268312423997486
PHEN_red_370_cutoff_7.5.inp.out,267.8101111720145,-0.3356,0.0738,10.6858,54.0,-1306.5312962203,-29.802350867602396,-13.420228865023153,-5718.1003002068,0.3218028242999935
PHEN_red_371_cutoff_7.5.inp.out,266.5570395488342,-0.3241,0.0843,14.3874,53.0,-1307.2648318867,18.91130507088216,-36.57833812433179,-5642.8468882616,0.3139859675002299
PHEN_red_372_cutoff_7.5.inp.out,265.76873832885946,-0.3361,0.0861,9.3550,48.0,-1308.7376577571,45.908859448899115,-39.569962595699664,-5264.1186272826,0.32247259440009657
PHEN_red_373_cutoff_7.5.inp.out,266.63584770919044,-0.3246,0.0823,10.3610,50.0,-1308.1400065403,42.946399051715126,-6.793678064716108,-5415.5907408899,0.31309564169987425
PHEN_red_374_cutoff_7.5.inp.out,268.36218214657595,-0.3164,0.0845,4.8456,52.0,-1307.2429021084,13.331740760060322,19.911594959598766,-5566.7362390596,0.30232370869998704
PHEN_red_375_cutoff_7.5.inp.out,266.28793194424,-0.3306,0.0786,13.8897,50.0,-1308.5545173717,-7.176764079982714,10.723868015469742,-5415.9468025985,0.3142213969003933
PHEN_red_376_cutoff_7.5.inp.out,269.02850117535365,-0.3035,0.0825,17.2007,53.0,-1307.5145698529,72.83882953476373,25.541349580824722,-5643.012682401,0.28794407100031094
PHEN_red_377_cutoff_7.5.inp.out,267.9838298605358,-0.3131,0.0741,30.4813,58.0,-1304.8924726136,179.67493903840017,20.27370177303699,-6020.6146435177,0.2987522343000819
PHEN_red_378_cutoff_7.5.inp.out,265.9897365738875,-0.3111,0.0820,25.1017,58.0,-1305.2814849375,207.91991160984333,4.568049499085677,-6021.0395250198,0.29562202239958424
PHEN_red_379_cutoff_7.5.inp.out,267.5691479761866,-0.3278,0.0759,32.2559,57.0,-1305.4208291892,100.18671441153238,-1.0648891425001696,-5945.1178909394,0.3114537476003534
PHEN_red_37_cutoff_7.5.inp.out,268.0616437428881,-0.2915,0.0832,21.5058,51.0,-1308.3205977558,13.163017844257128,-62.545090382426196,-5491.8730286004,0.2807746756998313
PHEN_red_380_cutoff_7.5.inp.out,268.35433894243874,-0.3261,0.0603,23.5480,50.0,-1308.4379009842,41.83987115342141,-3.91898324149631,-5415.8259250217,0.31007223750020785
PHEN_red_381_cutoff_7.5.inp.out,267.7116913292715,-0.3284,0.0839,24.7784,51.0,-1307.7790020395,-60.73227181679909,-10.76871403904657,-5491.2028977314,0.3119522725000934
PHEN_red_382_cutoff_7.5.inp.out,270.2827820074203,-0.3366,0.0724,35.2469,52.0,-1307.3550295260,116.35856840893051,-34.28273845940498,-5566.8224200735,0.3211525366004935
PHEN_red_383_cutoff_7.5.inp.out,270.36385563611157,-0.2988,0.0843,23.3098,52.0,-1307.3933548496,72.96886178007006,-17.44849613567709,-5566.8704061803,0.28457073150002543
PHEN_red_384_cutoff_7.5.inp.out,269.78969827998617,-0.3432,0.0664,30.1481,52.0,-1307.3282726313,-253.584841863389,9.76403296626178,-5566.8696449134,0.32531039900004544
PHEN_red_385_cutoff_7.5.inp.out,268.42229230941587,-0.3550,0.0556,15.8802,52.0,-1307.7490813235,-19.028520697288705,14.57230216042395,-5567.3539812015,0.33901872279966483
PHEN_red_386_cutoff_7.5.inp.out,270.0354554392518,-0.3363,0.0723,8.5775,52.0,-1307.5038590339,-97.19604220950792,-10.624169502399813,-5567.0116894126,0.31854767729964806
PHEN_red_387_cutoff_7.5.inp.out,268.67418348674033,-0.3315,0.0608,5.2861,52.0,-1307.8254500944,-369.40863298722746,2.057705972378371,-5567.3198279286,0.3176643890001287
PHEN_red_388_cutoff_7.5.inp.out,267.7307624827269,-0.3228,0.0781,7.5381,53.0,-1307.6512182847,68.64888173492842,13.976375038665331,-5643.1942341041,0.30654760020024696
PHEN_red_389_cutoff_7.5.inp.out,265.3961662927402,-0.3322,0.0808,20.7112,57.0,-1305.9973276411,-21.084631745864353,7.075691291945019,-5945.6552340885,0.3149550823000027
PHEN_red_38_cutoff_7.5.inp.out,271.6251770100952,-0.3101,0.0899,25.7549,49.0,-1308.8584887622,3.2842066094222755,-100.72968152595136,-5340.3198118873,0.2952319046999037
PHEN_red_390_cutoff_7.5.inp.out,265.5864018587643,-0.3301,0.0736,17.7541,56.0,-1306.4412804079,-12.755352864512307,43.01700678840706,-5870.0006918164,0.3139676902001156
PHEN_red_391_cutoff_7.5.inp.out,264.8898470163938,-0.3357,0.0685,16.5946,55.0,-1306.7658308434,20.790195039525692,42.073358564290906,-5794.4189819013,0.321365175599567
PHEN_red_392_cutoff_7.5.inp.out,268.55592947579055,-0.3145,0.0737,15.0202,53.0,-1307.3179178320,18.00286468102132,76.49465712850454,-5642.9229703888,0.29941044460065314
PHEN_red_393_cutoff_7.5.inp.out,267.97966229455596,-0.3307,0.0604,26.7347,56.0,-1306.5542286587,39.204746382490136,-2.25956335119319,-5870.2568484663,0.3141167021003639
PHEN_red_394_cutoff_7.5.inp.out,265.8123902084226,-0.3391,0.0805,30.9486,56.0,-1306.2511161132,-78.58941809182345,-133.853666739684,-5869.9157934405,0.3215397440999368
PHEN_red_395_cutoff_7.5.inp.out,268.0538353486703,-0.3353,0.0750,29.8135,53.0,-1307.0337484123,-122.04089575266514,-124.02521947512945,-5642.575352173,0.32015672540001106
PHEN_red_396_cutoff_7.5.inp.out,267.7819549392206,-0.3154,0.0809,24.1210,51.0,-1307.7347754926,-38.41729629278969,-93.6309918597126,-5491.254528616,0.301391457799582
PHEN_red_397_cutoff_7.5.inp.out,267.34793951042997,-0.3221,0.0757,31.7101,53.0,-1307.5717132367,11.48644263640804,-126.88918330365435,-5643.15622201,0.30775228990023606
PHEN_red_398_cutoff_7.5.inp.out,268.46961563458785,-0.3135,0.0831,35.7053,51.0,-1307.9321686153,117.52613855907478,-229.05238267393435,-5491.4090705299,0.2987223718000678
PHEN_red_399_cutoff_7.5.inp.out,267.5534999109161,-0.3123,0.0847,37.3040,52.0,-1307.9409162060,-38.36859069503405,-202.76304387620095,-5567.3943680505,0.29778684269967926
PHEN_red_39_cutoff_7.5.inp.out,265.4010013228978,-0.3214,0.0746,18.3070,48.0,-1308.8414305433,47.63282142517079,-71.20623870562734,-5264.2353973719,0.3063621649998822
PHEN_red_3_cutoff_7.5.inp.out,267.15510557832664,-0.3142,0.0623,26.2410,51.0,-1307.6158449470,84.08786543181276,78.67752898487214,-5491.0460676242,0.2991357942000832
PHEN_red_400_cutoff_7.5.inp.out,269.0321049230008,-0.3300,0.0714,43.7212,53.0,-1307.1184743176,-46.78628382581968,-145.5417088580593,-5642.6970125494,0.3156887346003714
PHEN_red_401_cutoff_7.5.inp.out,269.993362459985,-0.3176,0.0743,35.9313,55.0,-1306.4669951289,29.528222314239134,-190.05617203462492,-5794.0814821768,0.30102745729982416
PHEN_red_402_cutoff_7.5.inp.out,270.9223763172396,-0.3156,0.0885,42.4912,57.0,-1306.0152353979,-26.42232040986299,-278.02327279384355,-5945.711380938,0.29818358899956365
PHEN_red_403_cutoff_7.5.inp.out,267.4325070480681,-0.3424,0.0526,33.3856,57.0,-1305.6011009392,-168.77233644152014,-245.87537913134312,-5945.4042601252,0.32627162059998227
PHEN_red_404_cutoff_7.5.inp.out,269.46063103242125,-0.3171,0.0757,39.0163,54.0,-1306.6488777766,-104.9876347195075,-273.18646474811806,-5718.2885713337,0.30167050389991346
PHEN_red_405_cutoff_7.5.inp.out,270.0986882335091,-0.2968,0.0875,38.6823,54.0,-1306.9780489436,-94.04554262508783,-391.344728746284,-5718.6784939279,0.283912021699507
PHEN_red_406_cutoff_7.5.inp.out,268.04761248573504,-0.3261,0.0796,38.5679,49.0,-1308.5432585332,-45.892620128397894,-235.3518041118756,-5340.0102093845,0.3096926165999321
PHEN_red_407_cutoff_7.5.inp.out,268.1484254063088,-0.3170,0.0773,36.7937,53.0,-1307.3223415984,-17.29006431311768,-45.21168288103248,-5642.9784080998,0.3006562204000147
PHEN_red_408_cutoff_7.5.inp.out,266.94545196875856,-0.3016,0.0708,33.0202,50.0,-1308.4827261469,-39.262058371744644,-162.19335782074182,-5416.0238558267,0.2902279648005788
PHEN_red_409_cutoff_7.5.inp.out,266.1517837749129,-0.3114,0.0743,28.9222,50.0,-1308.4033845258,339.36958431922125,-31.637009402383153,-5415.8990237933,0.297953447200598
PHEN_red_40_cutoff_7.5.inp.out,269.1180383672731,-0.3211,0.0747,50.9721,55.0,-1306.6815069249,70.00612941062833,85.73764029890053,-5794.3343707877,0.30528727839919156
PHEN_red_410_cutoff_7.5.inp.out,265.9290311922867,-0.3422,0.0642,25.3202,49.0,-1308.5994628925,-3.609726244913381,41.56453786068938,-5340.0016748024,0.32576088149926363
PHEN_red_411_cutoff_7.5.inp.out,267.730034880658,-0.3270,0.0574,35.2907,51.0,-1308.1307501189,55.68033845680899,139.84095706587212,-5491.6913071298,0.3097638161998475
PHEN_red_412_cutoff_7.5.inp.out,266.1646838177233,-0.3224,0.0631,26.8409,47.0,-1309.2081291444,25.924865819586362,-5.1585717806350315,-5188.5778434422,0.30768072940009006
PHEN_red_413_cutoff_7.5.inp.out,267.25009466184395,-0.3274,0.0628,36.0328,51.0,-1308.0576112032,120.87118681247398,124.58431014187292,-5491.5117058278,0.3122525203998521
PHEN_red_414_cutoff_7.5.inp.out,270.29647882400803,-0.3207,0.0569,30.5849,51.0,-1307.8965371444,109.0721217752788,102.7148422743108,-5491.3647560782,0.30199435699978494
PHEN_red_415_cutoff_7.5.inp.out,268.58352321150977,-0.3575,0.0583,29.0413,50.0,-1308.8066600074,34.522789119547056,151.8117028048111,-5416.2114771172,0.3382070125999235
PHEN_red_416_cutoff_7.5.inp.out,271.0928185717059,-0.3003,0.0815,32.3813,47.0,-1309.2820279515,5.848274095132588,-6.657379416945248,-5188.631767367,0.2900814947006438
PHEN_red_417_cutoff_7.5.inp.out,272.23311360317473,-0.3129,0.0645,26.3007,47.0,-1309.1977402080,11.678681235193526,-10.09879898454269,-5188.5356289775,0.2997073005999482
PHEN_red_418_cutoff_7.5.inp.out,269.68917705439895,-0.3339,0.0737,21.4843,49.0,-1308.7844606758,-47.033257674964425,-40.373002558494655,-5340.1873689252,0.318898650999472
PHEN_red_419_cutoff_7.5.inp.out,265.84909631486005,-0.3395,0.0670,31.4142,52.0,-1307.4025263612,43.48669785716298,9.22947868469036,-5566.9545969121,0.32427024339995114
PHEN_red_41_cutoff_7.5.inp.out,268.8694099362537,-0.3298,0.0542,53.1696,57.0,-1305.6413989084,31.681672368051384,117.84618881350454,-5945.3530653532,0.31432603069970355
PHEN_red_420_cutoff_7.5.inp.out,268.55218736579883,-0.3043,0.0662,20.7971,54.0,-1306.9111777816,0.7169320989546744,30.330228366157588,-5718.4356871124,0.2909674564998568
PHEN_red_421_cutoff_7.5.inp.out,268.44486135331607,-0.3482,0.0698,16.3337,52.0,-1307.7579634416,29.151389594965686,35.262392965365024,-5567.2639600313,0.330328316899795
PHEN_red_422_cutoff_7.5.inp.out,268.18016013495384,-0.3136,0.0770,8.4535,53.0,-1307.4229540792,29.42675244278141,24.282265755875613,-5643.0215533526,0.296773856100117
PHEN_red_423_cutoff_7.5.inp.out,265.45412591617537,-0.3176,0.0734,8.4786,52.0,-1307.4865634929,-4.773132951824921,-25.062264111779296,-5566.9508542249,0.30418627400013065
PHEN_red_424_cutoff_7.5.inp.out,266.73260382449115,-0.3193,0.0688,19.7690,51.0,-1308.0111726420,-25.18317767242025,3.4312049882287408,-5491.5125273448,0.30487703870039695
PHEN_red_425_cutoff_7.5.inp.out,267.641037808525,-0.3088,0.0848,11.7593,50.0,-1308.3939716888,141.31236502484288,37.082319328101946,-5415.9016091665,0.2940890853997189
PHEN_red_426_cutoff_7.5.inp.out,269.61253648226074,-0.3097,0.0830,6.9078,50.0,-1308.2889646758,188.58007702358225,8.556376428092223,-5415.7127611631,0.2952525880991743
PHEN_red_427_cutoff_7.5.inp.out,267.8265510013588,-0.3102,0.0803,13.8715,54.0,-1307.2836329251,96.68084097946931,16.751147151139612,-5718.8259020903,0.2962868892000188
PHEN_red_428_cutoff_7.5.inp.out,270.09122109385163,-0.3184,0.0779,20.2449,50.0,-1308.1033982612,71.3759254318935,-49.579029143808434,-5415.5838363387,0.3039107883996621
PHEN_red_429_cutoff_7.5.inp.out,268.1834936729676,-0.3231,0.0836,17.1656,53.0,-1306.8913036947,3.4665048397386027,-13.890216297858617,-5642.5725406779,0.3077057198006514
PHEN_red_42_cutoff_7.5.inp.out,271.9884326407763,-0.3272,0.0671,47.4247,56.0,-1306.3313234716,4.099326060492966,41.37046148637912,-5870.0745217101,0.31316920910012414
PHEN_red_430_cutoff_7.5.inp.out,265.97721143699397,-0.3208,0.0902,10.7245,55.0,-1306.4688207317,14.355856708165707,-4.241539117280255,-5794.1105397917,0.3074685882002086
PHEN_red_431_cutoff_7.5.inp.out,269.4373697205371,-0.3108,0.0968,12.2373,56.0,-1306.1917385370,123.83139782427881,20.15268097667646,-5869.8873332086,0.29610778850019415
PHEN_red_432_cutoff_7.5.inp.out,267.08445218758845,-0.3143,0.0810,8.8717,57.0,-1305.5946692339,229.1955578606963,80.67263113650837,-5945.2628736251,0.2966553184996883
PHEN_red_433_cutoff_7.5.inp.out,266.2347094146207,-0.3263,0.0760,8.2996,54.0,-1306.7819135774,-37.78946451974688,19.909552662179543,-5718.371207912,0.30836272340002324
PHEN_red_434_cutoff_7.5.inp.out,266.46736938637855,-0.3175,0.0748,5.8921,53.0,-1307.2507303624,88.96861058555785,29.160111636591665,-5642.8417385499,0.30330252509975253
PHEN_red_435_cutoff_7.5.inp.out,267.19143269932414,-0.3227,0.0807,8.0408,54.0,-1306.9067944933,59.097477467431425,-26.786765840474214,-5718.5067607411,0.30646201239960646
PHEN_red_436_cutoff_7.5.inp.out,268.0635406295301,-0.3130,0.0843,13.3818,58.0,-1304.8450791181,145.49797150320163,-5.113597873797657,-6020.6817044418,0.29648078929949406
PHEN_red_437_cutoff_7.5.inp.out,269.93777504409735,-0.3334,0.0628,16.1609,58.0,-1305.6011053526,-47.90182291841077,56.35045345139837,-6021.3431389821,0.3178420259991981
PHEN_red_438_cutoff_7.5.inp.out,269.2775413491171,-0.3270,0.0698,19.6427,55.0,-1306.3216124790,44.95931988397997,106.53223094565136,-5793.9785261613,0.31379453480076336
PHEN_red_439_cutoff_7.5.inp.out,265.3981004135933,-0.3274,0.0592,10.4697,48.0,-1308.4930221990,15.787801225579022,62.748117965718095,-5263.9329118125,0.31463425530000677
PHEN_red_43_cutoff_7.5.inp.out,267.05545523735424,-0.3397,0.0659,44.0914,54.0,-1307.0435503156,-247.4001356599739,20.379292587995582,-5718.6350817621,0.32616751230034424
PHEN_red_440_cutoff_7.5.inp.out,269.375178581345,-0.3006,0.0811,14.8717,49.0,-1308.3534184302,51.03149556540468,49.314840279483555,-5339.8170040549,0.28279972359996464
PHEN_red_441_cutoff_7.5.inp.out,268.22584001541753,-0.2946,0.0903,15.8830,51.0,-1307.5458004438,105.31860339105098,34.923338252184664,-5491.1262784011,0.2802700346992424
PHEN_red_442_cutoff_7.5.inp.out,268.7105020720308,-0.3039,0.0803,20.3987,54.0,-1306.8410437779,57.702426148106426,41.17157315561945,-5718.5133195593,0.28675431000010576
PHEN_red_443_cutoff_7.5.inp.out,270.7511944120654,-0.3039,0.0885,25.2508,54.0,-1306.9204893367,116.91516799215736,74.628087975915,-5718.5576800756,0.2888746884000284
PHEN_red_444_cutoff_7.5.inp.out,270.25794007915226,-0.3026,0.0762,35.2995,55.0,-1306.7488164561,-27.965114065562993,101.44444091346615,-5794.4084047468,0.2874617171000864
PHEN_red_445_cutoff_7.5.inp.out,267.9599446748048,-0.3320,0.0786,38.6091,57.0,-1305.7106255898,14.679647802130226,75.76617304143696,-5945.4656310163,0.3137747165001201
PHEN_red_446_cutoff_7.5.inp.out,270.1915002819559,-0.3338,0.0706,37.8820,56.0,-1306.5608138629,-7.370968168316947,151.01911536222937,-5870.2302714636,0.3170363889003056
PHEN_red_447_cutoff_7.5.inp.out,269.29673568961044,-0.3435,0.0460,41.3374,56.0,-1306.2114420495,-40.124157447061485,51.738447963575744,-5869.9139920474,0.328827942499629
PHEN_red_448_cutoff_7.5.inp.out,269.47592256112216,-0.3279,0.0718,37.4375,53.0,-1307.1914596070,56.80041374894392,73.47338741487879,-5642.8481331332,0.31064880499980063
PHEN_red_449_cutoff_7.5.inp.out,268.31700241459544,-0.3177,0.0732,30.5787,57.0,-1305.8836684668,188.9674783402099,134.00830768799403,-5945.6170348388,0.303159607600719
PHEN_red_44_cutoff_7.5.inp.out,271.1160101348059,-0.3258,0.0601,39.3581,50.0,-1308.2170663681,-27.122669604816977,125.88651114839547,-5415.721038758,0.31181348270001763
PHEN_red_450_cutoff_7.5.inp.out,268.04458201576637,-0.3243,0.0737,44.0000,58.0,-1305.6672629715,179.03316825339252,158.79836322228564,-6021.4394709379,0.3101146016997518
PHEN_red_451_cutoff_7.5.inp.out,268.6375909724832,-0.3192,0.0698,46.6091,58.0,-1305.6773117103,71.04842174484963,114.06770283099611,-6021.4088870322,0.30378266830030043
PHEN_red_452_cutoff_7.5.inp.out,268.4292034910831,-0.3149,0.0669,46.6442,56.0,-1306.6142670619,37.60804226283418,51.59930608394269,-5870.3129986328,0.3021285311006068
PHEN_red_453_cutoff_7.5.inp.out,270.089830711075,-0.3093,0.0817,44.3629,57.0,-1305.9885201396,-113.61266563683975,74.03692659031391,-5945.7456780013,0.2945713927001634
PHEN_red_454_cutoff_7.5.inp.out,268.5051170240528,-0.3256,0.0550,54.2989,59.0,-1305.4859180240,-29.279978635398688,110.91843504582522,-6097.2998993512,0.3117366201995537
PHEN_red_455_cutoff_7.5.inp.out,267.29428029145834,-0.3469,0.0604,51.7909,57.0,-1305.8486130695,16.33048405817291,106.57359966229068,-5945.5812208841,0.33272305650007183
PHEN_red_456_cutoff_7.5.inp.out,268.0463811375448,-0.3147,0.0735,35.1648,52.0,-1307.6529379521,-48.52682668207745,100.94429567110349,-5567.202951504,0.3006774816994948
PHEN_red_457_cutoff_7.5.inp.out,267.3395041114826,-0.3218,0.0817,35.9415,54.0,-1306.8808556507,134.32890473498787,107.58681336072185,-5718.5062480487,0.3062768119998509
PHEN_red_458_cutoff_7.5.inp.out,264.7778207986642,-0.3157,0.0855,35.0865,56.0,-1306.5296017757,36.865279098549586,72.95096558534615,-5870.2617568378,0.30131221750070836
PHEN_red_459_cutoff_7.5.inp.out,267.8543666897576,-0.3238,0.0700,31.2905,54.0,-1306.9358623930,-3.592400666950212,58.932555284108695,-5718.5557693906,0.3090922145993318
PHEN_red_45_cutoff_7.5.inp.out,268.296699031839,-0.3475,0.0577,40.0630,54.0,-1306.7305140337,14.290452687340787,97.09776589492967,-5718.3512517548,0.3318574674995034
PHEN_red_460_cutoff_7.5.inp.out,269.4057241841652,-0.3078,0.0810,28.0782,53.0,-1307.4324593400,155.69151557126426,74.00509587976771,-5643.0081319501,0.29308504609980446
PHEN_red_461_cutoff_7.5.inp.out,267.9543936235996,-0.3425,0.0517,25.0419,51.0,-1307.9703151289,146.96007660270394,82.46509629946304,-5491.4113292288,0.32698773500032985
PHEN_red_462_cutoff_7.5.inp.out,264.7780899882402,-0.3410,0.0525,36.7740,52.0,-1307.3712616853,64.31477741787647,67.67746116918765,-5566.874193178,0.3255669276995832
PHEN_red_463_cutoff_7.5.inp.out,268.2752003704296,-0.3263,0.0723,34.0005,53.0,-1307.0534067140,117.57942152152921,45.01410191923418,-5642.6114757799,0.31239948379970883
PHEN_red_464_cutoff_7.5.inp.out,264.03930964571873,-0.3417,0.0596,31.0819,53.0,-1307.1994150247,143.79744175140442,102.65299214196824,-5642.7607268271,0.32246983379991434
PHEN_red_465_cutoff_7.5.inp.out,267.111917353599,-0.3161,0.0828,28.7129,53.0,-1307.0558725741,308.9796919744999,145.24732778146924,-5642.5199968799,0.2969638352005859
PHEN_red_466_cutoff_7.5.inp.out,269.3415965900366,-0.3047,0.0770,22.8146,54.0,-1306.6191957890,178.51839148006385,186.60941754762052,-5718.1781756816,0.28983872610024264
PHEN_red_467_cutoff_7.5.inp.out,269.2314089936566,-0.2896,0.0829,20.2973,59.0,-1305.2280661065,198.35230124853067,84.8794400983731,-6096.98675792,0.2748172623005303
PHEN_red_468_cutoff_7.5.inp.out,269.08287979879316,-0.3322,0.0679,25.1961,55.0,-1306.3204911898,111.15038682026743,63.51739120338144,-5794.0165550253,0.3157304386004398
PHEN_red_469_cutoff_7.5.inp.out,269.1193255874596,-0.3122,0.0715,27.1844,56.0,-1305.8649040691,111.55153504119532,177.2762341762586,-5869.5384566888,0.29573008290026337
PHEN_red_46_cutoff_7.5.inp.out,269.0695260452074,-0.3302,0.0555,37.7190,52.0,-1307.3658266479,130.40042844952853,115.9513709769327,-5566.9876725836,0.3156480072002523
PHEN_red_470_cutoff_7.5.inp.out,268.97818849843395,-0.3537,0.0558,33.4894,59.0,-1304.9119568763,172.1147655613495,125.13032123061336,-6096.7754926245,0.33469508419966587
PHEN_red_471_cutoff_7.5.inp.out,266.6915048918885,-0.3270,0.0581,22.3847,57.0,-1305.7330329975,60.930950940592105,27.34250368005617,-5945.4838951758,0.3103549226998439
PHEN_red_472_cutoff_7.5.inp.out,270.7139380565391,-0.3287,0.0790,27.9226,54.0,-1307.0198414690,-25.319908222969488,-20.59381170591461,-5718.6245507356,0.3124536771001658
PHEN_red_473_cutoff_7.5.inp.out,267.42153189411124,-0.3131,0.0670,35.5265,55.0,-1306.7939620463,29.55206498760844,64.40755824010822,-5794.4594131136,0.29706420579987025
PHEN_red_474_cutoff_7.5.inp.out,266.9802439622251,-0.3361,0.0692,28.8841,54.0,-1307.5153597784,-21.280719437504864,56.3668886168417,-5719.1061711956,0.3234722621000401
PHEN_red_475_cutoff_7.5.inp.out,269.0256061981636,-0.3376,0.0637,25.6983,59.0,-1305.5373029287,43.15904863248285,55.98172628950681,-6097.2687900219,0.32359092850037996
PHEN_red_476_cutoff_7.5.inp.out,269.9713902670967,-0.3077,0.0650,24.8788,59.0,-1305.2239437926,-82.78215992318208,18.448027635170774,-6097.0105627939,0.2902996378006719
PHEN_red_477_cutoff_7.5.inp.out,269.22576062246486,-0.3525,0.0601,26.3139,54.0,-1306.8119675466,-45.61717429939499,60.575210921523826,-5718.4425885319,0.3358082844997625
PHEN_red_478_cutoff_7.5.inp.out,264.78676976635444,-0.3397,0.0683,25.7757,54.0,-1307.0934196942,-43.83353056920917,119.18498243341506,-5718.685009321,0.3244187521004278
PHEN_red_479_cutoff_7.5.inp.out,267.9072257535239,-0.3103,0.0874,43.2549,55.0,-1306.7548132021,56.2150825219899,119.35610521871747,-5794.3994132716,0.2961955228001898
PHEN_red_47_cutoff_7.5.inp.out,268.65600976961457,-0.3345,0.0591,47.2663,56.0,-1305.9273096523,118.8391369308194,188.4666780721017,-5869.6297142866,0.319057131900081
PHEN_red_480_cutoff_7.5.inp.out,265.1835248393629,-0.3410,0.0787,36.9240,52.0,-1307.6498906815,-14.446024107253866,157.0267032875315,-5567.1117772179,0.3253009131003637
PHEN_red_481_cutoff_7.5.inp.out,269.41082989859046,-0.3228,0.0740,33.3882,52.0,-1307.4793615424,39.72096148443408,44.82933250705504,-5566.9744391248,0.30975630689954414
PHEN_red_482_cutoff_7.5.inp.out,267.652801728505,-0.3226,0.0698,31.7535,52.0,-1308.0236631064,17.848300252605558,130.88920106959569,-5567.4953585476,0.309220504899713
PHEN_red_483_cutoff_7.5.inp.out,269.09329453461305,-0.3171,0.0811,24.6412,49.0,-1308.2235528967,23.721274585711495,71.4799680432789,-5339.6290016558,0.3033991790007349
PHEN_red_484_cutoff_7.5.inp.out,270.4503921191855,-0.3179,0.0809,20.8034,52.0,-1307.4561818533,-29.715560653600487,18.135263165324055,-5566.8503834059,0.3036109623999437
PHEN_red_485_cutoff_7.5.inp.out,271.1917240386158,-0.3221,0.0754,24.7605,54.0,-1306.8871196527,-62.41371200939852,84.24681915570255,-5718.3728005739,0.3078749742999207
PHEN_red_486_cutoff_7.5.inp.out,269.396451287439,-0.2980,0.0876,31.8207,55.0,-1306.8177924579,-10.772942631151876,77.38496366896555,-5794.3500972117,0.2837374541995814
PHEN_red_487_cutoff_7.5.inp.out,268.9205938553527,-0.3048,0.0786,19.9844,55.0,-1306.5979475694,27.123873086880003,94.38396572711385,-5794.1776551105,0.2930093883005611
PHEN_red_488_cutoff_7.5.inp.out,268.1078100483572,-0.3157,0.0647,22.7314,52.0,-1307.4850296428,-6.920968618505743,88.24732350181448,-5566.9799227712,0.3027823605007143
PHEN_red_489_cutoff_7.5.inp.out,266.57751851006765,-0.3210,0.0736,22.4166,50.0,-1308.1056786476,-9.677671677681769,105.49102868708329,-5415.5785302342,0.3090276890006862
PHEN_red_48_cutoff_7.5.inp.out,266.2388298123567,-0.3497,0.0633,48.1550,55.0,-1306.3709726858,-112.16857287669274,170.99173593823397,-5794.0565029011,0.33497837079994497
PHEN_red_490_cutoff_7.5.inp.out,266.4264193895583,-0.3277,0.0700,26.2084,51.0,-1307.7302151817,-63.29664233197198,121.65882408390618,-5491.2070608937,0.31408359270062647
PHEN_red_491_cutoff_7.5.inp.out,268.28395043903373,-0.3022,0.0727,33.5699,53.0,-1307.1260191085,12.727942461756726,206.72650176293303,-5642.6228369409,0.2891808468002637
PHEN_red_492_cutoff_7.5.inp.out,265.01634272337344,-0.3330,0.0693,34.4683,57.0,-1305.2744375839,-103.84774407153917,1.577861560307089,-5944.9910291825,0.3154026309002802
PHEN_red_493_cutoff_7.5.inp.out,265.71396549424423,-0.3222,0.0706,30.5695,59.0,-1304.6951445940,-94.09924290652228,-40.699996407279386,-6096.5150955873,0.30649412700040557
PHEN_red_494_cutoff_7.5.inp.out,267.27192426258324,-0.3077,0.0727,24.7220,61.0,-1304.2099917636,2.0614504618256344,61.583618387994406,-6247.9872038291,0.29316510209991975
PHEN_red_495_cutoff_7.5.inp.out,264.565125676461,-0.3182,0.0698,18.2704,60.0,-1304.8676510300,82.54164472184793,43.37186102898635,-6172.7147466466,0.3042751354005304
PHEN_red_496_cutoff_7.5.inp.out,267.84875558864894,-0.3087,0.0788,6.9543,54.0,-1306.5651845484,21.96159321949638,84.07526528715132,-5718.2094123977,0.2953597464002087
PHEN_red_497_cutoff_7.5.inp.out,269.2728777129579,-0.3363,0.0590,10.9433,48.0,-1308.4852861189,-10.955384950941909,82.58926800308551,-5263.8574408067,0.31946568520015717
PHEN_red_498_cutoff_7.5.inp.out,269.1172597174021,-0.3271,0.0723,11.0192,50.0,-1308.0502962216,48.35206208904428,0.06725563955081404,-5415.4969775266,0.31193538590014214
PHEN_red_499_cutoff_7.5.inp.out,269.96243860088606,-0.3410,0.0678,11.0807,50.0,-1307.7324603416,55.15753023303784,37.90533081263588,-5415.1448640527,0.32542545609976514
PHEN_red_49_cutoff_7.5.inp.out,267.0872855371599,-0.3424,0.0607,39.2667,56.0,-1306.1492012561,57.04103896951797,65.30723229049332,-5869.8206698975,0.33048784710081236
PHEN_red_4_cutoff_7.5.inp.out,265.12285568978484,-0.3102,0.0755,19.9586,53.0,-1306.7883425302,40.94845045644172,78.04548896588824,-5642.4062748455,0.29733983840014844
PHEN_red_500_cutoff_7.5.inp.out,268.3676283336937,-0.3126,0.0848,39.2901,52.0,-1307.7202512392,-20.868232992841538,-18.91420534989095,-5567.1479478874,0.296949206899626
PHEN_red_501_cutoff_7.5.inp.out,269.2297046218007,-0.3222,0.0681,36.9730,54.0,-1307.1221779135,-61.80361579751522,-19.901573531654964,-5718.6936683583,0.3044165844994495
PHEN_red_502_cutoff_7.5.inp.out,266.88852794287914,-0.3347,0.0781,30.8964,52.0,-1307.8352817237,-5.372020387954057,-8.342601544729282,-5567.3512760118,0.3166286759005743
PHEN_red_503_cutoff_7.5.inp.out,269.64246694313897,-0.3217,0.0732,31.4726,51.0,-1308.0331635410,-92.15431453728864,18.275479897282807,-5491.528647205,0.30710815229940636
PHEN_red_504_cutoff_7.5.inp.out,267.8765399702654,-0.3218,0.0766,32.2454,53.0,-1307.7712994333,82.96997021878106,-14.463109085759074,-5643.3619760353,0.30696701780016156
PHEN_red_505_cutoff_7.5.inp.out,267.3027944857828,-0.3360,0.0790,34.1187,53.0,-1307.3255944696,6.039392914695215,-6.090832256860786,-5642.9054222808,0.31941275280041737
PHEN_red_506_cutoff_7.5.inp.out,269.7236351964578,-0.3277,0.0729,33.5491,53.0,-1307.0075411021,32.43411331093413,17.760696184791012,-5642.5973046297,0.3124537520006925
PHEN_red_507_cutoff_7.5.inp.out,269.1963810083886,-0.3442,0.0645,27.7489,54.0,-1306.6543492789,-31.044048334459976,56.89992315755814,-5718.3156062135,0.3294619858997976
PHEN_red_508_cutoff_7.5.inp.out,268.13381928487473,-0.3286,0.0750,14.8157,54.0,-1306.8157770230,64.38155270696855,26.396445819168477,-5718.4628398537,0.3108376396003223
PHEN_red_509_cutoff_7.5.inp.out,268.419434409649,-0.3197,0.0769,9.6386,54.0,-1306.7709242855,71.34730620117827,14.74502585671393,-5718.4041085665,0.3008982231003756
PHEN_red_50_cutoff_7.5.inp.out,268.36886026730133,-0.3431,0.0626,43.2502,53.0,-1306.8941310326,79.47067809759615,5.503142737660718,-5642.5439227685,0.33091286009948817
PHEN_red_510_cutoff_7.5.inp.out,267.6099422701969,-0.3198,0.0768,10.8942,54.0,-1306.9217234149,-19.840290950036184,-1.038899415127903,-5718.6119306465,0.3017020439001499
PHEN_red_511_cutoff_7.5.inp.out,267.6112481764623,-0.3110,0.0823,7.1586,58.0,-1305.6611888221,-55.46102583658463,6.826094743426148,-6021.4114384454,0.2949051948999113
PHEN_red_512_cutoff_7.5.inp.out,267.6790333532991,-0.3050,0.0802,29.0433,57.0,-1306.0501771179,3.436814854418931,-0.09136701755830218,-5945.7502398876,0.2907172751001781
PHEN_red_513_cutoff_7.5.inp.out,269.31554210254995,-0.2967,0.0737,30.2055,55.0,-1306.7113085108,2.5787224838613927,-6.6000406038691075,-5794.4043991568,0.2807458436000161
PHEN_red_514_cutoff_7.5.inp.out,267.40789028609146,-0.3086,0.0745,30.0228,54.0,-1307.3244517650,153.59405468335413,-14.040518835726846,-5718.9163673959,0.2927562958002454
PHEN_red_515_cutoff_7.5.inp.out,270.0500079328652,-0.3189,0.0698,36.0088,57.0,-1306.2764579724,-103.82738303145175,-56.629332357961296,-5945.9823195644,0.29886799179985246
PHEN_red_516_cutoff_7.5.inp.out,269.1665376616514,-0.3194,0.0795,32.3308,56.0,-1305.9743732333,8.560302128385336,1.9065033810937595,-5869.5307332925,0.3032456296004966
PHEN_red_517_cutoff_7.5.inp.out,268.5357781102376,-0.3216,0.0761,26.8419,52.0,-1307.8901703376,31.787180879994853,51.62909141395173,-5567.3107021727,0.307892255200386
PHEN_red_518_cutoff_7.5.inp.out,269.038321097177,-0.3252,0.0719,42.3896,51.0,-1307.9821189218,38.31598559830969,53.18875418832207,-5491.4677753256,0.3078937266000139
PHEN_red_519_cutoff_7.5.inp.out,267.14249348675526,-0.3230,0.0796,35.7228,54.0,-1307.0267662771,24.826827108019742,21.96823965180848,-5718.5852907469,0.3038947693003138
PHEN_red_51_cutoff_7.5.inp.out,266.29350618901265,-0.3530,0.0620,35.4222,53.0,-1307.2228381498,-164.27799792985314,101.0670674624992,-5642.7487497897,0.34132663590025913
PHEN_red_520_cutoff_7.5.inp.out,268.4050057526282,-0.3408,0.0713,35.3536,54.0,-1306.8815341155,103.808629436247,49.031649068968605,-5718.437498851,0.32240769189957064
PHEN_red_521_cutoff_7.5.inp.out,265.4384538281406,-0.3335,0.0657,38.5958,56.0,-1306.0397434108,36.90424565609259,14.05607835826536,-5869.7527038974,0.31921862630042597
PHEN_red_522_cutoff_7.5.inp.out,267.9738334251799,-0.3402,0.0752,41.1096,57.0,-1306.0959105929,4.279825532922041,73.55784281653135,-5945.8266958967,0.32314108750051673
PHEN_red_523_cutoff_7.5.inp.out,269.9628940275143,-0.3411,0.0688,40.2013,58.0,-1305.7028174623,67.47837735746138,121.67981773163072,-6021.3730378456,0.3258043843006817
PHEN_red_524_cutoff_7.5.inp.out,268.2271457369465,-0.3364,0.0778,26.1878,54.0,-1307.1944827553,46.042082319169126,-1.0378901907677984,-5718.7694555994,0.32273230959981447
PHEN_red_525_cutoff_7.5.inp.out,266.7681422768912,-0.3227,0.0687,41.8025,57.0,-1306.1141706481,164.33404644480387,113.91598072448015,-5945.8419490079,0.30961120650044904
PHEN_red_526_cutoff_7.5.inp.out,268.7362808729458,-0.3028,0.0820,37.5551,57.0,-1306.0141968219,128.41483298263876,93.60606414888133,-5945.7765860249,0.29079789929983235
PHEN_red_527_cutoff_7.5.inp.out,269.21089122719735,-0.3045,0.0808,34.6200,55.0,-1306.4087746590,120.12366932240245,133.78772905793198,-5794.1423832127,0.29121160519935074
PHEN_red_528_cutoff_7.5.inp.out,269.941733031127,-0.3250,0.0656,36.6538,59.0,-1305.2628288922,22.198525410791195,86.7277112961548,-6097.1097742461,0.30832519520026835
PHEN_red_529_cutoff_7.5.inp.out,268.9291331463272,-0.3232,0.0633,26.9998,57.0,-1305.9089046981,16.45636764507365,49.797266376145636,-5945.6188925257,0.3076447735002148
PHEN_red_52_cutoff_7.5.inp.out,270.10108850991236,-0.3345,0.0686,37.7300,56.0,-1306.2488936094,-92.45143092892216,112.64672052733259,-5869.9477097977,0.3166029353997146
PHEN_red_530_cutoff_7.5.inp.out,271.66252640504547,-0.3147,0.0876,28.7659,56.0,-1306.5118868357,163.58391352847806,10.38270911657252,-5870.157442008,0.2992613589995017
PHEN_red_531_cutoff_7.5.inp.out,268.02093804908435,-0.3081,0.0923,26.3325,55.0,-1307.3888795809,79.27887102650928,30.319866888185377,-5795.0076517618,0.2928440622999915
PHEN_red_532_cutoff_7.5.inp.out,268.45313392393814,-0.3189,0.0741,22.7316,55.0,-1306.7165295343,27.066569862045988,41.06448847595713,-5794.3064799655,0.30193858870006807
PHEN_red_533_cutoff_7.5.inp.out,266.2359131796668,-0.3277,0.0739,14.2937,57.0,-1306.4227534262,35.30750520992505,60.97572164297706,-5946.1122598292,0.3150059349000003
PHEN_red_534_cutoff_7.5.inp.out,268.42932923514076,-0.3209,0.0539,25.9346,53.0,-1307.5294035096,-37.4343333829332,76.48057983361022,-5643.1200825983,0.3092003643996577
PHEN_red_535_cutoff_7.5.inp.out,265.56452734409424,-0.3204,0.0451,28.8896,53.0,-1307.7354627049,89.23845766142611,93.58679458684672,-5643.2363493532,0.30916935469940654
PHEN_red_536_cutoff_7.5.inp.out,269.85319970714573,-0.3220,0.0622,20.1947,51.0,-1308.5896510606,48.987565031760894,84.50070762373502,-5492.0686245532,0.30982438349929
PHEN_red_537_cutoff_7.5.inp.out,269.61117530320644,-0.3226,0.0716,24.0435,51.0,-1308.1863173161,138.61944419132934,88.79139361033755,-5491.6895128211,0.3078011024999796
PHEN_red_538_cutoff_7.5.inp.out,267.2239148003809,-0.3290,0.0731,18.8912,53.0,-1307.6441412813,75.59407172197145,68.52270757803775,-5643.2032029787,0.3151269787003912
PHEN_red_539_cutoff_7.5.inp.out,269.57565240278655,-0.3166,0.0812,18.2576,52.0,-1307.7068767788,74.00644690184092,69.64488976768655,-5567.1726928036,0.30270781840044947
PHEN_red_53_cutoff_7.5.inp.out,268.79419961558614,-0.3389,0.0684,41.7083,56.0,-1305.9406136397,108.65169381351181,186.3548754315021,-5869.6126335933,0.32189194860075077
PHEN_red_54_cutoff_7.5.inp.out,269.2244651422449,-0.3264,0.0686,31.6809,54.0,-1306.4889831606,43.46875292025375,90.96379581047367,-5718.1490563401,0.312825072400301
PHEN_red_55_cutoff_7.5.inp.out,268.87298930042516,-0.3225,0.0902,35.2851,58.0,-1305.3734875787,41.60893324249657,128.71316296219283,-6021.1044448343,0.3059040354000899
PHEN_red_56_cutoff_7.5.inp.out,269.0629779084375,-0.3073,0.0846,32.4909,60.0,-1304.5658575833,77.97276630488362,43.345900587096,-6172.2778541512,0.29073497759964084
PHEN_red_57_cutoff_7.5.inp.out,268.7226876014893,-0.3244,0.0693,25.5405,63.0,-1304.1181637879,110.14263339564003,69.81126830993121,-6399.9614239257,0.3069882411000435
PHEN_red_58_cutoff_7.5.inp.out,268.1833097283462,-0.3550,0.0525,22.6783,57.0,-1305.7927828742,105.77371976187757,71.25040429228825,-5945.4490045737,0.3391353273000277
PHEN_red_59_cutoff_7.5.inp.out,268.36740096714067,-0.3116,0.0798,33.6345,56.0,-1306.1518164927,250.95245741398142,110.65162551555431,-5869.7985036418,0.2974731285003145
PHEN_red_5_cutoff_7.5.inp.out,267.1569160651011,-0.3278,0.0609,22.3548,54.0,-1306.5116517037,-6.329404654606694,53.40108109261552,-5718.1194378133,0.31291402090027987
PHEN_red_60_cutoff_7.5.inp.out,267.7355160655727,-0.3388,0.0624,34.1676,53.0,-1307.2006451344,52.14050227149667,149.2363231003502,-5642.7179450993,0.32096613649991923
PHEN_red_61_cutoff_7.5.inp.out,270.00511301105706,-0.3054,0.0694,30.8897,48.0,-1308.2603149367,63.9732909185483,156.71650433219224,-5263.5479868587,0.29277996250038996
PHEN_red_62_cutoff_7.5.inp.out,269.1994378475143,-0.3310,0.0507,42.5242,46.0,-1309.3034131329,71.44766766097706,229.87137958684124,-5112.5698575883,0.31726447439996264
PHEN_red_63_cutoff_7.5.inp.out,269.28184420647653,-0.3383,0.0570,40.7790,49.0,-1308.3130313875,92.41874396812024,220.63232119015458,-5339.6572538174,0.32089913619984145
PHEN_red_64_cutoff_7.5.inp.out,269.3882886761147,-0.2944,0.0751,38.3178,52.0,-1306.9079751603,119.08184102929185,122.39948614109251,-5566.3599786451,0.28030318610035465
PHEN_red_65_cutoff_7.5.inp.out,266.5118410191188,-0.2987,0.0869,48.8570,52.0,-1307.2786735047,212.41900020487216,373.4565350456226,-5566.6779193063,0.2841070546000992
PHEN_red_66_cutoff_7.5.inp.out,271.06884121097335,-0.3346,0.0571,36.3840,50.0,-1307.9935348148,42.97927617255748,145.16126860837073,-5415.3246577296,0.3189410113000122
PHEN_red_67_cutoff_7.5.inp.out,266.9346794755761,-0.3144,0.0763,35.7843,51.0,-1307.6235389443,159.33180137952985,46.14737593316435,-5491.126222677,0.29896963849932945
PHEN_red_68_cutoff_7.5.inp.out,267.38942307054776,-0.2996,0.0735,32.8891,49.0,-1308.3740092579,162.13159446760733,26.911349791561406,-5339.8101555771,0.28751207379991683
PHEN_red_69_cutoff_7.5.inp.out,269.39795028214303,-0.3373,0.0622,33.4790,53.0,-1306.8966430166,-23.254437127956,-71.0857995726148,-5642.4135699625,0.3208577156001411
PHEN_red_6_cutoff_7.5.inp.out,267.05423112168484,-0.3496,0.0568,20.2550,51.0,-1307.4392958833,145.0859104878339,79.57230027447997,-5490.9102274626,0.33453986490076204
PHEN_red_70_cutoff_7.5.inp.out,267.1932225762629,-0.3450,0.0766,27.6794,54.0,-1306.7694877559,-47.44758747133583,-20.380487510217172,-5718.2261794886,0.32837043039944547
PHEN_red_71_cutoff_7.5.inp.out,269.9084746658669,-0.3142,0.0692,35.1252,54.0,-1306.5274247947,22.372794906457443,156.9665782545537,-5718.0748219687,0.300786914100172
PHEN_red_72_cutoff_7.5.inp.out,267.25674713996966,-0.3185,0.0764,30.4023,55.0,-1306.7928837639,77.16395626769538,114.84950098446598,-5794.3733614932,0.3033316236005703
PHEN_red_73_cutoff_7.5.inp.out,268.8268186162693,-0.3359,0.0629,36.9426,55.0,-1306.3040464271,237.62983850957832,155.65942709151605,-5793.9776917257,0.32045257479967404
PHEN_red_74_cutoff_7.5.inp.out,267.74392380568975,-0.3462,0.0535,30.3243,53.0,-1306.9759908188,-24.83209540066779,107.71565231567399,-5642.5353056712,0.3309507149997444
PHEN_red_75_cutoff_7.5.inp.out,268.0336330835899,-0.3399,0.0725,32.4195,54.0,-1306.2561793115,-13.401403209508445,-37.11308681235911,-5717.8508091634,0.32567875669974455
PHEN_red_76_cutoff_7.5.inp.out,269.6966736052383,-0.3468,0.0663,31.1044,56.0,-1306.0972771421,-13.078978197997895,-25.14678432764805,-5869.7650811222,0.3310243051000725
PHEN_red_77_cutoff_7.5.inp.out,267.3336773571739,-0.3222,0.0810,42.9954,53.0,-1307.2506283997,70.86717711264517,-36.466277226184694,-5642.8418863962,0.3067697001997658
PHEN_red_78_cutoff_7.5.inp.out,269.8378237543909,-0.3252,0.0619,54.4074,57.0,-1305.7365142183,-2.2539521255971406,-62.35464159979803,-5945.4716701979,0.31053882309970504
PHEN_red_79_cutoff_7.5.inp.out,268.1339739855895,-0.3110,0.0739,53.9621,53.0,-1306.9863068454,-46.39188622028092,-30.793397911473107,-5642.5543530022,0.29893144440029573
PHEN_red_7_cutoff_7.5.inp.out,267.7463695583695,-0.2999,0.0721,30.2766,56.0,-1306.1340305320,78.52747049640658,143.53062771910933,-5869.759247199,0.28812810049930704
PHEN_red_80_cutoff_7.5.inp.out,268.9512252606576,-0.3076,0.0777,49.6018,50.0,-1308.0946629284,-8.216136080557884,-22.075698318384976,-5415.5996614938,0.29543600030046946
PHEN_red_81_cutoff_7.5.inp.out,267.98073587039516,-0.3209,0.0712,48.3280,52.0,-1307.5018562221,61.58830477678912,72.52264678772244,-5567.0823989435,0.30577731270022923
PHEN_red_82_cutoff_7.5.inp.out,269.0724860705679,-0.3165,0.0845,49.7806,50.0,-1307.6824588812,64.89609603921379,42.00968175401336,-5415.1403985212,0.30072260619999724
PHEN_red_83_cutoff_7.5.inp.out,266.9274650794231,-0.3041,0.0743,47.1328,51.0,-1307.5855312259,60.94971854488678,-81.05924361096388,-5491.1358750611,0.2894126443998175
PHEN_red_84_cutoff_7.5.inp.out,266.3334253947417,-0.3388,0.0550,45.0125,51.0,-1307.5951143410,-43.805902004524306,-52.26461063419905,-5491.0159934428,0.3256275372004893
PHEN_red_85_cutoff_7.5.inp.out,267.8867148774058,-0.3335,0.0639,49.7864,52.0,-1307.0078359244,1.9499619302939606,-33.108105590191485,-5566.4997730903,0.3183674579995568
PHEN_red_86_cutoff_7.5.inp.out,269.148448165646,-0.3266,0.0751,45.1047,54.0,-1306.4617021867,115.05773892850087,15.95948523252943,-5718.0443319464,0.3101421087003473
PHEN_red_87_cutoff_7.5.inp.out,267.9572912323965,-0.3448,0.0671,48.8382,53.0,-1306.8551951988,116.9586729501757,32.300042120928765,-5642.3827559789,0.32733289190036885
PHEN_red_88_cutoff_7.5.inp.out,268.7401485720726,-0.3068,0.0843,36.4523,50.0,-1307.9084140566,160.2266101268664,-18.863655243575472,-5415.3844580147,0.2898221654995723
PHEN_red_89_cutoff_7.5.inp.out,268.472086031733,-0.3094,0.0702,39.8347,49.0,-1308.4739315571,185.1484981836278,-7.517354144314953,-5339.857385491,0.29205423849998624
PHEN_red_8_cutoff_7.5.inp.out,268.90148188575756,-0.3151,0.0742,19.2499,58.0,-1305.4509293709,51.157037221330526,35.935966153784754,-6021.138713137,0.3000855490008689
PHEN_red_90_cutoff_7.5.inp.out,271.1564919728168,-0.3293,0.0795,14.3862,50.0,-1307.9926333331,0.3186153275471176,31.696762336564365,-5415.528678658,0.31136558419984794
PHEN_red_91_cutoff_7.5.inp.out,263.32580043721134,-0.3094,0.0817,32.7733,50.0,-1307.9801252629,22.039932916171562,38.29021666401282,-5415.4909598112,0.2969043682996926
PHEN_red_92_cutoff_7.5.inp.out,270.14744743744654,-0.3278,0.0726,30.0928,50.0,-1308.0244642611,-30.31637172521344,-60.60546402904862,-5415.5053930656,0.31247084830010863
PHEN_red_93_cutoff_7.5.inp.out,264.89772373210724,-0.3126,0.0718,34.7512,55.0,-1306.5512780455,-3.356830531456214,-88.6228415816451,-5794.3104401649,0.29736284599948704
PHEN_red_94_cutoff_7.5.inp.out,267.7189168363341,-0.3080,0.0857,37.3274,53.0,-1307.0240974595,-21.135227113923165,-98.84320585843597,-5642.654420319,0.292452325400518
PHEN_red_95_cutoff_7.5.inp.out,267.1313814559963,-0.3328,0.0575,36.6672,53.0,-1307.1222954177,49.89568131569235,110.11457414003598,-5642.7348222172,0.31888337039981707
PHEN_red_96_cutoff_7.5.inp.out,266.1980838657258,-0.3329,0.0731,40.7432,53.0,-1307.1332529711,-138.97807945973796,-97.25260726550096,-5642.7454984881,0.31693321419970744
PHEN_red_97_cutoff_7.5.inp.out,269.7555912052347,-0.3235,0.0783,34.8654,54.0,-1307.0409212943,-66.95993479611502,-74.15170556047696,-5718.723600536,0.30782636840012856
PHEN_red_98_cutoff_7.5.inp.out,265.65759464468204,-0.3350,0.0618,27.3027,53.0,-1307.0971027500,-22.499367153888677,-74.63673433615578,-5642.7306755292,0.31869942269986495
PHEN_red_99_cutoff_7.5.inp.out,271.39342282555384,-0.3175,0.0708,36.0552,53.0,-1307.6019084223,49.248552284809065,64.1063450056177,-5643.1986707127,0.3015108195004359
PHEN_red_9_cutoff_7.5.inp.out,269.17430433815895,-0.3149,0.0755,14.3934,56.0,-1306.0592970102,21.61181054643937,19.730915079659024,-5869.7320191395,0.2986656490002133
