file_name,NRE,HOMO,LUMO,Dipole_mom,Num_waters,chg_chg,elec5,elec10,SCF_E,delE_dft
FMNR_red_0_cutoff_7.5.inp.out,1364.0986891682269,-0.2486,0.127,9.9225,52.0,-1302.0639961217,437.8820766646908,1351.8434762044585,-6091.0961416087,0.2395134500993663
FMNR_red_100_cutoff_7.5.inp.out,1365.7328524772977,-0.2388,0.1562,15.9767,50.0,-1303.0024970901,757.175892465513,1777.191629879112,-5940.9619934024,0.2356733172000531
FMNR_red_101_cutoff_7.5.inp.out,1366.144937535116,-0.2554,0.135,15.0545,46.0,-1304.4676344562,-592.0643434000025,-846.0847812699997,-5640.3464492729,0.2453478603001713
FMNR_red_102_cutoff_7.5.inp.out,1359.1821559621226,-0.2475,0.1469,24.9938,46.0,-1304.8136812381,-41.91695066370621,-192.8524966576638,-5640.6375282735,0.2379027391998533
FMNR_red_103_cutoff_7.5.inp.out,1365.069811668264,-0.2317,0.147,14.1155,48.0,-1303.7169734516,-399.85141444216134,-1295.783333938321,-5790.6145447145,0.2327286563995585
FMNR_red_104_cutoff_7.5.inp.out,1354.774221160733,-0.2455,0.1543,23.9693,53.0,-1302.4201418773,-3019.9810697880584,-5112.049279344137,-6166.9661784629,0.2430404686001566
FMNR_red_105_cutoff_7.5.inp.out,1360.4854507269183,-0.2531,0.1491,20.4249,54.0,-1301.7969343807,-1158.8686267326188,-2549.3424759748063,-6241.791797057,0.2430038298007275
FMNR_red_106_cutoff_7.5.inp.out,1364.2290430823246,-0.2414,0.1244,12.6217,49.0,-1303.9341129221,-2074.4191696434896,-3350.965682098117,-5866.3393549071,0.2322411013001328
FMNR_red_107_cutoff_7.5.inp.out,1370.5754163856682,-0.2397,0.1561,4.0781,48.0,-1303.2813653898,-1770.1269566032088,-3970.517977710286,-5790.1577915299,0.2223001844004102
FMNR_red_108_cutoff_7.5.inp.out,1364.8714129528482,-0.2405,0.1435,9.6906,49.0,-1303.2544307727,-2637.6695694477808,-3889.9961879999632,-5865.6599835105,0.2247629845996925
FMNR_red_109_cutoff_7.5.inp.out,1367.864807607736,-0.2262,0.1619,18.8089,50.0,-1303.1632340367,-1557.4188703293698,-3458.698029174749,-5941.2020714351,0.2102441893002833
FMNR_red_10_cutoff_7.5.inp.out,1362.240718706303,-0.2388,0.152,5.1617,48.0,-1303.7461710003,-1944.9770360677744,-2061.65269403959,-5790.5857642743,0.2357701313994766
FMNR_red_110_cutoff_7.5.inp.out,1364.328378733341,-0.2411,0.138,25.5312,51.0,-1302.6501196594,-2478.3370129666714,-4349.787243639105,-6016.137285288,0.232897564799714
FMNR_red_111_cutoff_7.5.inp.out,1368.2757594244472,-0.2609,0.123,16.3511,50.0,-1303.134426974,-1438.131053867491,-493.27226332724337,-5941.1026062083,0.2458737664001091
FMNR_red_112_cutoff_7.5.inp.out,1359.8928211793796,-0.2415,0.1562,6.5924,48.0,-1303.5943940971,-716.5395849999976,-1313.7835225000176,-5790.4402087999,0.2334841268002492
FMNR_red_113_cutoff_7.5.inp.out,1357.8670568132354,-0.2296,0.1606,25.5529,46.0,-1304.4904323554,-1110.819090057386,-1510.6930766078451,-5640.2863003779,0.2234917573996426
FMNR_red_114_cutoff_7.5.inp.out,1364.0223803781548,-0.2468,0.1422,19.2386,50.0,-1303.0891887194,-2020.7081051089551,-2979.0520489652727,-5941.1049211011,0.2405456181995759
FMNR_red_115_cutoff_7.5.inp.out,1371.0681468045584,-0.2407,0.151,16.9046,52.0,-1302.4844127353,611.0969188037213,541.6078813370716,-6091.5185399396,0.238030194899693
FMNR_red_116_cutoff_7.5.inp.out,1361.1794806876362,-0.2402,0.1256,22.9147,49.0,-1303.4145902058,185.73084040580812,204.53772793497504,-5865.8879909796,0.2329529590997481
FMNR_red_117_cutoff_7.5.inp.out,1353.8376830124485,-0.2712,0.112,26.0185,48.0,-1303.6663025167,-424.1598777887888,-1808.6598864542063,-5790.5713205565,0.2575893551002082
FMNR_red_118_cutoff_7.5.inp.out,1365.3955799201071,-0.2405,0.147,11.1495,49.0,-1303.2961663125,-333.49330911204476,-2380.609192912085,-5865.7626493763,0.2273551984999358
FMNR_red_119_cutoff_7.5.inp.out,1355.909614240208,-0.2488,0.1292,15.0652,49.0,-1303.7184464586,-1263.563676172445,-2395.0948662445526,-5866.173801677,0.2402551230006793
FMNR_red_11_cutoff_7.5.inp.out,1362.254841318873,-0.2244,0.1499,5.5182,43.0,-1305.0650275167,-2214.574994462774,-4330.988730584487,-5414.1446660894,0.2163882792992808
FMNR_red_120_cutoff_7.5.inp.out,1358.744383055191,-0.2274,0.1504,20.447,48.0,-1303.6119079797,-997.6027772015648,-2499.878384746762,-5790.4972297291,0.2251961170995855
FMNR_red_121_cutoff_7.5.inp.out,1360.6197722713816,-0.2491,0.1534,20.7412,51.0,-1302.4999486584,-1305.711896286795,-3057.21696007994,-6016.0842507517,0.2367068572002608
FMNR_red_122_cutoff_7.5.inp.out,1361.8048733337496,-0.2739,0.1096,16.5568,49.0,-1303.3087669022,-1953.060814812014,-4297.486843178709,-5865.7175908063,0.256980229400142
FMNR_red_123_cutoff_7.5.inp.out,1362.2622372450453,-0.2414,0.1383,12.803,51.0,-1302.6683217376,-330.06429091009386,-2978.568900750349,-6016.1601904368,0.2274509611997928
FMNR_red_124_cutoff_7.5.inp.out,1365.1146214654282,-0.2431,0.121,18.6154,54.0,-1301.6129189804,-3176.4124731623647,-7424.187606295172,-6241.6932208781,0.224040274500112
FMNR_red_125_cutoff_7.5.inp.out,1370.2856059694886,-0.2588,0.1299,8.6128,53.0,-1301.5582706252,-2828.500163989019,-5288.088166155093,-6166.0530302629,0.2390356121004515
FMNR_red_126_cutoff_7.5.inp.out,1364.858862881426,-0.2713,0.1069,6.7706,51.0,-1302.2972356472,-2495.976774821499,-6161.62177805479,-6015.779513756,0.251867402100288
FMNR_red_127_cutoff_7.5.inp.out,1362.2684596052466,-0.2445,0.1235,13.2354,53.0,-1301.9353495204,-330.48186740107934,-2546.3284137784312,-6166.470447478,0.2348553892006748
FMNR_red_128_cutoff_7.5.inp.out,1360.1981472165812,-0.2345,0.1483,7.899,47.0,-1303.930164887,-1994.3639769199815,-4513.708434798777,-5715.2751801587,0.2254270209004971
FMNR_red_129_cutoff_7.5.inp.out,1368.222582863478,-0.2402,0.1423,3.7448,47.0,-1304.0964374114,-3236.3049000000246,-5132.66634099999,-5715.439388094,0.2277117288003864
FMNR_red_12_cutoff_7.5.inp.out,1362.511961857391,-0.2345,0.1677,17.7046,42.0,-1305.711939168,-927.1916614166712,-1495.2739408647178,-5339.3155152816,0.2364548104997084
FMNR_red_130_cutoff_7.5.inp.out,1358.5546319041327,-0.2397,0.1413,14.9298,49.0,-1302.9722734622,-1975.637106570898,-4417.639382042146,-5865.4294519963,0.228035928299505
FMNR_red_131_cutoff_7.5.inp.out,1363.7045625722265,-0.2634,0.1319,11.0796,47.0,-1304.3220966549,-2231.965981963759,-3437.609044605606,-5715.737630191,0.2516326861004927
FMNR_red_132_cutoff_7.5.inp.out,1364.7584031307506,-0.2533,0.1271,18.8356,48.0,-1303.6472659863,25.945785837124337,-570.305057110023,-5790.5191070625,0.2376143930996477
FMNR_red_133_cutoff_7.5.inp.out,1362.1337981819308,-0.2163,0.1705,11.7642,46.0,-1304.6089730112,-415.8451313844519,-807.5041648950272,-5640.4139158787,0.2093550100998982
FMNR_red_134_cutoff_7.5.inp.out,1360.1682665518924,-0.2147,0.1394,13.223,47.0,-1303.9643419192,-2345.232027282853,-4505.4187906030775,-5715.274658595,0.2056525469006374
FMNR_red_135_cutoff_7.5.inp.out,1364.3736202307489,-0.2386,0.1571,15.3202,48.0,-1303.603455498,-2356.6287232480327,-5557.919075515992,-5790.4624156996,0.2201851153995448
FMNR_red_136_cutoff_7.5.inp.out,1367.1471558891328,-0.2409,0.1336,10.1524,48.0,-1303.7905847032,-2978.9825200222635,-7507.379833360486,-5790.7331241529,0.2271224633996098
FMNR_red_137_cutoff_7.5.inp.out,1363.9933528214435,-0.2488,0.1262,6.4965,49.0,-1302.7963584075,-1787.224357773858,-5228.712086282835,-5865.2741693586,0.2361888349996661
FMNR_red_138_cutoff_7.5.inp.out,1370.4256620577785,-0.2541,0.1359,19.3406,46.0,-1304.2616826395,-2684.7462367435733,-6443.473983467574,-5640.1002313127,0.2414738156003295
FMNR_red_139_cutoff_7.5.inp.out,1367.3123629391594,-0.205,0.1767,13.8709,42.0,-1305.4573569269,-1897.5052131819984,-7534.75624625749,-5339.2004447739,0.2003919896005754
FMNR_red_13_cutoff_7.5.inp.out,1364.077118582621,-0.232,0.1528,14.3806,43.0,-1305.158784885,-1148.5983512985422,-2113.274558876547,-5414.2547722739,0.2238917578997643
FMNR_red_140_cutoff_7.5.inp.out,1362.256618223979,-0.2426,0.152,19.1911,44.0,-1304.9050162575,-4251.71259999994,-7703.879935300092,-5489.7553796591,0.2340047582001716
FMNR_red_141_cutoff_7.5.inp.out,1372.7129772780827,-0.2518,0.1208,25.1957,50.0,-1302.4706281581,-1430.6363276348775,-3272.5979924947237,-5940.4971210385,0.2385840488996109
FMNR_red_142_cutoff_7.5.inp.out,1358.2169106350807,-0.2196,0.1595,27.8967,48.0,-1303.2140950417,-967.804047996045,-3135.7573345082355,-5790.1731069683,0.2103544221008633
FMNR_red_143_cutoff_7.5.inp.out,1360.666919709816,-0.2019,0.1553,23.8474,47.0,-1304.032785379,-3151.585024726721,-6056.35589381318,-5715.4688093652,0.2011074802994699
FMNR_red_144_cutoff_7.5.inp.out,1366.6801013883578,-0.2342,0.1684,24.2082,48.0,-1303.5560965128,-2916.9640100611114,-4671.554213249511,-5790.4962187227,0.224625608900169
FMNR_red_145_cutoff_7.5.inp.out,1356.5736037301858,-0.2308,0.1326,26.9183,50.0,-1302.5274754138,-1873.7140245644432,-3079.2093146690804,-5940.4821700631,0.2259423713003343
FMNR_red_146_cutoff_7.5.inp.out,1363.2291779896202,-0.2254,0.1641,26.575,49.0,-1303.0789087313,-480.4937135058078,-3569.4011671952276,-5865.5378338455,0.2218168842000523
FMNR_red_147_cutoff_7.5.inp.out,1369.2921321878348,-0.2092,0.1611,20.2823,46.0,-1304.1507729126,-2081.626988474303,-4590.256969840926,-5640.0363541391,0.2076516041006471
FMNR_red_148_cutoff_7.5.inp.out,1369.1959418397544,-0.2623,0.1411,23.3323,46.0,-1303.8856688488,-2927.707356851572,-5805.209170720236,-5639.7473385979,0.2445491711005161
FMNR_red_149_cutoff_7.5.inp.out,1364.024723883917,-0.2519,0.1237,9.9724,52.0,-1302.0852351616,-1651.398161180909,-4651.062006677416,-6091.1211263837,0.2420903263000582
FMNR_red_14_cutoff_7.5.inp.out,1351.557385547573,-0.2257,0.1457,16.6215,48.0,-1303.8636367035,-1211.1344954633705,-1299.8975056382285,-5790.5972122247,0.2234299517995168
FMNR_red_150_cutoff_7.5.inp.out,1362.125282823337,-0.2394,0.1564,14.822,50.0,-1302.8572101449,696.9159329999985,1596.4205241000204,-5940.8003162204,0.2363799049999215
FMNR_red_151_cutoff_7.5.inp.out,1361.2841993141055,-0.2604,0.1279,8.1494,47.0,-1303.6238514671,-644.1428036657974,-1436.4378356335756,-5714.9920568979,0.2505685734995495
FMNR_red_152_cutoff_7.5.inp.out,1358.2845775681085,-0.2515,0.1429,9.5385,45.0,-1304.5126807793,104.08550091439606,-717.8554624438241,-5564.768012404,0.2424326117998134
FMNR_red_153_cutoff_7.5.inp.out,1362.508348402156,-0.2435,0.1396,21.4726,48.0,-1303.9886004789,-1123.623665999988,-1829.4573983000273,-5790.8820983374,0.232704690400169
FMNR_red_154_cutoff_7.5.inp.out,1365.684576463845,-0.2251,0.1549,25.9903,47.0,-1304.1413505773,-2358.077550645676,-3623.5864001313407,-5715.4680277076,0.2123724684997796
FMNR_red_155_cutoff_7.5.inp.out,1370.2617199904716,-0.256,0.1381,34.2077,46.0,-1304.1960289433,-2571.879631877039,-5111.203462198446,-5640.0051185723,0.240900856600092
FMNR_red_156_cutoff_7.5.inp.out,1357.806373172367,-0.2397,0.14,37.6416,47.0,-1304.2252942723,-1933.2772511508365,-4125.1300532726955,-5715.5139080783,0.2355003256998316
FMNR_red_157_cutoff_7.5.inp.out,1365.8583561434891,-0.245,0.1491,34.9437,50.0,-1303.3439937868,-2635.315934028483,-4678.976036029801,-5941.2586767188,0.2329593550002755
FMNR_red_158_cutoff_7.5.inp.out,1363.5757148311914,-0.2494,0.1225,37.2407,50.0,-1302.9978822163,-1469.604026602548,-3365.1566909533267,-5940.9259902955,0.2401881467994826
FMNR_red_159_cutoff_7.5.inp.out,1365.3743997251618,-0.2295,0.1406,36.2229,48.0,-1303.730487923,-1061.0984544988428,-2219.4369361172257,-5790.6838369356,0.2172477416006586
FMNR_red_15_cutoff_7.5.inp.out,1365.885733550012,-0.2329,0.1484,20.3787,52.0,-1302.2812188391,-879.0288739387373,-501.85248589302074,-6091.12948039,0.2313938717998098
FMNR_red_160_cutoff_7.5.inp.out,1364.987335526585,-0.2388,0.1312,32.2078,46.0,-1304.2039421313,-2504.5226564748345,-5300.769623625042,-5640.0609266495,0.2328180296999562
FMNR_red_161_cutoff_7.5.inp.out,1367.0644732181715,-0.2554,0.1401,30.5959,47.0,-1304.5711730477,-1083.0589918136293,-1869.776372545268,-5715.9421340891,0.2440202239995414
FMNR_red_162_cutoff_7.5.inp.out,1363.0890015348236,-0.2523,0.1233,33.055,48.0,-1303.485715256,-1516.9815108309158,-2947.191592405019,-5790.4028545052,0.2493346554001618
FMNR_red_163_cutoff_7.5.inp.out,1367.958806034707,-0.2553,0.1261,24.3512,47.0,-1304.3469984855,768.477978221256,205.1970095027861,-5715.6629857463,0.2432506965997163
FMNR_red_164_cutoff_7.5.inp.out,1368.499187545291,-0.2426,0.126,26.981,49.0,-1303.2797230218,-1884.714798204152,-5017.36675419286,-5865.6874258497,0.2337133966002511
FMNR_red_165_cutoff_7.5.inp.out,1377.510084617239,-0.2435,0.1204,21.163,49.0,-1303.0593333505,-1197.2530681518865,-2256.139991877744,-5865.4595314967,0.2351338060998387
FMNR_red_166_cutoff_7.5.inp.out,1355.3746300285443,-0.2398,0.1342,28.479,49.0,-1303.5131084111,-3027.237873686357,-7134.017666088852,-5865.9672773057,0.2329567237002265
FMNR_red_167_cutoff_7.5.inp.out,1357.6173080331375,-0.2509,0.1136,25.7646,51.0,-1302.5955814972,-1936.0517056497636,-2783.999679296906,-6016.0795677676,0.2350120800992954
FMNR_red_168_cutoff_7.5.inp.out,1361.731407025162,-0.2409,0.1297,24.4593,51.0,-1302.3587820753,-2789.216911845749,-4197.1560951145775,-6015.8092368053,0.2320623282002998
FMNR_red_169_cutoff_7.5.inp.out,1353.8554735009538,-0.236,0.1276,18.7381,49.0,-1303.0658349771,-2889.072264132969,-3633.561717908944,-5865.4803126696,0.2326787460006016
FMNR_red_16_cutoff_7.5.inp.out,1357.8132843950038,-0.2554,0.1393,20.4476,51.0,-1302.7614745241,-55.66568222701864,-1046.5426760872208,-6016.1123926951,0.2539878875995782
FMNR_red_170_cutoff_7.5.inp.out,1354.0337318192744,-0.2593,0.1394,20.0019,49.0,-1303.1535127452,-1383.8732381848977,-2829.2424275850153,-5865.6269742449,0.2412145936996239
FMNR_red_171_cutoff_7.5.inp.out,1362.8886802288005,-0.2255,0.1682,11.1771,49.0,-1303.0771992149,-1143.5852894135548,-1768.324836673405,-5865.5117470534,0.2152352305001841
FMNR_red_172_cutoff_7.5.inp.out,1361.7103467203826,-0.2577,0.1205,17.2514,50.0,-1302.7211597055,-1636.289761015985,-3377.529583680834,-5940.7224770247,0.2395324392000475
FMNR_red_173_cutoff_7.5.inp.out,1358.8885490940515,-0.2194,0.152,9.8949,51.0,-1302.5819303127,-586.8585066927955,-1601.088822615858,-6015.9580428778,0.216445203499461
FMNR_red_174_cutoff_7.5.inp.out,1369.7532562774352,-0.2503,0.1455,6.6821,49.0,-1303.0546096063,-2576.171419644492,-5835.835975250471,-5865.3388409432,0.2417927294000037
FMNR_red_175_cutoff_7.5.inp.out,1355.2927781681751,-0.1993,0.1795,14.3097,50.0,-1302.7642409391,-2160.2957605828938,-4581.66505511173,-5940.6105897728,0.1973880425002789
FMNR_red_176_cutoff_7.5.inp.out,1351.738582109839,-0.2293,0.1446,17.3638,50.0,-1302.8793802156,-4571.617636397374,-7562.568310452184,-5940.7141570273,0.2223829501999716
FMNR_red_177_cutoff_7.5.inp.out,1355.7158234618475,-0.2647,0.1542,22.2099,47.0,-1303.5583628862,-965.5534761308792,-3877.152589507332,-5714.7311558855,0.2486465969996061
FMNR_red_178_cutoff_7.5.inp.out,1353.1299515051426,-0.2373,0.1346,14.8482,49.0,-1303.2520266438,-2530.7945015937385,-5427.261199167494,-5865.4041622717,0.221454791000724
FMNR_red_179_cutoff_7.5.inp.out,1346.8740905864906,-0.2439,0.1466,14.2072,46.0,-1304.0289557727,-3616.6762426726577,-5750.2646165688175,-5639.5163044932,0.2386698051996063
FMNR_red_17_cutoff_7.5.inp.out,1362.6032012694193,-0.2297,0.1523,27.3375,48.0,-1303.6694671215,-1019.3562985426754,-1531.542892555566,-5790.4039969263,0.2217651636001392
FMNR_red_180_cutoff_7.5.inp.out,1360.26098478709,-0.2231,0.1802,3.7191,47.0,-1303.5702225403,-1510.4093351155502,-4727.814881807451,-5714.5615322137,0.2239306069996018
FMNR_red_181_cutoff_7.5.inp.out,1347.7853498401753,-0.1845,0.1884,2.1865,46.0,-1303.8877801703,-3262.867121479285,-5707.088417055035,-5639.2882281612,0.2011182388005181
FMNR_red_182_cutoff_7.5.inp.out,1360.1826346963353,-0.2352,0.1649,7.2801,45.0,-1303.9756553389,-3234.700674999987,-6302.414489219949,-5563.9813360092,0.2224996745999305
FMNR_red_183_cutoff_7.5.inp.out,1344.450040457421,-0.2503,0.1494,6.0147,47.0,-1303.7699159814,-1834.2695559999945,-4344.335192000018,-5714.8018625725,0.2343812653007262
FMNR_red_184_cutoff_7.5.inp.out,1359.1692190418376,-0.2134,0.1899,15.7677,49.0,-1303.0697527987,-1965.9788565839633,-4563.327372036434,-5865.2490114834,0.2086778448001496
FMNR_red_185_cutoff_7.5.inp.out,1348.49096029271,-0.2341,0.1504,12.4385,48.0,-1303.0864930631,-1303.9729095695257,-1676.9793660467788,-5789.5833144555,0.2338019649996567
FMNR_red_186_cutoff_7.5.inp.out,1365.2333511272743,-0.2106,0.1282,17.4743,47.0,-1303.5200650682,-2538.0403851209257,-4229.894057908683,-5714.5230846245,0.2234887535996677
FMNR_red_187_cutoff_7.5.inp.out,1345.4966159133369,-0.2522,0.1104,25.7716,46.0,-1303.8299836538,-2129.0797351509696,-2266.2925182759545,-5639.2789827152,0.2346238387999619
FMNR_red_188_cutoff_7.5.inp.out,1353.758166016432,-0.213,0.1538,23.9357,44.0,-1304.4699166882,955.106378005422,494.3597763592762,-5488.928344199,0.2122452161002002
FMNR_red_189_cutoff_7.5.inp.out,1338.588137059677,-0.2226,0.1511,21.458,46.0,-1304.0779201407,229.95321380917585,-1584.1491474712689,-5639.5812131501,0.2149740119002672
FMNR_red_18_cutoff_7.5.inp.out,1361.8515126065276,-0.2507,0.1398,24.0892,49.0,-1303.3232628097,575.9198763702836,929.09069884793,-5865.5147125867,0.2408116605001851
FMNR_red_190_cutoff_7.5.inp.out,1356.4610885591017,-0.2345,0.1547,28.168,49.0,-1303.160698804,867.2925520000047,3004.402711500007,-5865.3670902783,0.215489195000373
FMNR_red_191_cutoff_7.5.inp.out,1335.7686720652998,-0.2742,0.0952,22.9445,51.0,-1302.4299789224,-124.83157806265812,861.892252981063,-6015.612130751,0.2604025322998495
FMNR_red_192_cutoff_7.5.inp.out,1345.269564271321,-0.2235,0.1298,26.656,46.0,-1304.2040609634,1956.9302234077695,1725.7025463622467,-5639.6625889138,0.210102574499615
FMNR_red_193_cutoff_7.5.inp.out,1345.3167494400473,-0.2105,0.1584,21.8496,48.0,-1303.6980910649,-246.7808375999982,401.5711603799977,-5790.2725713173,0.2145042407000801
FMNR_red_194_cutoff_7.5.inp.out,1353.2201589399974,-0.2378,0.1287,31.105,48.0,-1303.6485280588,459.69043947904055,1313.5840806629133,-5790.0930374813,0.2250031680005122
FMNR_red_195_cutoff_7.5.inp.out,1355.0614825533337,-0.2686,0.1225,23.9721,46.0,-1304.2532926974,938.1610849000066,2472.306563100012,-5639.6180405032,0.2475296959000843
FMNR_red_196_cutoff_7.5.inp.out,1357.9528321412336,-0.2516,0.1515,22.76,45.0,-1304.8354497699,122.4406998000004,-1312.730430599977,-5564.8161568858,0.2481674755008498
FMNR_red_197_cutoff_7.5.inp.out,1359.857302902262,-0.262,0.121,18.5549,44.0,-1304.8021986464,2338.9219150000094,3649.427447599954,-5489.180030021,0.25745663699945
FMNR_red_198_cutoff_7.5.inp.out,1377.0488230872777,-0.2601,0.1109,22.625,47.0,-1303.916912251,2539.9932328133746,2203.060993999195,-5714.9423988904,0.2436648380999031
FMNR_red_199_cutoff_7.5.inp.out,1364.04561149997,-0.2515,0.1238,9.9023,52.0,-1302.0581325614,2813.084980818791,2422.0855207192535,-6091.0935270279,0.24176428139981
FMNR_red_19_cutoff_7.5.inp.out,1340.7447820855864,-0.2198,0.1358,20.3488,49.0,-1303.1157357486,-146.93728668276154,961.8462718973096,-5865.3148534362,0.230329071900087
FMNR_red_1_cutoff_7.5.inp.out,1365.4660927225443,-0.2445,0.1433,16.3615,51.0,-1302.6051635588,-269.4810723986232,-1081.7660542032145,-6016.0802867179,0.2393503661996874
FMNR_red_200_cutoff_7.5.inp.out,1366.722800156784,-0.2338,0.1563,12.9144,50.0,-1302.9866766115,635.5931070000069,1754.953792089986,-5940.9322322416,0.2295692186999076
FMNR_red_201_cutoff_7.5.inp.out,1363.766764930057,-0.2415,0.1476,9.5903,45.0,-1304.5765735752,-1138.9771425497222,-1671.5347655628384,-5564.873731211,0.2356027894002181
FMNR_red_202_cutoff_7.5.inp.out,1363.1518132876568,-0.2401,0.1568,18.0302,47.0,-1304.096934994,-1048.6734609999892,-898.3138296599992,-5715.4754101772,0.2346302879996074
FMNR_red_203_cutoff_7.5.inp.out,1353.7749104314305,-0.2516,0.1353,22.0616,48.0,-1303.6678728971,-883.7965881886586,-1819.8281619855152,-5790.5924413341,0.2430338006997772
FMNR_red_204_cutoff_7.5.inp.out,1359.368034748126,-0.2496,0.1323,26.3893,48.0,-1304.1265725903,-1825.1070819999904,-2394.76980349999,-5791.0342398722,0.243290522499592
FMNR_red_205_cutoff_7.5.inp.out,1364.4552725693875,-0.2519,0.1218,17.5355,48.0,-1303.4795276006,-436.144677712485,-1024.4411792803005,-5790.3275908015,0.2441448121999201
FMNR_red_206_cutoff_7.5.inp.out,1354.2001149259063,-0.2371,0.1363,21.4811,46.0,-1304.0661059948,-747.4458767422321,-214.39548682108855,-5639.8925135722,0.2332409842001652
FMNR_red_207_cutoff_7.5.inp.out,1363.5326519150851,-0.2552,0.1115,27.4258,46.0,-1304.340107739,1020.7038948124992,1184.2256777664036,-5640.1980629904,0.2421509395999237
FMNR_red_208_cutoff_7.5.inp.out,1359.957839380451,-0.2462,0.1355,33.1865,49.0,-1303.5008802363,1330.807063680537,2220.0060043791186,-5865.8554991412,0.2396034795001469
FMNR_red_209_cutoff_7.5.inp.out,1357.807230734408,-0.2241,0.1357,35.2596,50.0,-1303.111685095,-737.568671944563,-1544.3543968051051,-5941.0275830001,0.2281697348998932
FMNR_red_20_cutoff_7.5.inp.out,1347.0305827885022,-0.2423,0.1279,20.779,52.0,-1302.2795396824,-451.46563892947,-1452.336390266997,-6091.0197566785,0.2368551665003906
FMNR_red_210_cutoff_7.5.inp.out,1357.6483789960191,-0.2182,0.1614,34.9775,47.0,-1303.9064025306,-196.5858097556591,1057.1754060166936,-5715.2675281303,0.2219846518000849
FMNR_red_211_cutoff_7.5.inp.out,1358.6975075929704,-0.2235,0.1547,34.7967,50.0,-1302.8526690463,-1204.635900362899,-478.10231919720087,-5940.794807316,0.2250241484998696
FMNR_red_212_cutoff_7.5.inp.out,1354.5201184594264,-0.2537,0.122,29.7144,51.0,-1302.5618032925,-170.53315746667332,-606.891310608073,-6016.0855697394,0.2440798543002529
FMNR_red_213_cutoff_7.5.inp.out,1355.7943476587654,-0.2321,0.1289,17.9208,48.0,-1303.7535169833,1527.2943528646908,3261.7226873813956,-5790.6412487582,0.2254369364000013
FMNR_red_214_cutoff_7.5.inp.out,1353.1791457698648,-0.255,0.1237,25.3927,51.0,-1302.6036265233,97.78661435896358,815.8567035627649,-6016.192048987,0.242477179400339
FMNR_red_215_cutoff_7.5.inp.out,1365.5097427940464,-0.2254,0.1519,27.1848,52.0,-1302.2125497585,127.05629222313598,-261.07037917734016,-6091.2767573037,0.2250155028004883
FMNR_red_216_cutoff_7.5.inp.out,1375.4096115159723,-0.227,0.1657,26.3915,48.0,-1303.5812288645,66.00172300583615,740.6157460511356,-5790.5517947231,0.2160649417000968
FMNR_red_217_cutoff_7.5.inp.out,1363.820710889255,-0.2652,0.1216,35.9708,52.0,-1302.3110649894,-959.294553323586,66.12998142991523,-6091.4667890315,0.2485220906992253
FMNR_red_218_cutoff_7.5.inp.out,1368.961092366873,-0.2548,0.1324,37.0133,51.0,-1302.7035885138,1640.3987958910122,3535.8189707237616,-6016.2810371338,0.2448466153000481
FMNR_red_219_cutoff_7.5.inp.out,1365.1087138050757,-0.2512,0.1338,35.928,49.0,-1303.7046758493,920.6976533916192,606.9108128191945,-5866.1934280308,0.23940258409948
FMNR_red_21_cutoff_7.5.inp.out,1353.2853891695763,-0.1922,0.2077,29.9312,53.0,-1302.1667867026,-1708.2310744553167,-1151.7341742637154,-6166.3986429804,0.2042976740003723
FMNR_red_220_cutoff_7.5.inp.out,1368.1918829892768,-0.2747,0.1068,35.7784,51.0,-1302.7428097599,-547.9120856988143,1159.6392892717083,-6016.3275149569,0.2603004160000637
FMNR_red_221_cutoff_7.5.inp.out,1366.501369909592,-0.2202,0.1676,40.988,48.0,-1303.490141245,590.4137317534876,186.5161246499482,-5790.45744805,0.2128664150995973
FMNR_red_222_cutoff_7.5.inp.out,1378.4196635548176,-0.2211,0.1732,37.5986,49.0,-1303.6131511129,-1130.8998858523644,-849.0747625873671,-5866.0476820762,0.2130959576998066
FMNR_red_223_cutoff_7.5.inp.out,1369.279185721146,-0.2338,0.1522,32.6272,48.0,-1304.0063805148,-198.68794438774637,667.5918462811857,-5790.9150484712,0.2279286644006788
FMNR_red_224_cutoff_7.5.inp.out,1368.2630693552724,-0.2246,0.154,31.1667,51.0,-1302.5640301393,-1061.612509210904,-1273.5931590023606,-6016.0710823668,0.2205574408999382
FMNR_red_225_cutoff_7.5.inp.out,1365.349841483731,-0.2318,0.1478,33.4013,48.0,-1304.0300320783,-2251.736620464249,-3727.444365773792,-5790.9780468007,0.2253412132004086
FMNR_red_226_cutoff_7.5.inp.out,1362.5050853118712,-0.2245,0.1614,31.0566,47.0,-1304.3751397105,-522.597528697003,-904.811387310486,-5715.7941444337,0.2223651529002381
FMNR_red_227_cutoff_7.5.inp.out,1359.7963117509012,-0.2246,0.1708,34.3098,49.0,-1303.8603147494,-1121.5081385069975,-1434.9859981845598,-5866.2742418268,0.2219435633996909
FMNR_red_228_cutoff_7.5.inp.out,1366.8559209987588,-0.2327,0.1634,44.3946,50.0,-1303.0878476323,-1866.547066545205,-1795.884509832737,-5941.0155003876,0.2260937482005829
FMNR_red_229_cutoff_7.5.inp.out,1370.790999616581,-0.228,0.1488,47.3425,52.0,-1302.5797908038,-1702.8885188868146,-3058.4483780453393,-6091.5608650165,0.2232275839996873
FMNR_red_22_cutoff_7.5.inp.out,1355.030778377754,-0.2154,0.1927,33.9618,53.0,-1302.0634277126,183.02989482971145,1381.6887390873733,-6166.3403575735,0.2191955382995729
FMNR_red_230_cutoff_7.5.inp.out,1363.0836541676938,-0.2451,0.1412,33.784,49.0,-1303.004999312,-835.8154226462062,-214.7613703139542,-5865.4178494673,0.2271892083999773
FMNR_red_231_cutoff_7.5.inp.out,1360.7311256300395,-0.2097,0.156,29.3272,50.0,-1303.1712769474,-585.5793656328262,266.37713112899536,-5941.0566210774,0.2035275242997158
FMNR_red_232_cutoff_7.5.inp.out,1365.260517101412,-0.229,0.1684,20.7568,48.0,-1303.9675216601,-924.036418500938,-1581.0324639831883,-5790.8399234679,0.2275818496000283
FMNR_red_233_cutoff_7.5.inp.out,1363.716860945676,-0.2391,0.1369,28.0919,47.0,-1303.9544652035,-1452.1678337904198,-2567.519296734784,-5715.3349473843,0.2320593314998404
FMNR_red_234_cutoff_7.5.inp.out,1359.846936640241,-0.2523,0.1371,24.3489,47.0,-1303.5729456502,-1886.895848846035,-2430.445393707613,-5714.9552990942,0.2479181547996631
FMNR_red_235_cutoff_7.5.inp.out,1357.8902552519933,-0.2371,0.1429,23.4965,43.0,-1305.0936493005,171.9327840968069,-369.99601368470746,-5414.2702450094,0.2370692632994178
FMNR_red_236_cutoff_7.5.inp.out,1360.9364051382524,-0.223,0.1616,29.0942,45.0,-1304.4887817782,-1311.7399322343613,-3500.1906540006075,-5564.7462611081,0.2245162635999804
FMNR_red_237_cutoff_7.5.inp.out,1361.0211669645864,-0.2395,0.1599,30.7758,47.0,-1303.4286319908,-2704.354993910723,-4326.4182928061955,-5714.7551106485,0.2367183682999893
FMNR_red_238_cutoff_7.5.inp.out,1369.0028001737628,-0.2357,0.1522,28.4524,48.0,-1303.2545616578,-1507.0631946463334,-2870.6016037202144,-5790.2691694065,0.2343172129994855
FMNR_red_239_cutoff_7.5.inp.out,1364.0958661289253,-0.2517,0.1244,9.9751,52.0,-1302.0816636515,-965.029912604374,-1758.4967217569229,-6091.1173555412,0.2418973963003736
FMNR_red_23_cutoff_7.5.inp.out,1353.2186671462994,-0.2331,0.1535,33.7497,55.0,-1301.0958517021,-792.1007198844502,261.2124343460758,-6316.4988127772,0.2277262917996267
FMNR_red_240_cutoff_7.5.inp.out,1367.1406514692717,-0.2332,0.1565,12.491,49.0,-1303.2680468936,-50.180338018534336,-1403.8303453563035,-5865.6929161668,0.2305773614007193
FMNR_red_241_cutoff_7.5.inp.out,1368.7213017064096,-0.2606,0.1349,14.2857,45.0,-1304.6786205223,572.3062738170443,1287.3770289158324,-5564.9806872466,0.2466684917999373
FMNR_red_242_cutoff_7.5.inp.out,1368.4180203821936,-0.2412,0.1506,12.4448,47.0,-1303.934298031,-421.0600125782897,-1919.4498309426456,-5715.2910045997,0.2359037044998331
FMNR_red_243_cutoff_7.5.inp.out,1358.5639100997075,-0.2416,0.1322,19.5281,48.0,-1303.4381700492,-377.875009999999,-3.0349872000008533,-5790.3233719032,0.2364651933003188
FMNR_red_244_cutoff_7.5.inp.out,1364.8605664488164,-0.2305,0.1538,15.2308,48.0,-1303.9264254283,718.9495212344289,1336.3770371814128,-5790.8086331617,0.2226380003003214
FMNR_red_245_cutoff_7.5.inp.out,1359.7865383949484,-0.2447,0.1517,24.4187,46.0,-1304.4475390111,-596.6448005246024,-1000.3402880587114,-5640.2931981811,0.2406949507003446
FMNR_red_246_cutoff_7.5.inp.out,1364.5296958416634,-0.2394,0.1371,24.423,45.0,-1304.5646842391,-532.5664700255912,-509.8082292689244,-5564.8468773126,0.2381558613997185
FMNR_red_247_cutoff_7.5.inp.out,1365.486093987006,-0.2445,0.1414,30.2433,50.0,-1302.771495317,-80.73213829568797,-804.2962751815904,-5940.7260813128,0.2451667575996907
FMNR_red_248_cutoff_7.5.inp.out,1361.9581549330526,-0.2278,0.1274,21.4438,47.0,-1303.6768353404,-244.0553508638561,-232.1722293146001,-5714.9664336942,0.2302241985998989
FMNR_red_249_cutoff_7.5.inp.out,1356.973200794305,-0.2461,0.139,20.3815,47.0,-1303.7366395038,-2078.6372827171244,-3852.235425561697,-5715.1063888888,0.2405249044004449
FMNR_red_24_cutoff_7.5.inp.out,1353.6627166347766,-0.2489,0.1207,40.543,49.0,-1302.9548561382,486.3000731995849,1465.8779133964536,-5865.2508600719,0.2429867828004717
FMNR_red_250_cutoff_7.5.inp.out,1356.9119815518918,-0.2417,0.1274,26.6463,49.0,-1302.8993624738,-504.1129596865381,-1172.8220399867866,-5865.2802428887,0.2386565659999178
FMNR_red_251_cutoff_7.5.inp.out,1358.6666544504865,-0.2615,0.1292,19.4882,48.0,-1303.5728913658,-410.1272730215938,-713.8038374512824,-5790.4188285027,0.2530189857998266
FMNR_red_252_cutoff_7.5.inp.out,1372.9301952226426,-0.2309,0.1609,17.1467,47.0,-1303.8791254479,714.7002293976004,3165.87235393207,-5715.1639261285,0.2258350279998922
FMNR_red_253_cutoff_7.5.inp.out,1369.075351916213,-0.2391,0.144,11.8882,48.0,-1303.3783561312,243.40478260000015,695.5055652999916,-5790.1999223122,0.2317227600997284
FMNR_red_254_cutoff_7.5.inp.out,1375.0187484926648,-0.2274,0.148,12.4625,45.0,-1303.9439070305,-105.47822455602768,-47.67778185537133,-5564.2122071617,0.2192538365006839
FMNR_red_255_cutoff_7.5.inp.out,1362.94630032519,-0.2383,0.1492,14.4031,46.0,-1304.3760829587,620.2393582387373,986.8775690765837,-5640.2296285881,0.2350833268992573
FMNR_red_256_cutoff_7.5.inp.out,1358.4397055096515,-0.2244,0.1572,17.3169,45.0,-1304.318924047,139.20143890130058,-945.1371874462416,-5564.6158175503,0.2180424593007046
FMNR_red_257_cutoff_7.5.inp.out,1366.6266238158578,-0.249,0.1396,4.7275,46.0,-1304.1171487908,-867.0057622000021,-734.4305012100036,-5639.9181434592,0.2379289860000426
FMNR_red_258_cutoff_7.5.inp.out,1364.835716668333,-0.2138,0.1555,9.8613,48.0,-1303.1850970373,-1921.8774119999944,-3865.33302080001,-5790.0071613969,0.2104594942002222
FMNR_red_259_cutoff_7.5.inp.out,1366.0757042327316,-0.244,0.1355,16.4048,47.0,-1303.5158643447,-1358.446746447524,-1782.0366767739129,-5714.8913455688,0.2336028406007244
FMNR_red_25_cutoff_7.5.inp.out,1351.4738555445283,-0.2425,0.1407,42.9628,51.0,-1302.3132421733,-462.16989316943113,1103.3549883538583,-6015.5824964032,0.2423470855992491
FMNR_red_260_cutoff_7.5.inp.out,1359.4392984255835,-0.236,0.1435,8.1305,47.0,-1303.8414293695,-951.3000204846956,-2237.7602852230452,-5715.1750946911,0.2305945076996067
FMNR_red_261_cutoff_7.5.inp.out,1359.506215452,-0.223,0.1503,12.4961,47.0,-1303.672486162,-2181.2052668000015,-3374.4592379999644,-5715.0109960704,0.2215424040996367
FMNR_red_262_cutoff_7.5.inp.out,1358.0116708812725,-0.2505,0.1393,16.1766,52.0,-1301.7180697637,-2648.877191743778,-3652.3156416166858,-6090.694292185,0.2466485873001147
FMNR_red_263_cutoff_7.5.inp.out,1364.7341637174345,-0.2021,0.1732,11.6912,49.0,-1303.145348789,-3339.6160092186697,-4340.349073980732,-5865.5573369242,0.2067455456999596
FMNR_red_264_cutoff_7.5.inp.out,1370.8258160321304,-0.2319,0.1488,18.3212,46.0,-1304.3595264304,-788.6813571369804,-2093.586727991363,-5640.1758619634,0.2252555190998464
FMNR_red_265_cutoff_7.5.inp.out,1359.6893624609995,-0.2395,0.1507,11.7345,45.0,-1304.4932094756,-2196.75836037447,-2459.765768108623,-5564.7944836054,0.2325354408003477
FMNR_red_266_cutoff_7.5.inp.out,1359.1079835179369,-0.2154,0.1725,12.1911,46.0,-1304.0293448455,100.62440975077747,-120.10923308105356,-5639.8279645001,0.2117736444006368
FMNR_red_267_cutoff_7.5.inp.out,1360.3893539207054,-0.2143,0.1717,15.5851,46.0,-1303.976759266,314.055223220033,-336.44556296126376,-5639.8164601713,0.2104377645000568
FMNR_red_268_cutoff_7.5.inp.out,1361.253033202025,-0.207,0.1613,18.5692,44.0,-1304.7649115844,-410.6267105002732,60.19762032951781,-5489.5076376918,0.2105054075000225
FMNR_red_269_cutoff_7.5.inp.out,1361.83972847434,-0.2235,0.1423,11.2321,47.0,-1303.7311543185,-173.64786099999873,-1431.2279929000051,-5715.0849186379,0.217791299000055
FMNR_red_26_cutoff_7.5.inp.out,1361.751341692716,-0.2653,0.1593,41.4737,53.0,-1301.5264257828,-338.04626659117866,-414.71955113743974,-6165.8488729674,0.2445060818008642
FMNR_red_270_cutoff_7.5.inp.out,1365.3018014252982,-0.225,0.1493,17.0872,44.0,-1304.580506955,-550.0767208443601,-881.8331767301125,-5489.3394668736,0.2126541724001072
FMNR_red_271_cutoff_7.5.inp.out,1367.4382749975948,-0.2284,0.1442,10.4497,45.0,-1303.9703227197,-2709.036799034101,-3568.985980982435,-5564.2642806104,0.2250429191999501
FMNR_red_272_cutoff_7.5.inp.out,1374.600742976891,-0.2567,0.1389,11.169,47.0,-1303.6101938562,-3022.8637587154058,-5135.086565552572,-5714.975736817,0.2411710383003082
FMNR_red_273_cutoff_7.5.inp.out,1363.7510613565853,-0.2236,0.1516,10.6604,46.0,-1303.9134634057,-1588.173992670557,-3438.4619340927457,-5639.7510637382,0.2220515101007549
FMNR_red_274_cutoff_7.5.inp.out,1364.724954243232,-0.2394,0.1537,8.4263,51.0,-1302.2913999543,-940.2849519840152,-1019.5604125594052,-6015.7396351087,0.229006396600198
FMNR_red_275_cutoff_7.5.inp.out,1368.924603786882,-0.2271,0.1651,8.339,46.0,-1303.7068102132,-996.5261599000022,-425.6958245000014,-5639.5319843386,0.220633281100163
FMNR_red_276_cutoff_7.5.inp.out,1361.382671561875,-0.2728,0.1227,18.894,49.0,-1302.6070403159,472.43915941643303,1936.7159344241245,-5865.0356381811,0.2564682251995691
FMNR_red_277_cutoff_7.5.inp.out,1370.4423182298538,-0.247,0.1439,18.6058,52.0,-1301.6564848294,874.753090619293,3321.959343292648,-6090.6912688112,0.2358749852000983
FMNR_red_278_cutoff_7.5.inp.out,1363.3820732673485,-0.2519,0.1282,16.7869,49.0,-1302.7801890561,-640.1139165144137,167.18438619388823,-5865.2633973398,0.2483029301993156
FMNR_red_279_cutoff_7.5.inp.out,1360.2669237330747,-0.264,0.1164,6.4312,48.0,-1303.053404492,-1216.2473031613447,340.82314728195854,-5789.9815807134,0.2524109366995617
FMNR_red_27_cutoff_7.5.inp.out,1353.5887068949692,-0.2461,0.1701,35.9952,49.0,-1303.0696786962,-3171.1916459705985,-3755.756970298916,-5865.1810629025,0.2356851956001264
FMNR_red_280_cutoff_7.5.inp.out,1365.668998564682,-0.2256,0.1435,17.8623,53.0,-1301.6920857804,-2466.432099698853,-3625.1538652787017,-6166.2501272508,0.2154073441997752
FMNR_red_281_cutoff_7.5.inp.out,1370.6676594369087,-0.2538,0.1499,11.1336,53.0,-1301.1867722469,-472.4640560623976,-738.9350845999895,-6165.7872648643,0.2385085656005685
FMNR_red_282_cutoff_7.5.inp.out,1366.7050597853097,-0.2154,0.1618,14.3556,50.0,-1302.7503072148,-2635.700801665284,-5842.944903506357,-5940.7682008951,0.2129781268995429
FMNR_red_283_cutoff_7.5.inp.out,1367.812635528331,-0.2384,0.1645,7.5798,52.0,-1301.9041418925,-1575.5544580000214,-3761.882304999998,-6090.9522869731,0.2294668042004559
FMNR_red_284_cutoff_7.5.inp.out,1361.5145436110706,-0.2224,0.134,9.6774,52.0,-1301.9755054892,-533.3758277226824,-2579.2272450184796,-6091.0258303473,0.2189938933006487
FMNR_red_285_cutoff_7.5.inp.out,1366.0768238986911,-0.2249,0.1687,14.1233,47.0,-1303.4721416271,-1942.1290097342148,-2992.367373953319,-5714.8656124847,0.2143046975998004
FMNR_red_286_cutoff_7.5.inp.out,1369.6952783743673,-0.2287,0.1493,11.2092,48.0,-1303.3991640269,-439.9315915614237,-1169.556177107691,-5790.3402930426,0.2188789729007112
FMNR_red_287_cutoff_7.5.inp.out,1366.552329456873,-0.2293,0.1587,9.093,48.0,-1303.0364718419,-1471.2820733806102,-1728.6224977207596,-5789.9267713152,0.2211151559004065
FMNR_red_288_cutoff_7.5.inp.out,1357.076668415309,-0.2252,0.149,12.0958,48.0,-1302.877124855,-2131.6610096588556,-2538.3900618874973,-5789.7761845641,0.2195734502993218
FMNR_red_289_cutoff_7.5.inp.out,1364.0457607760604,-0.2527,0.123,10.0644,52.0,-1302.0686766185,-1738.2787587627563,-3860.721366496659,-6091.1038569555,0.2423731425005826
FMNR_red_28_cutoff_7.5.inp.out,1342.529700161633,-0.2303,0.157,44.1686,50.0,-1302.7073696781,-2534.945371286349,-4312.49716657613,-5940.4164035256,0.2286769519996596
FMNR_red_290_cutoff_7.5.inp.out,1364.893081495686,-0.2311,0.1555,15.4868,52.0,-1302.322387105,-2226.105034102771,-2072.4295049874363,-6091.2876511382,0.2290941760002169
FMNR_red_291_cutoff_7.5.inp.out,1365.9270707748672,-0.2564,0.133,11.4631,48.0,-1303.7334682597,-2001.537663594972,-2845.894664658374,-5790.6788520295,0.247719237900128
FMNR_red_292_cutoff_7.5.inp.out,1361.5662590401253,-0.2133,0.1856,15.9744,46.0,-1304.0903688638,-1033.91201352673,-1445.879070624188,-5639.8971308108,0.2149739185997532
FMNR_red_293_cutoff_7.5.inp.out,1361.3370809021128,-0.2479,0.1459,9.6575,44.0,-1305.0180211952,-1800.42198382018,-2690.526588923925,-5489.6668714577,0.2381484859997726
FMNR_red_294_cutoff_7.5.inp.out,1355.726773585107,-0.214,0.1611,11.2692,43.0,-1305.2037576065,666.3699575372513,1485.6400606741638,-5414.373079366,0.2171583947001636
FMNR_red_295_cutoff_7.5.inp.out,1360.730997760015,-0.2232,0.1499,14.6862,45.0,-1305.0049790218,-1384.464501119848,-1144.7349080420445,-5565.2631243221,0.2185668648999126
FMNR_red_296_cutoff_7.5.inp.out,1361.8147656137176,-0.2705,0.1158,12.4249,47.0,-1303.7475193858,-189.04171083013296,-1465.839618718093,-5715.023217533,0.255868248799743
FMNR_red_297_cutoff_7.5.inp.out,1363.541227717437,-0.2369,0.146,14.7378,45.0,-1304.729007171,-2685.984568981904,-4169.2929241887505,-5564.9039708884,0.2349985788996491
FMNR_red_298_cutoff_7.5.inp.out,1365.583827788707,-0.2124,0.1772,11.1333,46.0,-1304.0831476391,-2861.1854251125324,-4109.218733459323,-5639.8212540016,0.2172562101995936
FMNR_red_299_cutoff_7.5.inp.out,1349.8277433492626,-0.2375,0.1473,24.2083,49.0,-1303.3639723202,-2060.783760324203,-4074.6626581583896,-5865.6677219211,0.234797142800744
FMNR_red_29_cutoff_7.5.inp.out,1363.1167640509505,-0.2215,0.1625,49.28,51.0,-1302.5362294422,-806.7348693000023,-589.7692894999976,-6015.8173859157,0.2163840794000862
FMNR_red_2_cutoff_7.5.inp.out,1364.6702237921284,-0.2561,0.1335,11.9687,47.0,-1303.8762497924,-1532.13563113106,-1973.44798044111,-5715.2256976638,0.2412490239003091
FMNR_red_300_cutoff_7.5.inp.out,1370.6030761313075,-0.2595,0.1418,18.2618,47.0,-1304.1752735998,-1950.702814780056,-5027.923402213144,-5715.379584775,0.2468171679993247
FMNR_red_301_cutoff_7.5.inp.out,1368.6044399908733,-0.2433,0.1397,7.4042,45.0,-1304.7568684271,-1036.073757943375,-3518.9048892656783,-5564.8248412557,0.2381131294005172
FMNR_red_302_cutoff_7.5.inp.out,1364.4948258631152,-0.2263,0.1335,11.5577,49.0,-1303.2705977856,-2015.277755775747,-4703.143211238599,-5865.4872670905,0.2174869185992065
FMNR_red_303_cutoff_7.5.inp.out,1367.2201009177047,-0.1818,0.2082,11.4945,48.0,-1303.4377349887,-2889.0932403939655,-4915.582219188351,-5790.1114191358,0.1903074091997041
FMNR_red_304_cutoff_7.5.inp.out,1344.2801565825018,-0.2136,0.1432,8.8392,50.0,-1302.7902970915,-2756.662116126652,-5151.536626587292,-5940.6055100502,0.228172473000086
FMNR_red_305_cutoff_7.5.inp.out,1347.7444948459568,-0.2447,0.136,15.1287,52.0,-1301.7280775265,-2047.8808382113136,-4255.738365577089,-6090.6274537664,0.2455143022007178
FMNR_red_306_cutoff_7.5.inp.out,1350.6528310219865,-0.2253,0.1401,8.6873,52.0,-1301.9424083337,-3738.807377021152,-7057.91116827893,-6090.7959579372,0.2342484338005306
FMNR_red_307_cutoff_7.5.inp.out,1350.8530543186976,-0.2267,0.1595,17.0437,53.0,-1302.0502477018,-3236.626896733247,-6015.369370137287,-6166.4518018673,0.2257918631003121
FMNR_red_308_cutoff_7.5.inp.out,1356.5783607744188,-0.2386,0.1393,19.0892,53.0,-1301.7807260198,-3787.8509400000103,-5212.383351899987,-6166.2548953887,0.2316572449008163
FMNR_red_309_cutoff_7.5.inp.out,1346.323926957125,-0.2383,0.1424,15.8217,49.0,-1303.4732083688,-3706.223153773143,-7130.152533940361,-5865.7882742818,0.2370070629003748
FMNR_red_30_cutoff_7.5.inp.out,1361.4161134218014,-0.2077,0.1651,39.9004,50.0,-1302.8287088668,-876.2294994999911,-659.9116258000182,-5940.5457642245,0.2176769600000625
FMNR_red_310_cutoff_7.5.inp.out,1361.8079335008667,-0.22,0.1789,15.7526,50.0,-1302.9782959707,-2919.33717469817,-6315.701023797676,-5940.9293047905,0.2163481750003484
FMNR_red_311_cutoff_7.5.inp.out,1364.9247099013876,-0.2376,0.1626,11.1764,50.0,-1302.646686548,-4257.108554200088,-10475.816411590762,-5940.4953880322,0.2321324108006592
FMNR_red_312_cutoff_7.5.inp.out,1363.2265728035293,-0.1985,0.1715,10.4213,51.0,-1302.7313434471,-4952.461304902798,-10171.491732942975,-6016.1023567725,0.2087467859000753
FMNR_red_313_cutoff_7.5.inp.out,1370.5320001736698,-0.2318,0.1407,30.1953,52.0,-1302.3278232192,-3699.8237357000166,-7343.420074629072,-6091.2130240379,0.2292980880001778
FMNR_red_314_cutoff_7.5.inp.out,1354.7844533850987,-0.2012,0.1485,29.3192,52.0,-1302.1295211986,-4145.069519999956,-8791.713645799939,-6090.9857601814,0.2167238407000695
FMNR_red_315_cutoff_7.5.inp.out,1364.794580921509,-0.22,0.154,37.2299,52.0,-1302.234733191,-4734.163997465343,-8770.150593369335,-6091.1692408145,0.2211147483003515
FMNR_red_316_cutoff_7.5.inp.out,1353.8158609474851,-0.2237,0.1629,39.6862,52.0,-1302.3446417674,-3578.3784556182873,-9172.172072910318,-6091.2305132933,0.2296223841995015
FMNR_red_317_cutoff_7.5.inp.out,1361.256958324124,-0.2205,0.1666,40.6274,53.0,-1301.8993074405,-4763.606073601284,-9897.905504895867,-6166.2540137775,0.2210764226001629
FMNR_red_318_cutoff_7.5.inp.out,1359.1975042603476,-0.1858,0.1666,19.6581,49.0,-1303.2189101213,-3246.012112934471,-5781.185369691828,-5865.4484370194,0.2066480121002314
FMNR_red_319_cutoff_7.5.inp.out,1360.788196568096,-0.2398,0.1493,26.6949,52.0,-1302.0671354661,-3932.365292253648,-8971.49666597094,-6090.9820035409,0.2436606779992871
FMNR_red_31_cutoff_7.5.inp.out,1362.6550495180932,-0.1856,0.1561,33.5165,48.0,-1303.1421173896,-1379.6052302933786,-1653.6332487651014,-5789.797007358,0.1948195708000639
FMNR_red_320_cutoff_7.5.inp.out,1369.2248421438578,-0.2189,0.1443,26.5532,47.0,-1303.693147597,-4219.911719907531,-7703.157073149313,-5714.9715671645,0.2167006384997876
FMNR_red_321_cutoff_7.5.inp.out,1348.632576173154,-0.227,0.143,29.6064,50.0,-1302.4415142024,-1714.369369818933,-5213.816747078013,-5940.2770958102,0.2262687688998994
FMNR_red_322_cutoff_7.5.inp.out,1351.5222926524823,-0.2528,0.1427,28.0665,50.0,-1302.777550016,-4892.518429847991,-10608.180227109326,-5940.6340694352,0.2450157214007049
FMNR_red_323_cutoff_7.5.inp.out,1361.9884284336647,-0.2381,0.1498,24.3644,49.0,-1303.4206975283,-4883.550596444473,-9889.4080854821,-5865.7717970605,0.2283665371005554
FMNR_red_324_cutoff_7.5.inp.out,1353.2515180116725,-0.2268,0.1681,10.6574,49.0,-1303.058897843,-2937.7481414452186,-6807.790449583595,-5865.2348153207,0.2331984461998217
FMNR_red_325_cutoff_7.5.inp.out,1358.0088130783292,-0.2578,0.1364,21.1525,51.0,-1302.420523493,-2962.0385407984195,-6461.9317511696245,-6015.696828838,0.2499264412999764
FMNR_red_326_cutoff_7.5.inp.out,1364.9662932778676,-0.2234,0.1459,15.6963,47.0,-1303.8292558303,-3226.8935851999217,-6497.610164053709,-5714.8813748975,0.2202783448001355
FMNR_red_327_cutoff_7.5.inp.out,1363.876377530248,-0.2274,0.1526,16.0824,46.0,-1304.2809898459,-3978.000607672294,-9434.10519848905,-5639.8029896144,0.2152362655006072
FMNR_red_328_cutoff_7.5.inp.out,1362.2657577520897,-0.2477,0.1455,29.5454,46.0,-1304.479650863,-4211.18898236107,-10602.748472154724,-5639.9869481088,0.2464104609998685
FMNR_red_329_cutoff_7.5.inp.out,1354.531724244448,-0.2174,0.175,16.5256,45.0,-1304.5072805397,-3927.1362542568,-8099.805709579046,-5564.5142597859,0.2219622701004482
FMNR_red_32_cutoff_7.5.inp.out,1352.2563630363788,-0.1973,0.173,43.961,47.0,-1303.8406770956,-2714.045100079341,-3638.723793233021,-5714.8890584477,0.2110526764008682
FMNR_red_330_cutoff_7.5.inp.out,1365.2376100518718,-0.2489,0.1299,25.1094,47.0,-1303.7751694679,-2493.41375941123,-8644.81159880287,-5714.866745182,0.2395854530004726
FMNR_red_331_cutoff_7.5.inp.out,1361.9263443498644,-0.2444,0.1491,23.5754,49.0,-1302.8875481453,-3747.3862893825553,-7853.905600109723,-5864.9518784649,0.229271908499868
FMNR_red_332_cutoff_7.5.inp.out,1351.1381780740294,-0.2327,0.1635,18.1599,51.0,-1302.1267002507,-3795.638934357264,-6753.354243069042,-6015.3428931376,0.2269224756000767
FMNR_red_333_cutoff_7.5.inp.out,1354.900937240583,-0.21,0.1681,26.6864,52.0,-1301.9484034152,-2763.632379077978,-6133.682935896046,-6090.6307859676,0.2112242458006221
FMNR_red_334_cutoff_7.5.inp.out,1353.557358376513,-0.1955,0.1828,28.1615,54.0,-1301.4014237271,-4146.714332819688,-8077.969986517403,-6241.0860283006,0.2019363743002031
FMNR_red_335_cutoff_7.5.inp.out,1352.867580639617,-0.2088,0.1317,23.0039,50.0,-1302.9209676614,-3788.940304606786,-7077.4340063930085,-5940.6315006176,0.2072630932007086
FMNR_red_336_cutoff_7.5.inp.out,1346.169017366335,-0.2268,0.1386,29.4386,52.0,-1302.0507084957,-4273.963968069582,-8126.426969546051,-6090.7422193868,0.2249591549998513
FMNR_red_337_cutoff_7.5.inp.out,1355.4372486041364,-0.2199,0.1743,25.5781,48.0,-1303.5188861349,-3341.855782537263,-5775.469258155874,-5789.9794791202,0.2200351746996602
FMNR_red_338_cutoff_7.5.inp.out,1341.68677389574,-0.2495,0.1414,21.4926,51.0,-1302.6150945735,-3499.330661324685,-7091.9466288783415,-6015.5787556777,0.2315390113999456
FMNR_red_339_cutoff_7.5.inp.out,1364.1760268553676,-0.2512,0.1239,10.0243,52.0,-1302.0876754308,-3556.409378864186,-7141.3718879621,-6091.1241509963,0.2415655301001606
FMNR_red_33_cutoff_7.5.inp.out,1354.7845475193908,-0.2186,0.1619,36.5389,48.0,-1303.1002747744,-3296.8376664833336,-4813.059492835186,-5789.7416658318,0.219127462999495
FMNR_red_340_cutoff_7.5.inp.out,1364.9036948168257,-0.2354,0.162,10.3142,50.0,-1302.9698848853,-3849.857817138352,-7894.370132921928,-5940.9100467235,0.2317146287005016
FMNR_red_341_cutoff_7.5.inp.out,1366.7802510744675,-0.2598,0.1184,15.4037,44.0,-1304.9009799105,-4000.480369023255,-6842.989346993794,-5489.6188406681,0.245124757099802
FMNR_red_342_cutoff_7.5.inp.out,1367.9994864554074,-0.2552,0.1483,20.76,43.0,-1305.0705078638,-2967.3426993233234,-5345.789563772565,-5414.292232345,0.2450849435999771
FMNR_red_343_cutoff_7.5.inp.out,1365.734324571459,-0.2704,0.1224,14.6562,47.0,-1303.8767915249,-1177.9551161437032,-2372.4073851902504,-5715.219813927,0.2512231927003086
FMNR_red_344_cutoff_7.5.inp.out,1366.8044070696033,-0.2417,0.1304,15.177,45.0,-1304.6016554387,565.2259278240799,1546.1215232051875,-5564.8388263447,0.2329133702005492
FMNR_red_345_cutoff_7.5.inp.out,1364.1758152582229,-0.2116,0.1846,18.2696,46.0,-1304.2118832743,-1053.401917999993,-1418.119638400001,-5639.944988419,0.2066625143997953
FMNR_red_346_cutoff_7.5.inp.out,1371.2118886582682,-0.2268,0.1666,16.1422,47.0,-1304.0135424045,-320.0889286000017,-365.8616471999948,-5715.3635710601,0.2178323903999626
FMNR_red_347_cutoff_7.5.inp.out,1371.097637599555,-0.2455,0.1329,8.2526,45.0,-1304.6980419206,-139.174483450474,-1327.6156361633746,-5564.926995261,0.2318346788997587
FMNR_red_348_cutoff_7.5.inp.out,1367.1289785263118,-0.2207,0.1431,14.036,46.0,-1304.0635983524,-269.5314940619105,-192.51595252113688,-5639.8263755259,0.2147430930999689
FMNR_red_349_cutoff_7.5.inp.out,1361.7547485672562,-0.2379,0.1347,0.5183,47.0,-1304.1709183385,-49.64193412535556,-672.1904897654231,-5715.5896729253,0.2333953970000948
FMNR_red_34_cutoff_7.5.inp.out,1348.8977041349424,-0.1978,0.2029,35.3182,45.0,-1304.5379661714,-2313.6931628763527,-2815.4012904401666,-5564.3796485901,0.2029249140996398
FMNR_red_350_cutoff_7.5.inp.out,1366.8106288484485,-0.2214,0.165,13.0483,44.0,-1305.1274492608,-2509.5445737815594,-1681.1201964923337,-5489.8795186398,0.2173187598000368
FMNR_red_351_cutoff_7.5.inp.out,1358.0963848287272,-0.2435,0.1327,20.0074,47.0,-1303.8990781783,-1082.587615599993,-104.80712232000133,-5715.2777249544,0.2378962272996432
FMNR_red_352_cutoff_7.5.inp.out,1364.8425590371044,-0.2408,0.1426,19.5337,46.0,-1304.4190154263,-845.5915164076364,-980.2803411186728,-5640.2361886561,0.2374758898995423
FMNR_red_353_cutoff_7.5.inp.out,1359.1345326662886,-0.2153,0.1661,16.0913,48.0,-1303.4685969452,-2665.4479511452787,-3666.073206569565,-5790.3193592603,0.216223369599902
FMNR_red_354_cutoff_7.5.inp.out,1359.285098397525,-0.2486,0.1362,25.6817,46.0,-1303.8285067539,571.0764845229451,-935.6136829853824,-5639.7075643814,0.2449088592993575
FMNR_red_355_cutoff_7.5.inp.out,1368.1972244116946,-0.2586,0.1382,23.3807,45.0,-1304.1819118411,-1490.460848459358,-966.9022715013206,-5564.5376083684,0.2508727604999876
FMNR_red_356_cutoff_7.5.inp.out,1370.285756557336,-0.2473,0.1326,17.8576,44.0,-1305.1241658185,-677.2020165999554,-1141.6657169868638,-5489.9286131178,0.2370632537003985
FMNR_red_357_cutoff_7.5.inp.out,1366.1455240037883,-0.2497,0.1367,23.8896,39.0,-1307.1308073445,-954.033331865705,-2333.7722812253937,-5114.281443663,0.2445379254995714
FMNR_red_358_cutoff_7.5.inp.out,1369.459623921583,-0.232,0.1458,24.1186,43.0,-1305.1530416914,-1869.7679262660515,-2156.747939945782,-5414.4062963273,0.2261195812998266
FMNR_red_359_cutoff_7.5.inp.out,1366.8921437341407,-0.2269,0.1406,15.4804,48.0,-1303.5285099007,203.18438628074713,-615.8481719070305,-5790.409039195,0.2195917611998084
FMNR_red_35_cutoff_7.5.inp.out,1340.6372459738304,-0.2448,0.1634,32.4481,45.0,-1304.3912312288,-2014.0119680158791,-3235.567685122387,-5564.2514568556,0.2233923542999036
FMNR_red_360_cutoff_7.5.inp.out,1361.6642275390784,-0.2418,0.1423,13.2478,46.0,-1303.9964999367,692.5886584106479,1561.6469833514673,-5639.8061300672,0.2346836615997745
FMNR_red_361_cutoff_7.5.inp.out,1359.031753007842,-0.2313,0.1559,15.9981,48.0,-1303.3732331656,-681.5775258217934,-1796.6018996962994,-5790.2759286669,0.2202488165994509
FMNR_red_362_cutoff_7.5.inp.out,1362.4836483032973,-0.2179,0.1511,13.5952,46.0,-1303.816173236,206.82579799349745,575.189505932781,-5639.6247687101,0.2153707711004244
FMNR_red_363_cutoff_7.5.inp.out,1369.9784426216277,-0.2205,0.1529,12.7482,46.0,-1303.8094581344,-697.0620524731125,-234.45650901604708,-5639.5769357212,0.2113072596994243
FMNR_red_364_cutoff_7.5.inp.out,1370.506130137247,-0.2275,0.1621,13.4462,49.0,-1302.9917367161,-1227.1369904173828,-1529.8598029805112,-5865.3691551175,0.2174227320001591
FMNR_red_365_cutoff_7.5.inp.out,1373.5386170222237,-0.246,0.1328,15.1849,47.0,-1303.3750099814,-3.285576185572825,816.877947177124,-5714.7330856194,0.2306498200996429
FMNR_red_366_cutoff_7.5.inp.out,1367.5861298612583,-0.2316,0.1524,10.884,45.0,-1303.7543334427,-1119.7257931246802,-191.22642122623023,-5563.9623072288,0.2217608437995295
FMNR_red_367_cutoff_7.5.inp.out,1363.703931567338,-0.2357,0.1546,12.986,48.0,-1303.5186834408,-354.32931604455933,111.23534082051566,-5790.2885395099,0.221690456000033
FMNR_red_368_cutoff_7.5.inp.out,1365.6377411502529,-0.2426,0.1387,7.6542,47.0,-1303.5888020013,-881.2239062815312,-1508.2468660633242,-5714.8630202108,0.2256681888993625
FMNR_red_369_cutoff_7.5.inp.out,1359.793572934379,-0.2165,0.1493,17.6821,47.0,-1303.6262175586,-1553.3088290104731,-1498.1472030848618,-5714.8668891989,0.2112725472998136
FMNR_red_36_cutoff_7.5.inp.out,1341.182330330475,-0.2174,0.1487,38.1374,46.0,-1304.1619876775,-3416.994400997516,-5550.8839318099335,-5639.4377194506,0.2252435697000692
FMNR_red_370_cutoff_7.5.inp.out,1365.3134256990777,-0.2491,0.1432,14.3056,49.0,-1302.9059638375,164.46806765554882,3219.2812145134612,-5865.2203234225,0.2462592411002333
FMNR_red_371_cutoff_7.5.inp.out,1358.6733675924436,-0.234,0.149,11.2786,49.0,-1302.8184595078,-1613.4866871209397,-882.0050994962982,-5865.1077583506,0.2302129786994555
FMNR_red_372_cutoff_7.5.inp.out,1356.6590108826997,-0.2334,0.1687,13.2205,48.0,-1303.3490247055,42.31984936013222,1254.051002692975,-5790.1253767948,0.2316524708003271
FMNR_red_373_cutoff_7.5.inp.out,1358.6435443202984,-0.2303,0.1578,5.8634,48.0,-1303.153880239,-539.3666067310564,451.56219112257776,-5789.9494596162,0.2231214100002034
FMNR_red_374_cutoff_7.5.inp.out,1351.714457219531,-0.2473,0.1506,7.7984,48.0,-1303.5807894396,-378.4178444793106,857.9033438490493,-5790.3417395739,0.2443386432996703
FMNR_red_375_cutoff_7.5.inp.out,1361.896100324513,-0.2407,0.1614,18.6637,49.0,-1303.0707362261,-108.21979409626468,-1238.9657020975656,-5865.3263555549,0.2335811352004384
FMNR_red_376_cutoff_7.5.inp.out,1371.363483128816,-0.2166,0.1604,8.6024,48.0,-1303.2540644186,-1703.4616254699342,-3783.186852171108,-5789.9287288376,0.2178122723998967
FMNR_red_377_cutoff_7.5.inp.out,1375.853908444319,-0.245,0.1481,16.2098,48.0,-1303.4338711107,-3039.373720955396,-3610.682979494826,-5790.1116707541,0.2369363145999159
FMNR_red_378_cutoff_7.5.inp.out,1377.4132444280158,-0.2381,0.1535,20.3413,48.0,-1303.2514052392,-1987.1624258671943,-3993.6268227303894,-5789.9892668461,0.2313526094003464
FMNR_red_379_cutoff_7.5.inp.out,1360.5293019938154,-0.237,0.1727,13.6333,46.0,-1303.9601369386,-120.63218603514528,133.2234315526028,-5639.6147952548,0.2264889253001456
FMNR_red_37_cutoff_7.5.inp.out,1340.9938031873305,-0.1972,0.1836,26.9902,47.0,-1303.5120026863,-2557.982640249259,-4818.583156295258,-5714.3676771437,0.2031946932002029
FMNR_red_380_cutoff_7.5.inp.out,1371.2050697275083,-0.2334,0.1623,19.8052,47.0,-1303.5764970845,-1789.1714622696777,-3543.882269078706,-5714.8301142622,0.2217802651002784
FMNR_red_381_cutoff_7.5.inp.out,1352.9060711459667,-0.2064,0.1877,29.3089,46.0,-1303.715628623,-3263.956986039763,-5146.675419419373,-5639.3551071965,0.2007951978002893
FMNR_red_382_cutoff_7.5.inp.out,1353.9569654264471,-0.2431,0.135,30.7442,46.0,-1303.9810056177,-3211.9677120679553,-6925.582491890202,-5639.5962457353,0.2380065471998023
FMNR_red_383_cutoff_7.5.inp.out,1370.0235952932203,-0.2106,0.1835,13.1654,48.0,-1303.0438642668,-1512.8416952425823,-2013.355759090843,-5789.7353383958,0.2096161792997009
FMNR_red_384_cutoff_7.5.inp.out,1371.1559614889666,-0.2133,0.1615,23.617,50.0,-1302.2125255453,-2383.8990908967226,-3164.598569595413,-5940.0427668671,0.2158070879004299
FMNR_red_385_cutoff_7.5.inp.out,1358.129258421883,-0.2335,0.1469,24.7886,52.0,-1301.9584092037,-2514.975664973149,-4783.017021512193,-6090.8896477469,0.2327790926001398
FMNR_red_386_cutoff_7.5.inp.out,1353.9302499706134,-0.2511,0.1332,30.4892,48.0,-1303.6127155745,-3538.253993477854,-4412.592454797382,-5790.3427710299,0.2345610303000285
FMNR_red_387_cutoff_7.5.inp.out,1353.5956000808742,-0.235,0.1584,28.9107,50.0,-1302.7602906373,-230.91591825016647,-1356.1135662471042,-5940.5623466536,0.2288561818004382
FMNR_red_388_cutoff_7.5.inp.out,1363.6564274743448,-0.2154,0.1834,28.5191,52.0,-1302.1577873933,-2265.230640641226,-4622.745555743909,-6091.0570448658,0.2098587381997276
FMNR_red_389_cutoff_7.5.inp.out,1364.003763275535,-0.2524,0.1236,9.9756,52.0,-1302.0904584651,-1162.326293886582,-4212.221913520293,-6091.1257734187,0.2421343729993168
FMNR_red_38_cutoff_7.5.inp.out,1342.9879881865988,-0.2324,0.118,29.9675,49.0,-1302.6933380301,-726.8500749999987,-3071.9799248500126,-5864.3873820591,0.2450299849006114
FMNR_red_390_cutoff_7.5.inp.out,1366.8255050323771,-0.2391,0.1547,9.4181,49.0,-1303.4458511463,-1250.1725103400236,-2736.9482081855413,-5865.8734213908,0.2376332327003183
FMNR_red_391_cutoff_7.5.inp.out,1369.0454217062363,-0.2505,0.1383,15.951,48.0,-1303.4855231821,-2465.6946343029063,-4032.6480921478583,-5790.4280455776,0.2411230159004844
FMNR_red_392_cutoff_7.5.inp.out,1361.285286975282,-0.2092,0.1759,14.4534,44.0,-1305.0976152372,-1972.4284992544435,-2884.591356488409,-5489.8624807046,0.2102742778997708
FMNR_red_393_cutoff_7.5.inp.out,1358.7594248628002,-0.2542,0.1248,11.1334,43.0,-1305.273087959,-2244.5376561147127,-2523.78814541216,-5414.5216163469,0.2430582534998393
FMNR_red_394_cutoff_7.5.inp.out,1358.2215554685274,-0.2498,0.129,19.2241,44.0,-1305.140033479,573.4046412069824,1538.6125499789568,-5489.832794208,0.2358388364000347
FMNR_red_395_cutoff_7.5.inp.out,1362.203427031052,-0.2638,0.1264,15.4875,46.0,-1304.6455223943,-453.7038995059827,-87.81101317167528,-5640.4637584957,0.2480299246999493
FMNR_red_396_cutoff_7.5.inp.out,1359.7538979707529,-0.2364,0.1435,19.0152,45.0,-1304.914940293,-235.4226218771425,-894.7963097027981,-5565.1993048373,0.2284757075995003
FMNR_red_397_cutoff_7.5.inp.out,1356.720728624835,-0.2404,0.1435,13.1741,47.0,-1304.3057845454,-1291.1509907968089,-1469.2682376306066,-5715.671662255,0.2325696107000112
FMNR_red_398_cutoff_7.5.inp.out,1369.238254084566,-0.2522,0.1236,9.3754,48.0,-1303.5625522615,-314.9722359432151,-1044.2525287008962,-5790.45776348,0.238069058599649
FMNR_red_399_cutoff_7.5.inp.out,1359.8924682021798,-0.2292,0.1435,6.9329,45.0,-1304.6473493284,-1833.591094786789,-3545.3394149862825,-5565.0037897877,0.2222237839005174
FMNR_red_39_cutoff_7.5.inp.out,1350.5952214780582,-0.2094,0.1778,32.6529,48.0,-1302.8900551341,-3014.388186211592,-5219.34605198697,-5789.0450316723,0.2128327333002744
FMNR_red_3_cutoff_7.5.inp.out,1352.369008638014,-0.2194,0.1744,9.8977,41.0,-1306.0734854719,-3016.2811937157812,-3078.7478383490643,-5264.2275270306,0.2208230303995151
FMNR_red_400_cutoff_7.5.inp.out,1364.4151340614876,-0.2576,0.1238,10.3187,44.0,-1305.069032521,-727.0466398535327,-2975.8018155677387,-5489.9056743269,0.247813425199638
FMNR_red_401_cutoff_7.5.inp.out,1358.184897252265,-0.2249,0.1597,10.4076,42.0,-1305.8561898789,-799.8583558135092,-1668.2678735290726,-5339.5401447312,0.2217437379003968
FMNR_red_402_cutoff_7.5.inp.out,1359.7840924072143,-0.2373,0.1502,7.1271,43.0,-1305.5482540621,-826.7851573640095,-1859.029293168848,-5414.8249550298,0.2240595567000127
FMNR_red_403_cutoff_7.5.inp.out,1356.7076419125628,-0.2389,0.1498,8.6338,46.0,-1304.572454455,-1206.4198653012324,-4283.870406449823,-5640.4467319727,0.2336684228002923
FMNR_red_404_cutoff_7.5.inp.out,1358.0621014904184,-0.2377,0.136,4.1468,47.0,-1304.0923130703,-4686.654593188171,-7934.648357072659,-5715.4490137165,0.2321472624998932
FMNR_red_405_cutoff_7.5.inp.out,1361.9069119767423,-0.2563,0.1336,6.3273,46.0,-1304.5753649889,-1195.2848422139575,-4398.780666114972,-5640.4273035099,0.2446984865000558
FMNR_red_406_cutoff_7.5.inp.out,1349.170723799533,-0.1998,0.1822,8.4496,45.0,-1305.3122637119,-2942.4436021444903,-5884.248067093297,-5565.5749615146,0.2020628384998417
FMNR_red_407_cutoff_7.5.inp.out,1359.4044257781,-0.2398,0.1477,15.0958,47.0,-1304.3168131871,-1864.3555381114736,-3107.1803628968128,-5715.651230695,0.2374633407998772
FMNR_red_408_cutoff_7.5.inp.out,1358.0900441535337,-0.247,0.1417,7.8896,47.0,-1304.1905363892,-1351.8270456486832,-1556.0988509914755,-5715.5253167311,0.2355775730002278
FMNR_red_409_cutoff_7.5.inp.out,1356.886572832087,-0.2506,0.1227,3.6669,49.0,-1303.6926580913,-76.45977425967986,756.7149979178967,-5866.0796155025,0.2367130983993775
FMNR_red_40_cutoff_7.5.inp.out,1321.283613131194,-0.2413,0.0953,25.8599,45.0,-1304.2203503056,-1493.5640616787484,-3662.323757338334,-5563.8907350655,0.2480645466002897
FMNR_red_410_cutoff_7.5.inp.out,1374.0376504689166,-0.2517,0.1386,13.2731,48.0,-1304.0215689711,636.7275139999982,-771.2871086999962,-5790.907931022,0.2393741093001153
FMNR_red_411_cutoff_7.5.inp.out,1365.7630104134969,-0.2322,0.1693,13.4853,49.0,-1303.2684477064,-2696.4007571877223,-2467.0854061193168,-5865.7400873474,0.230006554999818
FMNR_red_412_cutoff_7.5.inp.out,1361.750502791049,-0.2473,0.1298,8.9106,47.0,-1304.3351187554,-1029.9020991000016,-2277.1352830999767,-5715.7113536213,0.2378191426005287
FMNR_red_413_cutoff_7.5.inp.out,1356.9709427789044,-0.2517,0.1369,8.9347,46.0,-1304.3453410271,-879.7260539443721,-1496.4836971265947,-5640.1358356525,0.2445660497005519
FMNR_red_414_cutoff_7.5.inp.out,1365.7401250665907,-0.2256,0.1289,13.4656,48.0,-1304.087694573,-1000.0444936395376,-1016.899720032134,-5791.0335177803,0.2168656748999637
FMNR_red_415_cutoff_7.5.inp.out,1360.0458710312432,-0.2523,0.1357,24.4036,51.0,-1302.7071319945,-1334.0663646348237,-2735.517484644189,-6016.2097259335,0.2360220365999339
FMNR_red_416_cutoff_7.5.inp.out,1367.877235655728,-0.2228,0.1556,21.8491,48.0,-1304.168791974,-3034.452641999992,-6838.200437769999,-5791.1069127801,0.2177200757996615
FMNR_red_417_cutoff_7.5.inp.out,1358.9001046765056,-0.2403,0.1517,12.2255,50.0,-1303.1549123316,-1921.9496813317537,-4328.618351616036,-5941.1089174417,0.2287051269004223
FMNR_red_418_cutoff_7.5.inp.out,1365.1792790857885,-0.2291,0.1509,14.7802,50.0,-1302.9188364505,-1569.6946603698652,-4054.247817706991,-5940.8587778768,0.2209601121003288
FMNR_red_419_cutoff_7.5.inp.out,1371.431571498159,-0.242,0.163,8.0764,52.0,-1302.4467042813,-1021.6088357190048,-1762.6714836577255,-6091.5198644853,0.2355491682001229
FMNR_red_41_cutoff_7.5.inp.out,1338.2287349936887,-0.2154,0.1438,23.0203,44.0,-1304.4873758181,-436.7615311213138,-2647.340279469952,-5488.6520220289,0.2285030309994908
FMNR_red_420_cutoff_7.5.inp.out,1369.1818533814187,-0.2155,0.1397,7.0949,48.0,-1304.0503681526,-948.0312368337452,-1716.7135019661291,-5790.9407887339,0.2183400226995218
FMNR_red_421_cutoff_7.5.inp.out,1369.6849467174266,-0.2187,0.157,13.6226,46.0,-1303.987967143,138.85421599101295,-690.2704944362548,-5639.8760069222,0.2161225695999746
FMNR_red_422_cutoff_7.5.inp.out,1357.4733715237664,-0.238,0.1324,13.6638,48.0,-1303.792885236,-243.0822675825865,-40.80180898993489,-5790.7143188275,0.2330573161998472
FMNR_red_423_cutoff_7.5.inp.out,1360.9086649394667,-0.2117,0.1604,15.8444,50.0,-1302.7800246783,-1046.3201805747517,50.456929483385665,-5940.7417374652,0.2082825913994384
FMNR_red_424_cutoff_7.5.inp.out,1371.3816522832492,-0.2303,0.1623,22.8885,53.0,-1302.3685976726,368.44722143834974,1223.6906315608603,-6166.9303922208,0.2241659718001756
FMNR_red_425_cutoff_7.5.inp.out,1368.8626883442985,-0.2466,0.1313,22.2852,50.0,-1302.7167008407,-547.004509581546,-192.07914746083193,-5940.7160797134,0.2360123083999497
FMNR_red_426_cutoff_7.5.inp.out,1370.490823783926,-0.227,0.1556,26.2947,48.0,-1303.6771802901,-1340.7790348365636,-2358.288344023877,-5790.6143059237,0.2185062974995162
FMNR_red_427_cutoff_7.5.inp.out,1361.011504453067,-0.2252,0.1595,19.7296,46.0,-1304.3942078058,-475.7851644728375,-686.3547874498813,-5640.3019241236,0.2229779704002794
FMNR_red_428_cutoff_7.5.inp.out,1353.26986769888,-0.2273,0.1464,21.5762,48.0,-1303.8431240107,-1834.7836645599716,-1727.717735528534,-5790.770651942,0.2231710381001903
FMNR_red_429_cutoff_7.5.inp.out,1364.6480240915353,-0.2533,0.1314,18.8118,48.0,-1303.4206964189,-620.6967903025915,-600.1465521528519,-5790.3078398733,0.244804864300022
FMNR_red_42_cutoff_7.5.inp.out,1337.2659065393714,-0.2294,0.1368,32.7359,44.0,-1304.3271616936,-3229.553109684832,-6832.736222860242,-5488.4458591745,0.2315575080001508
FMNR_red_430_cutoff_7.5.inp.out,1360.4404676115305,-0.2517,0.1304,26.5601,47.0,-1304.4400393357,-606.0233279999994,-1116.885848199987,-5715.8138674704,0.2365516193995063
FMNR_red_431_cutoff_7.5.inp.out,1367.4537330210974,-0.234,0.1517,23.106,45.0,-1304.8220319712,-966.6032863999976,-253.1548977000029,-5565.1786502878,0.225584095499471
FMNR_red_432_cutoff_7.5.inp.out,1376.6930388688045,-0.22,0.1596,14.9715,48.0,-1303.3993544565,-660.1224448613973,698.6863176526696,-5790.2939566812,0.2180782171008104
FMNR_red_433_cutoff_7.5.inp.out,1358.8349962254947,-0.2451,0.1318,9.7183,46.0,-1304.2376104519,-751.5038726999941,-490.959081999996,-5640.1112215553,0.2414845876000981
FMNR_red_434_cutoff_7.5.inp.out,1359.1023148429358,-0.2515,0.1373,15.5264,49.0,-1303.3687683746,1131.054130103739,1772.4529794888597,-5865.7554793372,0.23902216030001
FMNR_red_435_cutoff_7.5.inp.out,1350.753674900825,-0.2369,0.121,13.2638,46.0,-1303.9520865506,-1253.4074036665145,-849.404423479088,-5639.771605482,0.2350837820995366
FMNR_red_436_cutoff_7.5.inp.out,1365.7558155315753,-0.2516,0.139,20.1703,46.0,-1304.4620832137,-996.8119698109692,62.014052193989734,-5640.280594701,0.2353474968003865
FMNR_red_437_cutoff_7.5.inp.out,1363.2294367344623,-0.2097,0.1577,6.9343,50.0,-1302.6214468013,-27.109217290755947,1188.5977533010666,-5940.465535852,0.2066901197995321
FMNR_red_438_cutoff_7.5.inp.out,1366.520972657608,-0.2195,0.1561,13.8229,49.0,-1303.1880463448,558.7571730566119,-56.245809505753456,-5865.5606685651,0.2106410991000302
FMNR_red_439_cutoff_7.5.inp.out,1364.0281023841137,-0.2519,0.1237,9.9949,52.0,-1302.0893396477,181.42555184817044,633.9390971192585,-6091.1247891139,0.2420783625002514
FMNR_red_43_cutoff_7.5.inp.out,1340.295641780864,-0.2425,0.1345,23.4959,44.0,-1304.6876620913,-1577.6909885056214,-2502.969237091233,-5488.8338357843,0.2495916758007297
FMNR_red_440_cutoff_7.5.inp.out,1364.9763876399295,-0.2378,0.1581,14.2873,50.0,-1303.0681869101,275.7347422649817,-32.72179127817769,-5941.0067889079,0.233809269700032
FMNR_red_441_cutoff_7.5.inp.out,1367.4964234930442,-0.256,0.1316,15.0066,46.0,-1304.4636059408,-948.048837844949,-128.8598746192169,-5640.3104505789,0.2404147731003831
FMNR_red_442_cutoff_7.5.inp.out,1362.3160454328213,-0.2494,0.1474,23.1462,48.0,-1304.2788419025,-1372.1792702530445,-659.7940435854504,-5791.1787553062,0.2404470371993738
FMNR_red_443_cutoff_7.5.inp.out,1362.3743359666996,-0.2571,0.1345,29.6383,46.0,-1304.5474682951,-2102.017832480053,-1491.7057864927322,-5640.3635396976,0.2495000996004819
FMNR_red_444_cutoff_7.5.inp.out,1361.3009868953034,-0.2575,0.1253,26.4783,46.0,-1304.4839785223,681.6334109659109,1752.4434650947949,-5640.3373631279,0.2458703554002568
FMNR_red_445_cutoff_7.5.inp.out,1357.9332106947436,-0.2482,0.1413,27.6005,47.0,-1304.7901005085,-888.0904642194512,-1586.4871104015629,-5716.1632364911,0.2360040841003865
FMNR_red_446_cutoff_7.5.inp.out,1358.4572412479672,-0.2606,0.1098,20.7928,48.0,-1303.6995031339,-918.0239690230565,-2453.563469460995,-5790.6318239033,0.2483421280003312
FMNR_red_447_cutoff_7.5.inp.out,1367.2257817932232,-0.2529,0.1505,24.805,49.0,-1303.8247250193,-1907.8914413694756,-3910.7402225039127,-5866.2977423173,0.2408536769999045
FMNR_red_448_cutoff_7.5.inp.out,1370.1417555528103,-0.2435,0.1039,26.4555,50.0,-1303.2261030497,-437.8002285987047,-2855.9916918719236,-5941.2299143486,0.2412612641001033
FMNR_red_449_cutoff_7.5.inp.out,1362.3048863569345,-0.2489,0.147,26.1851,47.0,-1303.8658516802,-395.47675830000185,-788.5502051800034,-5715.2550481651,0.2305898585991599
FMNR_red_44_cutoff_7.5.inp.out,1347.4971330331591,-0.2059,0.1863,15.0701,46.0,-1303.8437180242,-3326.95223563781,-5837.333581472241,-5639.0838353438,0.2054724098006772
FMNR_red_450_cutoff_7.5.inp.out,1367.6800950226043,-0.2229,0.1557,27.4205,48.0,-1304.2531069203,-932.7683292999976,-2228.942373899966,-5791.2650230474,0.2208763660000841
FMNR_red_451_cutoff_7.5.inp.out,1371.3841659513257,-0.2365,0.1486,28.5318,46.0,-1304.7567240198,1022.2369375220336,269.0159694569946,-5640.6601952445,0.2328364394998061
FMNR_red_452_cutoff_7.5.inp.out,1373.8518327164106,-0.2128,0.1526,36.665,46.0,-1304.8823268095,-1006.0256440472668,-961.769593935342,-5640.7837150724,0.2122836101998473
FMNR_red_453_cutoff_7.5.inp.out,1366.414674637767,-0.2227,0.1647,31.0622,49.0,-1303.6142024122,-997.846541351394,-3195.9948090868197,-5866.1510740612,0.2248040567001226
FMNR_red_454_cutoff_7.5.inp.out,1370.111260731802,-0.2316,0.1485,26.5414,49.0,-1304.038100858,-2283.1921344949105,-3256.6476822571585,-5866.4993134802,0.2291413504999582
FMNR_red_455_cutoff_7.5.inp.out,1368.1180047240769,-0.2376,0.1489,29.7945,43.0,-1305.0451070817,-1051.0662943652533,-1927.4713468394295,-5414.3191204743,0.2399222630001531
FMNR_red_456_cutoff_7.5.inp.out,1354.5076145339794,-0.2297,0.1536,34.3403,45.0,-1304.4726465592,-593.827513000002,-1815.0534112000105,-5564.7686339596,0.2305445156998757
FMNR_red_457_cutoff_7.5.inp.out,1371.0850108335646,-0.2468,0.1426,34.4667,47.0,-1304.3253919422,-1694.191736539832,-1555.0306247676142,-5715.6745682273,0.2342033862996686
FMNR_red_458_cutoff_7.5.inp.out,1362.7558833268488,-0.2357,0.1612,26.7341,45.0,-1304.8588065248,-2359.1040498936136,-3949.7724243436414,-5565.1207772089,0.228399046600316
FMNR_red_459_cutoff_7.5.inp.out,1368.5210635274298,-0.2391,0.1568,32.6504,47.0,-1304.550231157,-1352.5515020201387,-2392.902291999907,-5715.8943859153,0.2259079481000299
FMNR_red_45_cutoff_7.5.inp.out,1351.0577012426115,-0.2232,0.1742,19.899,48.0,-1303.422495011,-2588.7282719999816,-4977.436596727,-5789.6254328598,0.224996435099456
FMNR_red_460_cutoff_7.5.inp.out,1364.5777441623402,-0.2568,0.1405,32.5287,48.0,-1303.8074265141,-512.2127883570281,-1980.4542463194332,-5790.7100794744,0.2444375645000036
FMNR_red_461_cutoff_7.5.inp.out,1365.5419122583407,-0.2332,0.1477,25.0636,48.0,-1303.9846719134,-1966.789906108134,-3479.3708034257693,-5790.8456942774,0.2236561634999816
FMNR_red_462_cutoff_7.5.inp.out,1355.1168067054434,-0.2184,0.1485,23.2537,45.0,-1304.9939984735,-760.3787508028381,-1260.1832277127544,-5565.3698843517,0.2203593627000373
FMNR_red_463_cutoff_7.5.inp.out,1361.6965510817593,-0.2144,0.1638,19.4055,43.0,-1305.9057819675,-524.1804325365824,-1481.2666379865636,-5415.0949236911,0.2193778088003455
FMNR_red_464_cutoff_7.5.inp.out,1364.6055708907295,-0.2195,0.1656,18.553,44.0,-1305.5547250239,-1323.2772699562918,-1922.1222522159435,-5490.2985022723,0.2184113337998496
FMNR_red_465_cutoff_7.5.inp.out,1359.6402913526867,-0.2262,0.1524,18.6626,48.0,-1303.7552362919,-87.15778002972677,-460.5647964518243,-5790.6046970157,0.2295057767996695
FMNR_red_466_cutoff_7.5.inp.out,1357.839372574471,-0.253,0.1381,17.3937,45.0,-1305.1734473444,-1851.0054069995565,-1889.9776038157963,-5565.4796197033,0.248637654799495
FMNR_red_467_cutoff_7.5.inp.out,1354.3031781212717,-0.2356,0.14,10.0241,43.0,-1305.6943322968,-1437.2029627955978,-1790.4932084149907,-5414.9033095626,0.2356543489004252
FMNR_red_468_cutoff_7.5.inp.out,1364.215811264831,-0.2397,0.16,16.3005,41.0,-1306.1594740383,-1762.9927072060166,-1711.9841853320177,-5264.2782917278,0.237825713699749
FMNR_red_469_cutoff_7.5.inp.out,1361.2714866022664,-0.2452,0.1354,19.7784,46.0,-1304.766522771,-1702.7490135000078,-4119.229603869946,-5640.5211604435,0.2365112436000345
FMNR_red_46_cutoff_7.5.inp.out,1343.463990079144,-0.2279,0.1103,32.4362,47.0,-1303.4847858058,-2085.8327748307024,-5162.859822154758,-5714.367742257,0.2307760334006161
FMNR_red_470_cutoff_7.5.inp.out,1358.201998502262,-0.2167,0.1764,24.7152,46.0,-1304.8208877938,-1766.6494451695012,-2313.302198371822,-5640.5953715113,0.2164624984006877
FMNR_red_471_cutoff_7.5.inp.out,1367.575820719017,-0.239,0.1555,26.0388,45.0,-1305.0852964614,-141.30337908859084,-1187.1720834731252,-5565.2949052505,0.2302748037000128
FMNR_red_472_cutoff_7.5.inp.out,1353.40123115744,-0.2258,0.1411,15.3912,45.0,-1305.2260235763,-1779.5020429633414,-4106.28685468688,-5565.4506673219,0.2277249846001723
FMNR_red_473_cutoff_7.5.inp.out,1358.3006262567026,-0.2297,0.1528,23.0932,42.0,-1306.3069435496,-3371.6223634566204,-5374.532926062261,-5339.913798159,0.2281225119995724
FMNR_red_474_cutoff_7.5.inp.out,1356.0880173984403,-0.2162,0.1693,23.6165,42.0,-1305.8936907327,-819.7376907213385,-2629.791654986177,-5339.5102545789,0.2169734074996085
FMNR_red_475_cutoff_7.5.inp.out,1367.6564182826608,-0.2338,0.1601,10.138,39.0,-1307.0067223902,-3687.759667755958,-5504.496782791271,-5114.0434731878,0.2225083242001346
FMNR_red_476_cutoff_7.5.inp.out,1371.3393459400477,-0.2338,0.1577,10.4763,41.0,-1306.2525745735,-1811.968023079634,-3794.3441787332567,-5264.3449200765,0.2339021559000684
FMNR_red_477_cutoff_7.5.inp.out,1362.6100608868885,-0.2204,0.1216,16.7041,43.0,-1305.2631282712,-2269.411289509027,-5205.945361540075,-5414.4276141999,0.2170887726997534
FMNR_red_478_cutoff_7.5.inp.out,1364.1192033384166,-0.2265,0.1643,20.4308,44.0,-1304.7937614818,-1305.9163938275597,-2330.3913573733976,-5489.4796535939,0.2221690177993878
FMNR_red_479_cutoff_7.5.inp.out,1366.2842036976892,-0.2258,0.1366,21.4409,43.0,-1305.2310571481,-1827.580677578856,-3181.261393258207,-5414.3452293984,0.2243361681994429
FMNR_red_47_cutoff_7.5.inp.out,1361.5207821043855,-0.1753,0.1736,20.3567,48.0,-1303.2609052164,-3562.9856730107845,-7143.008702984157,-5789.6262385515,0.1849283480005397
FMNR_red_480_cutoff_7.5.inp.out,1359.3881562416373,-0.2154,0.1453,16.5663,45.0,-1304.6956770829,-1368.569756428869,-4586.453748541653,-5564.8806918632,0.2067849478999051
FMNR_red_481_cutoff_7.5.inp.out,1361.2579220281118,-0.2193,0.1398,9.3931,41.0,-1305.9010009831,-765.9873510383305,-2070.692005998864,-5264.041379941,0.2210488649998296
FMNR_red_482_cutoff_7.5.inp.out,1354.414493530409,-0.2546,0.1535,13.1376,42.0,-1305.7735172392,-1829.827791900878,-4688.810665795103,-5339.402516878,0.2453052939999906
FMNR_red_483_cutoff_7.5.inp.out,1355.5696027238862,-0.2345,0.1668,13.4578,46.0,-1304.5593365595,-2389.4548137810475,-3718.040631103027,-5640.4097853654,0.231364587400094
FMNR_red_484_cutoff_7.5.inp.out,1357.0687654201488,-0.2155,0.1626,13.6348,44.0,-1305.3207710527,-1308.31854935767,-3976.8224123392174,-5490.0521047732,0.2140197636999801
FMNR_red_485_cutoff_7.5.inp.out,1356.8888100448205,-0.2162,0.1527,9.9787,42.0,-1305.7182082939,-3287.708413045168,-5103.051448999688,-5339.4218017316,0.2194168167998214
FMNR_red_486_cutoff_7.5.inp.out,1366.4276070619749,-0.242,0.1298,14.4032,44.0,-1304.6305300789,-2062.426829700929,-4314.286766400891,-5489.3874293508,0.2323246690002633
FMNR_red_487_cutoff_7.5.inp.out,1359.3180376833814,-0.2341,0.13,8.6998,44.0,-1305.0859174557,-2048.2383667310723,-3149.365576486651,-5489.7727035386,0.231277243000477
FMNR_red_488_cutoff_7.5.inp.out,1360.6639843578307,-0.2338,0.134,17.7547,43.0,-1305.2617599202,-1131.3025262973945,-2300.2447581135384,-5414.4081520198,0.2369595006002782
FMNR_red_48_cutoff_7.5.inp.out,1359.033960494696,-0.212,0.164,17.4981,45.0,-1304.7371168371,-3575.148709447727,-5731.778067216282,-5564.5280655437,0.2188619708003898
FMNR_red_49_cutoff_7.5.inp.out,1363.7840268364876,-0.2518,0.1236,9.9174,52.0,-1302.0888075618,-3857.871142125021,-7566.392259990182,-6091.1234315995,0.2422086914002648
FMNR_red_4_cutoff_7.5.inp.out,1356.0501087175944,-0.2278,0.1585,14.5996,46.0,-1304.3145390361,-2288.0166914242463,-4159.6452927738765,-5640.0894615189,0.2266251620994808
FMNR_red_50_cutoff_7.5.inp.out,1364.1708760136462,-0.2594,0.1364,11.6259,50.0,-1302.8691045397,674.4960024031226,1530.832151080964,-5940.8210101644,0.2489694134001183
FMNR_red_51_cutoff_7.5.inp.out,1361.0339603854911,-0.2681,0.1243,20.386,46.0,-1304.6194058441,-388.5090844692495,-684.8206093320058,-5640.498025956,0.2547696332994746
FMNR_red_52_cutoff_7.5.inp.out,1356.5747543894718,-0.2411,0.1465,24.1872,46.0,-1304.6723468188,300.1575051421947,-1320.2296361005208,-5640.4445899703,0.2294609127002331
FMNR_red_53_cutoff_7.5.inp.out,1365.0527395793763,-0.2289,0.1698,27.3135,45.0,-1304.8340735039,-1176.7988434000015,-1238.106942900001,-5565.1709224659,0.2240305391997026
FMNR_red_54_cutoff_7.5.inp.out,1362.508118071861,-0.2342,0.121,31.3242,46.0,-1304.5563118776,-1113.0017713506609,-2613.578260975644,-5640.4378900498,0.2202363605001664
FMNR_red_55_cutoff_7.5.inp.out,1364.1132292140278,-0.2228,0.1695,25.464,46.0,-1304.4284604027,-1553.6525842282724,-2828.494310671622,-5640.3512731434,0.2163534709998202
FMNR_red_56_cutoff_7.5.inp.out,1368.409496256268,-0.2627,0.1186,24.1728,45.0,-1304.9903788171,-3014.7485587455826,-5081.224969719837,-5565.2868771984,0.2471963202006009
FMNR_red_57_cutoff_7.5.inp.out,1362.1390675638868,-0.2172,0.1606,22.7183,47.0,-1303.8486076244,-696.6247473745517,-2565.7379331895327,-5715.2247341406,0.2163459633002276
FMNR_red_58_cutoff_7.5.inp.out,1364.8936643693482,-0.2197,0.159,21.8342,47.0,-1304.2586738257,-3192.7409054690415,-5442.871637021662,-5715.631056848,0.2163144467995152
FMNR_red_59_cutoff_7.5.inp.out,1359.819778260622,-0.2345,0.1272,29.7092,47.0,-1304.3595074757,-2238.851086812909,-4763.694290962773,-5715.7170758224,0.2298708412999985
FMNR_red_5_cutoff_7.5.inp.out,1356.141509132238,-0.2181,0.1706,22.4418,47.0,-1303.9702958828,-3179.064230000013,-5213.878048999948,-5715.2915120151,0.2161923479998222
FMNR_red_60_cutoff_7.5.inp.out,1362.912316740198,-0.2341,0.1398,30.7058,48.0,-1303.4778265451,-877.3111285187438,-3088.7264114404716,-5790.3625611267,0.2268350038002609
FMNR_red_61_cutoff_7.5.inp.out,1355.3762405939854,-0.2134,0.1639,32.7621,48.0,-1303.7185524292,-555.8578617135004,-1831.7001966330731,-5790.5832786898,0.2209801250000964
FMNR_red_62_cutoff_7.5.inp.out,1362.908711328122,-0.2252,0.163,27.0459,47.0,-1304.0105868786,-829.8522169834278,-1870.1311451195425,-5715.4061881876,0.2289703003998511
FMNR_red_63_cutoff_7.5.inp.out,1361.0070053856148,-0.227,0.1574,16.0806,49.0,-1303.4121782973,-1259.5142664458572,-1614.3618595998742,-5865.8609344983,0.2271366261002185
FMNR_red_64_cutoff_7.5.inp.out,1350.702704717577,-0.2459,0.1332,10.537,52.0,-1302.2154855693,-560.7722494116999,-767.3327589913567,-6091.2445850097,0.2449706452998725
FMNR_red_65_cutoff_7.5.inp.out,1362.1825604817825,-0.247,0.1455,10.0736,50.0,-1302.917743947,-465.2021738012535,-1065.5701816636565,-5940.8186118878,0.2364281139998638
FMNR_red_66_cutoff_7.5.inp.out,1368.235595117986,-0.2317,0.1355,18.6881,49.0,-1303.3735732911,-401.5708330000016,-1354.91241962,-5865.808929439,0.2289676223999777
FMNR_red_67_cutoff_7.5.inp.out,1360.2302227050332,-0.2539,0.1462,12.6266,48.0,-1303.9724135981,-1862.6358724207912,-3254.7559651750635,-5790.8703053324,0.2458751521999147
FMNR_red_68_cutoff_7.5.inp.out,1364.651864084287,-0.2391,0.1438,8.5627,49.0,-1302.9370610253,-609.9938830128622,-1977.2462181435335,-5865.3182536391,0.2287018484003056
FMNR_red_69_cutoff_7.5.inp.out,1371.5203009545562,-0.2486,0.1212,7.3387,50.0,-1302.9399333147,-1781.6332618217689,-3892.2719037621696,-5940.8087972003,0.2323443834002319
FMNR_red_6_cutoff_7.5.inp.out,1358.8936965523744,-0.2286,0.1611,17.6252,47.0,-1303.873651338,-2083.0527461394727,-4135.121316326662,-5715.1842014312,0.2250379205997887
FMNR_red_70_cutoff_7.5.inp.out,1370.9670670085504,-0.2425,0.1512,19.1546,50.0,-1303.0272609896,-940.2779169469012,-2873.5674913706735,-5940.9254520619,0.2302711983002154
FMNR_red_71_cutoff_7.5.inp.out,1371.5271728438345,-0.2455,0.144,14.8769,46.0,-1304.4986135112,-3230.4941475026085,-5239.86180303287,-5640.266969516,0.2344429740996929
FMNR_red_72_cutoff_7.5.inp.out,1365.4138615568183,-0.2432,0.1589,18.8696,47.0,-1304.1013270742,-2401.96137306763,-5385.443555091426,-5715.4950248712,0.2369632779000312
FMNR_red_73_cutoff_7.5.inp.out,1360.2077622093054,-0.2304,0.14,21.8703,50.0,-1303.391264796,-2617.0301797672087,-5177.914159080737,-5941.3523923866,0.2313364340998305
FMNR_red_74_cutoff_7.5.inp.out,1372.2630780209142,-0.2414,0.1476,28.7251,47.0,-1303.9963021003,-1335.2576099794371,-3025.232611302662,-5715.3566929471,0.2397771641999497
FMNR_red_75_cutoff_7.5.inp.out,1372.897006808556,-0.2133,0.1607,29.5849,50.0,-1303.3164323511,-772.7303697576434,-3774.0440894731,-5941.2286398779,0.2118999408003219
FMNR_red_76_cutoff_7.5.inp.out,1366.2787637893214,-0.2353,0.1501,23.4113,50.0,-1303.4143514797,-3632.494562490917,-6702.539440932763,-5941.3897270175,0.2287081101003423
FMNR_red_77_cutoff_7.5.inp.out,1359.282150222795,-0.2346,0.1339,16.2859,50.0,-1303.0466904784,-1553.4242287823022,-3407.066262706166,-5940.989375676,0.2324718031995871
FMNR_red_78_cutoff_7.5.inp.out,1367.4984915716825,-0.2305,0.1544,22.0528,44.0,-1305.0197434118,-2352.60805260566,-3797.7185785347897,-5489.7928856182,0.2203364421993683
FMNR_red_79_cutoff_7.5.inp.out,1362.209107216641,-0.2371,0.1482,21.2332,49.0,-1303.040778748,-2654.4611400671015,-4431.4615095592535,-5865.471735224,0.2282754774005297
FMNR_red_7_cutoff_7.5.inp.out,1362.2056236768883,-0.2167,0.1712,12.6869,46.0,-1304.2073980183,-1424.10211080069,-1820.9409311391196,-5639.9931641764,0.2192194305998782
FMNR_red_80_cutoff_7.5.inp.out,1361.6911886810008,-0.212,0.1722,27.3631,49.0,-1303.7649171508,-2612.060709158616,-4750.81967191637,-5866.1598739752,0.2096500727002421
FMNR_red_81_cutoff_7.5.inp.out,1360.9028430115318,-0.248,0.1355,30.4945,49.0,-1303.0652372252,-3496.208588778393,-7948.929260589863,-5865.4444677483,0.2353626356998575
FMNR_red_82_cutoff_7.5.inp.out,1355.7383241202133,-0.2237,0.1555,26.1233,47.0,-1304.0457374682,-2767.536739999985,-5270.888297300022,-5715.4112897121,0.2165308518005986
FMNR_red_83_cutoff_7.5.inp.out,1360.7637723713176,-0.2334,0.1413,28.5454,47.0,-1304.0232841117,-3156.9507130461334,-6621.489539533977,-5715.3787367316,0.232534250199933
FMNR_red_84_cutoff_7.5.inp.out,1368.085610100477,-0.2157,0.1645,29.392,48.0,-1303.6153927915,-2452.155018512885,-7887.74178670355,-5790.4521151114,0.2029245643998365
FMNR_red_85_cutoff_7.5.inp.out,1367.572261960022,-0.2082,0.1691,28.8832,51.0,-1302.8999598119,-5906.61028675579,-11442.536391881276,-6016.3524108415,0.2056621805004397
FMNR_red_86_cutoff_7.5.inp.out,1358.0316785776545,-0.1975,0.1861,27.0949,50.0,-1303.4537693901,-3620.579271826991,-5653.285589906212,-5941.3812087599,0.1960324801002571
FMNR_red_87_cutoff_7.5.inp.out,1362.0859659538603,-0.2363,0.1509,31.1554,49.0,-1303.4793721274,-4798.10940748564,-7483.17972316146,-5865.8764250036,0.2257374485998298
FMNR_red_88_cutoff_7.5.inp.out,1358.781239016789,-0.2289,0.1573,23.8878,47.0,-1304.4644350887,-2661.0301206587774,-5364.785956135471,-5715.7776286157,0.216109415900064
FMNR_red_89_cutoff_7.5.inp.out,1358.9514878098007,-0.2246,0.1502,14.7148,47.0,-1304.2506096259,-3410.9970079923205,-4299.773518785797,-5715.5368550763,0.2167989263998606
FMNR_red_8_cutoff_7.5.inp.out,1372.8387727825605,-0.2404,0.1498,16.0203,47.0,-1303.8328758376,-2488.4169212144543,-4032.010764506706,-5715.1540402444,0.2244541534000745
FMNR_red_90_cutoff_7.5.inp.out,1366.527127699137,-0.2317,0.1689,22.7572,45.0,-1304.6493452258,-2949.080281273937,-5420.697989205253,-5564.9052234502,0.2209065495999311
FMNR_red_91_cutoff_7.5.inp.out,1363.997002998858,-0.26,0.1225,16.6914,46.0,-1304.2225294754,-4473.5882700000375,-7184.014482000044,-5640.0542600315,0.243682255099884
FMNR_red_92_cutoff_7.5.inp.out,1360.2548336706411,-0.2447,0.1476,6.5636,44.0,-1305.1953786698,-1375.4013030299895,-2949.4500056000143,-5489.9660852814,0.2377607030002764
FMNR_red_93_cutoff_7.5.inp.out,1361.9795440169264,-0.2336,0.1596,6.1415,45.0,-1304.7842137968,-231.8483511015465,-1906.2281210626409,-5565.0992800563,0.2212388662001103
FMNR_red_94_cutoff_7.5.inp.out,1360.606154395143,-0.2694,0.1244,15.999,51.0,-1302.5424889195,-1844.880342624422,-2312.862908567891,-6016.0420190341,0.2502674528004718
FMNR_red_95_cutoff_7.5.inp.out,1367.251797769142,-0.223,0.1503,19.9113,54.0,-1301.5281259242,564.7111689284212,48.0533097594972,-6241.5653216853,0.2159324876993196
FMNR_red_96_cutoff_7.5.inp.out,1371.7903537465938,-0.2405,0.1441,15.8702,52.0,-1302.5955539868,-2097.121534876362,-4376.717632877985,-6091.5555235808,0.2290228159999969
FMNR_red_97_cutoff_7.5.inp.out,1372.8066365312584,-0.2383,0.1436,8.0161,47.0,-1304.187742332,-1377.7716252270122,-882.2887594103622,-5715.5495614445,0.2306389233999652
FMNR_red_98_cutoff_7.5.inp.out,1360.8051510677617,-0.2365,0.15,17.2438,45.0,-1305.1734808086,260.0550432546961,1415.139190659397,-5565.4497224509,0.2351643873998909
FMNR_red_99_cutoff_7.5.inp.out,1364.2782098344444,-0.2519,0.1241,10.0166,52.0,-1302.0880142587,830.5334204722678,2140.008228156043,-6091.1237236391,0.2422497618008492
FMNR_red_9_cutoff_7.5.inp.out,1370.6484926644478,-0.2332,0.1313,21.5639,47.0,-1303.8064393748,-3436.318337349572,-5485.629335119432,-5715.048980876,0.2281523398996796
