file_name,NRE,HOMO,LUMO,Dipole_mom,Num_waters,chg_chg,elec5,elec10,SCF_E,delE_dft
FMNR_red_0_cutoff_0.0.inp.out,1364.0986891682269,-0.2241,0.1561,22.4514,0.0,-1319.9659046094,437.8833903161722,1351.8475317511218,-2181.4026649899,0.2395134500993663
FMNR_red_100_cutoff_0.0.inp.out,1365.7328524772977,-0.2224,0.172,20.0676,0.0,-1320.206158431,757.1781640000012,1777.1969614700067,-2181.646886683,0.2356733172000531
FMNR_red_101_cutoff_0.0.inp.out,1366.144937535116,-0.2402,0.152,22.1571,0.0,-1320.346866859,-592.0643433999998,-846.0847812700022,-2181.7763505991,0.2453478603001713
FMNR_red_102_cutoff_0.0.inp.out,1359.1821559621226,-0.2331,0.1633,21.9923,0.0,-1320.6295344242,-41.91682491348236,-192.85191810306551,-2182.047372233,0.2379027391998533
FMNR_red_103_cutoff_0.0.inp.out,1365.069811668264,-0.2204,0.1594,22.4977,0.0,-1320.2542483376,-399.8518142947724,-1295.784629725561,-2181.6566691902,0.2327286563995585
FMNR_red_104_cutoff_0.0.inp.out,1354.774221160733,-0.2298,0.1709,21.5408,0.0,-1320.6550040793,-3019.9750298319464,-5112.039055255836,-2182.075393105,0.2430404686001566
FMNR_red_105_cutoff_0.0.inp.out,1360.4854507269183,-0.2347,0.1685,23.2954,0.0,-1320.297427024,-1158.86399126738,-2549.332278625267,-2181.7216102714,0.2430038298007275
FMNR_red_106_cutoff_0.0.inp.out,1364.2290430823246,-0.2283,0.1407,22.5691,0.0,-1320.7600232357,-2074.404648767379,-3350.942225432146,-2182.1977452701,0.2322411013001328
FMNR_red_107_cutoff_0.0.inp.out,1370.5754163856682,-0.2219,0.1779,21.9494,0.0,-1319.7885765553,-1770.1322670000038,-3970.529889300008,-2181.2013952891,0.2223001844004102
FMNR_red_108_cutoff_0.0.inp.out,1364.8714129528482,-0.2284,0.1594,21.714,0.0,-1320.0666785271,-2637.672207120003,-3890.000078000004,-2181.5096672678,0.2247629845996925
FMNR_red_109_cutoff_0.0.inp.out,1367.864807607736,-0.2142,0.179,21.9821,0.0,-1320.4392470103,-1557.4235426000016,-3458.7084052999935,-2181.8626583446,0.2102441893002833
FMNR_red_10_cutoff_0.0.inp.out,1362.240718706303,-0.2277,0.1648,20.9985,0.0,-1320.3192267258,-1944.990650988708,-2061.6671256950754,-2181.6295199382,0.2357701313994766
FMNR_red_110_cutoff_0.0.inp.out,1364.328378733341,-0.2213,0.1608,22.2609,0.0,-1320.229087808,-2478.3469263444404,-4349.804642840291,-2181.6656667764,0.232897564799714
FMNR_red_111_cutoff_0.0.inp.out,1368.2757594244472,-0.2404,0.1466,21.9239,0.0,-1320.3296124657,-1438.1324919999963,-493.272756599997,-2181.7819550647,0.2458737664001091
FMNR_red_112_cutoff_0.0.inp.out,1359.8928211793796,-0.2229,0.1763,20.3603,0.0,-1320.1011768032,-716.541018079172,-1313.7861500670476,-2181.5114454498,0.2334841268002492
FMNR_red_113_cutoff_0.0.inp.out,1357.8670568132354,-0.21,0.1809,21.9916,0.0,-1320.3072184461,-1110.816868414754,-1510.6900552156071,-2181.7193662146,0.2234917573996426
FMNR_red_114_cutoff_0.0.inp.out,1364.0223803781548,-0.2194,0.171,21.2355,0.0,-1320.3519457344,-2020.7242708546175,-2979.0758815008435,-2181.8177395296,0.2405456181995759
FMNR_red_115_cutoff_0.0.inp.out,1371.0681468045584,-0.2205,0.173,21.5469,0.0,-1320.3949645113,611.0993631962823,541.6100477729304,-2181.8138713193,0.238030194899693
FMNR_red_116_cutoff_0.0.inp.out,1361.1794806876362,-0.2166,0.1539,20.4376,0.0,-1320.3212118277,185.7313975999996,204.5383415499984,-2181.7690372714,0.2329529590997481
FMNR_red_117_cutoff_0.0.inp.out,1353.8376830124485,-0.2472,0.1381,21.5277,0.0,-1320.2008414016,-424.1573328422434,-1808.6490345491552,-2181.6471152088,0.2575893551002082
FMNR_red_118_cutoff_0.0.inp.out,1365.3955799201071,-0.2188,0.1723,20.1204,0.0,-1320.2044988493,-333.494309593975,-2380.6163347539486,-2181.6130330711,0.2273551984999358
FMNR_red_119_cutoff_0.0.inp.out,1355.909614240208,-0.2231,0.1605,22.2686,0.0,-1320.6004517293,-1263.5712576000024,-2395.1092368999907,-2182.0261024335,0.2402551230006793
FMNR_red_11_cutoff_0.0.inp.out,1362.254841318873,-0.2054,0.1687,20.0494,0.0,-1319.8630648543,-2214.572779889994,-4330.984399599984,-2181.1262331993,0.2163882792992808
FMNR_red_120_cutoff_0.0.inp.out,1358.744383055191,-0.2092,0.1706,21.2322,0.0,-1320.1077047856,-997.5947963953084,-2499.858385759711,-2181.5224371755,0.2251961170995855
FMNR_red_121_cutoff_0.0.inp.out,1360.6197722713816,-0.2333,0.1737,23.5643,0.0,-1320.1276236289,-1305.7132020000006,-3057.220017299982,-2181.553420425,0.2367068572002608
FMNR_red_122_cutoff_0.0.inp.out,1361.8048733337496,-0.2518,0.1375,23.1811,0.0,-1320.1611121974,-1953.0530025999976,-4297.469653300018,-2181.6241050016,0.256980229400142
FMNR_red_123_cutoff_0.0.inp.out,1362.2622372450453,-0.2177,0.1666,23.6625,0.0,-1320.2558285322,-330.06495104000027,-2978.574857899992,-2181.644270784,0.2274509611997928
FMNR_red_124_cutoff_0.0.inp.out,1365.1146214654282,-0.2176,0.1532,24.2154,0.0,-1320.2326482958,-3176.4220024188303,-7424.2098789024285,-2181.6484671825,0.224040274500112
FMNR_red_125_cutoff_0.0.inp.out,1370.2856059694886,-0.239,0.1556,22.7217,0.0,-1319.7705679466,-2828.4916785054934,-5288.072301922433,-2181.1970587322,0.2390356121004515
FMNR_red_126_cutoff_0.0.inp.out,1364.858862881426,-0.2507,0.1319,23.1076,0.0,-1319.8303184219,-2495.9593030714254,-6161.578646918075,-2181.2894281502,0.251867402100288
FMNR_red_127_cutoff_0.0.inp.out,1362.2684596052466,-0.2201,0.1522,22.9639,0.0,-1320.2064477107,-330.47922355935594,-2546.308043252965,-2181.635647585,0.2348553892006748
FMNR_red_128_cutoff_0.0.inp.out,1360.1981472165812,-0.2155,0.1727,23.1691,0.0,-1320.134393238,-1994.3599881999949,-4513.6994073999695,-2181.5185434926,0.2254270209004971
FMNR_red_129_cutoff_0.0.inp.out,1368.222582863478,-0.2222,0.1659,23.6954,0.0,-1320.2952959166,-3236.3016636951006,-5132.6612083336695,-2181.6769545834,0.2277117288003864
FMNR_red_12_cutoff_0.0.inp.out,1362.511961857391,-0.2149,0.1862,21.1631,0.0,-1320.186863031,-927.1962973888868,-1495.2814172568617,-2181.4754417226,0.2364548104997084
FMNR_red_130_cutoff_0.0.inp.out,1358.5546319041327,-0.2211,0.1624,22.5794,0.0,-1319.8989401939,-1975.6430335,-4417.65263499998,-2181.2660533459,0.228035928299505
FMNR_red_131_cutoff_0.0.inp.out,1363.7045625722265,-0.2457,0.1483,22.1905,0.0,-1320.5858212011,-2231.968213927492,-3437.6124822111965,-2181.9938538154,0.2516326861004927
FMNR_red_132_cutoff_0.0.inp.out,1364.7584031307506,-0.2311,0.1544,23.1134,0.0,-1320.1840273144,25.945733945707985,-570.3039165033435,-2181.5854534516,0.2376143930996477
FMNR_red_133_cutoff_0.0.inp.out,1362.1337981819308,-0.199,0.1878,21.6787,0.0,-1320.4755683504,-415.8459630755484,-807.5057799049692,-2181.8356673462,0.2093550100998982
FMNR_red_134_cutoff_0.0.inp.out,1360.1682665518924,-0.191,0.1673,21.7894,0.0,-1320.1441540995,-2345.239063,-4505.432306899991,-2181.5348439275,0.2056525469006374
FMNR_red_135_cutoff_0.0.inp.out,1364.3736202307489,-0.2216,0.1763,20.4197,0.0,-1320.1523372371,-2356.6240099999955,-5557.907959699997,-2181.511837227,0.2201851153995448
FMNR_red_136_cutoff_0.0.inp.out,1367.1471558891328,-0.2191,0.1582,21.1798,0.0,-1320.431569747,-2978.994436000006,-7507.409863000007,-2181.8062143722,0.2271224633996098
FMNR_red_137_cutoff_0.0.inp.out,1363.9933528214435,-0.2256,0.1515,20.8653,0.0,-1319.7736566843,-1787.22257054771,-5228.706857565405,-2181.1674445645,0.2361888349996661
FMNR_red_138_cutoff_0.0.inp.out,1370.4256620577785,-0.2302,0.1613,21.9196,0.0,-1320.1689914876,-2684.735497769338,-6443.4482095973935,-2181.5585461775,0.2414738156003295
FMNR_red_139_cutoff_0.0.inp.out,1367.3123629391594,-0.183,0.2002,21.4123,0.0,-1320.0179725925,-1897.512803218018,-7534.7863853426115,-2181.3578648922,0.2003919896005754
FMNR_red_13_cutoff_0.0.inp.out,1364.077118582621,-0.2221,0.1632,19.7995,0.0,-1319.9965044796,-1148.6086887457293,-2113.29357846172,-2181.2360288631,0.2238917578997643
FMNR_red_140_cutoff_0.0.inp.out,1362.256618223979,-0.2209,0.1737,21.9987,0.0,-1320.1809337339,-4251.708348287418,-7703.872231420094,-2181.5601991149,0.2340047582001716
FMNR_red_141_cutoff_0.0.inp.out,1372.7129772780827,-0.222,0.152,21.8733,0.0,-1319.7852483467,-1430.636327634901,-3272.597992494734,-2181.1895352406,0.2385840488996109
FMNR_red_142_cutoff_0.0.inp.out,1358.2169106350807,-0.2077,0.1745,21.7291,0.0,-1319.8319231686,-967.7982412007934,-3135.7385200583294,-2181.1968408659,0.2103544221008633
FMNR_red_143_cutoff_0.0.inp.out,1360.666919709816,-0.1875,0.1731,19.7498,0.0,-1320.3677800268,-3151.575570000001,-6056.337724800033,-2181.7185159985,0.2011074802994699
FMNR_red_144_cutoff_0.0.inp.out,1366.6801013883578,-0.2182,0.1859,22.6949,0.0,-1320.1589944807,-2916.9640100610827,-4671.554213249545,-2181.5386251319,0.224625608900169
FMNR_red_145_cutoff_0.0.inp.out,1356.5736037301858,-0.2149,0.1536,20.8258,0.0,-1319.7821273239,-1873.723393153322,-3079.2247107464286,-2181.1740429111,0.2259423713003343
FMNR_red_146_cutoff_0.0.inp.out,1363.2291779896202,-0.2092,0.1829,21.1002,0.0,-1320.0093177641,-480.4937135058065,-3569.4011671952603,-2181.3831788763,0.2218168842000523
FMNR_red_147_cutoff_0.0.inp.out,1369.2921321878348,-0.1974,0.176,21.3105,0.0,-1320.050500606,-2081.6124172165105,-4590.224838331324,-2181.4418899898,0.2076516041006471
FMNR_red_148_cutoff_0.0.inp.out,1369.1959418397544,-0.2402,0.1665,21.0069,0.0,-1319.7217563458,-2927.7132122838675,-5805.220781173374,-2181.1451119723,0.2445491711005161
FMNR_red_149_cutoff_0.0.inp.out,1364.024723883917,-0.2273,0.153,22.5188,0.0,-1319.9845252332,-1651.4097210143038,-4651.094564241849,-2181.4275576167,0.2420903263000582
FMNR_red_14_cutoff_0.0.inp.out,1351.557385547573,-0.2054,0.1652,20.8342,0.0,-1320.4482595296,-1211.1284398272317,-1299.891006189707,-2181.6675708857,0.2234299517995168
FMNR_red_150_cutoff_0.0.inp.out,1362.125282823337,-0.2228,0.1711,20.0464,0.0,-1320.0677492513,696.9173268318668,1596.4237169410424,-2181.5041015199,0.2363799049999215
FMNR_red_151_cutoff_0.0.inp.out,1361.2841993141055,-0.246,0.1438,21.2108,0.0,-1319.8417838382,-644.1447361000027,-1436.4421449600052,-2181.25215783,0.2505685734995495
FMNR_red_152_cutoff_0.0.inp.out,1358.2845775681085,-0.2358,0.1595,22.233,0.0,-1319.9717812819,104.085709085605,-717.8568981561797,-2181.3630928845,0.2424326117998134
FMNR_red_153_cutoff_0.0.inp.out,1362.508348402156,-0.2292,0.1583,22.1224,0.0,-1320.4946930528,-1123.6236660000036,-1829.4573982999948,-2181.9074208828,0.232704690400169
FMNR_red_154_cutoff_0.0.inp.out,1365.684576463845,-0.2112,0.1726,21.6414,0.0,-1320.3410478351,-2358.0728344999984,-3623.5791529729986,-2181.7039541262,0.2123724684997796
FMNR_red_155_cutoff_0.0.inp.out,1370.2617199904716,-0.2392,0.1598,23.345,0.0,-1320.0272715082,-2571.879631877046,-5111.203462198339,-2181.4406693169,0.240900856600092
FMNR_red_156_cutoff_0.0.inp.out,1357.806373172367,-0.2271,0.1565,22.811,0.0,-1320.3908140206,-1933.2811177169467,-4125.138303557561,-2181.7540088676,0.2355003256998316
FMNR_red_157_cutoff_0.0.inp.out,1365.8583561434891,-0.2258,0.1713,23.0157,0.0,-1320.525126819,-2635.3264753238423,-4678.9947519900625,-2181.9391149964,0.2329593550002755
FMNR_red_158_cutoff_0.0.inp.out,1363.5757148311914,-0.2291,0.1468,21.8953,0.0,-1320.2060114062,-1469.6010873974442,-3365.1499606466623,-2181.6272621984,0.2401881467994826
FMNR_red_159_cutoff_0.0.inp.out,1365.3743997251618,-0.208,0.1641,21.7545,0.0,-1320.3286560216,-1061.1026989011564,-2219.4458138827345,-2181.7266791058,0.2172477416006586
FMNR_red_15_cutoff_0.0.inp.out,1365.885733550012,-0.2177,0.1646,22.1059,0.0,-1320.2282941619,-879.0297529693702,-501.85298774651176,-2181.4495839066,0.2313938717998098
FMNR_red_160_cutoff_0.0.inp.out,1364.987335526585,-0.2223,0.1523,21.8981,0.0,-1320.0500209538,-2504.5201519496686,-5300.76432285014,-2181.4598608954,0.2328180296999562
FMNR_red_161_cutoff_0.0.inp.out,1367.0644732181715,-0.234,0.162,22.7566,0.0,-1320.7494989014,-1083.055742643176,-1869.77076322736,-2182.1569185323,0.2440202239995414
FMNR_red_162_cutoff_0.0.inp.out,1363.0890015348236,-0.2366,0.1425,21.2864,0.0,-1320.0293147189,-1516.98606178455,-2947.200433997493,-2181.449873596,0.2493346554001618
FMNR_red_163_cutoff_0.0.inp.out,1367.958806034707,-0.2369,0.1462,23.6969,0.0,-1320.4922270165,768.4787467000001,205.19721469999897,-2181.9025772708,0.2432506965997163
FMNR_red_164_cutoff_0.0.inp.out,1368.499187545291,-0.2236,0.1468,23.8212,0.0,-1320.1442009588,-1884.7298760582353,-5017.406893488096,-2181.5649868641,0.2337133966002511
FMNR_red_165_cutoff_0.0.inp.out,1377.510084617239,-0.2315,0.1348,22.4888,0.0,-1319.9307923875,-1197.2542654037356,-2256.142248015454,-2181.3400617318,0.2351338060998387
FMNR_red_166_cutoff_0.0.inp.out,1355.3746300285443,-0.228,0.1467,22.0315,0.0,-1320.4129283801,-3027.228792000008,-7133.996264100014,-2181.8160891611,0.2329567237002265
FMNR_red_167_cutoff_0.0.inp.out,1357.6173080331375,-0.2287,0.138,22.4397,0.0,-1320.2130828461,-1936.0497695999984,-2783.9968952999875,-2181.5788088748,0.2350120800992954
FMNR_red_168_cutoff_0.0.inp.out,1361.731407025162,-0.2204,0.1545,22.9862,0.0,-1319.9233891647,-2789.230857999997,-4197.177081000023,-2181.3089415543,0.2320623282002998
FMNR_red_169_cutoff_0.0.inp.out,1353.8554735009538,-0.2213,0.1433,23.4801,0.0,-1319.9590098782,-2889.0722641329753,-3633.5617179089136,-2181.354924264,0.2326787460006016
FMNR_red_16_cutoff_0.0.inp.out,1357.8132843950038,-0.2444,0.1494,21.074,0.0,-1320.3462783422,-55.66534823459558,-1046.5363968625604,-2181.6182177894,0.2539878875995782
FMNR_red_170_cutoff_0.0.inp.out,1354.0337318192744,-0.24,0.1614,23.6522,0.0,-1320.0792729966,-1383.8787736999984,-2829.253744600013,-2181.488505552,0.2412145936996239
FMNR_red_171_cutoff_0.0.inp.out,1362.8886802288005,-0.2113,0.1837,22.0584,0.0,-1319.9787557035,-1143.5864330000009,-1768.3266049999995,-2181.3678716677,0.2152352305001841
FMNR_red_172_cutoff_0.0.inp.out,1361.7103467203826,-0.235,0.1475,23.0591,0.0,-1319.9764987748,-1636.2963061946716,-3377.543093839704,-2181.3891563724,0.2395324392000475
FMNR_red_173_cutoff_0.0.inp.out,1358.8885490940515,-0.2037,0.1743,21.9986,0.0,-1320.1365505583,-586.8608541385622,-1601.095227003159,-2181.4516765923,0.216445203499461
FMNR_red_174_cutoff_0.0.inp.out,1369.7532562774352,-0.2306,0.166,21.9715,0.0,-1319.9781538977,-2576.161115000003,-5835.812631999975,-2181.2421354308,0.2417927294000037
FMNR_red_175_cutoff_0.0.inp.out,1355.2927781681751,-0.1839,0.1982,21.5781,0.0,-1320.0344011089,-2160.289279708562,-4581.65131014412,-2181.2623501376,0.1973880425002789
FMNR_red_176_cutoff_0.0.inp.out,1351.738582109839,-0.2183,0.1562,19.4033,0.0,-1320.1707458666,-4571.603921599338,-7562.545622838021,-2181.3962349043,0.2223829501999716
FMNR_red_177_cutoff_0.0.inp.out,1355.7158234618475,-0.2466,0.174,22.8508,0.0,-1319.7996964976,-965.5563727999976,-3877.164221000008,-2180.967595816,0.2486465969996061
FMNR_red_178_cutoff_0.0.inp.out,1353.1299515051426,-0.2211,0.1551,21.9813,0.0,-1320.1055423288,-2530.807155604188,-5427.288335554992,-2181.2740876453,0.221454791000724
FMNR_red_179_cutoff_0.0.inp.out,1346.8740905864906,-0.2366,0.1567,24.1324,0.0,-1319.8847976216,-3616.6726259999846,-5750.258866309986,-2180.9641160009,0.2386698051996063
FMNR_red_17_cutoff_0.0.inp.out,1362.6032012694193,-0.2107,0.1724,20.9683,0.0,-1320.1735286899,-1019.3573179000008,-1531.544424099999,-2181.4870889279,0.2217651636001392
FMNR_red_180_cutoff_0.0.inp.out,1360.26098478709,-0.2062,0.1987,21.2439,0.0,-1319.7368410062,-1510.4168872000091,-4727.838520999976,-2180.8011435638,0.2239306069996018
FMNR_red_181_cutoff_0.0.inp.out,1347.7853498401753,-0.1721,0.1974,20.9864,0.0,-1319.711873333,-3262.873647239652,-5707.099831277522,-2180.7223403291,0.2011182388005181
FMNR_red_182_cutoff_0.0.inp.out,1360.1826346963353,-0.2213,0.1772,21.2018,0.0,-1319.4141300583,-3234.7039097006627,-6302.420791634472,-2180.6013630313,0.2224996745999305
FMNR_red_183_cutoff_0.0.inp.out,1344.450040457421,-0.2346,0.1652,22.7959,0.0,-1319.9275255565,-1834.2677217304392,-4344.330847664814,-2181.0535058388,0.2343812653007262
FMNR_red_184_cutoff_0.0.inp.out,1359.1692190418376,-0.2044,0.1984,19.3416,0.0,-1319.9630924162,-1965.972958670999,-4563.313682109126,-2181.1009357852,0.2086778448001496
FMNR_red_185_cutoff_0.0.inp.out,1348.49096029271,-0.2223,0.1655,21.3793,0.0,-1319.5795910167,-1303.979429453644,-1676.9877509687976,-2180.644982574,0.2338019649996567
FMNR_red_186_cutoff_0.0.inp.out,1365.2333511272743,-0.1942,0.1491,20.9089,0.0,-1319.7586907884,-2538.0327710302277,-4229.881368277144,-2180.7337296433,0.2234887535996677
FMNR_red_187_cutoff_0.0.inp.out,1345.4966159133369,-0.2361,0.1307,23.4213,0.0,-1319.6479266053,-2129.077606075482,-2266.2902519879813,-2180.726781827,0.2346238387999619
FMNR_red_188_cutoff_0.0.inp.out,1353.758166016432,-0.2011,0.1678,23.6667,0.0,-1319.6439519657,955.1044677945752,494.35878764072106,-2180.6905580888,0.2122452161002002
FMNR_red_189_cutoff_0.0.inp.out,1338.588137059677,-0.2171,0.1622,21.3766,0.0,-1319.9355135408,229.95183409541116,-1584.1396426143829,-2180.9892226323,0.2149740119002672
FMNR_red_18_cutoff_0.0.inp.out,1361.8515126065276,-0.2388,0.1534,20.9319,0.0,-1320.1672590749,575.9175727,929.086982500004,-2181.3583493172,0.2408116605001851
FMNR_red_190_cutoff_0.0.inp.out,1356.4610885591017,-0.2195,0.1767,20.2809,0.0,-1320.1078108269,867.2916847074449,3004.399707097291,-2181.2551456404,0.215489195000373
FMNR_red_191_cutoff_0.0.inp.out,1335.7686720652998,-0.262,0.115,24.4077,0.0,-1319.9865848032,-124.83157806265692,861.8922529810578,-2181.1152372246,0.2604025322998495
FMNR_red_192_cutoff_0.0.inp.out,1345.269564271321,-0.2077,0.1439,23.1462,0.0,-1320.0112253479,1956.9400080980529,1725.711174909448,-2181.0733551088,0.210102574499615
FMNR_red_193_cutoff_0.0.inp.out,1345.3167494400473,-0.1978,0.1813,20.4289,0.0,-1320.2139254764,-246.78108438083825,401.5715619511616,-2181.3554956336,0.2145042407000801
FMNR_red_194_cutoff_0.0.inp.out,1353.2201589399974,-0.2209,0.1544,23.5837,0.0,-1320.1279590342,459.6899797895197,1313.5827670814583,-2181.1543108543,0.2250031680005122
FMNR_red_195_cutoff_0.0.inp.out,1355.0614825533337,-0.2471,0.1491,24.689,0.0,-1320.0775298984,938.1629612221724,2472.3115077131374,-2181.0299824416,0.2475296959000843
FMNR_red_196_cutoff_0.0.inp.out,1357.9528321412336,-0.2424,0.1643,20.2057,0.0,-1320.3118211945,122.44094468140015,-1312.7330560608589,-2181.4139654851,0.2481674755008498
FMNR_red_197_cutoff_0.0.inp.out,1359.857302902262,-0.2419,0.1436,22.0209,0.0,-1319.959867147,2338.9172371561704,3649.420148745098,-2180.9851969315,0.25745663699945
FMNR_red_198_cutoff_0.0.inp.out,1377.0488230872777,-0.2381,0.1373,21.6332,0.0,-1320.0895693813,2539.990692815063,2203.0587909338024,-2181.1721963267,0.2436648380999031
FMNR_red_199_cutoff_0.0.inp.out,1364.04561149997,-0.2268,0.1531,22.5097,0.0,-1319.9577297919,2813.090606999997,2422.0903648999956,-2181.3997689175,0.24176428139981
FMNR_red_19_cutoff_0.0.inp.out,1340.7447820855864,-0.2068,0.1505,20.3804,0.0,-1320.0451981433,-146.93669893655152,961.8424245314596,-2181.1637554963,0.230329071900087
FMNR_red_1_cutoff_0.0.inp.out,1365.4660927225443,-0.227,0.1619,20.53,0.0,-1320.1444284856,-269.47918604054854,-1081.7584818787093,-2181.5944654756,0.2393503661996874
FMNR_red_200_cutoff_0.0.inp.out,1366.722800156784,-0.2145,0.1763,20.417,0.0,-1320.1993554155,635.5931069999971,1754.9537920900054,-2181.6310405014,0.2295692186999076
FMNR_red_201_cutoff_0.0.inp.out,1363.766764930057,-0.2252,0.167,22.1903,0.0,-1320.0938780758,-1138.971447675403,-1671.526407905736,-2181.4862343742,0.2356027894002181
FMNR_red_202_cutoff_0.0.inp.out,1363.1518132876568,-0.2243,0.1726,20.5912,0.0,-1320.3170832947,-1048.6745096734585,-898.3147279738256,-2181.6941811487,0.2346302879996074
FMNR_red_203_cutoff_0.0.inp.out,1353.7749104314305,-0.2314,0.1588,23.8076,0.0,-1320.2453590022,-883.8010071981062,-1819.837261180924,-2181.6510110426,0.2430338006997772
FMNR_red_204_cutoff_0.0.inp.out,1359.368034748126,-0.2334,0.1493,22.8467,0.0,-1320.6737302317,-1825.105256892912,-2394.767408730202,-2182.0858687882,0.243290522499592
FMNR_red_205_cutoff_0.0.inp.out,1364.4552725693875,-0.2213,0.1567,22.81,0.0,-1320.0187544242,-436.14380542749046,-1024.4391304081662,-2181.4048772106,0.2441448121999201
FMNR_red_206_cutoff_0.0.inp.out,1354.2001149259063,-0.2204,0.1548,20.5868,0.0,-1319.9378760154,-747.4526038022196,-214.3974163939736,-2181.3130914768,0.2332409842001652
FMNR_red_207_cutoff_0.0.inp.out,1363.5326519150851,-0.2444,0.1268,23.4127,0.0,-1320.2059287624,1020.6998120091644,1184.2209408778697,-2181.6310798138,0.2421509395999237
FMNR_red_208_cutoff_0.0.inp.out,1359.957839380451,-0.2274,0.158,21.7201,0.0,-1320.3277204942,1330.8070636805492,2220.0060043791145,-2181.713160688,0.2396034795001469
FMNR_red_209_cutoff_0.0.inp.out,1357.807230734408,-0.2058,0.1592,21.3302,0.0,-1320.3109357553,-737.5642465635082,-1544.345130743584,-2181.6873402464,0.2281697348998932
FMNR_red_20_cutoff_0.0.inp.out,1347.0305827885022,-0.2315,0.1413,20.5628,0.0,-1320.2225721753,-451.464735999999,-1452.3334855999897,-2181.3603200848,0.2368551665003906
FMNR_red_210_cutoff_0.0.inp.out,1357.6483789960191,-0.2031,0.1779,22.3587,0.0,-1320.1068187114,-196.5850234147806,1057.1711773277648,-2181.4792482387,0.2219846518000849
FMNR_red_211_cutoff_0.0.inp.out,1358.6975075929704,-0.2064,0.1727,22.3949,0.0,-1320.0920384532,-1204.633491088682,-478.1013629916069,-2181.5373204601,0.2250241484998696
FMNR_red_212_cutoff_0.0.inp.out,1354.5201184594264,-0.2376,0.1394,24.6449,0.0,-1320.1600805476,-170.53332799999978,-606.8919174999959,-2181.5810442023,0.2440798543002529
FMNR_red_213_cutoff_0.0.inp.out,1355.7943476587654,-0.2154,0.1467,22.5909,0.0,-1320.2567857351,1527.3065713050432,3261.748781345545,-2181.6674301553,0.2254369364000013
FMNR_red_214_cutoff_0.0.inp.out,1353.1791457698648,-0.2338,0.1473,22.8989,0.0,-1320.2195383988,97.78612542735736,815.8526242914849,-2181.6835152989,0.242477179400339
FMNR_red_215_cutoff_0.0.inp.out,1365.5097427940464,-0.2075,0.1721,20.4049,0.0,-1320.1933204532,127.05578399999987,-261.06933490000023,-2181.6096098085,0.2250155028004883
FMNR_red_216_cutoff_0.0.inp.out,1375.4096115159723,-0.2114,0.1836,21.9092,0.0,-1320.1660903235,66.00159100291859,740.6142648255665,-2181.5771802276,0.2160649417000968
FMNR_red_217_cutoff_0.0.inp.out,1363.820710889255,-0.2431,0.1474,24.1148,0.0,-1320.3359659522,-959.2935940300008,66.12991529999987,-2181.8069249011,0.2485220906992253
FMNR_red_218_cutoff_0.0.inp.out,1368.961092366873,-0.2308,0.1605,22.4395,0.0,-1320.357733818,1640.3938747044792,3535.808363288092,-2181.7987555332,0.2448466153000481
FMNR_red_219_cutoff_0.0.inp.out,1365.1087138050757,-0.2335,0.1556,23.3703,0.0,-1320.6691422522,920.6948913041851,606.9089920903999,-2182.0855735904,0.23940258409948
FMNR_red_21_cutoff_0.0.inp.out,1353.2853891695763,-0.187,0.2117,19.3478,0.0,-1320.4684263924,-1708.2344909106314,-1151.7364777274836,-2181.5287808448,0.2042976740003723
FMNR_red_220_cutoff_0.0.inp.out,1368.1918829892768,-0.2578,0.1257,22.2923,0.0,-1320.3645832968,-547.9126336125405,1159.6404489144677,-2181.8294067308,0.2603004160000637
FMNR_red_221_cutoff_0.0.inp.out,1366.501369909592,-0.2019,0.1877,21.303,0.0,-1320.0954159977,590.4137317534883,186.5161246499484,-2181.4982886091,0.2128664150995973
FMNR_red_222_cutoff_0.0.inp.out,1378.4196635548176,-0.2075,0.1902,20.2445,0.0,-1320.5133546288,-1130.905540374408,-849.0790079781583,-2181.9236841027,0.2130959576998066
FMNR_red_223_cutoff_0.0.inp.out,1369.279185721146,-0.2155,0.1724,21.6693,0.0,-1320.5807923303,-198.6875470122553,667.5905110988209,-2181.9907989958,0.2279286644006788
FMNR_red_224_cutoff_0.0.inp.out,1368.2630693552724,-0.2087,0.1726,20.9381,0.0,-1320.2085633921,-1061.6178172999964,-1273.5995269999985,-2181.5958863407,0.2205574408999382
FMNR_red_225_cutoff_0.0.inp.out,1365.349841483731,-0.2156,0.1646,21.0402,0.0,-1320.6419127252,-2251.7343687321177,-3727.440638336908,-2182.0306591944,0.2253412132004086
FMNR_red_226_cutoff_0.0.inp.out,1362.5050853118712,-0.2066,0.1792,21.8274,0.0,-1320.6430712103,-522.5964835029954,-904.8095776895184,-2182.0401245478,0.2223651529002381
FMNR_red_227_cutoff_0.0.inp.out,1359.7963117509012,-0.2043,0.1897,21.4143,0.0,-1320.7607130901,-1121.5081385070134,-1434.9859981845627,-2182.1405691766,0.2219435633996909
FMNR_red_228_cutoff_0.0.inp.out,1366.8559209987588,-0.2154,0.1775,21.7484,0.0,-1320.3210045163,-1866.5489330903984,-1795.8863057154265,-2181.7075542202,0.2260937482005829
FMNR_red_229_cutoff_0.0.inp.out,1370.790999616581,-0.2107,0.1684,21.4171,0.0,-1320.5341043797,-1702.885113113184,-3058.4422611546684,-2181.863855115,0.2232275839996873
FMNR_red_22_cutoff_0.0.inp.out,1355.030778377754,-0.2044,0.2033,17.5626,0.0,-1320.3908288876,183.02952877028852,1381.68597571263,-2181.4499570573,0.2191955382995729
FMNR_red_230_cutoff_0.0.inp.out,1363.0836541676938,-0.2226,0.1658,24.0444,0.0,-1319.9668572656,-835.8187659179317,-214.76222936201512,-2181.2741694837,0.2271892083999773
FMNR_red_231_cutoff_0.0.inp.out,1360.7311256300395,-0.1907,0.1798,20.8947,0.0,-1320.4122892997,-585.5764377447804,266.3757992473344,-2181.7579820559,0.2035275242997158
FMNR_red_232_cutoff_0.0.inp.out,1365.260517101412,-0.2119,0.1839,21.4721,0.0,-1320.5334709269,-924.0308742990624,-1581.022977816841,-2181.8898748841,0.2275818496000283
FMNR_red_233_cutoff_0.0.inp.out,1363.716860945676,-0.2171,0.161,22.6283,0.0,-1320.1950546036,-1452.1649294634722,-2567.5141617115955,-2181.6026899671,0.2320593314998404
FMNR_red_234_cutoff_0.0.inp.out,1359.846936640241,-0.2354,0.1568,20.8873,0.0,-1319.8554369594,-1886.8826406807525,-2430.4283807259467,-2181.2059245984,0.2479181547996631
FMNR_red_235_cutoff_0.0.inp.out,1357.8902552519933,-0.2221,0.1576,21.6765,0.0,-1319.9255886254,171.931752503195,-369.99379371528875,-2181.2545937973,0.2370692632994178
FMNR_red_236_cutoff_0.0.inp.out,1360.9364051382524,-0.2013,0.1864,19.3243,0.0,-1320.0139107275,-1311.7504262482637,-3500.2186557778505,-2181.3585222303,0.2245162635999804
FMNR_red_237_cutoff_0.0.inp.out,1361.0211669645864,-0.2241,0.1759,20.7946,0.0,-1319.673851121,-2704.3631069999965,-4326.431272100035,-2181.0136182676,0.2367183682999893
FMNR_red_238_cutoff_0.0.inp.out,1369.0028001737628,-0.2215,0.1642,21.4822,0.0,-1319.8999274192,-1507.0722370707292,-2870.618827415966,-2181.2949660526,0.2343172129994855
FMNR_red_239_cutoff_0.0.inp.out,1364.0958661289253,-0.2272,0.1536,22.5095,0.0,-1319.9815673709,-965.0376329208718,-1758.5107898713811,-2181.4238644164,0.2418973963003736
FMNR_red_23_cutoff_0.0.inp.out,1353.2186671462994,-0.2216,0.1634,22.8062,0.0,-1320.0766685169,-792.1023040922207,261.21295677303976,-2181.2361863528,0.2277262917996267
FMNR_red_240_cutoff_0.0.inp.out,1367.1406514692717,-0.2173,0.1725,20.4967,0.0,-1320.1452022941,-50.180438379511514,-1403.8331530254384,-2181.5914970468,0.2305773614007193
FMNR_red_241_cutoff_0.0.inp.out,1368.7213017064096,-0.2392,0.1579,22.422,0.0,-1320.1608849964,572.3022676971598,1287.3680173306957,-2181.5916818274,0.2466684917999373
FMNR_red_242_cutoff_0.0.inp.out,1368.4180203821936,-0.2283,0.1634,21.0091,0.0,-1320.104517052,-421.060012578291,-1919.4498309426572,-2181.5289499042,0.2359037044998331
FMNR_red_243_cutoff_0.0.inp.out,1358.5639100997075,-0.2247,0.1515,22.7715,0.0,-1319.9542566233,-377.8742542499806,-3.034981130027158,-2181.3742933269,0.2364651933003188
FMNR_red_244_cutoff_0.0.inp.out,1364.8605664488164,-0.2125,0.1737,22.0331,0.0,-1320.475704053,718.9516780937688,1336.3810463325574,-2181.8747131654,0.2226380003003214
FMNR_red_245_cutoff_0.0.inp.out,1359.7865383949484,-0.225,0.1728,21.0871,0.0,-1320.2979522514,-596.6459938153988,-1000.3422887412888,-2181.7033036687,0.2406949507003446
FMNR_red_246_cutoff_0.0.inp.out,1364.5296958416634,-0.2267,0.1524,21.4004,0.0,-1320.06241278,-532.5670025941996,-509.80873907919505,-2181.4589432608,0.2381558613997185
FMNR_red_247_cutoff_0.0.inp.out,1365.486093987006,-0.2237,0.1601,21.3271,0.0,-1320.0135686257,-80.73197683189623,-804.2946665938596,-2181.4026902189,0.2451667575996907
FMNR_red_248_cutoff_0.0.inp.out,1361.9581549330526,-0.2101,0.1468,21.0529,0.0,-1319.817895838,-244.0541305907627,-232.1710684569339,-2181.2222813369,0.2302241985998989
FMNR_red_249_cutoff_0.0.inp.out,1356.973200794305,-0.225,0.1616,21.7149,0.0,-1319.9355765285,-2078.639361358556,-3852.2392778048625,-2181.3327326746,0.2405249044004449
FMNR_red_24_cutoff_0.0.inp.out,1353.6627166347766,-0.2303,0.1437,21.0992,0.0,-1319.8571711183,486.3000731995857,1465.8779133964424,-2181.0892382624,0.2429867828004717
FMNR_red_250_cutoff_0.0.inp.out,1356.9119815518918,-0.2199,0.1498,21.6545,0.0,-1319.7067129463,-504.1129596865375,-1172.8220399867753,-2181.1368629115,0.2386565659999178
FMNR_red_251_cutoff_0.0.inp.out,1358.6666544504865,-0.2413,0.1492,23.7679,0.0,-1320.0615551706,-410.1297338000017,-713.8081203000012,-2181.4854894901,0.2530189857998266
FMNR_red_252_cutoff_0.0.inp.out,1372.9301952226426,-0.2141,0.1759,20.6924,0.0,-1320.0215810666,714.6980853012038,3165.8628563339835,-2181.4216588791,0.2258350279998922
FMNR_red_253_cutoff_0.0.inp.out,1369.075351916213,-0.2222,0.164,21.4826,0.0,-1319.8759937326,243.4047826000003,695.5055652999982,-2181.2631105789,0.2317227600997284
FMNR_red_254_cutoff_0.0.inp.out,1375.0187484926648,-0.2084,0.1675,20.9111,0.0,-1319.4048330063,-105.47811907801436,-47.67773417768693,-2180.8161215233,0.2192538365006839
FMNR_red_255_cutoff_0.0.inp.out,1362.94630032519,-0.2193,0.1673,20.6691,0.0,-1320.232137914,620.2381177612606,986.8755953234152,-2181.6515376349,0.2350833268992573
FMNR_red_256_cutoff_0.0.inp.out,1358.4397055096515,-0.2056,0.1807,20.9364,0.0,-1319.8402585918,139.2014389013003,-945.1371874462392,-2181.2198733883,0.2180424593007046
FMNR_red_257_cutoff_0.0.inp.out,1366.6266238158578,-0.2265,0.168,22.0226,0.0,-1319.9597154998,-867.0066292057624,-734.431235640501,-2181.3663532104,0.2379289860000426
FMNR_red_258_cutoff_0.0.inp.out,1364.835716668333,-0.1957,0.1769,21.8418,0.0,-1319.6858962769,-1921.875490122584,-3865.329155466984,-2181.0727860315,0.2104594942002222
FMNR_red_259_cutoff_0.0.inp.out,1366.0757042327316,-0.2261,0.1581,21.7722,0.0,-1319.7224635474,-1358.4535387016424,-1782.0455869840398,-2181.1299851815,0.2336028406007244
FMNR_red_25_cutoff_0.0.inp.out,1351.4738555445283,-0.2329,0.1559,22.5889,0.0,-1319.8897852448,-462.1689688305688,1103.3527816461185,-2181.0914972886,0.2423470855992491
FMNR_red_260_cutoff_0.0.inp.out,1359.4392984255835,-0.2196,0.1648,21.4796,0.0,-1320.0475860221,-951.3028743961744,-2237.7669985307443,-2181.4305990106,0.2305945076996067
FMNR_red_261_cutoff_0.0.inp.out,1359.506215452,-0.21,0.1652,21.8233,0.0,-1319.888033784,-2181.207448005267,-3374.4626124592583,-2181.2442837932,0.2215424040996367
FMNR_red_262_cutoff_0.0.inp.out,1358.0116708812725,-0.233,0.1567,19.6664,0.0,-1319.6000479415,-2648.874542871897,-3652.311989308367,-2181.0175965622,0.2466485873001147
FMNR_red_263_cutoff_0.0.inp.out,1364.7341637174345,-0.1875,0.1899,20.0694,0.0,-1320.040792972,-3339.609330000005,-4340.340393300007,-2181.417027471,0.2067455456999596
FMNR_red_264_cutoff_0.0.inp.out,1370.8258160321304,-0.2151,0.1668,21.2864,0.0,-1320.1978971776,-788.6797797789892,-2093.5825408304545,-2181.5853931423,0.2252555190998464
FMNR_red_265_cutoff_0.0.inp.out,1359.6893624609995,-0.2199,0.1706,21.7003,0.0,-1320.0133908439,-2196.7583603745015,-2459.7657681086466,-2181.4010615017,0.2325354408003477
FMNR_red_266_cutoff_0.0.inp.out,1359.1079835179369,-0.2035,0.1855,21.6212,0.0,-1319.8818572293,100.6246109999994,-120.10947329999864,-2181.2600224592,0.2117736444006368
FMNR_red_267_cutoff_0.0.inp.out,1360.3893539207054,-0.1995,0.1881,21.2619,0.0,-1319.8541636784,314.0533389000012,-336.4435442999981,-2181.2199854346,0.2104377645000568
FMNR_red_268_cutoff_0.0.inp.out,1361.253033202025,-0.1983,0.1714,19.5461,0.0,-1319.9375360568,-410.62465737493216,60.19731934262168,-2181.31246585,0.2105054075000225
FMNR_red_269_cutoff_0.0.inp.out,1361.83972847434,-0.2054,0.1619,22.6818,0.0,-1319.9284528226,-173.64768735213931,-1431.2265616720038,-2181.3295261694,0.217791299000055
FMNR_red_26_cutoff_0.0.inp.out,1361.751341692716,-0.2558,0.1689,21.1604,0.0,-1319.8109095894,-338.04457636322746,-414.7174775438319,-2180.9529263992,0.2445060818008642
FMNR_red_270_cutoff_0.0.inp.out,1365.3018014252982,-0.2131,0.163,22.716,0.0,-1319.7041794267,-550.0778209999988,-881.8349404000024,-2181.1149187191,0.2126541724001072
FMNR_red_271_cutoff_0.0.inp.out,1367.4382749975948,-0.2163,0.1575,20.2861,0.0,-1319.4560686627,-2709.0340899999896,-3568.982411999993,-2180.8780416797,0.2250429191999501
FMNR_red_272_cutoff_0.0.inp.out,1374.600742976891,-0.2445,0.1531,21.5303,0.0,-1319.7974338051,-3022.845621569152,-5135.055755094839,-2181.2150796249,0.2411710383003082
FMNR_red_273_cutoff_0.0.inp.out,1363.7510613565853,-0.209,0.1652,21.0641,0.0,-1319.7553170739,-1588.1676400000051,-3438.4481803000017,-2181.161991783,0.2220515101007549
FMNR_red_274_cutoff_0.0.inp.out,1364.724954243232,-0.2265,0.1689,21.3645,0.0,-1319.8338294964,-940.284011699998,-1019.5593929999978,-2181.2405396653,0.229006396600198
FMNR_red_275_cutoff_0.0.inp.out,1368.924603786882,-0.2124,0.1767,21.3228,0.0,-1319.5672763544,-996.52715642616,-425.696250195826,-2180.9827276999,0.220633281100163
FMNR_red_276_cutoff_0.0.inp.out,1361.382671561875,-0.2504,0.1468,21.1964,0.0,-1319.496933748,472.4372696635699,1936.7081875758836,-2180.9291974913,0.2564682251995691
FMNR_red_277_cutoff_0.0.inp.out,1370.4423182298538,-0.2311,0.16,21.8367,0.0,-1319.6061484334,874.7583391798233,3321.979275208168,-2181.0181916294,0.2358749852000983
FMNR_red_278_cutoff_0.0.inp.out,1363.3820732673485,-0.2378,0.1437,20.9202,0.0,-1319.7187940141,-640.1177572171185,167.18538930522217,-2181.1539271075,0.2483029301993156
FMNR_red_279_cutoff_0.0.inp.out,1360.2669237330747,-0.2461,0.1355,21.3009,0.0,-1319.5932918307,-1216.2509519178318,340.8241697554884,-2181.0361104302,0.2524109366995617
FMNR_red_27_cutoff_0.0.inp.out,1353.5887068949692,-0.2339,0.1856,20.1447,0.0,-1319.9404289216,-3171.1884747853214,-3755.75321454944,-2181.0921603624,0.2356851956001264
FMNR_red_280_cutoff_0.0.inp.out,1365.668998564682,-0.2072,0.1674,22.5305,0.0,-1319.9308678873,-2466.422234019781,-3625.139364735744,-2181.3653953988,0.2154073441997752
FMNR_red_281_cutoff_0.0.inp.out,1370.6676594369087,-0.2413,0.1639,22.6893,0.0,-1319.4876707017,-472.46405606240063,-738.9350845999988,-2180.9287417419,0.2385085656005685
FMNR_red_282_cutoff_0.0.inp.out,1366.7050597853097,-0.2005,0.1782,20.6094,0.0,-1320.0248588768,-2635.727158857772,-5843.003333364452,-2181.4289232088,0.2129781268995429
FMNR_red_283_cutoff_0.0.inp.out,1367.812635528331,-0.2191,0.1837,22.7407,0.0,-1319.8502357645,-1575.556033554462,-3761.88606688232,-2181.2594966335,0.2294668042004559
FMNR_red_284_cutoff_0.0.inp.out,1361.5145436110706,-0.2038,0.1546,20.0928,0.0,-1319.8934313648,-533.3736942257727,-2579.2169281404795,-2181.3074586984,0.2189938933006487
FMNR_red_285_cutoff_0.0.inp.out,1366.0768238986911,-0.2086,0.188,22.2664,0.0,-1319.6973580994,-1942.1309518671053,-2992.370366326636,-2181.112793959,0.2143046975998004
FMNR_red_286_cutoff_0.0.inp.out,1369.6952783743673,-0.2079,0.1709,21.1317,0.0,-1320.001704613,-439.93071169999973,-1169.553837999998,-2181.4065311322,0.2188789729007112
FMNR_red_287_cutoff_0.0.inp.out,1366.552329456873,-0.2133,0.1798,21.3521,0.0,-1319.5612286791,-1471.277659538798,-1728.617311858467,-2180.9750013688,0.2211151559004065
FMNR_red_288_cutoff_0.0.inp.out,1357.076668415309,-0.2085,0.1681,21.9514,0.0,-1319.446767796,-2131.66314131776,-2538.3926002750472,-2180.8133153039,0.2195734502993218
FMNR_red_289_cutoff_0.0.inp.out,1364.0457607760604,-0.2281,0.1525,22.5449,0.0,-1319.9680924172,-1738.285711912557,-3860.736809459331,-2181.4098214987,0.2423731425005826
FMNR_red_28_cutoff_0.0.inp.out,1342.529700161633,-0.2211,0.1689,21.8902,0.0,-1319.9571846562,-2534.9656510318237,-4312.531666864017,-2181.0873192148,0.2286769519996596
FMNR_red_290_cutoff_0.0.inp.out,1364.893081495686,-0.2128,0.1746,20.2453,0.0,-1320.1997100862,-2226.1072602056315,-2072.431577414852,-2181.6169774047,0.2290941760002169
FMNR_red_291_cutoff_0.0.inp.out,1365.9270707748672,-0.2365,0.1561,21.9433,0.0,-1320.3426838057,-2001.535662063315,-2845.891818772248,-2181.7402923808,0.247719237900128
FMNR_red_292_cutoff_0.0.inp.out,1361.5662590401253,-0.1904,0.2062,20.2186,0.0,-1319.9896763977,-1033.9099457089117,-1445.876178874729,-2181.3202276785,0.2149739185997532
FMNR_red_293_cutoff_0.0.inp.out,1361.3370809021128,-0.2243,0.173,22.6407,0.0,-1320.1559287682,-1800.4201833999969,-2690.523898400011,-2181.4970962874,0.2381484859997726
FMNR_red_294_cutoff_0.0.inp.out,1355.726773585107,-0.2008,0.1752,22.3928,0.0,-1320.0333676303,666.3706239058746,1485.6415463112648,-2181.3438261659,0.2171583947001636
FMNR_red_295_cutoff_0.0.inp.out,1360.730997760015,-0.2067,0.1715,21.6414,0.0,-1320.5024199072,-1384.4700390000005,-1144.739487000004,-2181.8582134109,0.2185668648999126
FMNR_red_296_cutoff_0.0.inp.out,1361.8147656137176,-0.2487,0.1415,21.8563,0.0,-1319.9376080696,-189.04227795753323,-1465.8440162545153,-2181.2696780729,0.255868248799743
FMNR_red_297_cutoff_0.0.inp.out,1363.541227717437,-0.2179,0.1668,21.0048,0.0,-1320.2296160576,-2685.9872549637685,-4169.297093477494,-2181.5089458935,0.2349985788996491
FMNR_red_298_cutoff_0.0.inp.out,1365.583827788707,-0.198,0.1922,20.0897,0.0,-1320.0198496062,-2861.191147506271,-4109.226951929674,-2181.243502719,0.2172562101995936
FMNR_red_299_cutoff_0.0.inp.out,1349.8277433492626,-0.2236,0.1625,20.6624,0.0,-1320.2294996272,-2060.783760324242,-4074.662658158404,-2181.550884728,0.234797142800744
FMNR_red_29_cutoff_0.0.inp.out,1363.1167640509505,-0.2122,0.1746,20.0092,0.0,-1320.1637601553,-806.732449095395,-589.7675201921369,-2181.303644004,0.2163840794000862
FMNR_red_2_cutoff_0.0.inp.out,1364.6702237921284,-0.2358,0.157,22.6315,0.0,-1320.0758654565,-1532.143291855171,-1973.4578477401756,-2181.4845613779,0.2412490239003091
FMNR_red_300_cutoff_0.0.inp.out,1370.6030761313075,-0.2378,0.1628,20.9106,0.0,-1320.3093733569,-1950.700864085037,-5027.918374309875,-2181.6179400094,0.2468171679993247
FMNR_red_301_cutoff_0.0.inp.out,1368.6044399908733,-0.228,0.1589,20.3445,0.0,-1320.2203306286,-1036.071685799997,-3518.897851469996,-2181.4512266592,0.2381131294005172
FMNR_red_302_cutoff_0.0.inp.out,1364.4948258631152,-0.2097,0.1541,20.3377,0.0,-1320.1335231231,-2015.2777557757424,-4703.143211238528,-2181.3488493475,0.2174869185992065
FMNR_red_303_cutoff_0.0.inp.out,1367.2201009177047,-0.1755,0.2147,18.7957,0.0,-1319.991727699,-2889.078794999996,-4915.557641400001,-2181.1691110489,0.1903074091997041
FMNR_red_304_cutoff_0.0.inp.out,1344.2801565825018,-0.1991,0.1602,21.6695,0.0,-1320.0670083515,-2756.6924396525137,-5151.59329394351,-2181.286673677,0.228172473000086
FMNR_red_305_cutoff_0.0.inp.out,1347.7444948459568,-0.2269,0.1557,22.532,0.0,-1319.7215516011,-2047.8685510000016,-4255.712831300009,-2180.9589416741,0.2455143022007178
FMNR_red_306_cutoff_0.0.inp.out,1350.6528310219865,-0.2127,0.1544,20.117,0.0,-1319.8965313813,-3738.833548829832,-7057.960573953528,-2181.0976360309,0.2342484338005306
FMNR_red_307_cutoff_0.0.inp.out,1350.8530543186976,-0.2123,0.1744,20.3504,0.0,-1320.336510772,-3236.6366066333626,-6015.387416281393,-2181.5679178838,0.2257918631003121
FMNR_red_308_cutoff_0.0.inp.out,1356.5783607744188,-0.2203,0.1596,20.9753,0.0,-1320.0963175804,-3787.854727850932,-5212.388564283355,-2181.3964058221,0.2316572449008163
FMNR_red_309_cutoff_0.0.inp.out,1346.323926957125,-0.2139,0.1688,22.2564,0.0,-1320.3909501789,-3706.2342724537193,-7130.173924419324,-2181.6230069003,0.2370070629003748
FMNR_red_30_cutoff_0.0.inp.out,1361.4161134218014,-0.2009,0.1741,21.7443,0.0,-1320.0733559853,-876.2286232705027,-659.9109658883731,-2181.2370192548,0.2176769600000625
FMNR_red_310_cutoff_0.0.inp.out,1361.8079335008667,-0.2106,0.1872,19.8469,0.0,-1320.3512010038,-2919.310900899995,-6315.644183000001,-2181.6137196671,0.2163481750003484
FMNR_red_311_cutoff_0.0.inp.out,1364.9247099013876,-0.2188,0.1765,21.3864,0.0,-1319.8536800549,-4257.104297100052,-10475.805935795484,-2181.1529437614,0.2321324108006592
FMNR_red_312_cutoff_0.0.inp.out,1363.2265728035293,-0.1833,0.1876,19.8541,0.0,-1320.324309467,-4952.456352451393,-10171.481561471375,-2181.6095206211,0.2087467859000753
FMNR_red_313_cutoff_0.0.inp.out,1370.5320001736698,-0.2109,0.1665,21.436,0.0,-1320.2647962314,-3699.831135347475,-7343.434761469113,-2181.5191239144,0.2292980880001778
FMNR_red_314_cutoff_0.0.inp.out,1354.7844533850987,-0.1892,0.1631,18.345,0.0,-1320.1152578259,-4145.077810139045,-8791.731229227324,-2181.3131918127,0.2167238407000695
FMNR_red_315_cutoff_0.0.inp.out,1364.794580921509,-0.2005,0.1777,18.9063,0.0,-1320.196670074,-4734.16873164358,-8770.159363546118,-2181.4986114134,0.2211147483003515
FMNR_red_316_cutoff_0.0.inp.out,1353.8158609474851,-0.2093,0.1785,19.0704,0.0,-1320.3327250418,-3578.403504392701,-9172.23627843594,-2181.5504175463,0.2296223841995015
FMNR_red_317_cutoff_0.0.inp.out,1361.256958324124,-0.1993,0.189,22.0,0.0,-1320.1509180065,-4763.5965463986895,-9897.88570910434,-2181.426316799,0.2210764226001629
FMNR_red_318_cutoff_0.0.inp.out,1359.1975042603476,-0.1725,0.1784,18.6951,0.0,-1320.1077031374,-3246.031589065554,-5781.22005690812,-2181.3298589213,0.2066480121002314
FMNR_red_319_cutoff_0.0.inp.out,1360.788196568096,-0.2193,0.1682,18.8417,0.0,-1319.9932594425,-3932.365292253679,-8971.496665970806,-2181.2975086094,0.2436606779992871
FMNR_red_31_cutoff_0.0.inp.out,1362.6550495180932,-0.176,0.1678,20.6711,0.0,-1319.7261372087,-1379.6107487198306,-1653.639863304718,-2180.8357004043,0.1948195708000639
FMNR_red_320_cutoff_0.0.inp.out,1369.2248421438578,-0.2011,0.1677,19.5759,0.0,-1319.9296890574,-4219.907500000001,-7703.149369999968,-2181.205791372,0.2167006384997876
FMNR_red_321_cutoff_0.0.inp.out,1348.632576173154,-0.2106,0.1616,20.3935,0.0,-1319.7378729625,-1714.376227303259,-5213.8376023658775,-2180.9734034927,0.2262687688998994
FMNR_red_322_cutoff_0.0.inp.out,1351.5222926524823,-0.238,0.1575,22.7335,0.0,-1320.0268538653,-4892.542892538014,-10608.233268222672,-2181.297301991,0.2450157214007049
FMNR_red_323_cutoff_0.0.inp.out,1361.9884284336647,-0.2224,0.167,21.8031,0.0,-1320.3164029857,-4883.55548000001,-9889.417974899996,-2181.6428882066,0.2283665371005554
FMNR_red_324_cutoff_0.0.inp.out,1353.2515180116725,-0.2073,0.1828,21.6632,0.0,-1319.8845465025,-2937.7393282095964,-6807.770026232733,-2181.1289685681,0.2331984461998217
FMNR_red_325_cutoff_0.0.inp.out,1358.0088130783292,-0.2398,0.1539,23.6179,0.0,-1319.9669727907,-2962.053351050381,-6461.9640609575235,-2181.1934428,0.2499264412999764
FMNR_red_326_cutoff_0.0.inp.out,1364.9662932778676,-0.2046,0.1685,21.6436,0.0,-1319.9491198701,-3226.893585199923,-6497.610164053697,-2181.1198750675,0.2202783448001355
FMNR_red_327_cutoff_0.0.inp.out,1363.876377530248,-0.2081,0.1768,21.0584,0.0,-1320.0636468028,-3978.0403880364047,-9434.199540390118,-2181.2452597539,0.2152362655006072
FMNR_red_328_cutoff_0.0.inp.out,1362.2657577520897,-0.2355,0.1592,22.5231,0.0,-1320.239354753,-4211.167926458331,-10602.69545851819,-2181.4161290386,0.2464104609998685
FMNR_red_329_cutoff_0.0.inp.out,1354.531724244448,-0.206,0.1871,19.0646,0.0,-1319.9400771962,-3927.1244728716065,-8099.781410210487,-2181.1104812007,0.2219622701004482
FMNR_red_32_cutoff_0.0.inp.out,1352.2563630363788,-0.1808,0.1922,22.2798,0.0,-1320.065970459,-2714.0423860396845,-3638.7201545165217,-2181.1208525593,0.2110526764008682
FMNR_red_330_cutoff_0.0.inp.out,1365.2376100518718,-0.2267,0.1562,21.6751,0.0,-1319.886820542,-2493.413759411281,-8644.81159880292,-2181.0863224096,0.2395854530004726
FMNR_red_331_cutoff_0.0.inp.out,1361.9263443498644,-0.2312,0.1634,23.4989,0.0,-1319.7066025968,-3747.378794617471,-7853.889892314245,-2180.7825748073,0.229271908499868
FMNR_red_332_cutoff_0.0.inp.out,1351.1381780740294,-0.215,0.1838,21.5824,0.0,-1319.7219569334,-3795.638934357282,-6753.354243069002,-2180.8592713561,0.2269224756000767
FMNR_red_333_cutoff_0.0.inp.out,1354.900937240583,-0.1902,0.1873,21.5859,0.0,-1319.8538292602,-2763.643433640665,-6133.707470701352,-2180.9334494819,0.2112242458006221
FMNR_red_334_cutoff_0.0.inp.out,1353.557358376513,-0.1806,0.1944,21.1621,0.0,-1319.977590381,-4146.735066453561,-8078.010376488395,-2181.0349043449,0.2019363743002031
FMNR_red_335_cutoff_0.0.inp.out,1352.867580639617,-0.1918,0.1508,19.911,0.0,-1320.1920769639,-3788.925148921363,-7077.405696798627,-2181.3105462797,0.2072630932007086
FMNR_red_336_cutoff_0.0.inp.out,1346.169017366335,-0.2146,0.1574,19.9118,0.0,-1319.9687656346,-4273.985337953565,-8126.467601802694,-2181.0735940094,0.2249591549998513
FMNR_red_337_cutoff_0.0.inp.out,1355.4372486041364,-0.2092,0.1876,22.3213,0.0,-1320.0158375269,-3341.8357314627237,-5775.434605444184,-2181.0188524451,0.2200351746996602
FMNR_red_338_cutoff_0.0.inp.out,1341.68677389574,-0.2317,0.1611,23.016,0.0,-1320.1125478184,-3499.341159337644,-7091.967904760798,-2181.0369725985,0.2315390113999456
FMNR_red_339_cutoff_0.0.inp.out,1364.1760268553676,-0.2267,0.1532,22.5014,0.0,-1319.9874798101,-3556.434273854306,-7141.4218778151835,-2181.4303408617,0.2415655301001606
FMNR_red_33_cutoff_0.0.inp.out,1354.7845475193908,-0.2004,0.1784,22.1369,0.0,-1319.6310624566,-3296.827775999996,-4813.045053700025,-2180.7768026678,0.219127462999495
FMNR_red_340_cutoff_0.0.inp.out,1364.9036948168257,-0.2174,0.1796,19.8034,0.0,-1320.1632942516,-3849.873216584996,-7894.401710434098,-2181.5917101849,0.2317146287005016
FMNR_red_341_cutoff_0.0.inp.out,1366.7802510744675,-0.2421,0.144,22.7129,0.0,-1320.0007982362,-4000.488370000002,-6843.003033000004,-2181.424208284,0.245124757099802
FMNR_red_342_cutoff_0.0.inp.out,1367.9994864554074,-0.2379,0.1655,21.0577,0.0,-1319.8860214533,-2967.330829999999,-5345.768180699985,-2181.2721711019,0.2450849435999771
FMNR_red_343_cutoff_0.0.inp.out,1365.734324571459,-0.2468,0.1535,22.7188,0.0,-1320.0598731642,-1177.9562941000006,-2372.4097576000236,-2181.4818855241,0.2512231927003086
FMNR_red_344_cutoff_0.0.inp.out,1366.8044070696033,-0.2239,0.1508,23.2423,0.0,-1320.0703408277,565.2298844293176,1546.1323461208012,-2181.4796514771,0.2329133702005492
FMNR_red_345_cutoff_0.0.inp.out,1364.1758152582229,-0.1974,0.2024,21.4944,0.0,-1320.0454054941,-1053.4008645980823,-1418.1182202803711,-2181.3882604632,0.2066625143997953
FMNR_red_346_cutoff_0.0.inp.out,1371.2118886582682,-0.2154,0.1803,20.8698,0.0,-1320.1975631375,-320.0886085110713,-365.86128133835183,-2181.5711697448,0.2178323903999626
FMNR_red_347_cutoff_0.0.inp.out,1371.097637599555,-0.231,0.1535,23.0679,0.0,-1320.1647011721,-139.17476180000068,-1327.6182913999955,-2181.5416192288,0.2318346788997587
FMNR_red_348_cutoff_0.0.inp.out,1367.1289785263118,-0.2083,0.1562,21.5197,0.0,-1319.9038805508,-269.5304159380894,-192.5151824588658,-2181.2667570979,0.2147430930999689
FMNR_red_349_cutoff_0.0.inp.out,1361.7547485672562,-0.2305,0.1423,20.759,0.0,-1320.4142948586,-49.64188448356989,-672.1898175769504,-2181.8070349146,0.2333953970000948
FMNR_red_34_cutoff_0.0.inp.out,1348.8977041349424,-0.1914,0.2079,22.2243,0.0,-1320.018440058,-2313.7047314,-2815.415367517,-2180.9860464918,0.2029249140996398
FMNR_red_350_cutoff_0.0.inp.out,1366.8106288484485,-0.2082,0.1792,20.989,0.0,-1320.3759820343,-2509.5571215546106,-1681.1286021269184,-2181.7097396674,0.2173187598000368
FMNR_red_351_cutoff_0.0.inp.out,1358.0963848287272,-0.223,0.1538,21.2502,0.0,-1320.1534841271,-1082.5908633628474,-104.80743674136764,-2181.5190594268,0.2378962272996432
FMNR_red_352_cutoff_0.0.inp.out,1364.8425590371044,-0.2235,0.1633,21.7797,0.0,-1320.3191768501,-845.5923619999998,-980.2813214000026,-2181.6559839481,0.2374758898995423
FMNR_red_353_cutoff_0.0.inp.out,1359.1345326662886,-0.199,0.1864,21.0401,0.0,-1320.0873050287,-2665.450616590562,-3666.0768726390975,-2181.4045302344,0.216223369599902
FMNR_red_354_cutoff_0.0.inp.out,1359.285098397525,-0.2324,0.1538,22.2604,0.0,-1319.7583403157,571.0781977541117,-935.616489829234,-2181.1285436202,0.2449088592993575
FMNR_red_355_cutoff_0.0.inp.out,1368.1972244116946,-0.2474,0.1498,21.2311,0.0,-1319.7263673105,-1490.4593580000014,-966.9013045999992,-2181.1326628793,0.2508727604999876
FMNR_red_356_cutoff_0.0.inp.out,1370.285756557336,-0.2287,0.1534,22.2494,0.0,-1320.3286339217,-677.1999850000008,-1141.6622919999922,-2181.7164917412,0.2370632537003985
FMNR_red_357_cutoff_0.0.inp.out,1366.1455240037883,-0.232,0.1549,21.1052,0.0,-1320.6556300784,-954.0352399342876,-2333.776948774612,-2182.0169560868,0.2445379254995714
FMNR_red_358_cutoff_0.0.inp.out,1369.459623921583,-0.2154,0.1634,21.8935,0.0,-1320.0335440905,-1869.769796032112,-2156.75009669157,-2181.3772323613,0.2261195812998266
FMNR_red_359_cutoff_0.0.inp.out,1366.8921437341407,-0.2089,0.1638,22.2344,0.0,-1320.077987168,203.18255763407217,-615.8426293122741,-2181.4391678764,0.2195917611998084
FMNR_red_35_cutoff_0.0.inp.out,1340.6372459738304,-0.2347,0.179,19.0293,0.0,-1319.8939147574,-2014.0079400000047,-3235.5612140000176,-2180.8393920731,0.2233923542999036
FMNR_red_360_cutoff_0.0.inp.out,1361.6642275390784,-0.226,0.16,22.6611,0.0,-1319.8693763924,692.588658410647,1561.6469833514511,-2181.217911518,0.2346836615997745
FMNR_red_361_cutoff_0.0.inp.out,1359.031753007842,-0.2105,0.179,22.1057,0.0,-1319.9416058366,-681.5795705564157,-1796.6072895073885,-2181.3309211747,0.2202488165994509
FMNR_red_362_cutoff_0.0.inp.out,1362.4836483032973,-0.1958,0.1773,22.3797,0.0,-1319.7006643454,206.82662530000076,575.1918067000033,-2181.0523970425,0.2153707711004244
FMNR_red_363_cutoff_0.0.inp.out,1369.9784426216277,-0.202,0.1724,21.2081,0.0,-1319.6636463128,-697.0620524731029,-234.4565090160439,-2181.0083275397,0.2113072596994243
FMNR_red_364_cutoff_0.0.inp.out,1370.506130137247,-0.2139,0.1791,21.4364,0.0,-1319.8722628203,-1227.1284005271768,-1529.84909404756,-2181.2119442778,0.2174227320001591
FMNR_red_365_cutoff_0.0.inp.out,1373.5386170222237,-0.2275,0.1564,21.2174,0.0,-1319.5954480614,-3.2855794711458683,816.8787640542545,-2180.9667808884,0.2306498200996429
FMNR_red_366_cutoff_0.0.inp.out,1367.5861298612583,-0.2074,0.1776,21.2818,0.0,-1319.2958960093,-1119.7269128493365,-191.22661245246013,-2180.5717730828,0.2217608437995295
FMNR_red_367_cutoff_0.0.inp.out,1363.703931567338,-0.2155,0.1822,20.1237,0.0,-1320.0546207,-354.33144203108657,111.2360082358977,-2181.383625974,0.221690456000033
FMNR_red_368_cutoff_0.0.inp.out,1365.6377411502529,-0.2213,0.1626,22.3203,0.0,-1319.7606657665,-881.2203814000028,-1508.240833100003,-2181.0869863838,0.2256681888993625
FMNR_red_369_cutoff_0.0.inp.out,1359.793572934379,-0.2023,0.1651,20.1761,0.0,-1319.7912922084,-1553.297955892152,-1498.136716096369,-2181.080049846,0.2112725472998136
FMNR_red_36_cutoff_0.0.inp.out,1341.182330330475,-0.2034,0.1542,20.4828,0.0,-1320.0253771046,-3417.004652001227,-5550.900584495015,-2180.8525497497,0.2252435697000692
FMNR_red_370_cutoff_0.0.inp.out,1365.3134256990777,-0.2317,0.1609,20.6794,0.0,-1319.703117552,164.4687255311096,3219.294091702687,-2181.0661491292,0.2462592411002333
FMNR_red_371_cutoff_0.0.inp.out,1358.6733675924436,-0.2079,0.1722,22.1425,0.0,-1319.6840562404,-1613.4802332000015,-882.0015714900024,-2181.0061442632,0.2302129786994555
FMNR_red_372_cutoff_0.0.inp.out,1356.6590108826997,-0.2142,0.1863,20.4407,0.0,-1319.8673674254,42.31993400000042,1254.0535108000004,-2181.1677339886,0.2316524708003271
FMNR_red_373_cutoff_0.0.inp.out,1358.6435443202984,-0.2159,0.1749,21.5446,0.0,-1319.6447495537,-539.3666067310542,451.5621911225753,-2180.9693212277,0.2231214100002034
FMNR_red_374_cutoff_0.0.inp.out,1351.714457219531,-0.2314,0.1657,20.4472,0.0,-1320.0910973277,-378.41935815977104,857.9067754830107,-2181.3910712807,0.2443386432996703
FMNR_red_375_cutoff_0.0.inp.out,1361.896100324513,-0.2189,0.1819,20.111,0.0,-1319.8938084011,-108.21925299999964,-1238.9595072999923,-2181.1586447246,0.2335811352004384
FMNR_red_376_cutoff_0.0.inp.out,1371.363483128816,-0.2028,0.1769,19.9517,0.0,-1319.729123342,-1703.4633289349715,-3783.190635365577,-2180.9830598458,0.2178122723998967
FMNR_red_377_cutoff_0.0.inp.out,1375.853908444319,-0.2244,0.1726,22.0349,0.0,-1319.9015944234,-3039.3858785110824,-3610.6974222989593,-2181.1175863138,0.2369363145999159
FMNR_red_378_cutoff_0.0.inp.out,1377.4132444280158,-0.2228,0.1731,21.1473,0.0,-1319.7831420798,-1987.1683873664017,-3993.6388036348135,-2181.0720697654,0.2313526094003464
FMNR_red_379_cutoff_0.0.inp.out,1360.5293019938154,-0.2201,0.1876,22.4265,0.0,-1319.7561491317,-120.6325479324274,133.22383122369934,-2181.0527109738,0.2264889253001456
FMNR_red_37_cutoff_0.0.inp.out,1340.9938031873305,-0.1861,0.2004,19.5355,0.0,-1319.6713254809,-2557.9672924301603,-4818.554244941007,-2180.6098329603,0.2031946932002029
FMNR_red_380_cutoff_0.0.inp.out,1371.2050697275083,-0.2116,0.185,21.6403,0.0,-1319.803348079,-1789.1696731000022,-3543.8787251999993,-2181.0984432146,0.2217802651002784
FMNR_red_381_cutoff_0.0.inp.out,1352.9060711459667,-0.191,0.2017,18.963,0.0,-1319.5453823044,-3263.96025,-5146.680566100007,-2180.7526646527,0.2007951978002893
FMNR_red_382_cutoff_0.0.inp.out,1353.9569654264471,-0.2239,0.1542,20.6577,0.0,-1319.8299873413,-3211.970924045308,-6925.5894174934865,-2180.9993501974,0.2380065471998023
FMNR_red_383_cutoff_0.0.inp.out,1370.0235952932203,-0.191,0.2053,20.7264,0.0,-1319.5821658112,-1512.8326182287135,-2013.3436790045848,-2180.7997572604,0.2096161792997009
FMNR_red_384_cutoff_0.0.inp.out,1371.1559614889666,-0.2042,0.1727,18.067,0.0,-1319.425672788,-2383.901474793413,-3164.6017341908023,-2180.7201837474,0.2158070879004299
FMNR_red_385_cutoff_0.0.inp.out,1358.129258421883,-0.2195,0.1618,19.8984,0.0,-1319.9062011774,-2514.970635026857,-4783.007455487803,-2181.2001309963,0.2327790926001398
FMNR_red_386_cutoff_0.0.inp.out,1353.9302499706134,-0.2375,0.149,21.0612,0.0,-1320.1346628439,-3538.2646082610813,-4412.605692601279,-2181.3701246018,0.2345610303000285
FMNR_red_387_cutoff_0.0.inp.out,1353.5956000808742,-0.2161,0.1796,20.9187,0.0,-1319.9677378093,-230.91638008338953,-1356.1162784823634,-2181.2431481568,0.2288561818004382
FMNR_red_388_cutoff_0.0.inp.out,1363.6564274743448,-0.1934,0.2112,19.1018,0.0,-1320.1361930825,-2265.2397016,-4622.764046799992,-2181.4036128387,0.2098587381997276
FMNR_red_389_cutoff_0.0.inp.out,1364.003763275535,-0.2279,0.1528,22.4645,0.0,-1319.990422418,-1162.320482278354,-4212.20085249493,-2181.4328470546,0.2421343729993168
FMNR_red_38_cutoff_0.0.inp.out,1342.9879881865988,-0.2252,0.1232,22.9093,0.0,-1319.5751439953,-726.850074999997,-3071.979924850011,-2180.2455625448,0.2450299849006114
FMNR_red_390_cutoff_0.0.inp.out,1366.8255050323771,-0.2242,0.1691,20.3738,0.0,-1320.3190153445,-1250.1712601700187,-2736.945471242718,-2181.748482168,0.2376332327003183
FMNR_red_391_cutoff_0.0.inp.out,1369.0454217062363,-0.2298,0.1597,22.1607,0.0,-1320.0674750215,-2465.699565697099,-4032.6561574521106,-2181.4832882408,0.2411230159004844
FMNR_red_392_cutoff_0.0.inp.out,1361.285286975282,-0.1956,0.1889,21.2495,0.0,-1320.2412242006,-1972.434416563614,-2884.6000102971107,-2181.6339093985,0.2102742778997708
FMNR_red_393_cutoff_0.0.inp.out,1358.7594248628002,-0.2354,0.1478,22.2823,0.0,-1320.092740959,-2244.521944413975,-2523.7704789658383,-2181.5188361979,0.2430582534998393
FMNR_red_394_cutoff_0.0.inp.out,1358.2215554685274,-0.2246,0.1585,22.2465,0.0,-1320.2285905907,573.4034943999998,1538.609472759999,-2181.6546434205,0.2358388364000347
FMNR_red_395_cutoff_0.0.inp.out,1362.203427031052,-0.2464,0.1491,23.0066,0.0,-1320.4572643716,-453.703899505983,-87.81101317167528,-2181.8813233184,0.2480299246999493
FMNR_red_396_cutoff_0.0.inp.out,1359.7538979707529,-0.2208,0.1629,22.1719,0.0,-1320.3834903396,-235.42238645428597,-894.7954149055864,-2181.7870834076,0.2284757075995003
FMNR_red_397_cutoff_0.0.inp.out,1356.720728624835,-0.2264,0.1609,21.6894,0.0,-1320.4964872037,-1291.1484085000022,-1469.2652991000125,-2181.8960125744,0.2325696107000112
FMNR_red_398_cutoff_0.0.inp.out,1369.238254084566,-0.2334,0.1484,20.5446,0.0,-1320.111963345,-314.9712910283942,-1044.2493959495605,-2181.538011937,0.238069058599649
FMNR_red_399_cutoff_0.0.inp.out,1359.8924682021798,-0.2111,0.1631,21.7716,0.0,-1320.18405744,-1833.581926858814,-3545.3216883424384,-2181.6017637781,0.2222237839005174
FMNR_red_39_cutoff_0.0.inp.out,1350.5952214780582,-0.1931,0.1974,22.0369,0.0,-1319.3892032022,-3014.391200605785,-5219.351271343504,-2180.0830825433,0.2128327333002744
FMNR_red_3_cutoff_0.0.inp.out,1352.369008638014,-0.2056,0.188,19.9276,0.0,-1320.2544447712,-3016.275161147369,-3078.741680847262,-2181.5771413401,0.2208230303995151
FMNR_red_400_cutoff_0.0.inp.out,1364.4151340614876,-0.2411,0.1452,21.4829,0.0,-1320.2606167989,-727.0495480488211,-2975.813718810746,-2181.7001915357,0.247813425199638
FMNR_red_401_cutoff_0.0.inp.out,1358.184897252265,-0.2073,0.1802,22.0307,0.0,-1320.3250011959,-799.8575559567564,-1668.2662052645428,-2181.7270573669,0.2217437379003968
FMNR_red_402_cutoff_0.0.inp.out,1359.7840924072143,-0.2197,0.1735,21.6728,0.0,-1320.3792368961,-826.7859841500001,-1859.0311521999968,-2181.8075425194,0.2240595567000127
FMNR_red_403_cutoff_0.0.inp.out,1356.7076419125628,-0.2207,0.1702,22.3881,0.0,-1320.4768979631,-1206.4234845753083,-4283.88325811246,-2181.8949205499,0.2336684228002923
FMNR_red_404_cutoff_0.0.inp.out,1358.0621014904184,-0.2214,0.1568,22.1277,0.0,-1320.2580960456,-4686.673339937803,-7934.680095888298,-2181.6896548949,0.2321472624998932
FMNR_red_405_cutoff_0.0.inp.out,1361.9069119767423,-0.2377,0.1536,22.1567,0.0,-1320.4409516881,-1195.2848422139682,-4398.780666114899,-2181.8614213344,0.2446984865000558
FMNR_red_406_cutoff_0.0.inp.out,1349.170723799533,-0.1852,0.1978,21.5187,0.0,-1320.7928131669,-2942.4347748577793,-5884.2304144373065,-2182.1816267568,0.2020628384998417
FMNR_red_407_cutoff_0.0.inp.out,1359.4044257781,-0.2232,0.1659,20.3916,0.0,-1320.4893201098,-1864.3592668300016,-3107.186577269994,-2181.8852522057,0.2374633407998772
FMNR_red_408_cutoff_0.0.inp.out,1358.0900441535337,-0.2306,0.161,21.6233,0.0,-1320.3830172816,-1351.8202865269786,-1556.091070512791,-2181.7583447319,0.2355775730002278
FMNR_red_409_cutoff_0.0.inp.out,1356.886572832087,-0.2347,0.1424,21.3358,0.0,-1320.5567409732,-76.45985071975998,756.7157546359259,-2181.9417201041,0.2367130983993775
FMNR_red_40_cutoff_0.0.inp.out,1321.283613131194,-0.2245,0.1192,22.3265,0.0,-1319.7318412949,-1493.5580874404168,-3662.309108087227,-2180.512305088,0.2480645466002897
FMNR_red_410_cutoff_0.0.inp.out,1374.0376504689166,-0.2343,0.1569,21.6157,0.0,-1320.5603008282,636.7268772724846,-771.2863374128875,-2181.953377514,0.2393741093001153
FMNR_red_411_cutoff_0.0.inp.out,1365.7630104134969,-0.2167,0.1835,21.2185,0.0,-1320.2305752559,-2696.4034535938567,-2467.087873209675,-2181.6046082765,0.230006554999818
FMNR_red_412_cutoff_0.0.inp.out,1361.750502791049,-0.2265,0.149,22.7166,0.0,-1320.5406716999,-1029.9000392957987,-2277.130728829454,-2181.9528248164,0.2378191426005287
FMNR_red_413_cutoff_0.0.inp.out,1356.9709427789044,-0.2363,0.1554,20.527,0.0,-1320.1480289285,-879.7304525834436,-1496.4911795600638,-2181.5295513598,0.2445660497005519
FMNR_red_414_cutoff_0.0.inp.out,1365.7401250665907,-0.2073,0.1522,21.816,0.0,-1320.7036415877,-1000.0504939485056,-1016.9058214731556,-2182.0865582474,0.2168656748999637
FMNR_red_415_cutoff_0.0.inp.out,1360.0458710312432,-0.2338,0.1548,22.4224,0.0,-1320.3322053127,-1334.0703668539268,-2735.525691237685,-2181.7310165386,0.2360220365999339
FMNR_red_416_cutoff_0.0.inp.out,1367.877235655728,-0.2138,0.1664,20.9376,0.0,-1320.7685716546,-3034.4556764526324,-6838.207275970418,-2182.1508695071,0.2177200757996615
FMNR_red_417_cutoff_0.0.inp.out,1358.9001046765056,-0.2272,0.1676,23.0815,0.0,-1320.3698460373,-1921.9419935560877,-4328.601037194645,-2181.7859286552,0.2287051269004223
FMNR_red_418_cutoff_0.0.inp.out,1365.1792790857885,-0.2087,0.1737,21.5519,0.0,-1320.2120713932,-1569.6868119201013,-4054.227546528709,-2181.567510143,0.2209601121003288
FMNR_red_419_cutoff_0.0.inp.out,1371.431571498159,-0.2271,0.1774,21.258,0.0,-1320.435727264,-1021.6016844857502,-1762.6591450066985,-2181.8089593773,0.2355491682001229
FMNR_red_41_cutoff_0.0.inp.out,1338.2287349936887,-0.1971,0.1631,22.3127,0.0,-1319.6187822218,-436.7610943606598,-2647.337632134978,-2180.4529471261,0.2285030309994908
FMNR_red_420_cutoff_0.0.inp.out,1369.1818533814187,-0.2031,0.1527,20.8707,0.0,-1320.6286502844,-948.0331329000004,-1716.7169353999964,-2181.9853791253,0.2183400226995218
FMNR_red_421_cutoff_0.0.inp.out,1369.6849467174266,-0.2095,0.1685,21.0675,0.0,-1319.9113159161,138.85421599101204,-690.270494436253,-2181.2870535225,0.2161225695999746
FMNR_red_422_cutoff_0.0.inp.out,1357.4733715237664,-0.2184,0.1535,20.812,0.0,-1320.3667201738,-243.0837260834828,-40.802053802013205,-2181.7751833412,0.2330573161998472
FMNR_red_423_cutoff_0.0.inp.out,1360.9086649394667,-0.1973,0.1751,21.9682,0.0,-1320.0094340697,-1046.3139026850458,50.45662674332266,-2181.4200816913,0.2082825913994384
FMNR_red_424_cutoff_0.0.inp.out,1371.3816522832492,-0.2141,0.1806,21.0221,0.0,-1320.6997318377,368.4461161000001,1223.6869604999997,-2182.1078772652,0.2241659718001756
FMNR_red_425_cutoff_0.0.inp.out,1368.8626883442985,-0.2303,0.1505,22.4356,0.0,-1319.9467861988,-547.0061506000009,-192.07972369999848,-2181.389855575,0.2360123083999497
FMNR_red_426_cutoff_0.0.inp.out,1370.490823783926,-0.2146,0.1714,22.8195,0.0,-1320.2472974773,-1340.7817164000048,-2358.293060609991,-2181.6721783937,0.2185062974995162
FMNR_red_427_cutoff_0.0.inp.out,1361.011504453067,-0.2091,0.1791,20.9489,0.0,-1320.3008550048,-475.7813582181666,-686.3492966500102,-2181.7212755381,0.2229779704002794
FMNR_red_428_cutoff_0.0.inp.out,1353.26986769888,-0.2163,0.1575,21.7692,0.0,-1320.4104799996,-1834.772655880022,-1727.7073692428853,-2181.811745538,0.2231710381001903
FMNR_red_429_cutoff_0.0.inp.out,1364.6480240915353,-0.2398,0.1454,20.3212,0.0,-1319.9672484076,-620.6974110000018,-600.1471523,-2181.4007600199,0.244804864300022
FMNR_red_42_cutoff_0.0.inp.out,1337.2659065393714,-0.2191,0.1515,23.9893,0.0,-1319.4807185228,-3229.533732463037,-6832.695226647957,-2180.2362933848,0.2315575080001508
FMNR_red_430_cutoff_0.0.inp.out,1360.4404676115305,-0.2301,0.1519,23.2116,0.0,-1320.6286504897,-606.0227219766692,-1116.884731314148,-2182.0569678618,0.2365516193995063
FMNR_red_431_cutoff_0.0.inp.out,1367.4537330210974,-0.2117,0.1742,22.499,0.0,-1320.3559895323,-966.6023197967108,-253.1546445451012,-2181.7904896163,0.225584095499471
FMNR_red_432_cutoff_0.0.inp.out,1376.6930388688045,-0.2033,0.1785,21.0048,0.0,-1319.9212805127,-660.1204644999997,698.6842215999982,-2181.3417346421,0.2180782171008104
FMNR_red_433_cutoff_0.0.inp.out,1358.8349962254947,-0.2266,0.1523,22.7199,0.0,-1320.1044105845,-751.5031211961283,-490.9585910409172,-2181.5221989774,0.2414845876000981
FMNR_red_434_cutoff_0.0.inp.out,1359.1023148429358,-0.23,0.1604,23.5711,0.0,-1320.2242061293,1131.05413010373,1772.45297948887,-2181.6318516524,0.23902216030001
FMNR_red_435_cutoff_0.0.inp.out,1350.753674900825,-0.2191,0.1391,22.403,0.0,-1319.8031732892,-1253.4099104888382,-849.4061222930281,-2181.1936775178,0.2350837820995366
FMNR_red_436_cutoff_0.0.inp.out,1365.7558155315753,-0.2338,0.1613,21.8741,0.0,-1320.3270335303,-996.8089793780556,62.01386615202125,-2181.7185464893,0.2353474968003865
FMNR_red_437_cutoff_0.0.inp.out,1363.2294367344623,-0.191,0.1776,21.902,0.0,-1319.7771231937,-27.10929861848878,1188.6013190978858,-2181.1557739072,0.2066901197995321
FMNR_red_438_cutoff_0.0.inp.out,1366.520972657608,-0.1997,0.1817,22.5441,0.0,-1320.0158780117,558.7566143000012,-56.24575325999936,-2181.4358897592,0.2106410991000302
FMNR_red_439_cutoff_0.0.inp.out,1364.0281023841137,-0.2273,0.153,22.5162,0.0,-1319.9891662931,181.4255518481699,633.939097119265,-2181.4315016844,0.2420783625002514
FMNR_red_43_cutoff_0.0.inp.out,1340.295641780864,-0.2342,0.1444,22.2844,0.0,-1319.7894952694,-1577.7004546988774,-2502.9842549817645,-2180.6195596972,0.2495916758007297
FMNR_red_440_cutoff_0.0.inp.out,1364.9763876399295,-0.2191,0.1767,20.3339,0.0,-1320.2657446723,275.7350180000005,-32.72182399999993,-2181.7034368907,0.233809269700032
FMNR_red_441_cutoff_0.0.inp.out,1367.4964234930442,-0.2363,0.1539,22.6969,0.0,-1320.289074086,-948.053578103364,-128.86051892052222,-2181.7337554905,0.2404147731003831
FMNR_red_442_cutoff_0.0.inp.out,1362.3160454328213,-0.234,0.1658,22.5053,0.0,-1320.8045764745,-1372.1765258999978,-659.7927240000058,-2182.2213384399,0.2404470371993738
FMNR_red_443_cutoff_0.0.inp.out,1362.3743359666996,-0.2448,0.1508,21.1404,0.0,-1320.3687873539,-2102.019934500005,-1491.707278199998,-2181.7975749244,0.2495000996004819
FMNR_red_444_cutoff_0.0.inp.out,1361.3009868953034,-0.2453,0.1422,22.1769,0.0,-1320.3114093118,681.6327293318152,1752.441712649568,-2181.7507448719,0.2458703554002568
FMNR_red_445_cutoff_0.0.inp.out,1357.9332106947436,-0.2307,0.1631,22.5899,0.0,-1320.976901184,-888.0957928048628,-1586.4966294003978,-2182.4173505268,0.2360040841003865
FMNR_red_446_cutoff_0.0.inp.out,1358.4572412479672,-0.2395,0.1339,22.3298,0.0,-1320.2064044327,-918.0230510000004,-2453.561015899995,-2181.6599951315,0.2483421280003312
FMNR_red_447_cutoff_0.0.inp.out,1367.2257817932232,-0.2282,0.1771,22.2078,0.0,-1320.7093552273,-1907.8876255789712,-3910.73240100782,-2182.1386832679,0.2408536769999045
FMNR_red_448_cutoff_0.0.inp.out,1370.1417555528103,-0.2193,0.1327,22.2792,0.0,-1320.4725747408,-437.79891520064734,-2855.983123914016,-2181.9017132782,0.2412612641001033
FMNR_red_449_cutoff_0.0.inp.out,1362.3048863569345,-0.2285,0.1697,23.0947,0.0,-1320.0668758053,-395.47754925351666,-788.5517822804098,-2181.4937401889,0.2305898585991599
FMNR_red_44_cutoff_0.0.inp.out,1347.4971330331591,-0.1986,0.1939,20.9618,0.0,-1319.6128998877,-3326.96554349999,-5837.356930900008,-2180.4771168805,0.2054724098006772
FMNR_red_450_cutoff_0.0.inp.out,1367.6800950226043,-0.2059,0.1766,20.3417,0.0,-1320.9081437602,-932.7692620683276,-2228.944602842372,-2182.2982559066,0.2208763660000841
FMNR_red_451_cutoff_0.0.inp.out,1371.3841659513257,-0.2208,0.1649,21.3858,0.0,-1320.6733148971,1022.2359152830544,269.01570044047617,-2182.0694433882,0.2328364394998061
FMNR_red_452_cutoff_0.0.inp.out,1373.8518327164106,-0.1975,0.1722,21.4044,0.0,-1320.8165709544,-1006.0246380236302,-961.7686321676638,-2182.2275518506,0.2122836101998473
FMNR_red_453_cutoff_0.0.inp.out,1366.414674637767,-0.2075,0.1813,20.8714,0.0,-1320.6009365392,-997.849534900001,-3196.004397100008,-2181.968846868,0.2248040567001226
FMNR_red_454_cutoff_0.0.inp.out,1370.111260731802,-0.2089,0.1724,20.0441,0.0,-1320.9647696162,-2283.201267299997,-3256.6607089000136,-2182.3657999215,0.2291413504999582
FMNR_red_455_cutoff_0.0.inp.out,1368.1180047240769,-0.2283,0.159,21.0743,0.0,-1319.9132806206,-1051.0662943652396,-1927.4713468394195,-2181.327419575,0.2399222630001531
FMNR_red_456_cutoff_0.0.inp.out,1354.5076145339794,-0.2121,0.1705,20.704,0.0,-1319.9737687932,-593.8269191724878,-1815.0515961465887,-2181.3851233527,0.2305445156998757
FMNR_red_457_cutoff_0.0.inp.out,1371.0850108335646,-0.2301,0.1608,21.0769,0.0,-1320.520303383,-1694.1900423548836,-1555.0290697432158,-2181.9500914397,0.2342033862996686
FMNR_red_458_cutoff_0.0.inp.out,1362.7558833268488,-0.2192,0.1798,19.6206,0.0,-1320.3393393004,-2359.104049893578,-3949.7724243436337,-2181.756736844,0.228399046600316
FMNR_red_459_cutoff_0.0.inp.out,1368.5210635274298,-0.2235,0.1748,21.3106,0.0,-1320.7360832667,-1352.548796919849,-2392.8975062001055,-2182.1404644489,0.2259079481000299
FMNR_red_45_cutoff_0.0.inp.out,1351.0577012426115,-0.2162,0.1816,20.3248,0.0,-1319.9488818792,-2588.7256832717317,-4977.431619290418,-2180.6722521336,0.224996435099456
FMNR_red_460_cutoff_0.0.inp.out,1364.5777441623402,-0.2418,0.1583,22.6975,0.0,-1320.3027846754,-512.2133005713507,-1980.456226779619,-2181.7384864763,0.2444375645000036
FMNR_red_461_cutoff_0.0.inp.out,1365.5419122583407,-0.2189,0.165,21.9201,0.0,-1320.518568929,-1966.7879393162652,-3479.367324051464,-2181.9151318505,0.2236561634999816
FMNR_red_462_cutoff_0.0.inp.out,1355.1168067054434,-0.2089,0.1591,21.8516,0.0,-1320.5729845666,-760.3749489242919,-1260.1769268218184,-2181.949785374,0.2203593627000373
FMNR_red_463_cutoff_0.0.inp.out,1361.6965510817593,-0.1993,0.1809,20.0932,0.0,-1320.6995083028,-524.1783358211404,-1481.2607129378098,-2182.0554102104,0.2193778088003455
FMNR_red_464_cutoff_0.0.inp.out,1364.6055708907295,-0.201,0.1864,18.8291,0.0,-1320.735057216,-1323.28520964372,-1922.133784984064,-2182.0690040961,0.2184113337998496
FMNR_red_465_cutoff_0.0.inp.out,1359.6402913526867,-0.2127,0.1664,21.0018,0.0,-1320.2568241424,-87.15760571486295,-460.563875325909,-2181.6232888609,0.2295057767996695
FMNR_red_466_cutoff_0.0.inp.out,1357.839372574471,-0.2403,0.1549,18.4705,0.0,-1320.6917755352,-1851.0017049998544,-1889.97382387194,-2182.0765567802,0.248637654799495
FMNR_red_467_cutoff_0.0.inp.out,1354.3031781212717,-0.217,0.1601,20.0397,0.0,-1320.4964178102,-1437.2015255912,-1790.4914179200057,-2181.8758862553,0.2356543489004252
FMNR_red_468_cutoff_0.0.inp.out,1364.215811264831,-0.2211,0.1795,19.7527,0.0,-1320.2576989062,-1763.001522195996,-1711.9927452786508,-2181.6211386675,0.237825713699749
FMNR_red_469_cutoff_0.0.inp.out,1361.2714866022664,-0.2281,0.1516,21.1219,0.0,-1320.5589852744,-1702.749013499998,-4119.229603870005,-2181.9361040154,0.2365112436000345
FMNR_red_46_cutoff_0.0.inp.out,1343.463990079144,-0.2113,0.1301,23.0072,0.0,-1319.6566445214,-2085.832774830684,-5162.859822154681,-2180.5888953776,0.2307760334006161
FMNR_red_470_cutoff_0.0.inp.out,1358.201998502262,-0.1925,0.2001,20.2376,0.0,-1320.6755295668,-1766.6512118118912,-2313.304511664732,-2182.0315217293,0.2164624984006877
FMNR_red_471_cutoff_0.0.inp.out,1367.575820719017,-0.2225,0.1714,20.0627,0.0,-1320.5461044232,-141.30380299999987,-1187.175645000003,-2181.8982735874,0.2302748037000128
FMNR_red_472_cutoff_0.0.inp.out,1353.40123115744,-0.208,0.1604,19.6966,0.0,-1320.7691248312,-1779.503822472516,-4106.29096099016,-2182.1126418352,0.2277249846001723
FMNR_red_473_cutoff_0.0.inp.out,1358.3006262567026,-0.2086,0.1748,20.8234,0.0,-1320.7048374422,-3371.642593271697,-5374.565173388853,-2182.084297814,0.2281225119995724
FMNR_red_474_cutoff_0.0.inp.out,1356.0880173984403,-0.202,0.1841,19.0861,0.0,-1320.3175282225,-819.740969678661,-2629.8021741738357,-2181.6763249401,0.2169734074996085
FMNR_red_475_cutoff_0.0.inp.out,1367.6564182826608,-0.2168,0.1772,20.791,0.0,-1320.382577655,-3687.744916732066,-5504.474764826201,-2181.7768887429,0.2225083242001346
FMNR_red_476_cutoff_0.0.inp.out,1371.3393459400477,-0.2187,0.1714,21.3619,0.0,-1320.3070020858,-1811.9752709734628,-3794.3593561555504,-2181.6738100583,0.2339021559000684
FMNR_red_477_cutoff_0.0.inp.out,1362.6100608868885,-0.2017,0.1427,21.9042,0.0,-1320.0361595741,-2269.415828327063,-5205.955773420497,-2181.3939113019,0.2170887726997534
FMNR_red_478_cutoff_0.0.inp.out,1364.1192033384166,-0.2099,0.1805,20.2544,0.0,-1319.9062904159,-1305.912476086212,-2330.384366213328,-2181.2788557808,0.2221690177993878
FMNR_red_479_cutoff_0.0.inp.out,1366.2842036976892,-0.2049,0.1603,19.2805,0.0,-1320.0139039857,-1827.5788499999976,-3181.2582120000206,-2181.3659177264,0.2243361681994429
FMNR_red_47_cutoff_0.0.inp.out,1361.5207821043855,-0.1669,0.1832,20.9685,0.0,-1319.7794315162,-3562.9999249677016,-7143.0372750475335,-2180.7037885114,0.1849283480005397
FMNR_red_480_cutoff_0.0.inp.out,1359.3881562416373,-0.2009,0.1611,23.1104,0.0,-1320.1106347452,-1368.571125,-4586.458334999984,-2181.4697256174,0.2067849478999051
FMNR_red_481_cutoff_0.0.inp.out,1361.2579220281118,-0.2054,0.1564,21.9286,0.0,-1320.028760764,-765.988883019169,-2070.696147399414,-2181.4022428399,0.2210488649998296
FMNR_red_482_cutoff_0.0.inp.out,1354.414493530409,-0.2356,0.1738,22.8233,0.0,-1320.2149891358,-1829.8168130000035,-4688.782533100003,-2181.599739231,0.2453052939999906
FMNR_red_483_cutoff_0.0.inp.out,1355.5696027238862,-0.2198,0.1812,19.5352,0.0,-1320.4517294454,-2389.442866554746,-3718.022040974256,-2181.8269929241,0.231364587400094
FMNR_red_484_cutoff_0.0.inp.out,1357.0687654201488,-0.2029,0.1772,20.6037,0.0,-1320.4832610842,-1308.3224743211676,-3976.834342830387,-2181.8311921741,0.2140197636999801
FMNR_red_485_cutoff_0.0.inp.out,1356.8888100448205,-0.2039,0.1663,19.8582,0.0,-1320.2339358917,-3287.7149884817286,-5103.061655133225,-2181.5670924051,0.2194168167998214
FMNR_red_486_cutoff_0.0.inp.out,1366.4276070619749,-0.2265,0.1496,19.9127,0.0,-1319.8083811969,-2062.433016999996,-4314.299709299992,-2181.2004695851,0.2323246690002633
FMNR_red_487_cutoff_0.0.inp.out,1359.3180376833814,-0.2224,0.145,21.6263,0.0,-1320.2147303904,-2048.250656247295,-3149.3844728123568,-2181.5849206411,0.231277243000477
FMNR_red_488_cutoff_0.0.inp.out,1360.6639843578307,-0.2231,0.1487,19.5578,0.0,-1320.0081517054,-1131.2980011008704,-2300.235557162141,-2181.3836593432,0.2369595006002782
FMNR_red_48_cutoff_0.0.inp.out,1359.033960494696,-0.1995,0.1801,21.669,0.0,-1320.2129136407,-3575.15585975229,-5731.7895307837925,-2181.1332270599,0.2188619708003898
FMNR_red_49_cutoff_0.0.inp.out,1363.7840268364876,-0.2271,0.1529,22.5079,0.0,-1319.9887629682,-3857.871142125007,-7566.392259990175,-2181.4300250491,0.2422086914002648
FMNR_red_4_cutoff_0.0.inp.out,1356.0501087175944,-0.2098,0.1768,20.5306,0.0,-1320.1671591771,-2288.016691424237,-4159.6452927739465,-2181.5290270019,0.2266251620994808
FMNR_red_50_cutoff_0.0.inp.out,1364.1708760136462,-0.2379,0.1598,21.7644,0.0,-1320.0611607971,674.4993748999992,1530.8398052799969,-2181.5270490646,0.2489694134001183
FMNR_red_51_cutoff_0.0.inp.out,1361.0339603854911,-0.2503,0.1439,22.6639,0.0,-1320.5027782227,-388.51063851025094,-684.823348622662,-2181.9557187754,0.2547696332994746
FMNR_red_52_cutoff_0.0.inp.out,1356.5747543894718,-0.2245,0.1665,22.1845,0.0,-1320.4580079094,300.1575051421956,-1320.2296361005406,-2181.8651274626,0.2294609127002331
FMNR_red_53_cutoff_0.0.inp.out,1365.0527395793763,-0.218,0.1817,20.8711,0.0,-1320.3684470685,-1176.7988434,-1238.1069429000063,-2181.7687234478,0.2240305391997026
FMNR_red_54_cutoff_0.0.inp.out,1362.508118071861,-0.2201,0.1449,23.3957,0.0,-1320.43974877,-1113.0017713506645,-2613.57826097566,-2181.8490673572,0.2202363605001664
FMNR_red_55_cutoff_0.0.inp.out,1364.1132292140278,-0.2071,0.1888,22.5479,0.0,-1320.3831991383,-1553.6587988572426,-2828.5056246827744,-2181.7701082148,0.2163534709998202
FMNR_red_56_cutoff_0.0.inp.out,1368.409496256268,-0.2439,0.143,25.0419,0.0,-1320.4608898805,-3014.7455440000012,-5081.2198885000125,-2181.891454717,0.2471963202006009
FMNR_red_57_cutoff_0.0.inp.out,1362.1390675638868,-0.2012,0.1793,22.1825,0.0,-1320.0275960471,-696.6233541236694,-2565.7328017085115,-2181.4345779287,0.2163459633002276
FMNR_red_58_cutoff_0.0.inp.out,1364.8936643693482,-0.2028,0.1795,21.3057,0.0,-1320.4405541596,-3192.7377127345067,-5442.866194160773,-2181.8599263227,0.2163144467995152
FMNR_red_59_cutoff_0.0.inp.out,1359.819778260622,-0.2179,0.1477,21.6217,0.0,-1320.5117751462,-2238.8645199999983,-4763.722873300011,-2181.94048668,0.2298708412999985
FMNR_red_5_cutoff_0.0.inp.out,1356.141509132238,-0.2051,0.1804,20.5405,0.0,-1320.1965357392,-3179.067409064236,-5213.883262878048,-2181.5016684054,0.2161923479998222
FMNR_red_60_cutoff_0.0.inp.out,1362.912316740198,-0.2185,0.1593,21.5025,0.0,-1320.0310703819,-877.3093738999975,-3088.7202339999985,-2181.4184950872,0.2268350038002609
FMNR_red_61_cutoff_0.0.inp.out,1355.3762405939854,-0.1977,0.1802,20.2463,0.0,-1320.2828861662,-555.856749999999,-1831.696533240001,-2181.6441391278,0.2209801250000964
FMNR_red_62_cutoff_0.0.inp.out,1362.908711328122,-0.2102,0.1792,19.792,0.0,-1320.2606450328,-829.8447483582892,-1870.114314040233,-2181.6411726614,0.2289703003998511
FMNR_red_63_cutoff_0.0.inp.out,1361.0070053856148,-0.2064,0.1812,20.3721,0.0,-1320.3366040012,-1259.5180450000069,-1614.3667026999972,-2181.7402817057,0.2271366261002185
FMNR_red_64_cutoff_0.0.inp.out,1350.702704717577,-0.2288,0.1547,20.4539,0.0,-1320.1806829584,-560.769445558864,-767.3289223390851,-2181.5774984434,0.2449706452998725
FMNR_red_65_cutoff_0.0.inp.out,1362.1825604817825,-0.2335,0.1614,21.6107,0.0,-1320.1195597105,-465.20077820031366,-1065.566984965922,-2181.5351053649,0.2364281139998638
FMNR_red_66_cutoff_0.0.inp.out,1368.235595117986,-0.2103,0.1615,20.5588,0.0,-1320.2693229999,-401.5708330000012,-1354.9124196199955,-2181.667955477,0.2289676223999777
FMNR_red_67_cutoff_0.0.inp.out,1360.2302227050332,-0.2349,0.1673,20.0716,0.0,-1320.5228677209,-1862.6414603395972,-3254.7657294624646,-2181.9176828332,0.2458751521999147
FMNR_red_68_cutoff_0.0.inp.out,1364.651864084287,-0.2205,0.1668,22.2361,0.0,-1319.760447988,-609.9975429871392,-1977.258081656446,-2181.194403151,0.2287018484003056
FMNR_red_69_cutoff_0.0.inp.out,1371.5203009545562,-0.2286,0.1475,22.1131,0.0,-1320.0929770537,-1781.627916948711,-3892.260227004896,-2181.5270659907,0.2323443834002319
FMNR_red_6_cutoff_0.0.inp.out,1358.8936965523744,-0.2119,0.1787,20.0818,0.0,-1320.0561557038,-2083.0506630929945,-4135.117181217831,-2181.4116832489,0.2250379205997887
FMNR_red_70_cutoff_0.0.inp.out,1370.9670670085504,-0.2231,0.1729,22.5499,0.0,-1320.170369865,-940.2854392078552,-2873.590480025573,-2181.5881787917,0.2302711983002154
FMNR_red_71_cutoff_0.0.inp.out,1371.5271728438345,-0.2203,0.1735,20.3048,0.0,-1320.2815172289,-3230.494147502616,-5239.861803032938,-2181.7110516682,0.2344429740996929
FMNR_red_72_cutoff_0.0.inp.out,1365.4138615568183,-0.2264,0.1765,20.2288,0.0,-1320.3309756407,-2401.966177000009,-5385.454325999995,-2181.71828791,0.2369632779000312
FMNR_red_73_cutoff_0.0.inp.out,1360.2077622093054,-0.2116,0.1629,19.934,0.0,-1320.6566949628,-2617.0327967999983,-5177.919337000021,-2182.0387977035,0.2313364340998305
FMNR_red_74_cutoff_0.0.inp.out,1372.2630780209142,-0.2252,0.1652,20.7327,0.0,-1320.1653673404,-1335.2589452397146,-3025.235636541336,-2181.5636256219,0.2397771641999497
FMNR_red_75_cutoff_0.0.inp.out,1372.897006808556,-0.1962,0.1818,20.8692,0.0,-1320.5046139292,-772.7288243000004,-3774.036541400013,-2181.9065844087,0.2118999408003219
FMNR_red_76_cutoff_0.0.inp.out,1366.2787637893214,-0.2155,0.1729,20.8795,0.0,-1320.6836663295,-3632.490929999999,-6702.532738399974,-2182.0769792366,0.2287081101003423
FMNR_red_77_cutoff_0.0.inp.out,1359.282150222795,-0.2163,0.1548,21.4134,0.0,-1320.2769217795,-1553.416461700003,-3407.0492274599846,-2181.6718090214,0.2324718031995871
FMNR_red_78_cutoff_0.0.inp.out,1367.4984915716825,-0.2138,0.1737,21.3461,0.0,-1320.1836789621,-2352.6080526057012,-3797.718578534771,-2181.5824798447,0.2203364421993683
FMNR_red_79_cutoff_0.0.inp.out,1362.209107216641,-0.2193,0.1677,20.7557,0.0,-1319.9377134822,-2654.4664489999936,-4431.470372500015,-2181.3353023025,0.2282754774005297
FMNR_red_7_cutoff_0.0.inp.out,1362.2056236768883,-0.2033,0.184,19.3449,0.0,-1320.0797886061,-1424.1006867000076,-1820.939110199996,-2181.4226671563,0.2192194305998782
FMNR_red_80_cutoff_0.0.inp.out,1361.6911886810008,-0.1928,0.191,20.8837,0.0,-1320.654153037,-2612.0476488942563,-4750.795917889143,-2182.0191580729,0.2096500727002421
FMNR_red_81_cutoff_0.0.inp.out,1360.9028430115318,-0.2274,0.1602,21.3572,0.0,-1319.9410296395,-3496.191107805398,-7948.889516102531,-2181.3409658832,0.2353626356998575
FMNR_red_82_cutoff_0.0.inp.out,1355.7383241202133,-0.2116,0.169,21.4828,0.0,-1320.3099911885,-2767.5450426102216,-5270.90410996487,-2181.679544816,0.2165308518005986
FMNR_red_83_cutoff_0.0.inp.out,1360.7637723713176,-0.218,0.1597,20.2774,0.0,-1320.2401104684,-3156.95702695388,-6621.502782526181,-2181.6365657212,0.232534250199933
FMNR_red_84_cutoff_0.0.inp.out,1368.085610100477,-0.1971,0.1849,21.635,0.0,-1320.1489522843,-2452.1648271623662,-7887.77333776538,-2181.5276720005,0.2029245643998365
FMNR_red_85_cutoff_0.0.inp.out,1367.572261960022,-0.1892,0.1903,20.0212,0.0,-1320.4622210422,-5906.610286755814,-11442.5363918815,-2181.8428736287,0.2056621805004397
FMNR_red_86_cutoff_0.0.inp.out,1358.0316785776545,-0.1806,0.2033,20.3568,0.0,-1320.7092236949,-3620.5828924134926,-5653.291243203134,-2182.0685254132,0.1960324801002571
FMNR_red_87_cutoff_0.0.inp.out,1362.0859659538603,-0.2232,0.1644,19.769,0.0,-1320.3480504758,-4798.12860000001,-7483.209655999994,-2181.7318879362,0.2257374485998298
FMNR_red_88_cutoff_0.0.inp.out,1358.781239016789,-0.2141,0.1753,20.9526,0.0,-1320.6282528748,-2661.046086951258,-5364.818145076535,-2182.0046945177,0.216109415900064
FMNR_red_89_cutoff_0.0.inp.out,1358.9514878098007,-0.2087,0.171,21.7452,0.0,-1320.3740643095,-3411.007241003837,-4299.78641813218,-2181.766489371,0.2167989263998606
FMNR_red_8_cutoff_0.0.inp.out,1372.8387727825605,-0.2216,0.1739,21.2152,0.0,-1320.0339887195,-2488.414432800002,-4032.006732500014,-2181.3823932401,0.2244541534000745
FMNR_red_90_cutoff_0.0.inp.out,1366.527127699137,-0.2136,0.1903,21.1032,0.0,-1320.1364911089,-2949.071434068487,-5420.68172717628,-2181.508905283,0.2209065495999311
FMNR_red_91_cutoff_0.0.inp.out,1363.997002998858,-0.2458,0.1398,21.4376,0.0,-1320.0895216092,-4473.583796411717,-7184.007297985517,-2181.5161780052,0.243682255099884
FMNR_red_92_cutoff_0.0.inp.out,1360.2548336706411,-0.2311,0.1619,20.4203,0.0,-1320.3645133338,-1375.4054292339072,-2949.4588539500232,-2181.7777480238,0.2377607030002764
FMNR_red_93_cutoff_0.0.inp.out,1361.9795440169264,-0.2205,0.1741,20.1026,0.0,-1320.3361426991,-231.85043774922656,-1906.2452772186853,-2181.7280468322,0.2212388662001103
FMNR_red_94_cutoff_0.0.inp.out,1360.606154395143,-0.251,0.1437,21.7616,0.0,-1320.1190240761,-1844.8766528748035,-2312.858282855952,-2181.5580459844,0.2502674528004718
FMNR_red_95_cutoff_0.0.inp.out,1367.251797769142,-0.2121,0.163,21.4633,0.0,-1320.1456480324,564.7111689284229,48.05330975949731,-2181.5274839298,0.2159324876993196
FMNR_red_96_cutoff_0.0.inp.out,1371.7903537465938,-0.2203,0.1654,22.0448,0.0,-1320.4620454787,-2097.1215348763685,-4376.717632877958,-2181.8849067971,0.2290228159999969
FMNR_red_97_cutoff_0.0.inp.out,1372.8066365312584,-0.2134,0.1661,21.2356,0.0,-1320.3949676182,-1377.7757585460013,-882.2914062792836,-2181.8073082733,0.2306389233999652
FMNR_red_98_cutoff_0.0.inp.out,1360.8051510677617,-0.2188,0.1675,21.167,0.0,-1320.6862663892,260.0547831993937,1415.1377755187905,-2182.0827166695,0.2351643873998909
FMNR_red_99_cutoff_0.0.inp.out,1364.2782098344444,-0.2273,0.1533,22.4701,0.0,-1319.9870907625,830.5384036877365,2140.0210682439347,-2181.4301012013,0.2422497618008492
FMNR_red_9_cutoff_0.0.inp.out,1370.6484926644478,-0.2155,0.1524,21.7907,0.0,-1319.9783435673,-3436.314901024374,-5485.62384947907,-2181.2766328561,0.2281523398996796
