file_name,NRE,HOMO,LUMO,Dipole_mom,Num_waters,chg_chg,elec5,elec10,delE_hf,delE_dft
FMNR_red_0_cutoff_7.5.inp.out,1364.0986891682269,-0.2872,0.063,10.9995,52.0,-1302.0639961217,51.40409915127917,100.84214878382424,-6123.0554328533,0.2395134500993663
FMNR_red_100_cutoff_7.5.inp.out,1365.7328524772977,-0.2823,0.072,18.3566,50.0,-1303.0024970901,90.79052273857354,130.01506407158382,-5971.9009775753,0.2356733172000531
FMNR_red_101_cutoff_7.5.inp.out,1366.144937535116,-0.2937,0.068,17.8174,46.0,-1304.4676344562,-78.01066242149467,-56.5466885826613,-5669.281050281,0.2453478603001713
FMNR_red_102_cutoff_7.5.inp.out,1359.1821559621226,-0.2867,0.0681,27.5304,46.0,-1304.8136812381,6.064228111572267,-7.823752795253086,-5669.5680995351,0.2379027391998533
FMNR_red_103_cutoff_7.5.inp.out,1365.069811668264,-0.2753,0.0725,15.9082,48.0,-1303.7169734516,-55.28845096517694,-103.0155044942699,-5820.5787151019,0.2327286563995585
FMNR_red_104_cutoff_7.5.inp.out,1354.774221160733,-0.2926,0.0676,25.6345,53.0,-1302.4201418773,-358.1599635674067,-367.2498153610504,-6199.4301778191,0.2430404686001566
FMNR_red_105_cutoff_7.5.inp.out,1360.4854507269183,-0.2935,0.0809,23.5551,54.0,-1301.7969343807,-146.92760623927933,-191.0229512679276,-6274.74155856,0.2430038298007275
FMNR_red_106_cutoff_7.5.inp.out,1364.2290430823246,-0.2789,0.0595,14.3445,49.0,-1303.9341129221,-233.96481074952783,-241.4092675525717,-5896.7585780753,0.2322411013001328
FMNR_red_107_cutoff_7.5.inp.out,1370.5754163856682,-0.2697,0.0796,4.9361,48.0,-1303.2813653898,-213.20462594157303,-291.1095512719652,-5820.0922419748,0.2223001844004102
FMNR_red_108_cutoff_7.5.inp.out,1364.8714129528482,-0.2731,0.0707,11.6735,49.0,-1303.2544307727,-315.56512122031535,-285.1655459280631,-5896.0865470158,0.2247629845996925
FMNR_red_109_cutoff_7.5.inp.out,1367.864807607736,-0.2595,0.0724,20.4203,50.0,-1303.1632340367,-167.67638660306258,-241.51961964226925,-5972.1656699879,0.2102441893002833
FMNR_red_10_cutoff_7.5.inp.out,1362.240718706303,-0.2825,0.0712,7.0067,48.0,-1303.7461710003,-223.3577041517167,-166.94993211941974,-5820.5005902137,0.2357701313994766
FMNR_red_110_cutoff_7.5.inp.out,1364.328378733341,-0.2803,0.0658,27.0558,51.0,-1302.6501196594,-292.7437111252427,-311.5755669245186,-6047.5687148277,0.232897564799714
FMNR_red_111_cutoff_7.5.inp.out,1368.2757594244472,-0.2935,0.0629,19.2062,50.0,-1303.134426974,-177.7354914654331,-33.13106161952767,-5972.0405595259,0.2458737664001091
FMNR_red_112_cutoff_7.5.inp.out,1359.8928211793796,-0.2838,0.0697,7.1088,48.0,-1303.5943940971,-81.57433404670005,-100.24336411612796,-5820.3620944415,0.2334841268002492
FMNR_red_113_cutoff_7.5.inp.out,1357.8670568132354,-0.2719,0.0813,27.8775,46.0,-1304.4904323554,-132.35247451040632,-115.66766041683596,-5669.1933745352,0.2234917573996426
FMNR_red_114_cutoff_7.5.inp.out,1364.0223803781548,-0.2853,0.0671,21.1625,50.0,-1303.0891887194,-244.85586641436052,-224.6522282961525,-5972.055370881,0.2405456181995759
FMNR_red_115_cutoff_7.5.inp.out,1371.0681468045584,-0.2835,0.059,18.3923,52.0,-1302.4844127353,68.22697736330787,39.497844953498046,-6123.4783104726,0.238030194899693
FMNR_red_116_cutoff_7.5.inp.out,1361.1794806876362,-0.2752,0.0624,25.5394,49.0,-1303.4145902058,36.1333059718177,36.7534047314794,-5896.3255785651,0.2329529590997481
FMNR_red_117_cutoff_7.5.inp.out,1353.8376830124485,-0.3062,0.059,29.2928,48.0,-1303.6663025167,-49.33524095873024,-124.11133972910616,-5820.4749372856,0.2575893551002082
FMNR_red_118_cutoff_7.5.inp.out,1365.3955799201071,-0.2751,0.0639,13.3853,49.0,-1303.2961663125,-42.579263385938134,-183.53390257637312,-5896.2004833188,0.2273551984999358
FMNR_red_119_cutoff_7.5.inp.out,1355.909614240208,-0.2876,0.0651,17.1709,49.0,-1303.7184464586,-157.97260362757044,-176.14386051797737,-5896.5998029467,0.2402551230006793
FMNR_red_11_cutoff_7.5.inp.out,1362.254841318873,-0.2675,0.077,7.4313,43.0,-1305.0650275167,-263.39739472716803,-317.0236905235502,-5441.5467901202,0.2163882792992808
FMNR_red_120_cutoff_7.5.inp.out,1358.744383055191,-0.2692,0.0715,22.9032,48.0,-1303.6119079797,-127.3945247026176,-197.59264099850728,-5820.4091219532,0.2251961170995855
FMNR_red_121_cutoff_7.5.inp.out,1360.6197722713816,-0.2854,0.0704,21.6959,51.0,-1302.4999486584,-149.0393926433163,-215.46113561875583,-6047.5353405893,0.2367068572002608
FMNR_red_122_cutoff_7.5.inp.out,1361.8048733337496,-0.3077,0.0504,18.6178,49.0,-1303.3087669022,-232.31746851628256,-317.5104277298019,-5896.1241964981,0.256980229400142
FMNR_red_123_cutoff_7.5.inp.out,1362.2622372450453,-0.2743,0.0862,14.8365,51.0,-1302.6683217376,-9.340568789724207,-215.52954163433228,-6047.5888132995,0.2274509611997928
FMNR_red_124_cutoff_7.5.inp.out,1365.1146214654282,-0.2718,0.0741,20.4121,54.0,-1301.6129189804,-380.2944201655068,-534.2451636227239,-6274.6320113672,0.224040274500112
FMNR_red_125_cutoff_7.5.inp.out,1370.2856059694886,-0.2875,0.0667,7.2953,53.0,-1301.5582706252,-340.61709250372803,-377.8413600088936,-6198.479163824,0.2390356121004515
FMNR_red_126_cutoff_7.5.inp.out,1364.858862881426,-0.3004,0.0436,7.9556,51.0,-1302.2972356472,-282.569168068918,-420.6714451885403,-6047.195757762,0.251867402100288
FMNR_red_127_cutoff_7.5.inp.out,1362.2684596052466,-0.283,0.0612,14.0995,53.0,-1301.9353495204,-26.787045767477174,-167.87865788370243,-6198.8957794416,0.2348553892006748
FMNR_red_128_cutoff_7.5.inp.out,1360.1981472165812,-0.2726,0.0744,10.5062,47.0,-1303.930164887,-216.01020272253612,-293.17383617019294,-5744.6945785732,0.2254270209004971
FMNR_red_129_cutoff_7.5.inp.out,1368.222582863478,-0.2727,0.0568,3.4625,47.0,-1304.0964374114,-379.929095963034,-365.019155511581,-5744.8873740166,0.2277117288003864
FMNR_red_12_cutoff_7.5.inp.out,1362.511961857391,-0.2848,0.0694,18.9628,42.0,-1305.711939168,-107.67988549327828,-106.36726256001644,-5366.2186540066,0.2364548104997084
FMNR_red_130_cutoff_7.5.inp.out,1358.5546319041327,-0.2789,0.0745,16.2594,49.0,-1302.9722734622,-240.6238886709878,-319.0929874271298,-5895.8804963086,0.228035928299505
FMNR_red_131_cutoff_7.5.inp.out,1363.7045625722265,-0.3016,0.055,11.2513,47.0,-1304.3220966549,-277.80184206833576,-251.293461506052,-5745.181970634,0.2516326861004927
FMNR_red_132_cutoff_7.5.inp.out,1364.7584031307506,-0.2892,0.0621,19.8611,48.0,-1303.6472659863,-11.450426444938344,-44.501458224379626,-5820.4545617617,0.2376143930996477
FMNR_red_133_cutoff_7.5.inp.out,1362.1337981819308,-0.2571,0.0718,12.9778,46.0,-1304.6089730112,-41.88785623866119,-52.527614833048254,-5669.3391634017,0.2093550100998982
FMNR_red_134_cutoff_7.5.inp.out,1360.1682665518924,-0.2501,0.0834,13.9545,47.0,-1303.9643419192,-306.5537398265598,-336.89332777736115,-5744.665851697,0.2056525469006374
FMNR_red_135_cutoff_7.5.inp.out,1364.3736202307489,-0.2734,0.0704,15.5029,48.0,-1303.603455498,-288.0722122397609,-395.4143319216575,-5820.3903264147,0.2201851153995448
FMNR_red_136_cutoff_7.5.inp.out,1367.1471558891328,-0.2746,0.0705,10.2242,48.0,-1303.7905847032,-359.47892488736056,-523.4519957266858,-5820.6710504688,0.2271224633996098
FMNR_red_137_cutoff_7.5.inp.out,1363.9933528214435,-0.2855,0.0709,7.0933,49.0,-1302.7963584075,-229.1792116878249,-383.25929334008066,-5895.6993335394,0.2361888349996661
FMNR_red_138_cutoff_7.5.inp.out,1370.4256620577785,-0.2919,0.0668,20.6015,46.0,-1304.2616826395,-338.78624495147005,-468.8297991056061,-5669.0237576168,0.2414738156003295
FMNR_red_139_cutoff_7.5.inp.out,1367.3123629391594,-0.246,0.0851,15.5089,42.0,-1305.4573569269,-247.4092731664248,-558.8802929775069,-5366.1250736551,0.2003919896005754
FMNR_red_13_cutoff_7.5.inp.out,1364.077118582621,-0.2713,0.0648,16.6533,43.0,-1305.158784885,-130.11763596307534,-156.36484359355708,-5441.6874701991,0.2238917578997643
FMNR_red_140_cutoff_7.5.inp.out,1362.256618223979,-0.2832,0.0658,20.0674,44.0,-1304.9050162575,-522.1502367124556,-561.9882777941955,-5517.6834918139,0.2340047582001716
FMNR_red_141_cutoff_7.5.inp.out,1372.7129772780827,-0.2862,0.0658,27.2083,50.0,-1302.4706281581,-195.29369231558775,-252.1585882908395,-5971.4360309987,0.2385840488996109
FMNR_red_142_cutoff_7.5.inp.out,1358.2169106350807,-0.2598,0.0785,31.0345,48.0,-1303.2140950417,-113.8189528439479,-228.80327942798547,-5820.1156405905,0.2103544221008633
FMNR_red_143_cutoff_7.5.inp.out,1360.666919709816,-0.2432,0.0747,26.1957,47.0,-1304.032785379,-389.35585193496655,-445.05669407667375,-5744.8839145828,0.2011074802994699
FMNR_red_144_cutoff_7.5.inp.out,1366.6801013883578,-0.2744,0.0653,25.1595,48.0,-1303.5560965128,-383.7329372834399,-344.59922146326267,-5820.4335777488,0.224625608900169
FMNR_red_145_cutoff_7.5.inp.out,1356.5736037301858,-0.273,0.0661,28.7803,50.0,-1302.5274754138,-238.96199124649831,-221.84281310803087,-5971.4056796958,0.2259423713003343
FMNR_red_146_cutoff_7.5.inp.out,1363.2291779896202,-0.2686,0.0784,28.5831,49.0,-1303.0789087313,-63.08378598306395,-270.36648414985433,-5895.9713913674,0.2218168842000523
FMNR_red_147_cutoff_7.5.inp.out,1369.2921321878348,-0.2502,0.0816,20.9729,46.0,-1304.1507729126,-253.5669933366571,-333.10881668913373,-5668.975845978,0.2076516041006471
FMNR_red_148_cutoff_7.5.inp.out,1369.1959418397544,-0.2936,0.0625,25.1771,46.0,-1303.8856688488,-368.3167704322218,-434.0410209125848,-5668.6813174715,0.2445491711005161
FMNR_red_149_cutoff_7.5.inp.out,1364.024723883917,-0.2898,0.0611,11.0602,52.0,-1302.0852351616,-200.07654894151963,-338.85920491557556,-6123.079878894,0.2420903263000582
FMNR_red_14_cutoff_7.5.inp.out,1351.557385547573,-0.2714,0.0673,18.1209,48.0,-1303.8636367035,-139.5107753503662,-82.57008407158672,-5820.5506805237,0.2234299517995168
FMNR_red_150_cutoff_7.5.inp.out,1362.125282823337,-0.2835,0.0701,17.3224,50.0,-1302.8572101449,83.96908296988359,117.41084538047596,-5971.7316117798,0.2363799049999215
FMNR_red_151_cutoff_7.5.inp.out,1361.2841993141055,-0.301,0.0627,9.0053,47.0,-1303.6238514671,-70.46910683805037,-92.6361044687495,-5744.4142309215,0.2505685734995495
FMNR_red_152_cutoff_7.5.inp.out,1358.2845775681085,-0.2916,0.071,12.118,45.0,-1304.5126807793,13.175728514345517,-60.67176034865216,-5593.21333961,0.2424326117998134
FMNR_red_153_cutoff_7.5.inp.out,1362.508348402156,-0.2802,0.0818,24.3035,48.0,-1303.9886004789,-124.91571706255804,-127.58612034124512,-5820.823350877,0.232704690400169
FMNR_red_154_cutoff_7.5.inp.out,1365.684576463845,-0.2601,0.0824,29.2488,47.0,-1304.1413505773,-283.2961042973159,-265.8793804753767,-5744.9101858562,0.2123724684997796
FMNR_red_155_cutoff_7.5.inp.out,1370.2617199904716,-0.2931,0.0717,37.572,46.0,-1304.1960289433,-315.9719196299279,-375.54219293311354,-5668.9164768688,0.240900856600092
FMNR_red_156_cutoff_7.5.inp.out,1357.806373172367,-0.2839,0.0713,40.8157,47.0,-1304.2252942723,-244.1560026144726,-310.29025770362,-5744.9295149655,0.2355003256998316
FMNR_red_157_cutoff_7.5.inp.out,1365.8583561434891,-0.2808,0.0729,38.9521,50.0,-1303.3439937868,-320.69316536700126,-343.1695192180705,-5972.2044028713,0.2329593550002755
FMNR_red_158_cutoff_7.5.inp.out,1363.5757148311914,-0.2858,0.0618,41.3096,50.0,-1302.9978822163,-175.32164604859972,-243.88181192315056,-5971.8513906846,0.2401881467994826
FMNR_red_159_cutoff_7.5.inp.out,1365.3743997251618,-0.2649,0.0781,39.8417,48.0,-1303.730487923,-121.07731784971898,-153.9692245000696,-5820.6320423333,0.2172477416006586
FMNR_red_15_cutoff_7.5.inp.out,1365.885733550012,-0.2797,0.0651,22.6045,52.0,-1302.2812188391,-104.3803221071254,-23.738103341903052,-6123.0723734842,0.2313938717998098
FMNR_red_160_cutoff_7.5.inp.out,1364.987335526585,-0.2785,0.053,35.4538,46.0,-1304.2039421313,-323.6902671764677,-405.2760027337292,-5669.0005288709,0.2328180296999562
FMNR_red_161_cutoff_7.5.inp.out,1367.0644732181715,-0.2906,0.0634,34.0197,47.0,-1304.5711730477,-139.0971395927477,-145.200890525053,-5745.3955339923,0.2440202239995414
FMNR_red_162_cutoff_7.5.inp.out,1363.0890015348236,-0.2967,0.0496,35.8638,48.0,-1303.485715256,-186.40199281523064,-228.850145450833,-5820.3460986008,0.2493346554001618
FMNR_red_163_cutoff_7.5.inp.out,1367.958806034707,-0.2909,0.0622,26.6751,47.0,-1304.3469984855,92.92364613226428,15.7038721805325,-5745.079979497,0.2432506965997163
FMNR_red_164_cutoff_7.5.inp.out,1368.499187545291,-0.2798,0.0669,30.426,49.0,-1303.2797230218,-239.8461817573584,-381.6534738864378,-5896.1172211085,0.2337133966002511
FMNR_red_165_cutoff_7.5.inp.out,1377.510084617239,-0.2818,0.0629,23.6765,49.0,-1303.0593333505,-141.78572744148934,-165.62538815522987,-5895.8950735106,0.2351338060998387
FMNR_red_166_cutoff_7.5.inp.out,1355.3746300285443,-0.2806,0.0707,31.16,49.0,-1303.5131084111,-372.2332706586408,-539.4095313588073,-5896.4001570392,0.2329567237002265
FMNR_red_167_cutoff_7.5.inp.out,1357.6173080331375,-0.2831,0.0608,28.1162,51.0,-1302.5955814972,-247.81479438438976,-222.7913663754128,-6047.5384221992,0.2350120800992954
FMNR_red_168_cutoff_7.5.inp.out,1361.731407025162,-0.275,0.0784,27.1695,51.0,-1302.3587820753,-344.26992056505134,-330.400260993828,-6047.2426304051,0.2320623282002998
FMNR_red_169_cutoff_7.5.inp.out,1353.8554735009538,-0.2798,0.0671,20.4592,49.0,-1303.0658349771,-356.8786600836402,-266.2620727700746,-5895.9149157579,0.2326787460006016
FMNR_red_16_cutoff_7.5.inp.out,1357.8132843950038,-0.3048,0.0609,23.8817,51.0,-1302.7614745241,24.968509762891426,-58.64520060202915,-6047.5378469704,0.2539878875995782
FMNR_red_170_cutoff_7.5.inp.out,1354.0337318192744,-0.2929,0.068,21.8275,49.0,-1303.1535127452,-187.95615241029213,-217.8386105534096,-5896.0850102728,0.2412145936996239
FMNR_red_171_cutoff_7.5.inp.out,1362.8886802288005,-0.2627,0.076,12.8175,49.0,-1303.0771992149,-138.15562275376897,-124.93980044437916,-5895.9584933821,0.2152352305001841
FMNR_red_172_cutoff_7.5.inp.out,1361.7103467203826,-0.2852,0.0541,19.8154,50.0,-1302.7211597055,-192.6549105490552,-235.76701102263692,-5971.6768814192,0.2395324392000475
FMNR_red_173_cutoff_7.5.inp.out,1358.8885490940515,-0.2639,0.072,11.6606,51.0,-1302.5819303127,-56.98954931928056,-99.80075408449908,-6047.4125311869,0.216445203499461
FMNR_red_174_cutoff_7.5.inp.out,1369.7532562774352,-0.2893,0.0679,8.7312,49.0,-1303.0546096063,-299.4115130158344,-409.7066312883881,-5895.788656847,0.2417927294000037
FMNR_red_175_cutoff_7.5.inp.out,1355.2927781681751,-0.2471,0.0908,16.5162,50.0,-1302.7642409391,-253.86189707643564,-336.2100027695261,-5971.5994852135,0.1973880425002789
FMNR_red_176_cutoff_7.5.inp.out,1351.738582109839,-0.2714,0.0608,18.6926,50.0,-1302.8793802156,-563.299695244125,-543.4973920381664,-5971.6539609092,0.2223829501999716
FMNR_red_177_cutoff_7.5.inp.out,1355.7158234618475,-0.3034,0.0606,24.1937,47.0,-1303.5583628862,-116.396211594809,-273.0500365420522,-5744.1855347844,0.2486465969996061
FMNR_red_178_cutoff_7.5.inp.out,1353.1299515051426,-0.2775,0.0734,16.3923,49.0,-1303.2520266438,-290.01889756848993,-384.5471723965986,-5895.8763015385,0.221454791000724
FMNR_red_179_cutoff_7.5.inp.out,1346.8740905864906,-0.2919,0.0637,15.4222,46.0,-1304.0289557727,-421.756798535888,-392.3729887616369,-5668.4699327772,0.2386698051996063
FMNR_red_17_cutoff_7.5.inp.out,1362.6032012694193,-0.2699,0.0743,30.1725,48.0,-1303.6694671215,-110.89496453933312,-110.72916748317034,-5820.3164234093,0.2217651636001392
FMNR_red_180_cutoff_7.5.inp.out,1360.26098478709,-0.2698,0.0738,4.9433,47.0,-1303.5702225403,-173.4377303266714,-334.95932507403614,-5744.0446140927,0.2239306069996018
FMNR_red_181_cutoff_7.5.inp.out,1347.7853498401753,-0.2435,0.0857,2.3601,46.0,-1303.8877801703,-415.1027483255567,-423.3124078894383,-5668.2521086782,0.2011182388005181
FMNR_red_182_cutoff_7.5.inp.out,1360.1826346963353,-0.2773,0.0754,7.2867,45.0,-1303.9756553389,-416.38730149185744,-483.2770675091906,-5592.4193911828,0.2224996745999305
FMNR_red_183_cutoff_7.5.inp.out,1344.450040457421,-0.2925,0.067,6.686,47.0,-1303.7699159814,-211.85757556906503,-314.1986980513354,-5744.2393553194,0.2343812653007262
FMNR_red_184_cutoff_7.5.inp.out,1359.1692190418376,-0.2585,0.0688,17.2647,49.0,-1303.0697527987,-234.0684273238597,-327.0387130011514,-5895.7212595843,0.2086778448001496
FMNR_red_185_cutoff_7.5.inp.out,1348.49096029271,-0.2784,0.0706,13.5618,48.0,-1303.0864930631,-172.8745475313103,-113.25651852665594,-5819.545390339,0.2338019649996567
FMNR_red_186_cutoff_7.5.inp.out,1365.2333511272743,-0.2642,0.0715,18.5358,47.0,-1303.5200650682,-323.66473970481394,-311.66759877338643,-5744.0238279235,0.2234887535996677
FMNR_red_187_cutoff_7.5.inp.out,1345.4966159133369,-0.2898,0.0516,28.6871,46.0,-1303.8299836538,-267.1039136451634,-179.69916268539686,-5668.223951543,0.2346238387999619
FMNR_red_188_cutoff_7.5.inp.out,1353.758166016432,-0.26,0.0733,25.8733,44.0,-1304.4699166882,153.35085092869647,57.916630877194486,-5516.8979377809,0.2122452161002002
FMNR_red_189_cutoff_7.5.inp.out,1338.588137059677,-0.2694,0.0625,22.9391,46.0,-1304.0779201407,37.9383052029045,-112.37353087491476,-5668.5355693332,0.2149740119002672
FMNR_red_18_cutoff_7.5.inp.out,1361.8515126065276,-0.29,0.0647,25.9891,49.0,-1303.3232628097,67.63076972949234,79.11641738848229,-5895.9691402834,0.2408116605001851
FMNR_red_190_cutoff_7.5.inp.out,1356.4610885591017,-0.2701,0.0723,30.4642,49.0,-1303.160698804,109.21480239966188,229.68413181692745,-5895.8334417082,0.215489195000373
FMNR_red_191_cutoff_7.5.inp.out,1335.7686720652998,-0.3027,0.0419,25.5346,51.0,-1302.4299789224,-27.523187508110187,55.81316921153467,-6047.0593439419,0.2604025322998495
FMNR_red_192_cutoff_7.5.inp.out,1345.269564271321,-0.2571,0.0717,28.1425,46.0,-1304.2040609634,245.18661958847733,118.20365539173105,-5668.6007714401,0.210102574499615
FMNR_red_193_cutoff_7.5.inp.out,1345.3167494400473,-0.2542,0.0637,24.7296,48.0,-1303.6980910649,-45.54607509353456,22.487091536679586,-5820.1908559407,0.2145042407000801
FMNR_red_194_cutoff_7.5.inp.out,1353.2201589399974,-0.2739,0.071,34.1134,48.0,-1303.6485280588,61.58873629312095,96.90384636705971,-5820.0453638269,0.2250031680005122
FMNR_red_195_cutoff_7.5.inp.out,1355.0614825533337,-0.3045,0.0646,28.0242,46.0,-1304.2532926974,120.73964985431384,198.40040681281587,-5668.6199822262,0.2475296959000843
FMNR_red_196_cutoff_7.5.inp.out,1357.9528321412336,-0.3027,0.0649,25.1921,45.0,-1304.8354497699,8.784103293290986,-104.70859192636613,-5593.2495694218,0.2481674755008498
FMNR_red_197_cutoff_7.5.inp.out,1359.857302902262,-0.3072,0.0501,21.9444,44.0,-1304.8021986464,280.0387472685293,271.5544526991962,-5517.1598050697,0.25745663699945
FMNR_red_198_cutoff_7.5.inp.out,1377.0488230872777,-0.29,0.0436,24.4286,47.0,-1303.916912251,290.4591108988236,154.6553772092447,-5744.4156418158,0.2436648380999031
FMNR_red_199_cutoff_7.5.inp.out,1364.04561149997,-0.2896,0.0616,11.0212,52.0,-1302.0581325614,370.3274761068925,184.70885554635188,-6123.0523440184,0.24176428139981
FMNR_red_19_cutoff_7.5.inp.out,1340.7447820855864,-0.2733,0.0718,22.2111,49.0,-1303.1157357486,-26.094470973450775,71.63245646258987,-5895.774742425,0.230329071900087
FMNR_red_1_cutoff_7.5.inp.out,1365.4660927225443,-0.2864,0.0665,18.5782,51.0,-1302.6051635588,-32.674467698619765,-73.11541534782798,-6047.5194432833,0.2393503661996874
FMNR_red_200_cutoff_7.5.inp.out,1366.722800156784,-0.2765,0.0739,14.1676,50.0,-1302.9866766115,77.9431247232288,128.60064239887612,-5971.8685505075,0.2295692186999076
FMNR_red_201_cutoff_7.5.inp.out,1363.766764930057,-0.2842,0.0699,11.5092,45.0,-1304.5765735752,-146.71721162129631,-121.08103908497318,-5593.2943126217,0.2356027894002181
FMNR_red_202_cutoff_7.5.inp.out,1363.1518132876568,-0.2815,0.0635,20.8977,47.0,-1304.096934994,-127.5138865748076,-64.12329290794152,-5744.9194437878,0.2346302879996074
FMNR_red_203_cutoff_7.5.inp.out,1353.7749104314305,-0.2906,0.0634,25.2683,48.0,-1303.6678728971,-110.19634300878997,-144.82748522507003,-5820.5461931966,0.2430338006997772
FMNR_red_204_cutoff_7.5.inp.out,1359.368034748126,-0.2905,0.0546,30.356,48.0,-1304.1265725903,-220.63941148658628,-182.14945342451497,-5820.9637435851,0.243290522499592
FMNR_red_205_cutoff_7.5.inp.out,1364.4552725693875,-0.2894,0.067,20.1222,48.0,-1303.4795276006,-40.61433447337872,-69.84012072674595,-5820.2580343539,0.2441448121999201
FMNR_red_206_cutoff_7.5.inp.out,1354.2001149259063,-0.2793,0.061,23.2526,46.0,-1304.0661059948,-94.8576029170771,-4.7154344780515345,-5668.8039962588,0.2332409842001652
FMNR_red_207_cutoff_7.5.inp.out,1363.5326519150851,-0.2848,0.0528,30.2612,46.0,-1304.340107739,131.45248185596833,99.74277278822584,-5669.1305680091,0.2421509395999237
FMNR_red_208_cutoff_7.5.inp.out,1359.957839380451,-0.2846,0.0725,35.7328,49.0,-1303.5008802363,165.87780670376955,163.66501462181657,-5896.2956367802,0.2396034795001469
FMNR_red_209_cutoff_7.5.inp.out,1357.807230734408,-0.2692,0.0569,38.1405,50.0,-1303.111685095,-102.499367123862,-128.12102362877252,-5971.9559007379,0.2281697348998932
FMNR_red_20_cutoff_7.5.inp.out,1347.0305827885022,-0.2834,0.0551,23.0946,52.0,-1302.2795396824,-51.11338890502312,-107.83962511574394,-6122.9792774471,0.2368551665003906
FMNR_red_210_cutoff_7.5.inp.out,1357.6483789960191,-0.2673,0.0725,38.2522,47.0,-1303.9064025306,-56.61012573441954,69.22108880751156,-5744.7052814922,0.2219846518000849
FMNR_red_211_cutoff_7.5.inp.out,1358.6975075929704,-0.2679,0.0666,38.2437,50.0,-1302.8526690463,-174.3290665771526,-56.89195764811512,-5971.7200878793,0.2250241484998696
FMNR_red_212_cutoff_7.5.inp.out,1354.5201184594264,-0.2916,0.0593,32.6355,51.0,-1302.5618032925,-13.767636246482574,-34.75096175663047,-6047.5297471308,0.2440798543002529
FMNR_red_213_cutoff_7.5.inp.out,1355.7943476587654,-0.2679,0.0701,21.022,48.0,-1303.7535169833,198.21001335604512,253.83487125805033,-5820.5742337484,0.2254369364000013
FMNR_red_214_cutoff_7.5.inp.out,1353.1791457698648,-0.2885,0.0657,27.1077,51.0,-1302.6036265233,28.316384113525537,78.24969967490388,-6047.6281166169,0.242477179400339
FMNR_red_215_cutoff_7.5.inp.out,1365.5097427940464,-0.2689,0.0694,31.3127,52.0,-1302.2125497585,28.33641880257238,0.7116764024197968,-6123.2129453327,0.2250155028004883
FMNR_red_216_cutoff_7.5.inp.out,1375.4096115159723,-0.2633,0.0848,29.1849,48.0,-1303.5812288645,1.1562783794133973,64.68571693879437,-5820.5166903855,0.2160649417000968
FMNR_red_217_cutoff_7.5.inp.out,1363.820710889255,-0.2998,0.056,39.0783,52.0,-1302.3110649894,-142.34850410692886,-9.083813984178663,-6123.4228390529,0.2485220906992253
FMNR_red_218_cutoff_7.5.inp.out,1368.961092366873,-0.2942,0.0676,40.3722,51.0,-1302.7035885138,201.95023007655504,258.7860901184626,-6047.7214094136,0.2448466153000481
FMNR_red_219_cutoff_7.5.inp.out,1365.1087138050757,-0.2902,0.0718,39.2697,49.0,-1303.7046758493,107.16931040333957,52.16474925675982,-5896.6418399855,0.23940258409948
FMNR_red_21_cutoff_7.5.inp.out,1353.2853891695763,-0.2529,0.0888,33.0258,53.0,-1302.1667867026,-220.23649266572335,-95.96179672647852,-6198.8699325455,0.2042976740003723
FMNR_red_220_cutoff_7.5.inp.out,1368.1918829892768,-0.3057,0.0528,39.715,51.0,-1302.7428097599,-63.002683758196504,106.18679168480128,-6047.762218387,0.2603004160000637
FMNR_red_221_cutoff_7.5.inp.out,1366.501369909592,-0.26,0.0831,44.9697,48.0,-1303.490141245,77.53590128174908,7.696344402191529,-5820.4212426077,0.2128664150995973
FMNR_red_222_cutoff_7.5.inp.out,1378.4196635548176,-0.2594,0.0668,40.9119,49.0,-1303.6131511129,-151.06820627642523,-67.53832272085751,-5896.5185812593,0.2130959576998066
FMNR_red_223_cutoff_7.5.inp.out,1369.279185721146,-0.2751,0.0729,34.9221,48.0,-1304.0063805148,-37.65102653350227,35.298722204150195,-5820.8503841573,0.2279286644006788
FMNR_red_224_cutoff_7.5.inp.out,1368.2630693552724,-0.2661,0.0806,33.8041,51.0,-1302.5640301393,-129.91596935885815,-93.45079936547668,-6047.5242505237,0.2205574408999382
FMNR_red_225_cutoff_7.5.inp.out,1365.349841483731,-0.2729,0.0673,35.556,48.0,-1304.0300320783,-284.0853961860291,-283.73882220888316,-5820.9264397514,0.2253412132004086
FMNR_red_226_cutoff_7.5.inp.out,1362.5050853118712,-0.2695,0.0777,34.7151,47.0,-1304.3751397105,-73.71861623737456,-71.89764790273199,-5745.2418388894,0.2223651529002381
FMNR_red_227_cutoff_7.5.inp.out,1359.7963117509012,-0.2692,0.0778,37.1793,49.0,-1303.8603147494,-142.8204763386753,-116.13190638523554,-5896.7284131052,0.2219435633996909
FMNR_red_228_cutoff_7.5.inp.out,1366.8559209987588,-0.273,0.0706,47.2103,50.0,-1303.0878476323,-247.02973726438293,-153.78422948921323,-5971.9577851366,0.2260937482005829
FMNR_red_229_cutoff_7.5.inp.out,1370.790999616581,-0.2719,0.0604,50.4841,52.0,-1302.5797908038,-206.9854474817612,-228.58352500219473,-6123.5597700083,0.2232275839996873
FMNR_red_22_cutoff_7.5.inp.out,1355.030778377754,-0.2665,0.0696,35.7605,53.0,-1302.0634277126,21.623456091107865,93.2627714200606,-6198.8336639971,0.2191955382995729
FMNR_red_230_cutoff_7.5.inp.out,1363.0836541676938,-0.2792,0.0665,36.7675,49.0,-1303.004999312,-98.20456682018408,-9.0388942449148,-5895.9032319816,0.2271892083999773
FMNR_red_231_cutoff_7.5.inp.out,1360.7311256300395,-0.2514,0.0762,31.5064,50.0,-1303.1712769474,-77.92776407329711,23.431047514728597,-5972.0031456754,0.2035275242997158
FMNR_red_232_cutoff_7.5.inp.out,1365.260517101412,-0.2787,0.0779,22.7219,48.0,-1303.9675216601,-121.77110505382284,-111.54168715541338,-5820.7995287625,0.2275818496000283
FMNR_red_233_cutoff_7.5.inp.out,1363.716860945676,-0.2792,0.0762,31.8975,47.0,-1303.9544652035,-169.06314085270418,-180.10051765110975,-5744.7759624484,0.2320593314998404
FMNR_red_234_cutoff_7.5.inp.out,1359.846936640241,-0.2932,0.0568,27.3095,47.0,-1303.5729456502,-234.2702621014022,-178.0664472766421,-5744.4021345942,0.2479181547996631
FMNR_red_235_cutoff_7.5.inp.out,1357.8902552519933,-0.2824,0.0695,27.0224,43.0,-1305.0936493005,9.611464533857449,-32.59144035949707,-5441.7010969209,0.2370692632994178
FMNR_red_236_cutoff_7.5.inp.out,1360.9364051382524,-0.269,0.0746,31.2748,45.0,-1304.4887817782,-156.16301508681485,-261.5069592692695,-5593.2004201822,0.2245162635999804
FMNR_red_237_cutoff_7.5.inp.out,1361.0211669645864,-0.2873,0.0589,32.4615,47.0,-1303.4286319908,-341.0652551385187,-328.44220320409306,-5744.1989179385,0.2367183682999893
FMNR_red_238_cutoff_7.5.inp.out,1369.0028001737628,-0.2794,0.0662,31.0324,48.0,-1303.2545616578,-190.7468701850126,-224.80313809097692,-5820.2419895444,0.2343172129994855
FMNR_red_239_cutoff_7.5.inp.out,1364.0958661289253,-0.2898,0.0613,11.0679,52.0,-1302.0816636515,-111.77540181613097,-129.39993575150297,-6123.0762287891,0.2418973963003736
FMNR_red_23_cutoff_7.5.inp.out,1353.2186671462994,-0.2691,0.0816,36.5208,55.0,-1301.0958517021,-123.50682733077502,-3.657092542933029,-6350.0044165012,0.2277262917996267
FMNR_red_240_cutoff_7.5.inp.out,1367.1406514692717,-0.2773,0.0731,14.1482,49.0,-1303.2680468936,-3.5723839898722973,-112.84605280426156,-5896.1259409636,0.2305773614007193
FMNR_red_241_cutoff_7.5.inp.out,1368.7213017064096,-0.2961,0.0702,16.3815,45.0,-1304.6786205223,72.77918104894712,98.68352151182668,-5593.3943642143,0.2466684917999373
FMNR_red_242_cutoff_7.5.inp.out,1368.4180203821936,-0.2838,0.069,14.1942,47.0,-1303.934298031,-47.493985729895826,-143.6205520663846,-5744.7106009145,0.2359037044998331
FMNR_red_243_cutoff_7.5.inp.out,1358.5639100997075,-0.2837,0.0672,20.3829,48.0,-1303.4381700492,-20.572933819549903,15.271863968282918,-5820.2442851922,0.2364651933003188
FMNR_red_244_cutoff_7.5.inp.out,1364.8605664488164,-0.2707,0.0692,16.5076,48.0,-1303.9264254283,80.89325273511245,96.65501335308284,-5820.7366762326,0.2226380003003214
FMNR_red_245_cutoff_7.5.inp.out,1359.7865383949484,-0.2886,0.0659,26.7723,46.0,-1304.4475390111,-70.62688400820556,-61.39357401291072,-5669.2167208717,0.2406949507003446
FMNR_red_246_cutoff_7.5.inp.out,1364.5296958416634,-0.2867,0.0554,27.4057,45.0,-1304.5646842391,-66.99447239491792,-36.27876820722743,-5593.2823856084,0.2381558613997185
FMNR_red_247_cutoff_7.5.inp.out,1365.486093987006,-0.2912,0.0604,33.093,50.0,-1302.771495317,-4.962984731901065,-64.74184921040205,-5971.6737262359,0.2451667575996907
FMNR_red_248_cutoff_7.5.inp.out,1361.9581549330526,-0.2706,0.0577,23.3113,47.0,-1303.6768353404,-35.97877768006631,-26.15166185806556,-5744.3739683581,0.2302241985998989
FMNR_red_249_cutoff_7.5.inp.out,1356.973200794305,-0.289,0.0645,23.4121,47.0,-1303.7366395038,-264.68193700193,-300.63942358644255,-5744.5581572584,0.2405249044004449
FMNR_red_24_cutoff_7.5.inp.out,1353.6627166347766,-0.2914,0.0561,43.4294,49.0,-1302.9548561382,33.893227365986775,78.22463070899154,-5895.7290599992,0.2429867828004717
FMNR_red_250_cutoff_7.5.inp.out,1356.9119815518918,-0.2835,0.0555,29.2625,49.0,-1302.8993624738,-48.535793575830056,-77.17905035745513,-5895.7193822069,0.2386565659999178
FMNR_red_251_cutoff_7.5.inp.out,1358.6666544504865,-0.3037,0.0571,21.8772,48.0,-1303.5728913658,-36.57807363753764,-54.69143696875391,-5820.3507223988,0.2530189857998266
FMNR_red_252_cutoff_7.5.inp.out,1372.9301952226426,-0.2734,0.0698,18.0516,47.0,-1303.8791254479,90.3102038641082,244.82725689317436,-5744.596811044,0.2258350279998922
FMNR_red_253_cutoff_7.5.inp.out,1369.075351916213,-0.2781,0.0806,12.6789,48.0,-1303.3783561312,27.550843595010814,51.29954576652838,-5820.1374641293,0.2317227600997284
FMNR_red_254_cutoff_7.5.inp.out,1375.0187484926648,-0.2626,0.0684,14.7041,45.0,-1303.9439070305,-4.629004960064302,-7.077676948814566,-5592.6457285751,0.2192538365006839
FMNR_red_255_cutoff_7.5.inp.out,1362.94630032519,-0.2819,0.0644,16.4632,46.0,-1304.3760829587,80.94164983231299,79.49106967131183,-5669.1521509247,0.2350833268992573
FMNR_red_256_cutoff_7.5.inp.out,1358.4397055096515,-0.2658,0.0699,19.3562,45.0,-1304.318924047,21.15165693103595,-70.80172990909048,-5593.0470899945,0.2180424593007046
FMNR_red_257_cutoff_7.5.inp.out,1366.6266238158578,-0.2843,0.0758,5.0946,46.0,-1304.1171487908,-109.32253463632443,-63.797059129750345,-5668.8462195148,0.2379289860000426
FMNR_red_258_cutoff_7.5.inp.out,1364.835716668333,-0.2536,0.0863,10.6851,48.0,-1303.1850970373,-219.6547839290349,-283.5173167206019,-5819.9394291664,0.2104594942002222
FMNR_red_259_cutoff_7.5.inp.out,1366.0757042327316,-0.2781,0.0666,17.5752,47.0,-1303.5158643447,-167.98828057485932,-140.45408019846587,-5744.3356135346,0.2336028406007244
FMNR_red_25_cutoff_7.5.inp.out,1351.4738555445283,-0.2952,0.0654,46.766,51.0,-1302.3132421733,-63.818011173122024,61.73918366376441,-6047.0432813889,0.2423470855992491
FMNR_red_260_cutoff_7.5.inp.out,1359.4392984255835,-0.2779,0.0774,7.4689,47.0,-1303.8414293695,-112.6537382725093,-171.13131726239362,-5744.620831842,0.2305945076996067
FMNR_red_261_cutoff_7.5.inp.out,1359.506215452,-0.2676,0.0514,13.788,47.0,-1303.672486162,-286.21516084943596,-266.9260282794504,-5744.4454680736,0.2215424040996367
FMNR_red_262_cutoff_7.5.inp.out,1358.0116708812725,-0.2937,0.0562,17.3286,52.0,-1301.7180697637,-326.8274944154965,-274.36570775485916,-6122.6322653076,0.2466485873001147
FMNR_red_263_cutoff_7.5.inp.out,1364.7341637174345,-0.2488,0.0749,12.7855,49.0,-1303.145348789,-420.8564099178783,-328.55636273017706,-5896.0089418663,0.2067455456999596
FMNR_red_264_cutoff_7.5.inp.out,1370.8258160321304,-0.2696,0.0759,19.5373,46.0,-1304.3595264304,-107.48415390375484,-158.97900974497895,-5669.1361950158,0.2252555190998464
FMNR_red_265_cutoff_7.5.inp.out,1359.6893624609995,-0.2801,0.0628,12.719,45.0,-1304.4932094756,-270.0295448958063,-188.65213676233424,-5593.2258027667,0.2325354408003477
FMNR_red_266_cutoff_7.5.inp.out,1359.1079835179369,-0.261,0.0838,13.6214,46.0,-1304.0293448455,-1.0926846830842338,-0.6159889665521493,-5668.752669421,0.2117736444006368
FMNR_red_267_cutoff_7.5.inp.out,1360.3893539207054,-0.2594,0.0779,16.3973,46.0,-1303.976759266,35.67602112921525,-24.903173840057537,-5668.7616450664,0.2104377645000568
FMNR_red_268_cutoff_7.5.inp.out,1361.253033202025,-0.2559,0.0724,20.1733,44.0,-1304.7649115844,-54.88840449066593,11.60956637199999,-5517.4115469016,0.2105054075000225
FMNR_red_269_cutoff_7.5.inp.out,1361.83972847434,-0.2634,0.0725,13.5541,47.0,-1303.7311543185,-22.0850145287938,-107.22891587670678,-5744.5011722284,0.217791299000055
FMNR_red_26_cutoff_7.5.inp.out,1361.751341692716,-0.3027,0.0675,44.4946,53.0,-1301.5264257828,-53.25386768026645,-38.58807307590283,-6198.3570154573,0.2445060818008642
FMNR_red_270_cutoff_7.5.inp.out,1365.3018014252982,-0.2586,0.0753,19.6416,44.0,-1304.580506955,-82.86217299148713,-65.98748911816995,-5517.2521287692,0.2126541724001072
FMNR_red_271_cutoff_7.5.inp.out,1367.4382749975948,-0.2697,0.072,13.3004,45.0,-1303.9703227197,-354.750087327868,-277.1069569210314,-5592.6779068627,0.2250429191999501
FMNR_red_272_cutoff_7.5.inp.out,1374.600742976891,-0.2944,0.0654,13.1539,47.0,-1303.6101938562,-401.6748964074349,-395.6205682880085,-5744.3948371452,0.2411710383003082
FMNR_red_273_cutoff_7.5.inp.out,1363.7510613565853,-0.2686,0.0782,13.4583,46.0,-1303.9134634057,-205.2891325826422,-260.9154705572747,-5668.6823285682,0.2220515101007549
FMNR_red_274_cutoff_7.5.inp.out,1364.724954243232,-0.2784,0.0775,8.8133,51.0,-1302.2913999543,-116.6647766611859,-79.12260822454894,-6047.1917922958,0.229006396600198
FMNR_red_275_cutoff_7.5.inp.out,1368.924603786882,-0.2669,0.0874,9.5233,46.0,-1303.7068102132,-128.51479611455514,-38.03541371395821,-5668.4563937302,0.220633281100163
FMNR_red_276_cutoff_7.5.inp.out,1361.382671561875,-0.3097,0.052,22.5338,49.0,-1302.6070403159,57.57402389518331,150.79507561379057,-5895.4780566463,0.2564682251995691
FMNR_red_277_cutoff_7.5.inp.out,1370.4423182298538,-0.2839,0.0788,20.5887,52.0,-1301.6564848294,83.66807784043364,232.77943433265088,-6122.6353085583,0.2358749852000983
FMNR_red_278_cutoff_7.5.inp.out,1363.3820732673485,-0.298,0.0607,18.5617,49.0,-1302.7801890561,-74.66480514946245,15.728684720811229,-5895.687766973,0.2483029301993156
FMNR_red_279_cutoff_7.5.inp.out,1360.2669237330747,-0.2989,0.0546,8.5245,48.0,-1303.053404492,-153.74038554507175,26.12079408139601,-5819.8971708204,0.2524109366995617
FMNR_red_27_cutoff_7.5.inp.out,1353.5887068949692,-0.2823,0.0891,39.2828,49.0,-1303.0696786962,-405.7259753190422,-311.8299568208876,-5895.628310963,0.2356851956001264
FMNR_red_280_cutoff_7.5.inp.out,1365.668998564682,-0.2601,0.0803,19.6285,53.0,-1301.6920857804,-302.57740922045537,-266.21265404154144,-6198.6958913435,0.2154073441997752
FMNR_red_281_cutoff_7.5.inp.out,1370.6676594369087,-0.2917,0.065,13.5858,53.0,-1301.1867722469,-57.82904428645338,-49.61464009829471,-6198.2399793535,0.2385085656005685
FMNR_red_282_cutoff_7.5.inp.out,1366.7050597853097,-0.2614,0.0737,15.9578,50.0,-1302.7503072148,-335.09378328572484,-439.1347353939083,-5971.7165061627,0.2129781268995429
FMNR_red_283_cutoff_7.5.inp.out,1367.812635528331,-0.2797,0.0719,8.785,52.0,-1301.9041418925,-186.20459887164893,-285.71873412995956,-6122.908670766,0.2294668042004559
FMNR_red_284_cutoff_7.5.inp.out,1361.5145436110706,-0.2623,0.0698,9.5964,52.0,-1301.9755054892,-89.15025571271033,-206.63172965627697,-6122.9771429049,0.2189938933006487
FMNR_red_285_cutoff_7.5.inp.out,1366.0768238986911,-0.2608,0.0837,15.0508,47.0,-1303.4721416271,-245.11216686447537,-222.99354168348813,-5744.311415783,0.2143046975998004
FMNR_red_286_cutoff_7.5.inp.out,1369.6952783743673,-0.2643,0.07,12.2977,48.0,-1303.3991640269,-67.90655830365017,-88.58761047968513,-5820.2978773589,0.2188789729007112
FMNR_red_287_cutoff_7.5.inp.out,1366.552329456873,-0.2688,0.0773,9.0783,48.0,-1303.0364718419,-190.8554589205802,-136.71328801054287,-5819.8713099148,0.2211151559004065
FMNR_red_288_cutoff_7.5.inp.out,1357.076668415309,-0.2698,0.0722,12.5709,48.0,-1302.877124855,-280.5080371262122,-211.7574544148253,-5819.733048599,0.2195734502993218
FMNR_red_289_cutoff_7.5.inp.out,1364.0457607760604,-0.2903,0.0614,11.1505,52.0,-1302.0686766185,-205.64063708607523,-281.01461683315466,-6123.0633955471,0.2423731425005826
FMNR_red_28_cutoff_7.5.inp.out,1342.529700161633,-0.2807,0.0751,47.0628,50.0,-1302.7073696781,-346.4628743125486,-355.27357528036066,-5971.394535607,0.2286769519996596
FMNR_red_290_cutoff_7.5.inp.out,1364.893081495686,-0.275,0.0749,18.2565,52.0,-1302.322387105,-306.5788008409662,-176.26027693595557,-6123.2225447221,0.2290941760002169
FMNR_red_291_cutoff_7.5.inp.out,1365.9270707748672,-0.2967,0.0673,13.6612,48.0,-1303.7334682597,-271.80303429008404,-231.6477269676223,-5820.6194051481,0.247719237900128
FMNR_red_292_cutoff_7.5.inp.out,1361.5662590401253,-0.2598,0.0791,18.1014,46.0,-1304.0903688638,-146.25806293879523,-127.24728885023808,-5668.8359311791,0.2149739185997532
FMNR_red_293_cutoff_7.5.inp.out,1361.3370809021128,-0.2849,0.0738,10.4953,44.0,-1305.0180211952,-245.5173365854364,-229.0053392793621,-5517.5919246911,0.2381484859997726
FMNR_red_294_cutoff_7.5.inp.out,1355.726773585107,-0.2619,0.0664,12.177,43.0,-1305.2037576065,74.37854162725384,109.31758626138388,-5441.8272939092,0.2171583947001636
FMNR_red_295_cutoff_7.5.inp.out,1360.730997760015,-0.2648,0.0671,15.4627,45.0,-1305.0049790218,-174.26981981133,-81.25109071617179,-5593.7134884501,0.2185668648999126
FMNR_red_296_cutoff_7.5.inp.out,1361.8147656137176,-0.3034,0.0499,13.4514,47.0,-1303.7475193858,-22.19275417871003,-104.26069469791642,-5744.4711545759,0.255868248799743
FMNR_red_297_cutoff_7.5.inp.out,1363.541227717437,-0.2793,0.0653,16.1033,45.0,-1304.729007171,-362.2006748099419,-315.8710609393768,-5593.3314363795,0.2349985788996491
FMNR_red_298_cutoff_7.5.inp.out,1365.583827788707,-0.2631,0.0778,12.1722,46.0,-1304.0831476391,-359.69935222291326,-305.1470661698442,-5668.8012864667,0.2172562101995936
FMNR_red_299_cutoff_7.5.inp.out,1349.8277433492626,-0.2829,0.0699,26.3382,49.0,-1303.3639723202,-255.8674507529577,-309.2056217786187,-5896.1184775468,0.234797142800744
FMNR_red_29_cutoff_7.5.inp.out,1363.1167640509505,-0.2673,0.0677,53.1505,51.0,-1302.5362294422,-125.35060834926804,-54.00741528756937,-6047.2976568817,0.2163840794000862
FMNR_red_2_cutoff_7.5.inp.out,1364.6702237921284,-0.2906,0.0768,14.1278,47.0,-1303.8762497924,-188.1143979765236,-141.89387828666375,-5744.6342278537,0.2412490239003091
FMNR_red_300_cutoff_7.5.inp.out,1370.6030761313075,-0.2989,0.0749,20.1823,47.0,-1304.1752735998,-242.06201055983735,-367.9323049004744,-5744.8285503119,0.2468171679993247
FMNR_red_301_cutoff_7.5.inp.out,1368.6044399908733,-0.2819,0.0727,8.7,45.0,-1304.7568684271,-148.97632324761756,-263.5521430221718,-5593.256901024,0.2381131294005172
FMNR_red_302_cutoff_7.5.inp.out,1364.4948258631152,-0.2626,0.073,14.1367,49.0,-1303.2705977856,-264.15716680084915,-365.27556319960865,-5895.9474646465,0.2174869185992065
FMNR_red_303_cutoff_7.5.inp.out,1367.2201009177047,-0.2343,0.0841,12.5533,48.0,-1303.4377349887,-401.9144198095045,-388.58460049199937,-5820.0898870622,0.1903074091997041
FMNR_red_304_cutoff_7.5.inp.out,1344.2801565825018,-0.2702,0.0729,10.7938,50.0,-1302.7902970915,-364.1904669985891,-411.82168231063474,-5971.5627145559,0.228172473000086
FMNR_red_305_cutoff_7.5.inp.out,1347.7444948459568,-0.2911,0.0643,16.2354,52.0,-1301.7280775265,-247.95975786486736,-313.12830795256747,-6122.5812663976,0.2455143022007178
FMNR_red_306_cutoff_7.5.inp.out,1350.6528310219865,-0.2786,0.0662,9.4706,52.0,-1301.9424083337,-464.6911444528104,-542.1025180786663,-6122.7615112165,0.2342484338005306
FMNR_red_307_cutoff_7.5.inp.out,1350.8530543186976,-0.2729,0.0785,17.8434,53.0,-1302.0502477018,-399.8538499641915,-446.83255535047954,-6198.9227143055,0.2257918631003121
FMNR_red_308_cutoff_7.5.inp.out,1356.5783607744188,-0.2799,0.071,21.1789,53.0,-1301.7807260198,-484.9985113793592,-413.900236120034,-6198.7079673754,0.2316572449008163
FMNR_red_309_cutoff_7.5.inp.out,1346.323926957125,-0.2807,0.0735,17.2162,49.0,-1303.4732083688,-454.5444701313476,-526.5281334085734,-5896.2444596208,0.2370070629003748
FMNR_red_30_cutoff_7.5.inp.out,1361.4161134218014,-0.2589,0.069,43.3951,50.0,-1302.8287088668,-137.69786701935817,-59.999217855668896,-5971.5146032921,0.2176769600000625
FMNR_red_310_cutoff_7.5.inp.out,1361.8079335008667,-0.2642,0.0794,17.4459,50.0,-1302.9782959707,-372.1917275909042,-480.7479491885557,-5971.9165744801,0.2163481750003484
FMNR_red_311_cutoff_7.5.inp.out,1364.9247099013876,-0.2846,0.0609,13.2634,50.0,-1302.646686548,-543.6782126771259,-780.9873580068773,-5971.4560732938,0.2321324108006592
FMNR_red_312_cutoff_7.5.inp.out,1363.2265728035293,-0.2497,0.0756,12.4443,51.0,-1302.7313434471,-636.8501240984829,-773.4740054959145,-6047.5408958956,0.2087467859000753
FMNR_red_313_cutoff_7.5.inp.out,1370.5320001736698,-0.2683,0.0728,32.303,52.0,-1302.3278232192,-469.28472940055536,-568.0358448750604,-6123.1794355437,0.2292980880001778
FMNR_red_314_cutoff_7.5.inp.out,1354.7844533850987,-0.2527,0.0587,33.0655,52.0,-1302.1295211986,-524.0267694030299,-673.3484195070534,-6122.9395597455,0.2167238407000695
FMNR_red_315_cutoff_7.5.inp.out,1364.794580921509,-0.2643,0.0775,40.5681,52.0,-1302.234733191,-586.7642031236302,-671.2687553806826,-6123.1176102572,0.2211147483003515
FMNR_red_316_cutoff_7.5.inp.out,1353.8158609474851,-0.2778,0.0361,43.6088,52.0,-1302.3446417674,-438.2116445766547,-692.6190647219051,-6123.1903945604,0.2296223841995015
FMNR_red_317_cutoff_7.5.inp.out,1361.256958324124,-0.2675,0.0671,42.8273,53.0,-1301.8993074405,-588.7664694987517,-745.4251985073273,-6198.6936462979,0.2210764226001629
FMNR_red_318_cutoff_7.5.inp.out,1359.1975042603476,-0.2443,0.0754,21.6317,49.0,-1303.2189101213,-422.1015128818354,-430.2098304485028,-5895.8741158355,0.2066480121002314
FMNR_red_319_cutoff_7.5.inp.out,1360.788196568096,-0.2845,0.0642,28.6614,52.0,-1302.0671354661,-511.7019808736375,-692.8961164900926,-6122.926915069,0.2436606779992871
FMNR_red_31_cutoff_7.5.inp.out,1362.6550495180932,-0.2382,0.0684,36.0932,48.0,-1303.1421173896,-221.40780553640252,-165.87710266122116,-5819.7764638713,0.1948195708000639
FMNR_red_320_cutoff_7.5.inp.out,1369.2248421438578,-0.2581,0.0777,28.7409,47.0,-1303.693147597,-525.243245664597,-584.9314653608172,-5744.4181363254,0.2167006384997876
FMNR_red_321_cutoff_7.5.inp.out,1348.632576173154,-0.2758,0.0772,32.7707,50.0,-1302.4415142024,-238.21160126300825,-398.174537970953,-5971.2171945237,0.2262687688998994
FMNR_red_322_cutoff_7.5.inp.out,1351.5222926524823,-0.2981,0.068,30.5864,50.0,-1302.777550016,-631.5515135081649,-797.0737993009316,-5971.5888869363,0.2450157214007049
FMNR_red_323_cutoff_7.5.inp.out,1361.9884284336647,-0.2744,0.0685,26.1814,49.0,-1303.4206975283,-603.6655358388532,-733.0567206413546,-5896.2126479799,0.2283665371005554
FMNR_red_324_cutoff_7.5.inp.out,1353.2515180116725,-0.2846,0.0751,11.9293,49.0,-1303.058897843,-404.42676373395074,-529.2302618334064,-5895.6774004544,0.2331984461998217
FMNR_red_325_cutoff_7.5.inp.out,1358.0088130783292,-0.3055,0.0537,23.3937,51.0,-1302.420523493,-365.9420730082309,-489.9531086170394,-6047.1814759388,0.2499264412999764
FMNR_red_326_cutoff_7.5.inp.out,1364.9662932778676,-0.2677,0.0701,16.6774,47.0,-1303.8292558303,-402.4517980705461,-493.6485588878634,-5744.3422400889,0.2202783448001355
FMNR_red_327_cutoff_7.5.inp.out,1363.876377530248,-0.2626,0.0721,17.9731,46.0,-1304.2809898459,-498.5957798586562,-714.5568176041932,-5668.754689848,0.2152362655006072
FMNR_red_328_cutoff_7.5.inp.out,1362.2657577520897,-0.2975,0.0604,31.9558,46.0,-1304.479650863,-531.7038532551267,-795.5553233552373,-5668.9404902112,0.2464104609998685
FMNR_red_329_cutoff_7.5.inp.out,1354.531724244448,-0.2713,0.0639,17.7563,45.0,-1304.5072805397,-467.18109043112474,-594.0252561162428,-5592.954246402,0.2219622701004482
FMNR_red_32_cutoff_7.5.inp.out,1352.2563630363788,-0.2561,0.0794,47.618,47.0,-1303.8406770956,-380.0555495958469,-315.3950372881888,-5744.3799627232,0.2110526764008682
FMNR_red_330_cutoff_7.5.inp.out,1365.2376100518718,-0.2876,0.0659,27.4776,47.0,-1303.7751694679,-319.2972519711256,-660.9301575695249,-5744.3273816947,0.2395854530004726
FMNR_red_331_cutoff_7.5.inp.out,1361.9263443498644,-0.2832,0.0752,27.2851,49.0,-1302.8875481453,-482.2327507365816,-597.1500849216428,-5895.4426753593,0.229271908499868
FMNR_red_332_cutoff_7.5.inp.out,1351.1381780740294,-0.2761,0.0623,19.8989,51.0,-1302.1267002507,-496.5047419248768,-523.8393503082151,-6046.8197579251,0.2269224756000767
FMNR_red_333_cutoff_7.5.inp.out,1354.900937240583,-0.2607,0.066,29.2185,52.0,-1301.9484034152,-363.501468889916,-475.3656064649813,-6122.6360658954,0.2112242458006221
FMNR_red_334_cutoff_7.5.inp.out,1353.557358376513,-0.2482,0.0676,30.5819,54.0,-1301.4014237271,-555.3719031291132,-633.7321110224872,-6274.0892936254,0.2019363743002031
FMNR_red_335_cutoff_7.5.inp.out,1352.867580639617,-0.2509,0.069,26.5218,50.0,-1302.9209676614,-464.5496134977894,-541.6222998955786,-5971.588985694,0.2072630932007086
FMNR_red_336_cutoff_7.5.inp.out,1346.169017366335,-0.2747,0.0809,31.984,52.0,-1302.0507084957,-545.9317024639194,-611.7452642335386,-6122.7070072845,0.2249591549998513
FMNR_red_337_cutoff_7.5.inp.out,1355.4372486041364,-0.2728,0.0709,28.1621,48.0,-1303.5188861349,-418.8189808949672,-433.20889813652497,-5819.9688515507,0.2200351746996602
FMNR_red_338_cutoff_7.5.inp.out,1341.68677389574,-0.2882,0.069,25.9717,51.0,-1302.6150945735,-429.6744744747803,-519.7015144737271,-6047.0786418262,0.2315390113999456
FMNR_red_339_cutoff_7.5.inp.out,1364.1760268553676,-0.2893,0.0612,11.1261,52.0,-1302.0876754308,-461.62134325836416,-540.9258664595433,-6123.0831127936,0.2415655301001606
FMNR_red_33_cutoff_7.5.inp.out,1354.7845475193908,-0.2629,0.0775,40.5372,48.0,-1303.1002747744,-434.28739158449093,-399.1468809132715,-5819.7026514788,0.219127462999495
FMNR_red_340_cutoff_7.5.inp.out,1364.9036948168257,-0.2792,0.0732,12.4165,50.0,-1302.9698848853,-486.988852585067,-602.9526739353315,-5971.8537345789,0.2317146287005016
FMNR_red_341_cutoff_7.5.inp.out,1366.7802510744675,-0.2947,0.0647,18.2126,44.0,-1304.9009799105,-521.6924729804455,-525.1711275207232,-5517.5195997053,0.245124757099802
FMNR_red_342_cutoff_7.5.inp.out,1367.9994864554074,-0.2949,0.0646,23.1769,43.0,-1305.0705078638,-369.843200219891,-409.841007768119,-5441.7043847267,0.2450849435999771
FMNR_red_343_cutoff_7.5.inp.out,1365.734324571459,-0.302,0.0568,16.6039,47.0,-1303.8767915249,-147.2834694430071,-177.24532341104748,-5744.6480550323,0.2512231927003086
FMNR_red_344_cutoff_7.5.inp.out,1366.8044070696033,-0.2792,0.0446,17.2644,45.0,-1304.6016554387,64.18133852767723,112.295756514779,-5593.2603886225,0.2329133702005492
FMNR_red_345_cutoff_7.5.inp.out,1364.1758152582229,-0.2575,0.0775,20.8311,46.0,-1304.2118832743,-126.17496812654387,-88.72665944205792,-5668.8721582538,0.2066625143997953
FMNR_red_346_cutoff_7.5.inp.out,1371.2118886582682,-0.2688,0.0693,17.9234,47.0,-1304.0135424045,-46.20255910783074,-27.434593528162363,-5744.8102156531,0.2178323903999626
FMNR_red_347_cutoff_7.5.inp.out,1371.097637599555,-0.2817,0.0605,10.8837,45.0,-1304.6980419206,-8.082492257622963,-97.2258880820018,-5593.3563976621,0.2318346788997587
FMNR_red_348_cutoff_7.5.inp.out,1367.1289785263118,-0.2641,0.0731,14.6152,46.0,-1304.0635983524,-22.928995025998834,-11.116125040559,-5668.75672124,0.2147430930999689
FMNR_red_349_cutoff_7.5.inp.out,1361.7547485672562,-0.2825,0.0423,2.3882,47.0,-1304.1709183385,8.143909740163835,-45.64189642466037,-5745.0563639453,0.2333953970000948
FMNR_red_34_cutoff_7.5.inp.out,1348.8977041349424,-0.2538,0.0759,38.4891,45.0,-1304.5379661714,-336.9610727535266,-244.66308679567672,-5592.8620936443,0.2029249140996398
FMNR_red_350_cutoff_7.5.inp.out,1366.8106288484485,-0.2637,0.0776,13.6379,44.0,-1305.1274492608,-311.5726499827035,-121.3147433006196,-5517.8184274757,0.2173187598000368
FMNR_red_351_cutoff_7.5.inp.out,1358.0963848287272,-0.2861,0.0595,22.9222,47.0,-1303.8990781783,-132.29988814442433,-10.201270638553328,-5744.7239865754,0.2378962272996432
FMNR_red_352_cutoff_7.5.inp.out,1364.8425590371044,-0.2856,0.0694,22.0675,46.0,-1304.4190154263,-106.37533421259994,-68.8767939824306,-5669.1906186663,0.2374758898995423
FMNR_red_353_cutoff_7.5.inp.out,1359.1345326662886,-0.262,0.0785,18.5887,48.0,-1303.4685969452,-326.4380844373867,-270.9912798198263,-5820.2542266427,0.216223369599902
FMNR_red_354_cutoff_7.5.inp.out,1359.285098397525,-0.295,0.0566,28.8803,46.0,-1303.8285067539,60.81867322133987,-93.30873243607628,-5668.6355293285,0.2449088592993575
FMNR_red_355_cutoff_7.5.inp.out,1368.1972244116946,-0.2979,0.0531,26.905,45.0,-1304.1819118411,-204.4686224067568,-90.03384594054191,-5592.9525482452,0.2508727604999876
FMNR_red_356_cutoff_7.5.inp.out,1370.285756557336,-0.2857,0.0618,19.1124,44.0,-1305.1241658185,-100.1471377396331,-88.4999200862707,-5517.8672556541,0.2370632537003985
FMNR_red_357_cutoff_7.5.inp.out,1366.1455240037883,-0.2861,0.0607,26.7194,39.0,-1307.1308073445,-134.3131405463366,-178.2086154350465,-5139.7034276464,0.2445379254995714
FMNR_red_358_cutoff_7.5.inp.out,1369.459623921583,-0.2728,0.0704,26.6221,43.0,-1305.1530416914,-255.43194405776904,-175.78312226966918,-5441.8415440243,0.2261195812998266
FMNR_red_359_cutoff_7.5.inp.out,1366.8921437341407,-0.2663,0.0662,18.4048,48.0,-1303.5285099007,40.55987256060093,-39.88073171255529,-5820.3696185216,0.2195917611998084
FMNR_red_35_cutoff_7.5.inp.out,1340.6372459738304,-0.2787,0.0754,35.767,45.0,-1304.3912312288,-245.78268052668568,-242.5700430664791,-5592.7323163041,0.2233923542999036
FMNR_red_360_cutoff_7.5.inp.out,1361.6642275390784,-0.2847,0.0599,14.8729,46.0,-1303.9964999367,89.23266045578235,115.5641193356996,-5668.7674065605,0.2346836615997745
FMNR_red_361_cutoff_7.5.inp.out,1359.031753007842,-0.2669,0.0807,17.0615,48.0,-1303.3732331656,-82.64176680835348,-140.53359658514975,-5820.2373774621,0.2202488165994509
FMNR_red_362_cutoff_7.5.inp.out,1362.4836483032973,-0.2584,0.0752,13.4119,46.0,-1303.816173236,25.969772536167284,39.582167621678735,-5668.5713763154,0.2153707711004244
FMNR_red_363_cutoff_7.5.inp.out,1369.9784426216277,-0.2562,0.0718,13.9025,46.0,-1303.8094581344,-97.403174108532,-44.43050066456715,-5668.5133901682,0.2113072596994243
FMNR_red_364_cutoff_7.5.inp.out,1370.506130137247,-0.2649,0.078,14.4056,49.0,-1302.9917367161,-146.75992183693316,-124.38787480174229,-5895.8514178529,0.2174227320001591
FMNR_red_365_cutoff_7.5.inp.out,1373.5386170222237,-0.2808,0.0686,17.6691,47.0,-1303.3750099814,-8.055458152550738,45.766120644395855,-5744.1726819091,0.2306498200996429
FMNR_red_366_cutoff_7.5.inp.out,1367.5861298612583,-0.2735,0.0908,11.857,45.0,-1303.7543334427,-139.41987588642442,-16.16711080489445,-5592.4085479547,0.2217608437995295
FMNR_red_367_cutoff_7.5.inp.out,1363.703931567338,-0.2748,0.0881,14.6428,48.0,-1303.5186834408,-56.3960925780824,3.3186018073268166,-5820.2001573075,0.221690456000033
FMNR_red_368_cutoff_7.5.inp.out,1365.6377411502529,-0.2804,0.0844,9.1519,47.0,-1303.5888020013,-94.32991727619876,-97.01129218028332,-5744.3056760256,0.2256681888993625
FMNR_red_369_cutoff_7.5.inp.out,1359.793572934379,-0.2572,0.0717,18.8346,47.0,-1303.6262175586,-190.13312675194211,-112.0578348417584,-5744.3064550832,0.2112725472998136
FMNR_red_36_cutoff_7.5.inp.out,1341.182330330475,-0.2691,0.0714,43.0061,46.0,-1304.1619876775,-454.7079903937427,-446.3221487621535,-5668.4255669037,0.2252435697000692
FMNR_red_370_cutoff_7.5.inp.out,1365.3134256990777,-0.2933,0.0663,15.7894,49.0,-1302.9059638375,38.69693453203263,271.9753298122986,-5895.661787522,0.2462592411002333
FMNR_red_371_cutoff_7.5.inp.out,1358.6733675924436,-0.2766,0.0789,12.5369,49.0,-1302.8184595078,-196.0073679925737,-50.22114443585069,-5895.5469333917,0.2302129786994555
FMNR_red_372_cutoff_7.5.inp.out,1356.6590108826997,-0.2821,0.0681,14.2303,48.0,-1303.3490247055,15.034984678368032,100.86802639306852,-5820.0668879461,0.2316524708003271
FMNR_red_373_cutoff_7.5.inp.out,1358.6435443202984,-0.2693,0.0647,7.7266,48.0,-1303.153880239,-58.526917242974605,50.23883317590142,-5819.9176572777,0.2231214100002034
FMNR_red_374_cutoff_7.5.inp.out,1351.714457219531,-0.2897,0.0511,9.0105,48.0,-1303.5807894396,-28.10537581764564,85.07576239058028,-5820.2810833692,0.2443386432996703
FMNR_red_375_cutoff_7.5.inp.out,1361.896100324513,-0.2838,0.0645,19.6756,49.0,-1303.0707362261,9.668959543826231,-70.3366692286729,-5895.7804519918,0.2335811352004384
FMNR_red_376_cutoff_7.5.inp.out,1371.363483128816,-0.2635,0.0774,7.9879,48.0,-1303.2540644186,-217.01564315977953,-286.704034795148,-5819.8587955428,0.2178122723998967
FMNR_red_377_cutoff_7.5.inp.out,1375.853908444319,-0.2805,0.0837,17.4374,48.0,-1303.4338711107,-369.31786636324506,-262.0852265893721,-5820.1059059736,0.2369363145999159
FMNR_red_378_cutoff_7.5.inp.out,1377.4132444280158,-0.2785,0.0609,21.1796,48.0,-1303.2514052392,-214.11713394801623,-265.35808926770954,-5819.9439963382,0.2313526094003464
FMNR_red_379_cutoff_7.5.inp.out,1360.5293019938154,-0.2791,0.0777,14.21,46.0,-1303.9601369386,-4.481820942801466,25.125670056886733,-5668.5600734483,0.2264889253001456
FMNR_red_37_cutoff_7.5.inp.out,1340.9938031873305,-0.2502,0.0749,29.9453,47.0,-1303.5120026863,-329.6803887316148,-377.4904350130802,-5743.8453847574,0.2031946932002029
FMNR_red_380_cutoff_7.5.inp.out,1371.2050697275083,-0.2722,0.0688,20.1962,47.0,-1303.5764970845,-219.0808554989164,-258.6636076388741,-5744.2551368358,0.2217802651002784
FMNR_red_381_cutoff_7.5.inp.out,1352.9060711459667,-0.2489,0.0801,32.0511,46.0,-1303.715628623,-414.9144539142265,-398.91713335097785,-5668.2965194056,0.2007951978002893
FMNR_red_382_cutoff_7.5.inp.out,1353.9569654264471,-0.2859,0.0587,33.2416,46.0,-1303.9810056177,-403.64927155286045,-521.5278612741921,-5668.5345034814,0.2380065471998023
FMNR_red_383_cutoff_7.5.inp.out,1370.0235952932203,-0.2566,0.0827,15.3471,48.0,-1303.0438642668,-198.04718585793253,-149.41522077200648,-5819.6714512529,0.2096161792997009
FMNR_red_384_cutoff_7.5.inp.out,1371.1559614889666,-0.2589,0.0578,25.2576,50.0,-1302.2125255453,-289.95589595408467,-226.79935673280977,-5970.9750777165,0.2158070879004299
FMNR_red_385_cutoff_7.5.inp.out,1358.129258421883,-0.2822,0.0596,27.1795,52.0,-1301.9584092037,-307.6307072902292,-361.2842514357826,-6122.8494715683,0.2327790926001398
FMNR_red_386_cutoff_7.5.inp.out,1353.9302499706134,-0.2859,0.0674,32.5181,48.0,-1303.6127155745,-448.1507342281304,-324.0270879304364,-5820.2787598651,0.2345610303000285
FMNR_red_387_cutoff_7.5.inp.out,1353.5956000808742,-0.2812,0.066,31.3435,50.0,-1302.7602906373,-47.086567047560614,-108.93639157394622,-5971.4931302828,0.2288561818004382
FMNR_red_388_cutoff_7.5.inp.out,1363.6564274743448,-0.2549,0.0844,31.0068,52.0,-1302.1577873933,-293.7056193505753,-334.3914869664754,-6123.0028753823,0.2098587381997276
FMNR_red_389_cutoff_7.5.inp.out,1364.003763275535,-0.2902,0.0611,11.0795,52.0,-1302.0904584651,-147.8081077495071,-311.0017656965564,-6123.0845284972,0.2421343729993168
FMNR_red_38_cutoff_7.5.inp.out,1342.9879881865988,-0.2745,0.0333,34.1803,49.0,-1302.6933380301,-91.78009540296968,-253.5523145861748,-5894.9432537301,0.2450299849006114
FMNR_red_390_cutoff_7.5.inp.out,1366.8255050323771,-0.2847,0.0696,11.3037,49.0,-1303.4458511463,-145.42877613379906,-200.22880997552744,-5896.3128018685,0.2376332327003183
FMNR_red_391_cutoff_7.5.inp.out,1369.0454217062363,-0.2896,0.0665,19.1348,48.0,-1303.4855231821,-300.7139657310604,-303.4024292044465,-5820.3691774222,0.2411230159004844
FMNR_red_392_cutoff_7.5.inp.out,1361.285286975282,-0.256,0.0802,16.4976,44.0,-1305.0976152372,-246.76936563932873,-224.28946763170111,-5517.7985530488,0.2102742778997708
FMNR_red_393_cutoff_7.5.inp.out,1358.7594248628002,-0.2912,0.063,13.0972,43.0,-1305.273087959,-284.1701841563554,-197.44781919704428,-5441.9286847089,0.2430582534998393
FMNR_red_394_cutoff_7.5.inp.out,1358.2215554685274,-0.2827,0.0721,21.158,44.0,-1305.140033479,65.2439618637968,111.50425571941338,-5517.7291647071,0.2358388364000347
FMNR_red_395_cutoff_7.5.inp.out,1362.203427031052,-0.3011,0.0677,17.7108,46.0,-1304.6455223943,-60.21594031991954,-1.0282635727164582,-5669.4035496144,0.2480299246999493
FMNR_red_396_cutoff_7.5.inp.out,1359.7538979707529,-0.2763,0.0619,20.8815,45.0,-1304.914940293,-14.8201091347201,-69.2044410090519,-5593.6220637942,0.2284757075995003
FMNR_red_397_cutoff_7.5.inp.out,1356.720728624835,-0.2822,0.0675,14.1726,47.0,-1304.3057845454,-178.14769903679954,-114.5407232122526,-5745.1215805698,0.2325696107000112
FMNR_red_398_cutoff_7.5.inp.out,1369.238254084566,-0.2845,0.0593,10.5319,48.0,-1303.5625522615,-33.528723819100094,-74.70553887651485,-5820.3813519276,0.238069058599649
FMNR_red_399_cutoff_7.5.inp.out,1359.8924682021798,-0.2672,0.0791,7.1883,45.0,-1304.6473493284,-248.6456247822101,-288.6672539587691,-5593.4295686232,0.2222237839005174
FMNR_red_39_cutoff_7.5.inp.out,1350.5952214780582,-0.2663,0.0616,35.0258,48.0,-1302.8900551341,-340.6432702060249,-384.2246824359332,-5819.088006947,0.2128327333002744
FMNR_red_3_cutoff_7.5.inp.out,1352.369008638014,-0.2685,0.0866,10.5127,41.0,-1306.0734854719,-390.6460684033973,-250.96621633468257,-5290.6427067458,0.2208230303995151
FMNR_red_400_cutoff_7.5.inp.out,1364.4151340614876,-0.2945,0.0556,11.62,44.0,-1305.069032521,-83.25143440277914,-227.5526560564178,-5517.8226569326,0.247813425199638
FMNR_red_401_cutoff_7.5.inp.out,1358.184897252265,-0.2699,0.0743,10.8467,42.0,-1305.8561898789,-105.21780444341864,-128.5604513116024,-5366.4340120938,0.2217437379003968
FMNR_red_402_cutoff_7.5.inp.out,1359.7840924072143,-0.2734,0.0789,7.6005,43.0,-1305.5482540621,-110.53658675171916,-134.84086373754369,-5442.2271534118,0.2240595567000127
FMNR_red_403_cutoff_7.5.inp.out,1356.7076419125628,-0.2808,0.0703,9.408,46.0,-1304.572454455,-173.99321369668246,-336.0494315908601,-5669.3574259873,0.2336684228002923
FMNR_red_404_cutoff_7.5.inp.out,1358.0621014904184,-0.2775,0.0653,4.4779,47.0,-1304.0923130703,-573.4688945509121,-601.9755654893003,-5744.8757439945,0.2321472624998932
FMNR_red_405_cutoff_7.5.inp.out,1361.9069119767423,-0.2962,0.052,6.12,46.0,-1304.5753649889,-147.94960092903864,-335.4053481076253,-5669.3409703424,0.2446984865000558
FMNR_red_406_cutoff_7.5.inp.out,1349.170723799533,-0.2476,0.0817,8.2466,45.0,-1305.3122637119,-363.31264093005854,-451.5150321082363,-5593.9818686515,0.2020628384998417
FMNR_red_407_cutoff_7.5.inp.out,1359.4044257781,-0.2823,0.061,15.0968,47.0,-1304.3168131871,-228.70459627205557,-233.74032969806407,-5745.0640696711,0.2374633407998772
FMNR_red_408_cutoff_7.5.inp.out,1358.0900441535337,-0.2876,0.0744,10.6299,47.0,-1304.1905363892,-163.0153914090278,-112.4901617801115,-5744.9597264856,0.2355775730002278
FMNR_red_409_cutoff_7.5.inp.out,1356.886572832087,-0.2859,0.0652,4.474,49.0,-1303.6926580913,-3.780859111602824,49.489046459139416,-5896.4985282752,0.2367130983993775
FMNR_red_40_cutoff_7.5.inp.out,1321.283613131194,-0.2965,0.028,27.9966,45.0,-1304.2203503056,-182.81805557247176,-277.8097020437418,-5592.3878536239,0.2480645466002897
FMNR_red_410_cutoff_7.5.inp.out,1374.0376504689166,-0.2902,0.0782,16.2892,48.0,-1304.0215689711,84.49579065177402,-62.50143139955512,-5820.8499603709,0.2393741093001153
FMNR_red_411_cutoff_7.5.inp.out,1365.7630104134969,-0.2781,0.0662,14.7821,49.0,-1303.2684477064,-335.3600628444353,-190.66039416808144,-5896.1677713973,0.230006554999818
FMNR_red_412_cutoff_7.5.inp.out,1361.750502791049,-0.2864,0.0713,8.8733,47.0,-1304.3351187554,-126.84573451586807,-172.19554082271918,-5745.1157438542,0.2378191426005287
FMNR_red_413_cutoff_7.5.inp.out,1356.9709427789044,-0.2939,0.0709,10.0638,46.0,-1304.3453410271,-110.2896858981229,-108.85450202579162,-5669.0465871874,0.2445660497005519
FMNR_red_414_cutoff_7.5.inp.out,1365.7401250665907,-0.2602,0.0776,13.8467,48.0,-1304.087694573,-126.35917214257736,-76.40490763608283,-5820.9782737118,0.2168656748999637
FMNR_red_415_cutoff_7.5.inp.out,1360.0458710312432,-0.2831,0.0728,25.0941,51.0,-1302.7071319945,-172.16002964997918,-214.4645466171802,-6047.6593693322,0.2360220365999339
FMNR_red_416_cutoff_7.5.inp.out,1367.877235655728,-0.2599,0.068,22.678,48.0,-1304.168791974,-364.10582776712386,-491.577261839528,-5821.0590899778,0.2177200757996615
FMNR_red_417_cutoff_7.5.inp.out,1358.9001046765056,-0.2781,0.0733,13.3771,50.0,-1303.1549123316,-228.03261874904584,-322.65449493703903,-5972.0565865888,0.2287051269004223
FMNR_red_418_cutoff_7.5.inp.out,1365.1792790857885,-0.2657,0.0683,16.8191,50.0,-1302.9188364505,-190.4800190599655,-308.7072559409663,-5971.8297252116,0.2209601121003288
FMNR_red_419_cutoff_7.5.inp.out,1371.431571498159,-0.284,0.0732,9.4272,52.0,-1302.4467042813,-128.8276255612278,-138.6984000332935,-6123.4819625698,0.2355491682001229
FMNR_red_41_cutoff_7.5.inp.out,1338.2287349936887,-0.2659,0.0517,24.8979,44.0,-1304.4873758181,-76.63463324752905,-247.43642572370445,-5516.6506059825,0.2285030309994908
FMNR_red_420_cutoff_7.5.inp.out,1369.1818533814187,-0.2615,0.0756,6.773,48.0,-1304.0503681526,-107.32269231077628,-131.46954185245048,-5820.8804986861,0.2183400226995218
FMNR_red_421_cutoff_7.5.inp.out,1369.6849467174266,-0.2609,0.0836,14.4239,46.0,-1303.987967143,26.764686793983987,-42.44066649896637,-5668.8000851118,0.2161225695999746
FMNR_red_422_cutoff_7.5.inp.out,1357.4733715237664,-0.2761,0.0671,14.5862,48.0,-1303.792885236,-36.86713493455461,-5.966974398688654,-5820.6260066538,0.2330573161998472
FMNR_red_423_cutoff_7.5.inp.out,1360.9086649394667,-0.2489,0.0862,17.6896,50.0,-1302.7800246783,-134.51888034748015,1.2819889195196268,-5971.6822342368,0.2082825913994384
FMNR_red_424_cutoff_7.5.inp.out,1371.3816522832492,-0.2708,0.059,24.6915,53.0,-1302.3685976726,39.02535128913261,95.20422132740696,-6199.363534015,0.2241659718001756
FMNR_red_425_cutoff_7.5.inp.out,1368.8626883442985,-0.2834,0.0664,24.0473,50.0,-1302.7167008407,-69.7956918732305,-16.04016205393797,-5971.6657817026,0.2360123083999497
FMNR_red_426_cutoff_7.5.inp.out,1370.490823783926,-0.266,0.0739,29.1327,48.0,-1303.6771802901,-178.34115890250033,-177.8817429300751,-5820.547655078,0.2185062974995162
FMNR_red_427_cutoff_7.5.inp.out,1361.011504453067,-0.2668,0.0789,21.5598,46.0,-1304.3942078058,-63.644320892608576,-55.77000535385004,-5669.2238247562,0.2229779704002794
FMNR_red_428_cutoff_7.5.inp.out,1353.26986769888,-0.2706,0.076,23.6258,48.0,-1303.8431240107,-236.81172554625667,-136.9356727411842,-5820.7159933604,0.2231710381001903
FMNR_red_429_cutoff_7.5.inp.out,1364.6480240915353,-0.2909,0.047,21.1965,48.0,-1303.4206964189,-70.70170754264413,-44.084734775074494,-5820.208034968,0.244804864300022
FMNR_red_42_cutoff_7.5.inp.out,1337.2659065393714,-0.2791,0.0581,37.3183,44.0,-1304.3271616936,-417.8833694921464,-526.647566999726,-5516.4570289662,0.2315575080001508
FMNR_red_430_cutoff_7.5.inp.out,1360.4404676115305,-0.2849,0.0548,29.1047,47.0,-1304.4400393357,-54.87464496209024,-77.29440373285752,-5745.2416193338,0.2365516193995063
FMNR_red_431_cutoff_7.5.inp.out,1367.4537330210974,-0.2734,0.0669,24.9386,45.0,-1304.8220319712,-119.8030963282968,-20.27109068999711,-5593.5984328504,0.225584095499471
FMNR_red_432_cutoff_7.5.inp.out,1376.6930388688045,-0.2607,0.0701,16.7145,48.0,-1303.3993544565,-90.62916775105025,54.360937615541914,-5820.234178481,0.2180782171008104
FMNR_red_433_cutoff_7.5.inp.out,1358.8349962254947,-0.2879,0.0562,9.7317,46.0,-1304.2376104519,-93.84497476374516,-37.56609368707608,-5669.0588743551,0.2414845876000981
FMNR_red_434_cutoff_7.5.inp.out,1359.1023148429358,-0.2897,0.0625,15.6191,49.0,-1303.3687683746,145.49517857568134,146.4561959295753,-5896.2082663208,0.23902216030001
FMNR_red_435_cutoff_7.5.inp.out,1350.753674900825,-0.2791,0.0622,13.8444,46.0,-1303.9520865506,-134.65168635992185,-54.091431149501425,-5668.7328792763,0.2350837820995366
FMNR_red_436_cutoff_7.5.inp.out,1365.7558155315753,-0.2826,0.0638,21.1282,46.0,-1304.4620832137,-127.30055885749198,-3.4646115001411895,-5669.2325405326,0.2353474968003865
FMNR_red_437_cutoff_7.5.inp.out,1363.2294367344623,-0.2505,0.0798,6.2413,50.0,-1302.6214468013,2.798696076668839,90.18343324835728,-5971.4107902529,0.2066901197995321
FMNR_red_438_cutoff_7.5.inp.out,1366.520972657608,-0.2537,0.0905,14.4724,49.0,-1303.1880463448,94.10376224097152,6.211423115221986,-5896.0007367829,0.2106410991000302
FMNR_red_439_cutoff_7.5.inp.out,1364.0281023841137,-0.29,0.0613,11.1312,52.0,-1302.0893396477,42.70039025730846,61.89129308696797,-6123.0837189008,0.2420783625002514
FMNR_red_43_cutoff_7.5.inp.out,1340.295641780864,-0.2982,0.057,24.491,44.0,-1304.6876620913,-210.38280991465524,-220.1150642376103,-5516.8181083816,0.2495916758007297
FMNR_red_440_cutoff_7.5.inp.out,1364.9763876399295,-0.2808,0.0775,16.5469,50.0,-1303.0681869101,34.434644109722505,-3.973879855258609,-5971.9427360689,0.233809269700032
FMNR_red_441_cutoff_7.5.inp.out,1367.4964234930442,-0.2901,0.0673,18.2967,46.0,-1304.4636059408,-134.2498862446459,-17.256197251520483,-5669.2286787594,0.2404147731003831
FMNR_red_442_cutoff_7.5.inp.out,1362.3160454328213,-0.2889,0.075,26.0726,48.0,-1304.2788419025,-159.3156331321869,-44.229780169547,-5821.1252274506,0.2404470371993738
FMNR_red_443_cutoff_7.5.inp.out,1362.3743359666996,-0.2989,0.0607,32.2253,46.0,-1304.5474682951,-255.32714265136573,-107.49810172999652,-5669.2800366967,0.2495000996004819
FMNR_red_444_cutoff_7.5.inp.out,1361.3009868953034,-0.2936,0.0492,29.308,46.0,-1304.4839785223,76.40007067711619,127.76061499669044,-5669.2599744117,0.2458703554002568
FMNR_red_445_cutoff_7.5.inp.out,1357.9332106947436,-0.2859,0.0737,30.2586,47.0,-1304.7901005085,-113.66923495380786,-112.25550500835388,-5745.5878992488,0.2360040841003865
FMNR_red_446_cutoff_7.5.inp.out,1358.4572412479672,-0.2942,0.0522,22.6764,48.0,-1303.6995031339,-102.12328861944982,-170.70575173669775,-5820.5658051098,0.2483421280003312
FMNR_red_447_cutoff_7.5.inp.out,1367.2257817932232,-0.2913,0.0746,27.3508,49.0,-1303.8247250193,-231.6187450431882,-296.6195025149383,-5896.7535397686,0.2408536769999045
FMNR_red_448_cutoff_7.5.inp.out,1370.1417555528103,-0.28,0.0557,30.4555,50.0,-1303.2261030497,-63.21130486065032,-215.6718658285711,-5972.1835259026,0.2412612641001033
FMNR_red_449_cutoff_7.5.inp.out,1362.3048863569345,-0.2814,0.0817,29.3663,47.0,-1303.8658516802,-19.439435783630536,-38.347830342628434,-5744.69458698,0.2305898585991599
FMNR_red_44_cutoff_7.5.inp.out,1347.4971330331591,-0.2548,0.0763,17.144,46.0,-1303.8437180242,-430.87160876202233,-491.4069888506734,-5668.1075809825,0.2054724098006772
FMNR_red_450_cutoff_7.5.inp.out,1367.6800950226043,-0.2636,0.0809,30.0204,48.0,-1304.2531069203,-97.78337297262,-162.08580243959094,-5821.2293131553,0.2208763660000841
FMNR_red_451_cutoff_7.5.inp.out,1371.3841659513257,-0.2792,0.065,30.8482,46.0,-1304.7567240198,143.51356493482368,32.667423007101675,-5669.5849788769,0.2328364394998061
FMNR_red_452_cutoff_7.5.inp.out,1373.8518327164106,-0.2547,0.0746,41.223,46.0,-1304.8823268095,-131.28317730132997,-75.75928441898941,-5669.7180651168,0.2122836101998473
FMNR_red_453_cutoff_7.5.inp.out,1366.414674637767,-0.2743,0.0738,34.612,49.0,-1303.6142024122,-107.05184410965862,-224.0520006837753,-5896.6341336287,0.2248040567001226
FMNR_red_454_cutoff_7.5.inp.out,1370.111260731802,-0.2738,0.061,29.9382,49.0,-1304.038100858,-290.39678488041216,-243.82738167171365,-5896.9447201963,0.2291413504999582
FMNR_red_455_cutoff_7.5.inp.out,1368.1180047240769,-0.2865,0.0604,33.7414,43.0,-1305.0451070817,-126.90318012071896,-146.80989542528204,-5441.7424313292,0.2399222630001531
FMNR_red_456_cutoff_7.5.inp.out,1354.5076145339794,-0.2761,0.0707,38.0104,45.0,-1304.4726465592,-82.34489372495003,-136.896616108524,-5593.1749646444,0.2305445156998757
FMNR_red_457_cutoff_7.5.inp.out,1371.0850108335646,-0.2801,0.0663,37.5428,47.0,-1304.3253919422,-192.66553959728236,-111.65155900930338,-5745.1008063981,0.2342033862996686
FMNR_red_458_cutoff_7.5.inp.out,1362.7558833268488,-0.2772,0.0632,28.8734,45.0,-1304.8588065248,-310.8775351484034,-323.3941396837091,-5593.5399500313,0.228399046600316
FMNR_red_459_cutoff_7.5.inp.out,1368.5210635274298,-0.2761,0.0705,36.4246,47.0,-1304.550231157,-168.73568822009327,-181.91473032582977,-5745.3242413887,0.2259079481000299
FMNR_red_45_cutoff_7.5.inp.out,1351.0577012426115,-0.2727,0.0694,22.39,48.0,-1303.422495011,-325.06209359606936,-425.0469011608597,-5819.6790971976,0.224996435099456
FMNR_red_460_cutoff_7.5.inp.out,1364.5777441623402,-0.2932,0.0563,37.404,48.0,-1303.8074265141,-70.38218347762606,-153.44446170822732,-5820.6455689394,0.2444375645000036
FMNR_red_461_cutoff_7.5.inp.out,1365.5419122583407,-0.2712,0.0806,27.8772,48.0,-1303.9846719134,-236.7990102380149,-253.99789606387083,-5820.7757415284,0.2236561634999816
FMNR_red_462_cutoff_7.5.inp.out,1355.1168067054434,-0.2665,0.0746,25.8668,45.0,-1304.9939984735,-89.59267690593572,-89.21612938770315,-5593.8218636973,0.2203593627000373
FMNR_red_463_cutoff_7.5.inp.out,1361.6965510817593,-0.2613,0.08,21.3504,43.0,-1305.9057819675,-57.78895523350282,-110.1044611664486,-5442.5238651515,0.2193778088003455
FMNR_red_464_cutoff_7.5.inp.out,1364.6055708907295,-0.264,0.0731,20.6428,44.0,-1305.5547250239,-161.80923882514037,-150.9736101229942,-5518.2395544924,0.2184113337998496
FMNR_red_465_cutoff_7.5.inp.out,1359.6402913526867,-0.27,0.0698,20.1432,48.0,-1303.7552362919,21.256088070884573,-13.50173033083096,-5820.5710900072,0.2295057767996695
FMNR_red_466_cutoff_7.5.inp.out,1357.839372574471,-0.2964,0.0599,19.9145,45.0,-1305.1734473444,-231.2478221874585,-140.5345362767195,-5593.9061794746,0.248637654799495
FMNR_red_467_cutoff_7.5.inp.out,1354.3031781212717,-0.2808,0.0672,11.3703,43.0,-1305.6943322968,-176.56987701695675,-130.75226392386733,-5442.3218599626,0.2356543489004252
FMNR_red_468_cutoff_7.5.inp.out,1364.215811264831,-0.285,0.0779,17.1444,41.0,-1306.1594740383,-241.86548238245229,-127.5093644693589,-5290.6881903289,0.237825713699749
FMNR_red_469_cutoff_7.5.inp.out,1361.2714866022664,-0.2878,0.0575,21.3806,46.0,-1304.766522771,-210.27963204609577,-316.93010531594086,-5669.4506729602,0.2365112436000345
FMNR_red_46_cutoff_7.5.inp.out,1343.463990079144,-0.2792,0.0499,34.409,47.0,-1303.4847858058,-267.74148151370855,-407.54141449155475,-5743.8643007309,0.2307760334006161
FMNR_red_470_cutoff_7.5.inp.out,1358.201998502262,-0.2631,0.079,28.6945,46.0,-1304.8208877938,-230.49188028338307,-183.5895785166036,-5669.5067680822,0.2164624984006877
FMNR_red_471_cutoff_7.5.inp.out,1367.575820719017,-0.2786,0.0528,28.5433,45.0,-1305.0852964614,-1.2490822552942704,-65.66790449638238,-5593.7106919302,0.2302748037000128
FMNR_red_472_cutoff_7.5.inp.out,1353.40123115744,-0.2721,0.0704,17.8343,45.0,-1305.2260235763,-220.42436201558257,-299.25886736995795,-5593.8397473384,0.2277249846001723
FMNR_red_473_cutoff_7.5.inp.out,1358.3006262567026,-0.2728,0.0691,25.2063,42.0,-1306.3069435496,-415.1652594018555,-390.5691800962656,-5366.8046219297,0.2281225119995724
FMNR_red_474_cutoff_7.5.inp.out,1356.0880173984403,-0.2618,0.0713,25.5248,42.0,-1305.8936907327,-80.97868510845336,-173.24385969194392,-5366.3968824442,0.2169734074996085
FMNR_red_475_cutoff_7.5.inp.out,1367.6564182826608,-0.2685,0.0785,11.5991,39.0,-1307.0067223902,-454.3754475341162,-394.71450014703345,-5139.4133039579,0.2225083242001346
FMNR_red_476_cutoff_7.5.inp.out,1371.3393459400477,-0.2787,0.0776,12.3214,41.0,-1306.2525745735,-231.69007570478212,-284.3714018171479,-5290.7588051904,0.2339021559000684
FMNR_red_477_cutoff_7.5.inp.out,1362.6100608868885,-0.2603,0.0686,19.1106,43.0,-1305.2631282712,-282.63545231226425,-386.61675155769456,-5441.8630232785,0.2170887726997534
FMNR_red_478_cutoff_7.5.inp.out,1364.1192033384166,-0.2689,0.0785,23.2412,44.0,-1304.7937614818,-175.54903796139837,-181.07549464897855,-5517.3976660144,0.2221690177993878
FMNR_red_479_cutoff_7.5.inp.out,1366.2842036976892,-0.2664,0.0648,23.8107,43.0,-1305.2310571481,-217.13647747286103,-223.71135933837135,-5441.7472684842,0.2243361681994429
FMNR_red_47_cutoff_7.5.inp.out,1361.5207821043855,-0.2279,0.0813,21.9933,48.0,-1303.2609052164,-448.15638863228264,-574.5882855715081,-5819.6373245469,0.1849283480005397
FMNR_red_480_cutoff_7.5.inp.out,1359.3881562416373,-0.2525,0.0842,17.9415,45.0,-1304.6956770829,-155.13044580886725,-338.559072855493,-5593.3173870166,0.2067849478999051
FMNR_red_481_cutoff_7.5.inp.out,1361.2579220281118,-0.2639,0.0637,11.1644,41.0,-1305.9010009831,-96.37022337362733,-145.15729709693605,-5290.4558316745,0.2210488649998296
FMNR_red_482_cutoff_7.5.inp.out,1354.414493530409,-0.2992,0.0629,13.5179,42.0,-1305.7735172392,-226.69127940551195,-339.6893660539208,-5366.2931725807,0.2453052939999906
FMNR_red_483_cutoff_7.5.inp.out,1355.5696027238862,-0.2818,0.0585,14.748,46.0,-1304.5593365595,-275.838521683082,-256.81392565001164,-5669.3441125173,0.231364587400094
FMNR_red_484_cutoff_7.5.inp.out,1357.0687654201488,-0.2613,0.067,15.5494,44.0,-1305.3207710527,-154.09634793372229,-278.6480805263056,-5517.989870791,0.2140197636999801
FMNR_red_485_cutoff_7.5.inp.out,1356.8888100448205,-0.2622,0.0664,10.4469,42.0,-1305.7182082939,-407.2169871315706,-381.529979491329,-5366.3458224204,0.2194168167998214
FMNR_red_486_cutoff_7.5.inp.out,1366.4276070619749,-0.2774,0.057,16.5575,44.0,-1304.6305300789,-228.59702527666013,-301.20326327378814,-5517.3066102487,0.2323246690002633
FMNR_red_487_cutoff_7.5.inp.out,1359.3180376833814,-0.2778,0.0566,10.3139,44.0,-1305.0859174557,-249.7168468380035,-217.22487170896352,-5517.6927903521,0.231277243000477
FMNR_red_488_cutoff_7.5.inp.out,1360.6639843578307,-0.2804,0.0591,18.7508,43.0,-1305.2617599202,-155.0874692032067,-165.38665115825475,-5441.8030384991,0.2369595006002782
FMNR_red_48_cutoff_7.5.inp.out,1359.033960494696,-0.2635,0.0781,18.5031,45.0,-1304.7371168371,-472.29620037976366,-465.9273796679085,-5592.9836673314,0.2188619708003898
FMNR_red_49_cutoff_7.5.inp.out,1363.7840268364876,-0.2901,0.0613,11.0187,52.0,-1302.0888075618,-512.2030485927052,-601.7126418084631,-6123.0823851209,0.2422086914002648
FMNR_red_4_cutoff_7.5.inp.out,1356.0501087175944,-0.2713,0.0775,16.1949,46.0,-1304.3145390361,-286.0105563118131,-314.9229432900496,-5668.9940918286,0.2266251620994808
FMNR_red_50_cutoff_7.5.inp.out,1364.1708760136462,-0.297,0.0637,14.3635,50.0,-1302.8691045397,80.67925900318525,112.38773519315453,-5971.7506341126,0.2489694134001183
FMNR_red_51_cutoff_7.5.inp.out,1361.0339603854911,-0.3057,0.0578,23.858,46.0,-1304.6194058441,-37.52978467592212,-37.45750607725125,-5669.4114427314,0.2547696332994746
FMNR_red_52_cutoff_7.5.inp.out,1356.5747543894718,-0.2769,0.0683,26.9408,46.0,-1304.6723468188,66.01738637502696,-84.34870156008546,-5669.3581376538,0.2294609127002331
FMNR_red_53_cutoff_7.5.inp.out,1365.0527395793763,-0.2681,0.0711,30.4152,45.0,-1304.8340735039,-151.5396489388255,-94.9503364849538,-5593.6176782239,0.2240305391997026
FMNR_red_54_cutoff_7.5.inp.out,1362.508118071861,-0.2687,0.0652,34.0567,46.0,-1304.5563118776,-155.60536022314415,-205.616604832592,-5669.354200838,0.2202363605001664
FMNR_red_55_cutoff_7.5.inp.out,1364.1132292140278,-0.265,0.0782,28.396,46.0,-1304.4284604027,-187.30069218619695,-210.23495912197808,-5669.2892414661,0.2163534709998202
FMNR_red_56_cutoff_7.5.inp.out,1368.409496256268,-0.2964,0.0473,26.17,45.0,-1304.9903788171,-376.6135078672104,-392.38044930931846,-5593.6897419764,0.2471963202006009
FMNR_red_57_cutoff_7.5.inp.out,1362.1390675638868,-0.2621,0.0804,23.8339,47.0,-1303.8486076244,-93.64324312089532,-194.35331680191948,-5744.6599624723,0.2163459633002276
FMNR_red_58_cutoff_7.5.inp.out,1364.8936643693482,-0.2596,0.068,23.5845,47.0,-1304.2586738257,-402.1824857181579,-420.4455260947756,-5745.0607509725,0.2163144467995152
FMNR_red_59_cutoff_7.5.inp.out,1359.819778260622,-0.2744,0.054,32.5599,47.0,-1304.3595074757,-283.38639729603665,-353.05994714214313,-5745.1321732166,0.2298708412999985
FMNR_red_5_cutoff_7.5.inp.out,1356.141509132238,-0.2618,0.0861,24.6618,47.0,-1303.9702958828,-379.9051116874448,-386.9713030981325,-5744.7529508752,0.2161923479998222
FMNR_red_60_cutoff_7.5.inp.out,1362.912316740198,-0.274,0.0477,33.8464,48.0,-1303.4778265451,-100.52160728491327,-226.68500364458248,-5820.2982966093,0.2268350038002609
FMNR_red_61_cutoff_7.5.inp.out,1355.3762405939854,-0.2642,0.0703,35.2717,48.0,-1303.7185524292,-99.5461284450677,-150.51264985035476,-5820.5115226209,0.2209801250000964
FMNR_red_62_cutoff_7.5.inp.out,1362.908711328122,-0.2716,0.0614,30.097,47.0,-1304.0105868786,-102.7019175113631,-134.34648607198605,-5744.8175510706,0.2289703003998511
FMNR_red_63_cutoff_7.5.inp.out,1361.0070053856148,-0.2713,0.067,16.9867,49.0,-1303.4121782973,-166.72922392586435,-116.13686485603031,-5896.2765634723,0.2271366261002185
FMNR_red_64_cutoff_7.5.inp.out,1350.702704717577,-0.291,0.0587,12.5656,52.0,-1302.2154855693,-74.02759906004395,-45.12912915507605,-6123.1866663912,0.2449706452998725
FMNR_red_65_cutoff_7.5.inp.out,1362.1825604817825,-0.2844,0.0596,10.5231,50.0,-1302.917743947,-56.111547948554694,-76.52328511663899,-5971.7421681517,0.2364281139998638
FMNR_red_66_cutoff_7.5.inp.out,1368.235595117986,-0.2747,0.0672,20.3896,49.0,-1303.3735732911,-41.44361947628951,-100.98537138563334,-5896.2448539295,0.2289676223999777
FMNR_red_67_cutoff_7.5.inp.out,1360.2302227050332,-0.2937,0.0608,12.8527,48.0,-1303.9724135981,-241.86764891568328,-251.18305975781905,-5820.8308230528,0.2458751521999147
FMNR_red_68_cutoff_7.5.inp.out,1364.651864084287,-0.2738,0.0694,9.5349,49.0,-1302.9370610253,-79.6607009896693,-151.6588269743635,-5895.7425546201,0.2287018484003056
FMNR_red_69_cutoff_7.5.inp.out,1371.5203009545562,-0.2811,0.0572,7.9029,50.0,-1302.9399333147,-223.64021965042252,-292.02993948528905,-5971.7157225726,0.2323443834002319
FMNR_red_6_cutoff_7.5.inp.out,1358.8936965523744,-0.2716,0.0615,20.0463,47.0,-1303.873651338,-246.044390026056,-295.18186576768466,-5744.6080378533,0.2250379205997887
FMNR_red_70_cutoff_7.5.inp.out,1370.9670670085504,-0.279,0.0735,20.3291,50.0,-1303.0272609896,-126.33732973831457,-214.92076924097873,-5971.8659495825,0.2302711983002154
FMNR_red_71_cutoff_7.5.inp.out,1371.5271728438345,-0.2804,0.0653,16.1194,46.0,-1304.4986135112,-407.8679176547471,-404.26971327225135,-5669.1815888659,0.2344429740996929
FMNR_red_72_cutoff_7.5.inp.out,1365.4138615568183,-0.2868,0.0692,19.6205,47.0,-1304.1013270742,-295.98160022463054,-402.1662379010677,-5744.9512954318,0.2369632779000312
FMNR_red_73_cutoff_7.5.inp.out,1360.2077622093054,-0.2773,0.0585,24.6815,50.0,-1303.391264796,-340.00525208697945,-411.7477372625543,-5972.2939925903,0.2313364340998305
FMNR_red_74_cutoff_7.5.inp.out,1372.2630780209142,-0.2853,0.0515,32.5666,47.0,-1303.9963021003,-144.602906697254,-234.32001487153943,-5744.8147285261,0.2397771641999497
FMNR_red_75_cutoff_7.5.inp.out,1372.897006808556,-0.2562,0.0795,32.4029,50.0,-1303.3164323511,-92.15643164248252,-295.72139591571676,-5972.1983432646,0.2118999408003219
FMNR_red_76_cutoff_7.5.inp.out,1366.2787637893214,-0.2769,0.0632,25.7496,50.0,-1303.4143514797,-470.9401972971664,-525.1309610900507,-5972.3413720089,0.2287081101003423
FMNR_red_77_cutoff_7.5.inp.out,1359.282150222795,-0.2785,0.0623,17.8172,50.0,-1303.0466904784,-198.21122883640092,-261.2034298444718,-5971.9480798311,0.2324718031995871
FMNR_red_78_cutoff_7.5.inp.out,1367.4984915716825,-0.2693,0.0723,23.4109,44.0,-1305.0197434118,-289.2306340620524,-292.2249406986399,-5517.7236365112,0.2203364421993683
FMNR_red_79_cutoff_7.5.inp.out,1362.209107216641,-0.2781,0.0705,23.6331,49.0,-1303.040778748,-343.8800647885403,-347.06772354578163,-5895.9231561771,0.2282754774005297
FMNR_red_7_cutoff_7.5.inp.out,1362.2056236768883,-0.2648,0.0656,14.7333,46.0,-1304.2073980183,-169.02239122791246,-124.2392080702477,-5668.9244690179,0.2192194305998782
FMNR_red_80_cutoff_7.5.inp.out,1361.6911886810008,-0.2572,0.0721,29.7405,49.0,-1303.7649171508,-341.5937049055381,-366.5350437279688,-5896.6166088289,0.2096500727002421
FMNR_red_81_cutoff_7.5.inp.out,1360.9028430115318,-0.2862,0.0471,32.2543,49.0,-1303.0652372252,-423.2796080513591,-596.5389329069392,-5895.8760338681,0.2353626356998575
FMNR_red_82_cutoff_7.5.inp.out,1355.7383241202133,-0.2644,0.069,27.7969,47.0,-1304.0457374682,-348.97051035599054,-415.27653466263865,-5744.8336294946,0.2165308518005986
FMNR_red_83_cutoff_7.5.inp.out,1360.7637723713176,-0.2759,0.0542,30.3884,47.0,-1304.0232841117,-380.3826253328638,-493.7080205722248,-5744.7965762089,0.232534250199933
FMNR_red_84_cutoff_7.5.inp.out,1368.085610100477,-0.2499,0.0913,32.4071,48.0,-1303.6153927915,-319.5042678777654,-618.0923438023314,-5820.3714898789,0.2029245643998365
FMNR_red_85_cutoff_7.5.inp.out,1367.572261960022,-0.2502,0.0775,31.9754,51.0,-1302.8999598119,-740.0165020985766,-870.3676886635526,-6047.7988772736,0.2056621805004397
FMNR_red_86_cutoff_7.5.inp.out,1358.0316785776545,-0.2445,0.0896,29.3506,50.0,-1303.4537693901,-442.6738270958999,-439.2052600417819,-5972.3327868159,0.1960324801002571
FMNR_red_87_cutoff_7.5.inp.out,1362.0859659538603,-0.2733,0.0652,32.3786,49.0,-1303.4793721274,-618.9946538498596,-580.1627874434589,-5896.3138415858,0.2257374485998298
FMNR_red_88_cutoff_7.5.inp.out,1358.781239016789,-0.2647,0.0741,24.9397,47.0,-1304.4644350887,-333.25644886074025,-419.564047898832,-5745.2126801175,0.216109415900064
FMNR_red_89_cutoff_7.5.inp.out,1358.9514878098007,-0.2612,0.076,16.2742,47.0,-1304.2506096259,-439.34680003418777,-328.346973789034,-5744.9743560568,0.2167989263998606
FMNR_red_8_cutoff_7.5.inp.out,1372.8387727825605,-0.2699,0.077,18.9388,47.0,-1303.8328758376,-322.7880983915029,-304.51400397055704,-5744.6125848419,0.2244541534000745
FMNR_red_90_cutoff_7.5.inp.out,1366.527127699137,-0.2664,0.0649,23.9217,45.0,-1304.6493452258,-343.97254006333117,-397.7219440841466,-5593.3487370627,0.2209065495999311
FMNR_red_91_cutoff_7.5.inp.out,1363.997002998858,-0.292,0.0576,18.9765,46.0,-1304.2225294754,-583.08483593614,-556.688555229977,-5669.0044300017,0.243682255099884
FMNR_red_92_cutoff_7.5.inp.out,1360.2548336706411,-0.2868,0.0504,6.2033,44.0,-1305.1953786698,-160.04710972317807,-217.70498143418425,-5517.8835237005,0.2377607030002764
FMNR_red_93_cutoff_7.5.inp.out,1361.9795440169264,-0.2743,0.0671,6.0599,45.0,-1304.7842137968,-33.3011130930824,-151.7772202947962,-5593.5388740699,0.2212388662001103
FMNR_red_94_cutoff_7.5.inp.out,1360.606154395143,-0.3024,0.049,17.6986,51.0,-1302.5424889195,-239.36104110503084,-179.0106039893628,-6047.4894499187,0.2502674528004718
FMNR_red_95_cutoff_7.5.inp.out,1367.251797769142,-0.2637,0.08,20.7997,54.0,-1301.5281259242,69.76036062559496,3.5453582242113737,-6274.5193853008,0.2159324876993196
FMNR_red_96_cutoff_7.5.inp.out,1371.7903537465938,-0.2772,0.078,16.6264,52.0,-1302.5955539868,-260.79601645489345,-328.2743094849621,-6123.5024976574,0.2290228159999969
FMNR_red_97_cutoff_7.5.inp.out,1372.8066365312584,-0.275,0.0607,7.5059,47.0,-1304.187742332,-167.44041789267885,-62.40011886045142,-5744.9821433961,0.2306389233999652
FMNR_red_98_cutoff_7.5.inp.out,1360.8051510677617,-0.2816,0.0734,18.2833,45.0,-1305.1734808086,32.174785664722535,100.3828937263349,-5593.8529987,0.2351643873998909
FMNR_red_99_cutoff_7.5.inp.out,1364.2782098344444,-0.29,0.0609,11.1309,52.0,-1302.0880142587,114.60821734237231,169.86786144415598,-6123.0825917254,0.2422497618008492
FMNR_red_9_cutoff_7.5.inp.out,1370.6484926644478,-0.2705,0.0704,24.6648,47.0,-1303.8064393748,-431.1356444029143,-418.0116192686811,-5744.4859405104,0.2281523398996796
