file_name,NRE,HOMO,LUMO,Dipole_mom,Num_waters,chg_chg,elec5,elec10,delE_hf,delE_dft
FMNR_red_0_cutoff_0.0.inp.out,1364.0986891682269,-0.2709,0.0645,25.2354,0.0,-1319.9659046094,43.42787244884985,98.21477788753884,-2187.1351714824,0.2395134500993663
FMNR_red_100_cutoff_0.0.inp.out,1365.7328524772977,-0.2715,0.0717,23.2426,0.0,-1320.206158431,87.41462647362616,128.65298532886837,-2187.3785909316,0.2356733172000531
FMNR_red_101_cutoff_0.0.inp.out,1366.144937535116,-0.285,0.0556,25.5225,0.0,-1320.346866859,-81.04656873173069,-58.83155923782787,-2187.5096468153,0.2453478603001713
FMNR_red_102_cutoff_0.0.inp.out,1359.1821559621226,-0.2784,0.064,25.5046,0.0,-1320.6295344242,2.313427739686579,-13.76492284170285,-2187.7756693951,0.2379027391998533
FMNR_red_103_cutoff_0.0.inp.out,1365.069811668264,-0.2692,0.068,25.1502,0.0,-1320.2542483376,-55.4989260928562,-103.9917003719555,-2187.4007314836,0.2327286563995585
FMNR_red_104_cutoff_0.0.inp.out,1354.774221160733,-0.2822,0.0647,24.2527,0.0,-1320.6550040793,-366.07295606954614,-375.17246540221566,-2187.8071832108,0.2430404686001566
FMNR_red_105_cutoff_0.0.inp.out,1360.4854507269183,-0.2827,0.0643,26.6382,0.0,-1320.297427024,-157.88333842866018,-202.77953703796268,-2187.4555327609,0.2430038298007275
FMNR_red_106_cutoff_0.0.inp.out,1364.2290430823246,-0.272,0.0547,25.8814,0.0,-1320.7600232357,-240.61698839642256,-245.830332115071,-2187.922101747,0.2322411013001328
FMNR_red_107_cutoff_0.0.inp.out,1370.5754163856682,-0.2631,0.0811,25.0935,0.0,-1319.7885765553,-218.39475827015215,-298.69550380505314,-2186.9356208336,0.2223001844004102
FMNR_red_108_cutoff_0.0.inp.out,1364.8714129528482,-0.2676,0.0602,25.0439,0.0,-1320.0666785271,-319.9746867276397,-293.8323582595784,-2187.2368277101,0.2247629845996925
FMNR_red_109_cutoff_0.0.inp.out,1367.864807607736,-0.2544,0.0702,25.3672,0.0,-1320.4392470103,-172.95821554111677,-244.94470713287572,-2187.5967579497,0.2102441893002833
FMNR_red_10_cutoff_0.0.inp.out,1362.240718706303,-0.2743,0.0693,23.9463,0.0,-1320.3192267258,-231.12143452507377,-176.35743944828724,-2187.3613043916,0.2357701313994766
FMNR_red_110_cutoff_0.0.inp.out,1364.328378733341,-0.2678,0.0694,25.5762,0.0,-1320.229087808,-296.353861757582,-316.3005531374201,-2187.4044750741,0.232897564799714
FMNR_red_111_cutoff_0.0.inp.out,1368.2757594244472,-0.2846,0.0616,24.8962,0.0,-1320.3296124657,-181.11071821673536,-34.643463020795785,-2187.5219229824,0.2458737664001091
FMNR_red_112_cutoff_0.0.inp.out,1359.8928211793796,-0.2746,0.068,23.3,0.0,-1320.1011768032,-87.36804965857334,-102.9541461130315,-2187.246583496,0.2334841268002492
FMNR_red_113_cutoff_0.0.inp.out,1357.8670568132354,-0.2602,0.0837,24.795,0.0,-1320.3072184461,-134.9266416493354,-117.24447791033464,-2187.4510127335,0.2234917573996426
FMNR_red_114_cutoff_0.0.inp.out,1364.0223803781548,-0.2705,0.0656,24.0594,0.0,-1320.3519457344,-252.132713384824,-230.61346509149325,-2187.5505245765,0.2405456181995759
FMNR_red_115_cutoff_0.0.inp.out,1371.0681468045584,-0.2714,0.0656,24.3207,0.0,-1320.3949645113,71.07667624683964,42.821089865325625,-2187.5461951606,0.238030194899693
FMNR_red_116_cutoff_0.0.inp.out,1361.1794806876362,-0.2608,0.0618,23.3146,0.0,-1320.3212118277,35.552052713920915,37.48363353679668,-2187.4963268112,0.2329529590997481
FMNR_red_117_cutoff_0.0.inp.out,1353.8376830124485,-0.2959,0.0547,24.6639,0.0,-1320.2008414016,-48.04271384237708,-124.0361256397983,-2187.3743665432,0.2575893551002082
FMNR_red_118_cutoff_0.0.inp.out,1365.3955799201071,-0.2652,0.065,23.0588,0.0,-1320.2044988493,-47.90840856437969,-189.37935884127225,-2187.3474512816,0.2273551984999358
FMNR_red_119_cutoff_0.0.inp.out,1355.909614240208,-0.2727,0.0666,25.3488,0.0,-1320.6004517293,-158.16948899734163,-176.31606530668458,-2187.7592230218,0.2402551230006793
FMNR_red_11_cutoff_0.0.inp.out,1362.254841318873,-0.2579,0.0799,23.7344,0.0,-1319.8630648543,-266.82408218217734,-320.08581352769545,-2186.864706505,0.2163882792992808
FMNR_red_120_cutoff_0.0.inp.out,1358.744383055191,-0.2581,0.0729,24.1172,0.0,-1320.1077047856,-128.690310684347,-199.1421711855257,-2187.2469907394,0.2251961170995855
FMNR_red_121_cutoff_0.0.inp.out,1360.6197722713816,-0.2768,0.068,26.8176,0.0,-1320.1276236289,-150.75463509835282,-216.19382229723573,-2187.2927682826,0.2367068572002608
FMNR_red_122_cutoff_0.0.inp.out,1361.8048733337496,-0.2969,0.0389,27.1092,0.0,-1320.1611121974,-236.9500579477234,-323.2335176521609,-2187.3549978023,0.256980229400142
FMNR_red_123_cutoff_0.0.inp.out,1362.2622372450453,-0.2631,0.08,27.3214,0.0,-1320.2558285322,-17.72328887667784,-223.5264188380935,-2187.3773815394,0.2274509611997928
FMNR_red_124_cutoff_0.0.inp.out,1365.1146214654282,-0.2624,0.0757,27.9206,0.0,-1320.2326482958,-386.41784513598145,-541.726864635039,-2187.3931584565,0.224040274500112
FMNR_red_125_cutoff_0.0.inp.out,1370.2856059694886,-0.2833,0.0619,26.1636,0.0,-1319.7705679466,-348.5798638217218,-385.6480610440762,-2186.941191677,0.2390356121004515
FMNR_red_126_cutoff_0.0.inp.out,1364.858862881426,-0.2939,0.0335,26.6851,0.0,-1319.8303184219,-290.14641143353003,-428.3314593914979,-2187.0162870072,0.251867402100288
FMNR_red_127_cutoff_0.0.inp.out,1362.2684596052466,-0.2703,0.057,26.6633,0.0,-1320.2064477107,-31.093157019589892,-170.43482517223208,-2187.3630894595,0.2348553892006748
FMNR_red_128_cutoff_0.0.inp.out,1360.1981472165812,-0.2644,0.0722,27.0317,0.0,-1320.134393238,-222.5016118092024,-296.7530748728036,-2187.253625876,0.2254270209004971
FMNR_red_129_cutoff_0.0.inp.out,1368.222582863478,-0.264,0.0563,27.3111,0.0,-1320.2952959166,-379.23930682073376,-366.8861555049064,-2187.4162125952,0.2277117288003864
FMNR_red_12_cutoff_0.0.inp.out,1362.511961857391,-0.2736,0.0654,23.5511,0.0,-1320.186863031,-110.054490151354,-107.02502629425996,-2187.2245899246,0.2364548104997084
FMNR_red_130_cutoff_0.0.inp.out,1358.5546319041327,-0.2652,0.0743,25.9417,0.0,-1319.8989401939,-243.37879144113097,-322.59787596022164,-2186.9897092001,0.228035928299505
FMNR_red_131_cutoff_0.0.inp.out,1363.7045625722265,-0.2933,0.0509,24.7696,0.0,-1320.5858212011,-278.1820676792027,-253.70715001239688,-2187.7196444008,0.2516326861004927
FMNR_red_132_cutoff_0.0.inp.out,1364.7584031307506,-0.2767,0.0583,26.3952,0.0,-1320.1840273144,-13.364154438377954,-45.90179671086591,-2187.3126834131,0.2376143930996477
FMNR_red_133_cutoff_0.0.inp.out,1362.1337981819308,-0.2483,0.0729,24.2554,0.0,-1320.4755683504,-45.010066422994136,-53.28452072533973,-2187.5581969058,0.2093550100998982
FMNR_red_134_cutoff_0.0.inp.out,1360.1682665518924,-0.2374,0.084,24.9789,0.0,-1320.1441540995,-305.90827865755205,-336.51727352701585,-2187.2525585349,0.2056525469006374
FMNR_red_135_cutoff_0.0.inp.out,1364.3736202307489,-0.2658,0.0663,22.964,0.0,-1320.1523372371,-289.9008517418331,-394.818265661756,-2187.2349309846,0.2201851153995448
FMNR_red_136_cutoff_0.0.inp.out,1367.1471558891328,-0.2623,0.0667,23.8977,0.0,-1320.431569747,-367.1679973881053,-533.1943552098487,-2187.5330278235,0.2271224633996098
FMNR_red_137_cutoff_0.0.inp.out,1363.9933528214435,-0.2729,0.0655,23.5252,0.0,-1319.7736566843,-230.9121608179451,-384.9617695118971,-2186.8908231165,0.2361888349996661
FMNR_red_138_cutoff_0.0.inp.out,1370.4256620577785,-0.2808,0.0594,24.6704,0.0,-1320.1689914876,-341.3586548444674,-476.6228312091497,-2187.3053056766,0.2414738156003295
FMNR_red_139_cutoff_0.0.inp.out,1367.3123629391594,-0.2343,0.0823,23.8194,0.0,-1320.0179725925,-248.5802221556756,-560.0162603394045,-2187.0889055023,0.2003919896005754
FMNR_red_13_cutoff_0.0.inp.out,1364.077118582621,-0.2655,0.0549,22.3878,0.0,-1319.9965044796,-132.7047677321037,-159.04449394652733,-2186.994558535,0.2238917578997643
FMNR_red_140_cutoff_0.0.inp.out,1362.256618223979,-0.273,0.0557,24.8114,0.0,-1320.1809337339,-528.4728629475965,-565.645884295354,-2187.2898113214,0.2340047582001716
FMNR_red_141_cutoff_0.0.inp.out,1372.7129772780827,-0.2711,0.0655,25.0182,0.0,-1319.7852483467,-197.1683007139491,-255.07763451869263,-2186.9205311869,0.2385840488996109
FMNR_red_142_cutoff_0.0.inp.out,1358.2169106350807,-0.2559,0.0784,24.4984,0.0,-1319.8319231686,-118.32884774724845,-233.85482582939977,-2186.9164048083,0.2103544221008633
FMNR_red_143_cutoff_0.0.inp.out,1360.666919709816,-0.2378,0.0686,22.0617,0.0,-1320.3677800268,-394.69179722875856,-455.435873826952,-2187.4381410577,0.2011074802994699
FMNR_red_144_cutoff_0.0.inp.out,1366.6801013883578,-0.2645,0.0682,25.302,0.0,-1320.1589944807,-384.8520060782176,-345.8138681815128,-2187.265107684,0.224625608900169
FMNR_red_145_cutoff_0.0.inp.out,1356.5736037301858,-0.2665,0.0622,23.9269,0.0,-1319.7821273239,-236.1040457550873,-220.40020678706705,-2186.8965810515,0.2259423713003343
FMNR_red_146_cutoff_0.0.inp.out,1363.2291779896202,-0.2592,0.0783,23.6705,0.0,-1320.0093177641,-67.17163310964226,-277.347810982054,-2187.1212568404,0.2218168842000523
FMNR_red_147_cutoff_0.0.inp.out,1369.2921321878348,-0.245,0.0741,24.4637,0.0,-1320.050500606,-263.2400244801065,-343.11113812690166,-2187.1831288704,0.2076516041006471
FMNR_red_148_cutoff_0.0.inp.out,1369.1959418397544,-0.2841,0.0576,24.0095,0.0,-1319.7217563458,-370.8301593873184,-436.4049902775127,-2186.886790988,0.2445491711005161
FMNR_red_149_cutoff_0.0.inp.out,1364.024723883917,-0.2738,0.0619,25.3277,0.0,-1319.9845252332,-205.3278185075677,-343.8001446036069,-2187.1596830919,0.2420903263000582
FMNR_red_14_cutoff_0.0.inp.out,1351.557385547573,-0.2615,0.0686,23.2153,0.0,-1320.4482595296,-139.8655407184167,-82.62030566332568,-2187.4231725739,0.2234299517995168
FMNR_red_150_cutoff_0.0.inp.out,1362.125282823337,-0.273,0.0677,23.1863,0.0,-1320.0677492513,80.04227055494374,115.71025406847666,-2187.234874291,0.2363799049999215
FMNR_red_151_cutoff_0.0.inp.out,1361.2841993141055,-0.2924,0.0547,24.2313,0.0,-1319.8417838382,-76.55896329712105,-97.06654020013292,-2186.9807891781,0.2505685734995495
FMNR_red_152_cutoff_0.0.inp.out,1358.2845775681085,-0.2823,0.0666,25.7463,0.0,-1319.9717812819,13.001163410992705,-61.98731808185061,-2187.1009510378,0.2424326117998134
FMNR_red_153_cutoff_0.0.inp.out,1362.508348402156,-0.2734,0.0711,25.3558,0.0,-1320.4946930528,-131.7218782524045,-133.5648775208851,-2187.6390119833,0.232704690400169
FMNR_red_154_cutoff_0.0.inp.out,1365.684576463845,-0.2511,0.0772,24.5783,0.0,-1320.3410478351,-283.8764780035906,-269.94223065511414,-2187.4334002242,0.2123724684997796
FMNR_red_155_cutoff_0.0.inp.out,1370.2617199904716,-0.2861,0.072,26.6135,0.0,-1320.0272715082,-319.99060239689317,-380.7918546353284,-2187.1914512734,0.240900856600092
FMNR_red_156_cutoff_0.0.inp.out,1357.806373172367,-0.2766,0.0678,26.1342,0.0,-1320.3908140206,-246.91764561372617,-315.28160862435846,-2187.4888798311,0.2355003256998316
FMNR_red_157_cutoff_0.0.inp.out,1365.8583561434891,-0.2715,0.0727,25.9853,0.0,-1320.525126819,-322.3945316006933,-346.0373582202866,-2187.6801845971,0.2329593550002755
FMNR_red_158_cutoff_0.0.inp.out,1363.5757148311914,-0.2745,0.0634,24.855,0.0,-1320.2060114062,-179.60319262760433,-251.70278906861992,-2187.3660213591,0.2401881467994826
FMNR_red_159_cutoff_0.0.inp.out,1365.3743997251618,-0.2538,0.079,24.5859,0.0,-1320.3286560216,-125.08669975495872,-159.16865807411608,-2187.4577503138,0.2172477416006586
FMNR_red_15_cutoff_0.0.inp.out,1365.885733550012,-0.2691,0.0694,25.5435,0.0,-1320.2282941619,-113.1841452796767,-29.297018965636116,-2187.1921192473,0.2313938717998098
FMNR_red_160_cutoff_0.0.inp.out,1364.987335526585,-0.2686,0.0486,25.0354,0.0,-1320.0500209538,-325.39733962636706,-407.4972765012923,-2187.1869461517,0.2328180296999562
FMNR_red_161_cutoff_0.0.inp.out,1367.0644732181715,-0.2788,0.0609,25.929,0.0,-1320.7494989014,-140.29971612553857,-145.23274113431168,-2187.8990716794,0.2440202239995414
FMNR_red_162_cutoff_0.0.inp.out,1363.0890015348236,-0.2875,0.0399,24.0234,0.0,-1320.0293147189,-189.23566284559573,-229.97270323457263,-2187.1948648145,0.2493346554001618
FMNR_red_163_cutoff_0.0.inp.out,1367.958806034707,-0.2842,0.0526,26.442,0.0,-1320.4922270165,93.61523013877616,15.767832638860131,-2187.6476680401,0.2432506965997163
FMNR_red_164_cutoff_0.0.inp.out,1368.499187545291,-0.2692,0.0628,27.2689,0.0,-1320.1442009588,-243.8789243999424,-386.6480290162681,-2187.3055132146,0.2337133966002511
FMNR_red_165_cutoff_0.0.inp.out,1377.510084617239,-0.277,0.0539,25.5399,0.0,-1319.9307923875,-141.67988299665677,-172.32943143182814,-2187.0833746644,0.2351338060998387
FMNR_red_166_cutoff_0.0.inp.out,1355.3746300285443,-0.2762,0.06,25.0228,0.0,-1320.4129283801,-373.3418329163061,-540.465397267072,-2187.5368172711,0.2329567237002265
FMNR_red_167_cutoff_0.0.inp.out,1357.6173080331375,-0.273,0.0719,25.3612,0.0,-1320.2130828461,-253.8169722636613,-233.84060024974391,-2187.3132147653,0.2350120800992954
FMNR_red_168_cutoff_0.0.inp.out,1361.731407025162,-0.266,0.0803,26.3702,0.0,-1319.9233891647,-349.6911800229778,-334.0046081010289,-2187.0472263684,0.2320623282002998
FMNR_red_169_cutoff_0.0.inp.out,1353.8554735009538,-0.2717,0.0641,26.8799,0.0,-1319.9590098782,-360.9784685019843,-275.94371316277267,-2187.0978606278,0.2326787460006016
FMNR_red_16_cutoff_0.0.inp.out,1357.8132843950038,-0.3012,0.0554,24.6332,0.0,-1320.3462783422,20.428345590949473,-62.08853270071653,-2187.3520213424,0.2539878875995782
FMNR_red_170_cutoff_0.0.inp.out,1354.0337318192744,-0.2855,0.0652,26.7268,0.0,-1320.0792729966,-189.9473864357087,-221.20963287680587,-2187.2319567879,0.2412145936996239
FMNR_red_171_cutoff_0.0.inp.out,1362.8886802288005,-0.2566,0.0765,25.2091,0.0,-1319.9787557035,-137.18583708233007,-124.00722458333804,-2187.1147073138,0.2152352305001841
FMNR_red_172_cutoff_0.0.inp.out,1361.7103467203826,-0.2765,0.0572,25.834,0.0,-1319.9764987748,-202.99547900444736,-253.00020257589136,-2187.1353294985,0.2395324392000475
FMNR_red_173_cutoff_0.0.inp.out,1358.8885490940515,-0.2545,0.0815,24.9908,0.0,-1320.1365505583,-67.46383487171825,-119.41484919799464,-2187.200520522,0.216445203499461
FMNR_red_174_cutoff_0.0.inp.out,1369.7532562774352,-0.2811,0.062,24.5866,0.0,-1319.9781538977,-309.4895249572899,-424.7653658731054,-2186.9980407953,0.2417927294000037
FMNR_red_175_cutoff_0.0.inp.out,1355.2927781681751,-0.2377,0.0926,23.4252,0.0,-1320.0344011089,-255.33480749707323,-337.35246113006036,-2187.0182142632,0.1973880425002789
FMNR_red_176_cutoff_0.0.inp.out,1351.738582109839,-0.2678,0.0539,21.2092,0.0,-1320.1707458666,-566.2947361967825,-549.4715566617311,-2187.1316197602,0.2223829501999716
FMNR_red_177_cutoff_0.0.inp.out,1355.7158234618475,-0.295,0.0606,25.3433,0.0,-1319.7996964976,-117.42539473871852,-273.68898663553836,-2186.7276210649,0.2486465969996061
FMNR_red_178_cutoff_0.0.inp.out,1353.1299515051426,-0.269,0.0713,24.7803,0.0,-1320.1055423288,-298.5274172993452,-390.32519656481423,-2187.0358764127,0.221454791000724
FMNR_red_179_cutoff_0.0.inp.out,1346.8740905864906,-0.2884,0.0507,25.8615,0.0,-1319.8847976216,-430.3887034220122,-406.1139299451842,-2186.7360748032,0.2386698051996063
FMNR_red_17_cutoff_0.0.inp.out,1362.6032012694193,-0.2574,0.0734,23.9282,0.0,-1320.1735286899,-116.4586974889005,-111.96710036580816,-2187.2214631624,0.2217651636001392
FMNR_red_180_cutoff_0.0.inp.out,1360.26098478709,-0.2565,0.0727,23.511,0.0,-1319.7368410062,-171.77586954224878,-332.0825249995189,-2186.5909455722,0.2239306069996018
FMNR_red_181_cutoff_0.0.inp.out,1347.7853498401753,-0.2328,0.0823,22.5278,0.0,-1319.711873333,-417.15430594071427,-426.5221682529003,-2186.4926199815,0.2011182388005181
FMNR_red_182_cutoff_0.0.inp.out,1360.1826346963353,-0.2712,0.0719,24.0484,0.0,-1319.4141300583,-420.6531671221032,-486.4802814685125,-2186.3497920124,0.2224996745999305
FMNR_red_183_cutoff_0.0.inp.out,1344.450040457421,-0.286,0.0631,25.0477,0.0,-1319.9275255565,-216.7230067026273,-318.0617273653893,-2186.8040842422,0.2343812653007262
FMNR_red_184_cutoff_0.0.inp.out,1359.1692190418376,-0.2516,0.0688,20.841,0.0,-1319.9630924162,-241.266804484305,-336.8288042468713,-2186.8556168145,0.2086778448001496
FMNR_red_185_cutoff_0.0.inp.out,1348.49096029271,-0.2703,0.0607,23.8701,0.0,-1319.5795910167,-187.5571645037276,-135.1593386702296,-2186.4201003961,0.2338019649996567
FMNR_red_186_cutoff_0.0.inp.out,1365.2333511272743,-0.2509,0.079,23.6813,0.0,-1319.7586907884,-322.91570580813413,-310.6781275020176,-2186.5250977841,0.2234887535996677
FMNR_red_187_cutoff_0.0.inp.out,1345.4966159133369,-0.2805,0.058,25.1512,0.0,-1319.6479266053,-265.76648613723574,-176.64264819129608,-2186.4945527255,0.2346238387999619
FMNR_red_188_cutoff_0.0.inp.out,1353.758166016432,-0.2547,0.0707,26.0829,0.0,-1319.6439519657,152.71024807438891,61.47490663510964,-2186.4540613094,0.2122452161002002
FMNR_red_189_cutoff_0.0.inp.out,1338.588137059677,-0.2673,0.0469,23.9636,0.0,-1319.9355135408,31.192715337851016,-124.6315182800207,-2186.7326162559,0.2149740119002672
FMNR_red_18_cutoff_0.0.inp.out,1361.8515126065276,-0.2856,0.0561,23.3043,0.0,-1320.1672590749,67.86672515713619,79.53826421948393,-2187.1015313613,0.2408116605001851
FMNR_red_190_cutoff_0.0.inp.out,1356.4610885591017,-0.261,0.0676,22.5197,0.0,-1320.1078108269,107.63816288235108,224.21983573262136,-2187.0179867706,0.215489195000373
FMNR_red_191_cutoff_0.0.inp.out,1335.7686720652998,-0.3003,0.0408,27.903,0.0,-1319.9865848032,-29.324305099986866,53.76916051895576,-2186.8577705043,0.2604025322998495
FMNR_red_192_cutoff_0.0.inp.out,1345.269564271321,-0.253,0.0762,25.4469,0.0,-1320.0112253479,242.87201685905765,117.09876653128904,-2186.82637189,0.210102574499615
FMNR_red_193_cutoff_0.0.inp.out,1345.3167494400473,-0.2489,0.0635,23.1391,0.0,-1320.2139254764,-46.03616303050241,23.49511742171277,-2187.0948481039,0.2145042407000801
FMNR_red_194_cutoff_0.0.inp.out,1353.2201589399974,-0.2695,0.0667,25.3742,0.0,-1320.1279590342,62.59523128282439,99.48382850962828,-2186.9347926561,0.2250031680005122
FMNR_red_195_cutoff_0.0.inp.out,1355.0614825533337,-0.2969,0.0678,27.4372,0.0,-1320.0775298984,117.13440100656214,184.8960290405472,-2186.8354363392,0.2475296959000843
FMNR_red_196_cutoff_0.0.inp.out,1357.9528321412336,-0.2962,0.0593,22.8827,0.0,-1320.3118211945,8.008626404854901,-106.6045096907094,-2187.1613652848,0.2481674755008498
FMNR_red_197_cutoff_0.0.inp.out,1359.857302902262,-0.2956,0.0519,23.8851,0.0,-1319.959867147,270.59695250687673,265.57215464638244,-2186.7742395806,0.25745663699945
FMNR_red_198_cutoff_0.0.inp.out,1377.0488230872777,-0.2767,0.0374,25.1304,0.0,-1320.0895693813,285.31211780161163,149.7665270548676,-2186.9589386109,0.2436648380999031
FMNR_red_199_cutoff_0.0.inp.out,1364.04561149997,-0.2735,0.0625,25.3399,0.0,-1319.9577297919,361.56129220836306,181.1902567761623,-2187.131997819,0.24176428139981
FMNR_red_19_cutoff_0.0.inp.out,1340.7447820855864,-0.2609,0.0746,21.7312,0.0,-1320.0451981433,-23.129719094953774,73.33659046199561,-2186.9058584039,0.230329071900087
FMNR_red_1_cutoff_0.0.inp.out,1365.4660927225443,-0.2764,0.0652,23.7066,0.0,-1320.1444284856,-35.23089527283256,-75.7570816973161,-2187.3306043049,0.2393503661996874
FMNR_red_200_cutoff_0.0.inp.out,1366.722800156784,-0.2637,0.0787,23.6347,0.0,-1320.1993554155,71.44321643294839,127.0580215384669,-2187.3680862866,0.2295692186999076
FMNR_red_201_cutoff_0.0.inp.out,1363.766764930057,-0.2736,0.0624,25.1936,0.0,-1320.0938780758,-150.23117384819406,-122.57975597483212,-2187.2231224274,0.2356027894002181
FMNR_red_202_cutoff_0.0.inp.out,1363.1518132876568,-0.272,0.0633,23.8012,0.0,-1320.3170832947,-132.45053393721085,-67.42121092401881,-2187.4271990055,0.2346302879996074
FMNR_red_203_cutoff_0.0.inp.out,1353.7749104314305,-0.2782,0.0603,27.0502,0.0,-1320.2453590022,-108.4627446370772,-144.19126986811307,-2187.3841569318,0.2430338006997772
FMNR_red_204_cutoff_0.0.inp.out,1359.368034748126,-0.2799,0.0509,26.3425,0.0,-1320.6737302317,-220.30383967640375,-184.19766623138165,-2187.8186974245,0.243290522499592
FMNR_red_205_cutoff_0.0.inp.out,1364.4552725693875,-0.2696,0.0779,26.02,0.0,-1320.0187544242,-44.97890612144088,-73.23068223313732,-2187.1447295145,0.2441448121999201
FMNR_red_206_cutoff_0.0.inp.out,1354.2001149259063,-0.2695,0.0639,23.6274,0.0,-1319.9378760154,-95.3980708531768,-5.817844982660024,-2187.0266384146,0.2332409842001652
FMNR_red_207_cutoff_0.0.inp.out,1363.5326519150851,-0.2787,0.0497,26.639,0.0,-1320.2059287624,131.6774180240535,99.27941275304666,-2187.3642835815,0.2421509395999237
FMNR_red_208_cutoff_0.0.inp.out,1359.957839380451,-0.2739,0.0733,24.7671,0.0,-1320.3277204942,162.46865934644262,162.68392176582856,-2187.4370924846,0.2396034795001469
FMNR_red_209_cutoff_0.0.inp.out,1357.807230734408,-0.2596,0.0633,23.824,0.0,-1320.3109357553,-102.58347328166668,-128.4606137604707,-2187.4141304706,0.2281697348998932
FMNR_red_20_cutoff_0.0.inp.out,1347.0305827885022,-0.2797,0.0551,22.7377,0.0,-1320.2225721753,-52.539183027083446,-105.88997005480482,-2187.1138589873,0.2368551665003906
FMNR_red_210_cutoff_0.0.inp.out,1357.6483789960191,-0.2586,0.0747,25.0239,0.0,-1320.1068187114,-55.3069408969974,69.2485216634899,-2187.2118061228,0.2219846518000849
FMNR_red_211_cutoff_0.0.inp.out,1358.6975075929704,-0.2587,0.0608,25.7031,0.0,-1320.0920384532,-178.90606723770284,-60.78654516673888,-2187.2745788632,0.2250241484998696
FMNR_red_212_cutoff_0.0.inp.out,1354.5201184594264,-0.2842,0.0541,27.7024,0.0,-1320.1600805476,-17.857700095996794,-37.757444032817446,-2187.3114002088,0.2440798543002529
FMNR_red_213_cutoff_0.0.inp.out,1355.7943476587654,-0.2604,0.0636,26.4818,0.0,-1320.2567857351,191.13824167212096,249.20291952593007,-2187.3937239789,0.2254369364000013
FMNR_red_214_cutoff_0.0.inp.out,1353.1791457698648,-0.2785,0.0579,26.0732,0.0,-1320.2195383988,21.90515865221741,69.59699632952419,-2187.4114435306,0.242477179400339
FMNR_red_215_cutoff_0.0.inp.out,1365.5097427940464,-0.2556,0.066,23.268,0.0,-1320.1933204532,24.203012388560104,-4.923956746053277,-2187.3499636682,0.2250155028004883
FMNR_red_216_cutoff_0.0.inp.out,1375.4096115159723,-0.2539,0.0775,25.1059,0.0,-1320.1660903235,-1.6630339477716731,60.799567622287526,-2187.3159920888,0.2160649417000968
FMNR_red_217_cutoff_0.0.inp.out,1363.820710889255,-0.2873,0.0502,27.8638,0.0,-1320.3359659522,-143.38111800328986,-9.321917578592297,-2187.5510278001,0.2485220906992253
FMNR_red_218_cutoff_0.0.inp.out,1368.961092366873,-0.2801,0.0638,25.8743,0.0,-1320.357733818,203.47394733960255,259.36952756610685,-2187.5365110743,0.2448466153000481
FMNR_red_219_cutoff_0.0.inp.out,1365.1087138050757,-0.2775,0.0736,26.889,0.0,-1320.6691422522,104.56110626146032,50.730635689269285,-2187.8237146072,0.23940258409948
FMNR_red_21_cutoff_0.0.inp.out,1353.2853891695763,-0.2479,0.0883,20.6986,0.0,-1320.4684263924,-221.94669082188133,-94.3605934725981,-2187.2956259559,0.2042976740003723
FMNR_red_220_cutoff_0.0.inp.out,1368.1918829892768,-0.2977,0.0445,25.6199,0.0,-1320.3645832968,-65.09501305290837,101.30137431004134,-2187.5623707586,0.2603004160000637
FMNR_red_221_cutoff_0.0.inp.out,1366.501369909592,-0.2456,0.0863,24.033,0.0,-1320.0954159977,77.20201833774087,7.295402267857424,-2187.2297453401,0.2128664150995973
FMNR_red_222_cutoff_0.0.inp.out,1378.4196635548176,-0.2477,0.078,23.0429,0.0,-1320.5133546288,-151.63001219626628,-66.88910648033857,-2187.6597820127,0.2130959576998066
FMNR_red_223_cutoff_0.0.inp.out,1369.279185721146,-0.2629,0.0755,24.7238,0.0,-1320.5807923303,-41.65300269689682,34.29059014253874,-2187.7204858203,0.2279286644006788
FMNR_red_224_cutoff_0.0.inp.out,1368.2630693552724,-0.2568,0.0775,23.5892,0.0,-1320.2085633921,-132.5148645483943,-94.43440270614596,-2187.3195838923,0.2205574408999382
FMNR_red_225_cutoff_0.0.inp.out,1365.349841483731,-0.2629,0.0755,23.536,0.0,-1320.6419127252,-286.26069104163844,-284.26360342446554,-2187.7585307818,0.2253412132004086
FMNR_red_226_cutoff_0.0.inp.out,1362.5050853118712,-0.2581,0.0779,24.334,0.0,-1320.6430712103,-76.17180514331746,-71.82925557644775,-2187.7735271307,0.2223651529002381
FMNR_red_227_cutoff_0.0.inp.out,1359.7963117509012,-0.2538,0.086,24.0382,0.0,-1320.7607130901,-143.9237221846787,-115.78920310740776,-2187.8720205416,0.2219435633996909
FMNR_red_228_cutoff_0.0.inp.out,1366.8559209987588,-0.2624,0.0729,25.0945,0.0,-1320.3210045163,-249.93236768281147,-154.88703592556925,-2187.4519667597,0.2260937482005829
FMNR_red_229_cutoff_0.0.inp.out,1370.790999616581,-0.2609,0.0708,24.3504,0.0,-1320.5341043797,-208.12175223965053,-228.17484852903775,-2187.6132971008,0.2232275839996873
FMNR_red_22_cutoff_0.0.inp.out,1355.030778377754,-0.2552,0.0718,19.813,0.0,-1320.3908288876,21.88298946736111,96.55783040015464,-2187.2166730546,0.2191955382995729
FMNR_red_230_cutoff_0.0.inp.out,1363.0836541676938,-0.2673,0.0575,26.803,0.0,-1319.9668572656,-100.09657272833874,-11.914170453793332,-2187.0262588997,0.2271892083999773
FMNR_red_231_cutoff_0.0.inp.out,1360.7311256300395,-0.2396,0.0758,23.7746,0.0,-1320.4122892997,-81.79409449979282,19.805856298631227,-2187.4882418222,0.2035275242997158
FMNR_red_232_cutoff_0.0.inp.out,1365.260517101412,-0.2655,0.0754,24.7265,0.0,-1320.5334709269,-126.47785511644004,-116.43954506674122,-2187.6282821098,0.2275818496000283
FMNR_red_233_cutoff_0.0.inp.out,1363.716860945676,-0.2678,0.0689,25.983,0.0,-1320.1950546036,-179.6939516431987,-186.2981290625031,-2187.3433113402,0.2320593314998404
FMNR_red_234_cutoff_0.0.inp.out,1359.846936640241,-0.2827,0.0548,24.0567,0.0,-1319.8554369594,-235.74054835181536,-179.01345071443762,-2186.937540116,0.2479181547996631
FMNR_red_235_cutoff_0.0.inp.out,1357.8902552519933,-0.2727,0.0594,23.6602,0.0,-1319.9255886254,5.9248089790538625,-37.43792220153029,-2186.9835452638,0.2370692632994178
FMNR_red_236_cutoff_0.0.inp.out,1360.9364051382524,-0.2529,0.0779,21.8382,0.0,-1320.0139107275,-157.1970738727943,-262.24509150740886,-2187.0880542889,0.2245162635999804
FMNR_red_237_cutoff_0.0.inp.out,1361.0211669645864,-0.2778,0.0583,23.4118,0.0,-1319.673851121,-342.6781117925527,-328.3714436508323,-2186.7403449116,0.2367183682999893
FMNR_red_238_cutoff_0.0.inp.out,1369.0028001737628,-0.268,0.0597,24.4887,0.0,-1319.8999274192,-189.5841812745873,-224.2151530441012,-2187.0275531409,0.2343172129994855
FMNR_red_239_cutoff_0.0.inp.out,1364.0958661289253,-0.2739,0.062,25.3133,0.0,-1319.9815673709,-115.60236478354147,-130.58056610213103,-2187.1562026076,0.2418973963003736
FMNR_red_23_cutoff_0.0.inp.out,1353.2186671462994,-0.2654,0.0724,24.6749,0.0,-1320.0766685169,-124.35918606992036,-2.8700411080036567,-2186.9989052332,0.2277262917996267
FMNR_red_240_cutoff_0.0.inp.out,1367.1406514692717,-0.2669,0.0725,23.5948,0.0,-1320.1452022941,-7.514102780226344,-111.16452330440116,-2187.328776654,0.2305773614007193
FMNR_red_241_cutoff_0.0.inp.out,1368.7213017064096,-0.2813,0.0696,25.6815,0.0,-1320.1608849964,70.17570398328077,97.87919309462389,-2187.3254544193,0.2466684917999373
FMNR_red_242_cutoff_0.0.inp.out,1368.4180203821936,-0.2722,0.0608,23.9493,0.0,-1320.104517052,-48.99843581194411,-143.5284881008027,-2187.2574878255,0.2359037044998331
FMNR_red_243_cutoff_0.0.inp.out,1358.5639100997075,-0.2735,0.0701,25.5818,0.0,-1319.9542566233,-25.417250335581887,13.40272476095382,-2187.0991430726,0.2364651933003188
FMNR_red_244_cutoff_0.0.inp.out,1364.8605664488164,-0.2602,0.0731,25.0018,0.0,-1320.475704053,79.38722493960576,95.93062815703357,-2187.6045757935,0.2226380003003214
FMNR_red_245_cutoff_0.0.inp.out,1359.7865383949484,-0.2779,0.0614,23.5443,0.0,-1320.2979522514,-73.86021233910128,-65.62510624846634,-2187.439491136,0.2406949507003446
FMNR_red_246_cutoff_0.0.inp.out,1364.5296958416634,-0.2785,0.0445,24.4709,0.0,-1320.06241278,-68.59129912110879,-40.56130155681497,-2187.201639516,0.2381558613997185
FMNR_red_247_cutoff_0.0.inp.out,1365.486093987006,-0.2754,0.054,23.9549,0.0,-1320.0135686257,-7.965080769358308,-66.41397956135316,-2187.1329661203,0.2451667575996907
FMNR_red_248_cutoff_0.0.inp.out,1361.9581549330526,-0.2606,0.0581,23.8347,0.0,-1319.817895838,-35.203412756756535,-26.05925254987875,-2186.9506452607,0.2302241985998989
FMNR_red_249_cutoff_0.0.inp.out,1356.973200794305,-0.278,0.0609,24.3835,0.0,-1319.9355765285,-266.93469825855925,-301.3356980540478,-2187.0667621891,0.2405249044004449
FMNR_red_24_cutoff_0.0.inp.out,1353.6627166347766,-0.2772,0.0579,24.3701,0.0,-1319.8571711183,35.450730761493894,81.31031600146133,-2186.8311929631,0.2429867828004717
FMNR_red_250_cutoff_0.0.inp.out,1356.9119815518918,-0.269,0.0568,25.0022,0.0,-1319.7067129463,-50.674294179787495,-78.3163560971157,-2186.8637901385,0.2386565659999178
FMNR_red_251_cutoff_0.0.inp.out,1358.6666544504865,-0.294,0.055,26.847,0.0,-1320.0615551706,-35.96407126975535,-54.36652246010961,-2187.2223138936,0.2530189857998266
FMNR_red_252_cutoff_0.0.inp.out,1372.9301952226426,-0.263,0.0706,23.5552,0.0,-1320.0215810666,88.13110857409528,242.72750714764385,-2187.1654791807,0.2258350279998922
FMNR_red_253_cutoff_0.0.inp.out,1369.075351916213,-0.2681,0.0732,24.7618,0.0,-1319.8759937326,27.60559047617706,49.93834647276184,-2186.9929133244,0.2317227600997284
FMNR_red_254_cutoff_0.0.inp.out,1375.0187484926648,-0.2529,0.0655,24.2508,0.0,-1319.4048330063,-5.0485781381512895,-8.304008088440277,-2186.5473817479,0.2192538365006839
FMNR_red_255_cutoff_0.0.inp.out,1362.94630032519,-0.2697,0.0683,23.3725,0.0,-1320.232137914,79.64201412334995,77.09782922742014,-2187.3779290479,0.2350833268992573
FMNR_red_256_cutoff_0.0.inp.out,1358.4397055096515,-0.2557,0.0766,23.8684,0.0,-1319.8402585918,20.09497537768524,-72.57592860487615,-2186.9500294421,0.2180424593007046
FMNR_red_257_cutoff_0.0.inp.out,1366.6266238158578,-0.2719,0.0732,24.6158,0.0,-1319.9597154998,-111.48749552793512,-62.97620671122949,-2187.0971843529,0.2379289860000426
FMNR_red_258_cutoff_0.0.inp.out,1364.835716668333,-0.2448,0.0804,24.8175,0.0,-1319.6858962769,-220.5482900867834,-285.0276603105761,-2186.804520092,0.2104594942002222
FMNR_red_259_cutoff_0.0.inp.out,1366.0757042327316,-0.2693,0.0622,24.6942,0.0,-1319.7224635474,-167.83449650416446,-142.3215308591951,-2186.8590964172,0.2336028406007244
FMNR_red_25_cutoff_0.0.inp.out,1351.4738555445283,-0.2892,0.0678,25.4344,0.0,-1319.8897852448,-67.61695547432525,54.991232432750095,-2186.8359295509,0.2423470855992491
FMNR_red_260_cutoff_0.0.inp.out,1359.4392984255835,-0.2691,0.072,24.4927,0.0,-1320.0475860221,-115.5635251285418,-174.33147307229575,-2187.1645532248,0.2305945076996067
FMNR_red_261_cutoff_0.0.inp.out,1359.506215452,-0.2581,0.0478,24.9785,0.0,-1319.888033784,-287.66456029792215,-267.54499400284357,-2186.9759016087,0.2215424040996367
FMNR_red_262_cutoff_0.0.inp.out,1358.0116708812725,-0.285,0.0464,21.913,0.0,-1319.6000479415,-328.00229554508564,-274.7357092851709,-2186.7326728207,0.2466485873001147
FMNR_red_263_cutoff_0.0.inp.out,1364.7341637174345,-0.2382,0.0762,22.368,0.0,-1320.040792972,-422.4575001510115,-331.36490510841327,-2187.1395284556,0.2067455456999596
FMNR_red_264_cutoff_0.0.inp.out,1370.8258160321304,-0.262,0.0707,24.2677,0.0,-1320.1978971776,-107.70289434260218,-159.05929066386068,-2187.3144242578,0.2252555190998464
FMNR_red_265_cutoff_0.0.inp.out,1359.6893624609995,-0.2692,0.0616,23.9477,0.0,-1320.0133908439,-273.05581145463805,-186.98134935720657,-2187.1303257576,0.2325354408003477
FMNR_red_266_cutoff_0.0.inp.out,1359.1079835179369,-0.2523,0.0793,24.1652,0.0,-1319.8818572293,-2.396279534617235,-1.0731197746391437,-2186.9865006066,0.2117736444006368
FMNR_red_267_cutoff_0.0.inp.out,1360.3893539207054,-0.2499,0.0786,23.5442,0.0,-1319.8541636784,33.643234822737675,-27.527628929287456,-2186.948665278,0.2104377645000568
FMNR_red_268_cutoff_0.0.inp.out,1361.253033202025,-0.2488,0.0661,21.85,0.0,-1319.9375360568,-56.264850819201506,8.815695863663429,-2187.032463951,0.2105054075000225
FMNR_red_269_cutoff_0.0.inp.out,1361.83972847434,-0.2533,0.0701,25.5254,0.0,-1319.9284528226,-22.955432170831337,-107.54025529063328,-2187.0656995917,0.217791299000055
FMNR_red_26_cutoff_0.0.inp.out,1361.751341692716,-0.2948,0.0612,23.0137,0.0,-1319.8109095894,-48.300580356585165,-36.70205296259562,-2186.7228922143,0.2445060818008642
FMNR_red_270_cutoff_0.0.inp.out,1365.3018014252982,-0.2538,0.0771,25.9956,0.0,-1319.7041794267,-82.61640237428931,-65.36847208718356,-2186.8459062232,0.2126541724001072
FMNR_red_271_cutoff_0.0.inp.out,1367.4382749975948,-0.2617,0.062,23.017,0.0,-1319.4560686627,-357.08735975741763,-278.5738182004976,-2186.6075565471,0.2250429191999501
FMNR_red_272_cutoff_0.0.inp.out,1374.600742976891,-0.2888,0.0581,24.5263,0.0,-1319.7974338051,-401.9685289555241,-396.36124601197497,-2186.9559577362,0.2411710383003082
FMNR_red_273_cutoff_0.0.inp.out,1363.7510613565853,-0.2582,0.0708,23.8865,0.0,-1319.7553170739,-206.17415813242133,-262.26683615981227,-2186.8867101366,0.2220515101007549
FMNR_red_274_cutoff_0.0.inp.out,1364.724954243232,-0.2724,0.0702,24.3303,0.0,-1319.8338294964,-116.02537614539555,-80.26685185254905,-2186.968462043,0.229006396600198
FMNR_red_275_cutoff_0.0.inp.out,1368.924603786882,-0.2571,0.0796,23.6554,0.0,-1319.5672763544,-128.2505277853391,-37.11242078916264,-2186.7105158373,0.220633281100163
FMNR_red_276_cutoff_0.0.inp.out,1361.382671561875,-0.2965,0.0505,24.3857,0.0,-1319.496933748,55.53775407193021,150.88314943136123,-2186.6557049461,0.2564682251995691
FMNR_red_277_cutoff_0.0.inp.out,1370.4423182298538,-0.2734,0.0727,24.8291,0.0,-1319.6061484334,85.86577797353716,232.5073950434402,-2186.7551789282,0.2358749852000983
FMNR_red_278_cutoff_0.0.inp.out,1363.3820732673485,-0.2897,0.049,23.6848,0.0,-1319.7187940141,-75.65730354093809,11.78925386908702,-2186.8854397493,0.2483029301993156
FMNR_red_279_cutoff_0.0.inp.out,1360.2669237330747,-0.2879,0.0451,24.1797,0.0,-1319.5932918307,-156.22712626297354,23.08511678942287,-2186.7689434404,0.2524109366995617
FMNR_red_27_cutoff_0.0.inp.out,1353.5887068949692,-0.2776,0.0835,22.2315,0.0,-1319.9404289216,-404.73444994404593,-306.5546491373968,-2186.846407705,0.2356851956001264
FMNR_red_280_cutoff_0.0.inp.out,1365.668998564682,-0.2508,0.0759,25.6725,0.0,-1319.9308678873,-303.7519074414829,-266.716304510758,-2187.0989194094,0.2154073441997752
FMNR_red_281_cutoff_0.0.inp.out,1370.6676594369087,-0.2853,0.0534,25.9575,0.0,-1319.4876707017,-55.60648742347655,-52.60554529370047,-2186.6694362768,0.2385085656005685
FMNR_red_282_cutoff_0.0.inp.out,1366.7050597853097,-0.2512,0.066,23.71,0.0,-1320.0248588768,-336.6001975188528,-439.861673988117,-2187.1658922104,0.2129781268995429
FMNR_red_283_cutoff_0.0.inp.out,1367.812635528331,-0.2666,0.0679,25.7793,0.0,-1319.8502357645,-187.49755654043807,-286.31616053066796,-2186.9943114113,0.2294668042004559
FMNR_red_284_cutoff_0.0.inp.out,1361.5145436110706,-0.2511,0.0666,23.1757,0.0,-1319.8934313648,-93.42050686158817,-208.67840574527713,-2187.0334222707,0.2189938933006487
FMNR_red_285_cutoff_0.0.inp.out,1366.0768238986911,-0.2526,0.084,24.7523,0.0,-1319.6973580994,-245.0877121281366,-221.9427385015334,-2186.8448494438,0.2143046975998004
FMNR_red_286_cutoff_0.0.inp.out,1369.6952783743673,-0.2508,0.0774,24.0055,0.0,-1320.001704613,-68.32247669375816,-88.84459096577191,-2187.1366300605,0.2188789729007112
FMNR_red_287_cutoff_0.0.inp.out,1366.552329456873,-0.2589,0.0792,24.1834,0.0,-1319.5612286791,-189.58774263759528,-133.61780662980067,-2186.704232902,0.2211151559004065
FMNR_red_288_cutoff_0.0.inp.out,1357.076668415309,-0.2571,0.0723,24.8108,0.0,-1319.446767796,-280.8019197040851,-207.42815762516057,-2186.54050376,0.2195734502993218
FMNR_red_289_cutoff_0.0.inp.out,1364.0457607760604,-0.2743,0.0623,25.3548,0.0,-1319.9680924172,-211.72545063840053,-283.54465549516345,-2187.1425983879,0.2423731425005826
FMNR_red_28_cutoff_0.0.inp.out,1342.529700161633,-0.2756,0.0776,24.0912,0.0,-1319.9571846562,-344.69622248843547,-353.6604151220722,-2186.8318736674,0.2286769519996596
FMNR_red_290_cutoff_0.0.inp.out,1364.893081495686,-0.2637,0.0758,23.1815,0.0,-1320.1997100862,-302.0860575599679,-172.21503709416314,-2187.3540646283,0.2290941760002169
FMNR_red_291_cutoff_0.0.inp.out,1365.9270707748672,-0.283,0.065,24.999,0.0,-1320.3426838057,-271.0343192883829,-230.6680824095546,-2187.4802315208,0.247719237900128
FMNR_red_292_cutoff_0.0.inp.out,1361.5662590401253,-0.2443,0.0885,23.2125,0.0,-1319.9896763977,-145.2112840853114,-125.885251416936,-2187.0599726157,0.2149739185997532
FMNR_red_293_cutoff_0.0.inp.out,1361.3370809021128,-0.2715,0.0747,25.3742,0.0,-1320.1559287682,-243.81324351568472,-226.53860276958025,-2187.2542030048,0.2381484859997726
FMNR_red_294_cutoff_0.0.inp.out,1355.726773585107,-0.2505,0.0723,24.787,0.0,-1320.0333676303,74.32377813513527,109.8669860464794,-2187.0923241801,0.2171583947001636
FMNR_red_295_cutoff_0.0.inp.out,1360.730997760015,-0.2556,0.0663,24.6106,0.0,-1320.5024199072,-175.05360851918226,-81.67502293911322,-2187.5952749685,0.2185668648999126
FMNR_red_296_cutoff_0.0.inp.out,1361.8147656137176,-0.2906,0.0519,24.3555,0.0,-1319.9376080696,-24.928495426569267,-106.95277461387523,-2187.0104017277,0.255868248799743
FMNR_red_297_cutoff_0.0.inp.out,1363.541227717437,-0.268,0.0615,23.2366,0.0,-1320.2296160576,-367.0348415383782,-320.13775154979936,-2187.2470200588,0.2349985788996491
FMNR_red_298_cutoff_0.0.inp.out,1365.583827788707,-0.2523,0.0677,22.2076,0.0,-1320.0198496062,-361.775794336705,-305.90043920365326,-2186.990641202,0.2172562101995936
FMNR_red_299_cutoff_0.0.inp.out,1349.8277433492626,-0.2756,0.0625,22.8204,0.0,-1320.2294996272,-258.11639064560256,-313.321534034621,-2187.2977180376,0.234797142800744
FMNR_red_29_cutoff_0.0.inp.out,1363.1167640509505,-0.2596,0.0669,23.0019,0.0,-1320.1637601553,-122.46078047233692,-51.23053751207218,-2187.0570771136,0.2163840794000862
FMNR_red_2_cutoff_0.0.inp.out,1364.6702237921284,-0.2799,0.0673,25.869,0.0,-1320.0758654565,-192.13593120073983,-146.66839871540273,-2187.2187140769,0.2412490239003091
FMNR_red_300_cutoff_0.0.inp.out,1370.6030761313075,-0.2869,0.0612,23.5817,0.0,-1320.3093733569,-246.25684536017337,-373.16921295646586,-2187.3812220306,0.2468171679993247
FMNR_red_301_cutoff_0.0.inp.out,1368.6044399908733,-0.2781,0.069,22.9474,0.0,-1320.2203306286,-145.98085816834524,-265.4246692819446,-2187.19899178,0.2381131294005172
FMNR_red_302_cutoff_0.0.inp.out,1364.4948258631152,-0.2549,0.0751,22.5148,0.0,-1320.1335231231,-261.62469108990166,-363.22812798791495,-2187.1133159468,0.2174869185992065
FMNR_red_303_cutoff_0.0.inp.out,1367.2201009177047,-0.2292,0.0865,19.7639,0.0,-1319.991727699,-401.3215368415051,-389.378872243644,-2186.9276590832,0.1903074091997041
FMNR_red_304_cutoff_0.0.inp.out,1344.2801565825018,-0.2614,0.0665,24.0291,0.0,-1320.0670083515,-364.0199931812021,-411.3104990547122,-2187.0310324326,0.228172473000086
FMNR_red_305_cutoff_0.0.inp.out,1347.7444948459568,-0.2815,0.0636,25.5623,0.0,-1319.7215516011,-247.8258868748483,-313.8652192771442,-2186.6938506201,0.2455143022007178
FMNR_red_306_cutoff_0.0.inp.out,1350.6528310219865,-0.2713,0.066,22.0945,0.0,-1319.8965313813,-465.1601164652222,-543.5720638774889,-2186.8296309831,0.2342484338005306
FMNR_red_307_cutoff_0.0.inp.out,1350.8530543186976,-0.2644,0.0744,22.5014,0.0,-1320.336510772,-406.0436430637474,-451.62927636178114,-2187.3018870829,0.2257918631003121
FMNR_red_308_cutoff_0.0.inp.out,1356.5783607744188,-0.2674,0.0727,23.7998,0.0,-1320.0963175804,-487.91987603629656,-416.43950126268714,-2187.1447811303,0.2316572449008163
FMNR_red_309_cutoff_0.0.inp.out,1346.323926957125,-0.2624,0.0808,25.437,0.0,-1320.3909501789,-457.21968006156897,-529.1046113669762,-2187.3696803365,0.2370070629003748
FMNR_red_30_cutoff_0.0.inp.out,1361.4161134218014,-0.2532,0.0708,24.127,0.0,-1320.0733559853,-138.14038266875954,-60.27921631742528,-2186.9867503575,0.2176769600000625
FMNR_red_310_cutoff_0.0.inp.out,1361.8079335008667,-0.2565,0.071,22.6418,0.0,-1320.3512010038,-373.89585989461744,-480.7520155173023,-2187.3594699195,0.2163481750003484
FMNR_red_311_cutoff_0.0.inp.out,1364.9247099013876,-0.2728,0.0641,23.5239,0.0,-1319.8536800549,-544.8081932146839,-782.4559770411987,-2186.9024068998,0.2321324108006592
FMNR_red_312_cutoff_0.0.inp.out,1363.2265728035293,-0.2385,0.0794,22.643,0.0,-1320.324309467,-637.2048599669286,-773.0143718303248,-2187.3510774835,0.2087467859000753
FMNR_red_313_cutoff_0.0.inp.out,1370.5320001736698,-0.256,0.082,24.0539,0.0,-1320.2647962314,-467.8089354473242,-567.9608553733376,-2187.2713408907,0.2292980880001778
FMNR_red_314_cutoff_0.0.inp.out,1354.7844533850987,-0.243,0.0654,20.7826,0.0,-1320.1152578259,-522.6573369329291,-671.8942662880875,-2187.050401463,0.2167238407000695
FMNR_red_315_cutoff_0.0.inp.out,1364.794580921509,-0.2517,0.0779,21.0675,0.0,-1320.196670074,-586.0493499233795,-669.8498024211725,-2187.2311216071,0.2211147483003515
FMNR_red_316_cutoff_0.0.inp.out,1353.8158609474851,-0.2677,0.0436,20.6748,0.0,-1320.3327250418,-438.46844110518026,-692.7026016775146,-2187.2974943296,0.2296223841995015
FMNR_red_317_cutoff_0.0.inp.out,1361.256958324124,-0.2558,0.0695,24.1542,0.0,-1320.1509180065,-594.5240046179566,-753.086615226484,-2187.1733493694,0.2210764226001629
FMNR_red_318_cutoff_0.0.inp.out,1359.1975042603476,-0.232,0.0707,20.4022,0.0,-1320.1077031374,-422.70247154453006,-430.1491211923636,-2187.0781832212,0.2066480121002314
FMNR_red_319_cutoff_0.0.inp.out,1360.788196568096,-0.2741,0.0621,20.7361,0.0,-1319.9932594425,-517.987309032948,-694.9705830358041,-2187.0373831964,0.2436606779992871
FMNR_red_31_cutoff_0.0.inp.out,1362.6550495180932,-0.2331,0.0665,22.113,0.0,-1319.7261372087,-218.94669811206947,-161.7694116869425,-2186.6081171398,0.1948195708000639
FMNR_red_320_cutoff_0.0.inp.out,1369.2248421438578,-0.2484,0.0719,22.3145,0.0,-1319.9296890574,-524.7453823088196,-584.1680483918018,-2186.9492901131,0.2167006384997876
FMNR_red_321_cutoff_0.0.inp.out,1348.632576173154,-0.2633,0.0734,22.8034,0.0,-1319.7378729625,-234.36067869350617,-397.5890856278376,-2186.7072530798,0.2262687688998994
FMNR_red_322_cutoff_0.0.inp.out,1351.5222926524823,-0.2889,0.0602,25.028,0.0,-1320.0268538653,-628.9564331021905,-797.630618474395,-2187.0400400448,0.2450157214007049
FMNR_red_323_cutoff_0.0.inp.out,1361.9884284336647,-0.2671,0.0674,24.5058,0.0,-1320.3164029857,-607.9480809984742,-736.1732364091148,-2187.3827712508,0.2283665371005554
FMNR_red_324_cutoff_0.0.inp.out,1353.2515180116725,-0.2712,0.072,23.6305,0.0,-1319.8845465025,-403.8989195272482,-528.7159478095504,-2186.8987294568,0.2331984461998217
FMNR_red_325_cutoff_0.0.inp.out,1358.0088130783292,-0.2939,0.0535,26.4298,0.0,-1319.9669727907,-367.27110176355626,-491.0582204317139,-2186.9650067198,0.2499264412999764
FMNR_red_326_cutoff_0.0.inp.out,1364.9662932778676,-0.2578,0.0739,24.9459,0.0,-1319.9491198701,-401.0332384458791,-492.78983457956025,-2186.8945012051,0.2202783448001355
FMNR_red_327_cutoff_0.0.inp.out,1363.876377530248,-0.2523,0.0746,23.5455,0.0,-1320.0636468028,-501.8781188056827,-715.822111781784,-2187.0055660888,0.2152362655006072
FMNR_red_328_cutoff_0.0.inp.out,1362.2657577520897,-0.2917,0.0481,25.2342,0.0,-1320.239354753,-526.3103232707876,-792.5719232314407,-2187.1963909991,0.2464104609998685
FMNR_red_329_cutoff_0.0.inp.out,1354.531724244448,-0.2647,0.0654,20.6512,0.0,-1319.9400771962,-468.8023242369202,-594.5417703414696,-2186.8566884605,0.2219622701004482
FMNR_red_32_cutoff_0.0.inp.out,1352.2563630363788,-0.2447,0.0797,23.4519,0.0,-1320.065970459,-383.8852610062227,-319.6154578768504,-2186.9015155812,0.2110526764008682
FMNR_red_330_cutoff_0.0.inp.out,1365.2376100518718,-0.2721,0.0685,24.3952,0.0,-1319.886820542,-317.3237878549898,-658.6716714224949,-2186.8456622293,0.2395854530004726
FMNR_red_331_cutoff_0.0.inp.out,1361.9263443498644,-0.2753,0.0659,26.5041,0.0,-1319.7066025968,-480.7133008713757,-595.5651712296857,-2186.5605425202,0.229271908499868
FMNR_red_332_cutoff_0.0.inp.out,1351.1381780740294,-0.2696,0.0622,23.7397,0.0,-1319.7219569334,-493.3516242093595,-518.1186001981193,-2186.6216976845,0.2269224756000767
FMNR_red_333_cutoff_0.0.inp.out,1354.900937240583,-0.25,0.0667,23.8104,0.0,-1319.8538292602,-362.6734759608167,-473.7673153770825,-2186.720856216,0.2112242458006221
FMNR_red_334_cutoff_0.0.inp.out,1353.557358376513,-0.2436,0.0665,23.0217,0.0,-1319.977590381,-551.225550149846,-629.3037603607675,-2186.8082884748,0.2019363743002031
FMNR_red_335_cutoff_0.0.inp.out,1352.867580639617,-0.2432,0.0706,22.077,0.0,-1320.1920769639,-463.7486796175061,-538.7929638158117,-2187.0669333305,0.2072630932007086
FMNR_red_336_cutoff_0.0.inp.out,1346.169017366335,-0.2685,0.0856,23.7515,0.0,-1319.9687656346,-545.2143744108763,-611.4408492875034,-2186.8281305056,0.2249591549998513
FMNR_red_337_cutoff_0.0.inp.out,1355.4372486041364,-0.2633,0.0738,23.2612,0.0,-1320.0158375269,-416.8951293173691,-431.7972357885963,-2186.8051750584,0.2200351746996602
FMNR_red_338_cutoff_0.0.inp.out,1341.68677389574,-0.2819,0.0689,26.287,0.0,-1320.1125478184,-428.79537160168184,-523.0130058801764,-2186.8281437995,0.2315390113999456
FMNR_red_339_cutoff_0.0.inp.out,1364.1760268553676,-0.2733,0.0619,25.3215,0.0,-1319.9874798101,-461.4908551945159,-540.2207765335334,-2187.1626179717,0.2415655301001606
FMNR_red_33_cutoff_0.0.inp.out,1354.7845475193908,-0.2527,0.0727,24.36,0.0,-1319.6310624566,-438.74541566762355,-402.40203727864974,-2186.5295321822,0.219127462999495
FMNR_red_340_cutoff_0.0.inp.out,1364.9036948168257,-0.2665,0.0767,22.8491,0.0,-1320.1632942516,-484.0440647245328,-597.2714883884595,-2187.3262187484,0.2317146287005016
FMNR_red_341_cutoff_0.0.inp.out,1366.7802510744675,-0.2852,0.0625,26.1177,0.0,-1320.0007982362,-518.4423157682036,-521.5838348309201,-2187.1641457471,0.245124757099802
FMNR_red_342_cutoff_0.0.inp.out,1367.9994864554074,-0.2846,0.0599,23.9946,0.0,-1319.8860214533,-370.11812648722344,-404.91172893970105,-2187.0096829526,0.2450849435999771
FMNR_red_343_cutoff_0.0.inp.out,1365.734324571459,-0.2924,0.0513,25.4265,0.0,-1320.0598731642,-148.61360631623413,-178.28815494856116,-2187.2160868781,0.2512231927003086
FMNR_red_344_cutoff_0.0.inp.out,1366.8044070696033,-0.2704,0.0372,26.3953,0.0,-1320.0703408277,60.24389699617392,110.31429187220512,-2187.2188352473,0.2329133702005492
FMNR_red_345_cutoff_0.0.inp.out,1364.1758152582229,-0.2486,0.0822,24.7346,0.0,-1320.0454054941,-129.08441874797057,-89.52633201861768,-2187.1206038632,0.2066625143997953
FMNR_red_346_cutoff_0.0.inp.out,1371.2118886582682,-0.2621,0.0713,24.0794,0.0,-1320.1975631375,-48.36241959513893,-29.796558834107092,-2187.3080043282,0.2178323903999626
FMNR_red_347_cutoff_0.0.inp.out,1371.097637599555,-0.2746,0.0657,26.8563,0.0,-1320.1647011721,-10.524042139285273,-96.71579421386662,-2187.2847764021,0.2318346788997587
FMNR_red_348_cutoff_0.0.inp.out,1367.1289785263118,-0.2549,0.0773,24.2269,0.0,-1319.9038805508,-26.375133170557735,-12.533554605498976,-2187.0032941504,0.2147430930999689
FMNR_red_349_cutoff_0.0.inp.out,1361.7547485672562,-0.275,0.0387,23.5947,0.0,-1320.4142948586,1.7664659710300696,-49.14287196650823,-2187.5312885059,0.2333953970000948
FMNR_red_34_cutoff_0.0.inp.out,1348.8977041349424,-0.2466,0.0801,23.6285,0.0,-1320.018440058,-343.2944831445173,-251.4183903123296,-2186.7674142373,0.2029249140996398
FMNR_red_350_cutoff_0.0.inp.out,1366.8106288484485,-0.2535,0.0803,23.5594,0.0,-1320.3759820343,-319.51294410148193,-128.3475503559798,-2187.4320482226,0.2173187598000368
FMNR_red_351_cutoff_0.0.inp.out,1358.0963848287272,-0.2723,0.0642,23.4773,0.0,-1320.1534841271,-138.00956763415974,-14.67326747043132,-2187.2413068481,0.2378962272996432
FMNR_red_352_cutoff_0.0.inp.out,1364.8425590371044,-0.2735,0.0702,24.0434,0.0,-1320.3191768501,-107.085462719171,-69.60886131699982,-2187.383781616,0.2374758898995423
FMNR_red_353_cutoff_0.0.inp.out,1359.1345326662886,-0.2509,0.0773,23.5756,0.0,-1320.0873050287,-333.37476922108425,-277.2017408263984,-2187.1249417921,0.216223369599902
FMNR_red_354_cutoff_0.0.inp.out,1359.285098397525,-0.2843,0.0597,24.841,0.0,-1319.7583403157,61.76239637625106,-94.06270770753228,-2186.8550546811,0.2449088592993575
FMNR_red_355_cutoff_0.0.inp.out,1368.1972244116946,-0.2923,0.0439,24.3175,0.0,-1319.7263673105,-203.6771870351273,-89.04427085349303,-2186.8510090354,0.2508727604999876
FMNR_red_356_cutoff_0.0.inp.out,1370.285756557336,-0.2731,0.0581,25.095,0.0,-1320.3286339217,-102.87899089105578,-91.02285069470452,-2187.4518355969,0.2370632537003985
FMNR_red_357_cutoff_0.0.inp.out,1366.1455240037883,-0.2739,0.0541,24.2925,0.0,-1320.6556300784,-139.17741471085486,-182.5895330396799,-2187.7448412552,0.2445379254995714
FMNR_red_358_cutoff_0.0.inp.out,1369.459623921583,-0.2626,0.0686,24.5209,0.0,-1320.0335440905,-253.8253123100869,-173.60365968201216,-2187.1037504047,0.2261195812998266
FMNR_red_359_cutoff_0.0.inp.out,1366.8921437341407,-0.2541,0.0645,25.8684,0.0,-1320.077987168,35.36617696784095,-47.28621860164216,-2187.1609580024,0.2195917611998084
FMNR_red_35_cutoff_0.0.inp.out,1340.6372459738304,-0.2774,0.0727,21.1611,0.0,-1319.8939147574,-259.7403533010737,-254.35341167928777,-2186.6117391672,0.2233923542999036
FMNR_red_360_cutoff_0.0.inp.out,1361.6642275390784,-0.2748,0.0554,25.057,0.0,-1319.8693763924,82.46355617657419,109.22040922863668,-2186.9474224809,0.2346836615997745
FMNR_red_361_cutoff_0.0.inp.out,1359.031753007842,-0.2552,0.0796,25.7013,0.0,-1319.9416058366,-83.9809299182174,-142.59406007773853,-2187.0583969463,0.2202488165994509
FMNR_red_362_cutoff_0.0.inp.out,1362.4836483032973,-0.2467,0.0815,24.7342,0.0,-1319.7006643454,21.83936740492723,36.166670914101545,-2186.7866285064,0.2153707711004244
FMNR_red_363_cutoff_0.0.inp.out,1369.9784426216277,-0.2463,0.0704,24.4505,0.0,-1319.6636463128,-95.72677758358984,-40.18680283988276,-2186.7442371577,0.2113072596994243
FMNR_red_364_cutoff_0.0.inp.out,1370.506130137247,-0.2586,0.0742,24.082,0.0,-1319.8722628203,-150.00696315271662,-124.32379479209092,-2186.9508521822,0.2174227320001591
FMNR_red_365_cutoff_0.0.inp.out,1373.5386170222237,-0.2701,0.0652,24.8166,0.0,-1319.5954480614,-5.894708441575222,50.04946476177109,-2186.6994320624,0.2306498200996429
FMNR_red_366_cutoff_0.0.inp.out,1367.5861298612583,-0.2584,0.0923,23.7484,0.0,-1319.2958960093,-142.70818103433737,-18.6682193059311,-2186.3188862667,0.2217608437995295
FMNR_red_367_cutoff_0.0.inp.out,1363.703931567338,-0.2622,0.0796,23.1713,0.0,-1320.0546207,-58.14545695924374,1.8878323680918656,-2187.111904732,0.221690456000033
FMNR_red_368_cutoff_0.0.inp.out,1365.6377411502529,-0.2687,0.0754,25.5645,0.0,-1319.7606657665,-95.45250928034878,-97.5642479220491,-2186.8306833439,0.2256681888993625
FMNR_red_369_cutoff_0.0.inp.out,1359.793572934379,-0.2479,0.07,22.7571,0.0,-1319.7912922084,-199.29882297164357,-121.9512290612639,-2186.8081228124,0.2112725472998136
FMNR_red_36_cutoff_0.0.inp.out,1341.182330330475,-0.2625,0.0714,22.7793,0.0,-1320.0253771046,-449.98751958021137,-443.054881467268,-2186.684148151,0.2252435697000692
FMNR_red_370_cutoff_0.0.inp.out,1365.3134256990777,-0.2841,0.0577,23.2372,0.0,-1319.703117552,31.49541863361103,261.6103101736311,-2186.8027164537,0.2462592411002333
FMNR_red_371_cutoff_0.0.inp.out,1358.6733675924436,-0.2625,0.0807,24.2063,0.0,-1319.6840562404,-202.68214677864503,-61.19947832186387,-2186.738728211,0.2302129786994555
FMNR_red_372_cutoff_0.0.inp.out,1356.6590108826997,-0.2708,0.0675,22.763,0.0,-1319.8673674254,13.873233772522354,99.26570638061352,-2186.9001467575,0.2316524708003271
FMNR_red_373_cutoff_0.0.inp.out,1358.6435443202984,-0.2606,0.0648,24.1963,0.0,-1319.6447495537,-61.9751068635869,44.725607571593095,-2186.7074689716,0.2231214100002034
FMNR_red_374_cutoff_0.0.inp.out,1351.714457219531,-0.2794,0.0536,22.0295,0.0,-1320.0910973277,-30.643757604714953,79.56658018513093,-2187.1235114909,0.2443386432996703
FMNR_red_375_cutoff_0.0.inp.out,1361.896100324513,-0.2709,0.0685,22.076,0.0,-1319.8938084011,6.601270979885005,-74.92765381665151,-2186.9087463922,0.2335811352004384
FMNR_red_376_cutoff_0.0.inp.out,1371.363483128816,-0.2527,0.0743,22.9139,0.0,-1319.729123342,-216.86319799000796,-284.90610096748804,-2186.7314060257,0.2178122723998967
FMNR_red_377_cutoff_0.0.inp.out,1375.853908444319,-0.269,0.0779,25.2233,0.0,-1319.9015944234,-372.5491274745096,-262.9471547699406,-2186.8863776548,0.2369363145999159
FMNR_red_378_cutoff_0.0.inp.out,1377.4132444280158,-0.2689,0.0714,24.0597,0.0,-1319.7831420798,-220.556392265281,-272.2414068505098,-2186.8180851075,0.2313526094003464
FMNR_red_379_cutoff_0.0.inp.out,1360.5293019938154,-0.2693,0.0805,25.6653,0.0,-1319.7561491317,-5.3191819567586425,24.150817837592516,-2186.797119874,0.2264889253001456
FMNR_red_37_cutoff_0.0.inp.out,1340.9938031873305,-0.2438,0.0768,21.4872,0.0,-1319.6713254809,-329.35442759636123,-377.6105129442142,-2186.3746648586,0.2031946932002029
FMNR_red_380_cutoff_0.0.inp.out,1371.2050697275083,-0.2613,0.0702,23.9428,0.0,-1319.803348079,-221.4880120746007,-261.5307962699532,-2186.8367150286,0.2217802651002784
FMNR_red_381_cutoff_0.0.inp.out,1352.9060711459667,-0.2379,0.0856,21.8903,0.0,-1319.5453823044,-411.26402017332987,-394.91417018604113,-2186.4833563866,0.2007951978002893
FMNR_red_382_cutoff_0.0.inp.out,1353.9569654264471,-0.2765,0.0512,23.4551,0.0,-1319.8299873413,-408.0735477397716,-525.2176826054614,-2186.7417064973,0.2380065471998023
FMNR_red_383_cutoff_0.0.inp.out,1370.0235952932203,-0.245,0.0862,23.0332,0.0,-1319.5821658112,-199.3440572994687,-153.5481068045104,-2186.5389668031,0.2096161792997009
FMNR_red_384_cutoff_0.0.inp.out,1371.1559614889666,-0.2532,0.0566,19.8813,0.0,-1319.425672788,-303.3133221199031,-238.03805882556048,-2186.4477534049,0.2158070879004299
FMNR_red_385_cutoff_0.0.inp.out,1358.129258421883,-0.2709,0.0613,22.4639,0.0,-1319.9062011774,-318.0801212680832,-370.1202218932275,-2186.9346599622,0.2327790926001398
FMNR_red_386_cutoff_0.0.inp.out,1353.9302499706134,-0.2791,0.0631,24.1087,0.0,-1320.1346628439,-452.2882523904099,-325.9500169127003,-2187.1035860907,0.2345610303000285
FMNR_red_387_cutoff_0.0.inp.out,1353.5956000808742,-0.2699,0.0682,23.5839,0.0,-1319.9677378093,-49.32948506847048,-110.4851956917488,-2186.9803808664,0.2288561818004382
FMNR_red_388_cutoff_0.0.inp.out,1363.6564274743448,-0.2402,0.0901,21.4092,0.0,-1320.1361930825,-292.4767815939942,-331.7670001155029,-2187.1277197883,0.2098587381997276
FMNR_red_389_cutoff_0.0.inp.out,1364.003763275535,-0.2743,0.0617,25.3024,0.0,-1319.990422418,-147.7776805431784,-311.24254499276066,-2187.1651458356,0.2421343729993168
FMNR_red_38_cutoff_0.0.inp.out,1342.9879881865988,-0.2715,0.028,26.3253,0.0,-1319.5751439953,-90.2893256281651,-245.2379171170485,-2186.0558241254,0.2450299849006114
FMNR_red_390_cutoff_0.0.inp.out,1366.8255050323771,-0.2737,0.0704,23.5498,0.0,-1320.3190153445,-148.7969026224562,-200.81311867587544,-2187.4854908622,0.2376332327003183
FMNR_red_391_cutoff_0.0.inp.out,1369.0454217062363,-0.2763,0.0661,25.3389,0.0,-1320.0674750215,-300.9112835935571,-301.0212103629168,-2187.2247136071,0.2411230159004844
FMNR_red_392_cutoff_0.0.inp.out,1361.285286975282,-0.2446,0.0888,24.3878,0.0,-1320.2412242006,-244.834032099165,-220.4237489902352,-2187.3632310447,0.2102742778997708
FMNR_red_393_cutoff_0.0.inp.out,1358.7594248628002,-0.2827,0.0619,25.0099,0.0,-1320.092740959,-285.234010085577,-195.833571577098,-2187.246106605,0.2430582534998393
FMNR_red_394_cutoff_0.0.inp.out,1358.2215554685274,-0.2706,0.0689,25.5815,0.0,-1320.2285905907,63.19060465431029,110.75615502970808,-2187.383286151,0.2358388364000347
FMNR_red_395_cutoff_0.0.inp.out,1362.203427031052,-0.2948,0.0589,26.0167,0.0,-1320.4572643716,-65.49938251696372,-3.832249471571382,-2187.6172788209,0.2480299246999493
FMNR_red_396_cutoff_0.0.inp.out,1359.7538979707529,-0.267,0.0575,25.4258,0.0,-1320.3834903396,-15.838986068556906,-70.28258157854721,-2187.5127111141,0.2284757075995003
FMNR_red_397_cutoff_0.0.inp.out,1356.720728624835,-0.2732,0.0665,24.5142,0.0,-1320.4964872037,-178.32523711563843,-117.2318292486012,-2187.6281066913,0.2325696107000112
FMNR_red_398_cutoff_0.0.inp.out,1369.238254084566,-0.2747,0.061,23.551,0.0,-1320.111963345,-33.3884678875499,-74.4423627698273,-2187.2710795465,0.238069058599649
FMNR_red_399_cutoff_0.0.inp.out,1359.8924682021798,-0.2576,0.0799,25.0734,0.0,-1320.18405744,-248.34085301601905,-290.1708456039406,-2187.3373641534,0.2222237839005174
FMNR_red_39_cutoff_0.0.inp.out,1350.5952214780582,-0.253,0.065,23.8762,0.0,-1319.3892032022,-341.9464643665258,-385.6307671905077,-2185.8955447568,0.2128327333002744
FMNR_red_3_cutoff_0.0.inp.out,1352.369008638014,-0.2597,0.0882,22.6301,0.0,-1320.2544447712,-392.4408911436784,-250.48140194117383,-2187.3132811493,0.2208230303995151
FMNR_red_400_cutoff_0.0.inp.out,1364.4151340614876,-0.2849,0.0551,24.3425,0.0,-1320.2606167989,-82.0090330287089,-225.2379509328659,-2187.426879851,0.247813425199638
FMNR_red_401_cutoff_0.0.inp.out,1358.184897252265,-0.2578,0.0801,24.9666,0.0,-1320.3250011959,-106.3601541016654,-130.13362691960472,-2187.4602425135,0.2217437379003968
FMNR_red_402_cutoff_0.0.inp.out,1359.7840924072143,-0.2644,0.0795,24.5837,0.0,-1320.3792368961,-110.69503585821212,-134.71104941440774,-2187.5429226928,0.2240595567000127
FMNR_red_403_cutoff_0.0.inp.out,1356.7076419125628,-0.27,0.077,25.2676,0.0,-1320.4768979631,-172.31937859145867,-334.8361995758591,-2187.6243011475,0.2336684228002923
FMNR_red_404_cutoff_0.0.inp.out,1358.0621014904184,-0.2662,0.0686,25.295,0.0,-1320.2580960456,-577.03404071571,-602.6962724052031,-2187.4227082868,0.2321472624998932
FMNR_red_405_cutoff_0.0.inp.out,1361.9069119767423,-0.2845,0.0539,25.3501,0.0,-1320.4409516881,-149.5468085401737,-336.48226183748244,-2187.5989887768,0.2446984865000558
FMNR_red_406_cutoff_0.0.inp.out,1349.170723799533,-0.2381,0.0876,24.1622,0.0,-1320.7928131669,-363.4995885305025,-452.15607703347,-2187.9028345937,0.2020628384998417
FMNR_red_407_cutoff_0.0.inp.out,1359.4044257781,-0.2753,0.0634,22.6802,0.0,-1320.4893201098,-229.0641710560138,-232.5939035437247,-2187.6122448318,0.2374633407998772
FMNR_red_408_cutoff_0.0.inp.out,1358.0900441535337,-0.2764,0.0735,24.6132,0.0,-1320.3830172816,-169.2987909482016,-115.39353211792232,-2187.4980449833,0.2355775730002278
FMNR_red_409_cutoff_0.0.inp.out,1356.886572832087,-0.2785,0.0623,24.9487,0.0,-1320.5567409732,-8.444787221034536,46.38375635470899,-2187.6678451859,0.2367130983993775
FMNR_red_40_cutoff_0.0.inp.out,1321.283613131194,-0.2876,0.0402,24.7773,0.0,-1319.7318412949,-187.09333113152377,-282.9677088713911,-2186.2956950643,0.2480645466002897
FMNR_red_410_cutoff_0.0.inp.out,1374.0376504689166,-0.2818,0.0727,24.6003,0.0,-1320.5603008282,83.41859648923659,-61.771027949285966,-2187.6929205043,0.2393741093001153
FMNR_red_411_cutoff_0.0.inp.out,1365.7630104134969,-0.2657,0.0626,24.1356,0.0,-1320.2305752559,-338.7810544267859,-190.73738108780827,-2187.3308342092,0.230006554999818
FMNR_red_412_cutoff_0.0.inp.out,1361.750502791049,-0.273,0.0674,25.9168,0.0,-1320.5406716999,-128.5131657576795,-172.59761631596325,-2187.6788740887,0.2378191426005287
FMNR_red_413_cutoff_0.0.inp.out,1356.9709427789044,-0.2871,0.0628,22.7334,0.0,-1320.1480289285,-111.47250148036636,-108.74492640574788,-2187.2523064994,0.2445660497005519
FMNR_red_414_cutoff_0.0.inp.out,1365.7401250665907,-0.2533,0.07,25.2155,0.0,-1320.7036415877,-127.65764321557764,-76.4788239097353,-2187.8193504824,0.2168656748999637
FMNR_red_415_cutoff_0.0.inp.out,1360.0458710312432,-0.2767,0.0671,25.9659,0.0,-1320.3322053127,-174.65167254992716,-217.51731617243703,-2187.4657998373,0.2360220365999339
FMNR_red_416_cutoff_0.0.inp.out,1367.877235655728,-0.2567,0.0602,24.3036,0.0,-1320.7685716546,-365.0723127851123,-491.8267235029074,-2187.8802409577,0.2177200757996615
FMNR_red_417_cutoff_0.0.inp.out,1358.9001046765056,-0.2731,0.0715,26.2389,0.0,-1320.3698460373,-227.17941351557656,-322.0441394810355,-2187.516963723,0.2287051269004223
FMNR_red_418_cutoff_0.0.inp.out,1365.1792790857885,-0.2551,0.0705,24.3543,0.0,-1320.2120713932,-190.39580713094972,-306.87542885964075,-2187.3071468067,0.2209601121003288
FMNR_red_419_cutoff_0.0.inp.out,1371.431571498159,-0.2765,0.0697,24.387,0.0,-1320.435727264,-131.0405022991001,-141.6879175663462,-2187.5449174072,0.2355491682001229
FMNR_red_41_cutoff_0.0.inp.out,1338.2287349936887,-0.2576,0.0414,24.668,0.0,-1319.6187822218,-78.48415756356435,-254.66254390208888,-2186.2495198464,0.2285030309994908
FMNR_red_420_cutoff_0.0.inp.out,1369.1818533814187,-0.2521,0.07,23.6176,0.0,-1320.6286502844,-113.05919949957776,-132.4197271364839,-2187.7258825058,0.2183400226995218
FMNR_red_421_cutoff_0.0.inp.out,1369.6849467174266,-0.2542,0.0747,23.9342,0.0,-1319.9113159161,18.29363141408425,-45.6381821791707,-2187.0107605822,0.2161225695999746
FMNR_red_422_cutoff_0.0.inp.out,1357.4733715237664,-0.267,0.0659,23.9156,0.0,-1320.3667201738,-39.50440980478676,-7.687060475877484,-2187.5040089751,0.2330573161998472
FMNR_red_423_cutoff_0.0.inp.out,1360.9086649394667,-0.243,0.0867,24.8607,0.0,-1320.0094340697,-135.57539604472342,0.7385178034155031,-2187.1614967419,0.2082825913994384
FMNR_red_424_cutoff_0.0.inp.out,1371.3816522832492,-0.2596,0.0742,23.7271,0.0,-1320.6997318377,39.12594090397856,94.34819508440856,-2187.8418685891,0.2241659718001756
FMNR_red_425_cutoff_0.0.inp.out,1368.8626883442985,-0.276,0.0594,26.2314,0.0,-1319.9467861988,-70.09670811123335,-15.233497567535206,-2187.1291979818,0.2360123083999497
FMNR_red_426_cutoff_0.0.inp.out,1370.490823783926,-0.2595,0.0806,25.6308,0.0,-1320.2472974773,-179.31166999407765,-178.15558361291545,-2187.4174566156,0.2185062974995162
FMNR_red_427_cutoff_0.0.inp.out,1361.011504453067,-0.2595,0.0728,23.2555,0.0,-1320.3008550048,-67.79950744043775,-60.53687246655646,-2187.4531044744,0.2229779704002794
FMNR_red_428_cutoff_0.0.inp.out,1353.26986769888,-0.2643,0.0717,24.6779,0.0,-1320.4104799996,-237.38013934902793,-138.1561441685775,-2187.5426178574,0.2231710381001903
FMNR_red_429_cutoff_0.0.inp.out,1364.6480240915353,-0.2852,0.0402,23.1096,0.0,-1319.9672484076,-78.31447470698046,-50.52043655921146,-2187.1379968816,0.244804864300022
FMNR_red_42_cutoff_0.0.inp.out,1337.2659065393714,-0.272,0.0557,27.5945,0.0,-1319.4807185228,-414.33400395142166,-522.7590212460325,-2186.0406263763,0.2315575080001508
FMNR_red_430_cutoff_0.0.inp.out,1360.4404676115305,-0.2741,0.056,26.7436,0.0,-1320.6286504897,-69.95849605538915,-85.65951097762937,-2187.7957023924,0.2365516193995063
FMNR_red_431_cutoff_0.0.inp.out,1367.4537330210974,-0.2587,0.0716,25.6432,0.0,-1320.3559895323,-124.6549737644092,-22.994039607879433,-2187.5287141984,0.225584095499471
FMNR_red_432_cutoff_0.0.inp.out,1376.6930388688045,-0.2529,0.0729,23.9172,0.0,-1319.9212805127,-91.37194450299764,53.9654874976427,-2187.0809619028,0.2180782171008104
FMNR_red_433_cutoff_0.0.inp.out,1358.8349962254947,-0.2769,0.0525,26.0182,0.0,-1320.1044105845,-94.08857093159752,-37.97472040776368,-2187.2563307664,0.2414845876000981
FMNR_red_434_cutoff_0.0.inp.out,1359.1023148429358,-0.277,0.0691,26.9086,0.0,-1320.2242061293,143.8576771270635,145.76161197244875,-2187.3750615005,0.23902216030001
FMNR_red_435_cutoff_0.0.inp.out,1350.753674900825,-0.268,0.058,25.2932,0.0,-1319.8031732892,-132.00218141759737,-51.91689111447305,-2186.9271911959,0.2350837820995366
FMNR_red_436_cutoff_0.0.inp.out,1365.7558155315753,-0.2725,0.0603,24.0364,0.0,-1320.3270335303,-130.77152323731735,-4.536631498893049,-2187.4513844634,0.2353474968003865
FMNR_red_437_cutoff_0.0.inp.out,1363.2294367344623,-0.2392,0.0777,24.7923,0.0,-1319.7771231937,0.1927384034021986,87.96014147037874,-2186.8965081309,0.2066901197995321
FMNR_red_438_cutoff_0.0.inp.out,1366.520972657608,-0.2445,0.0914,25.7045,0.0,-1320.0158780117,88.31307531886934,3.6137040047630222,-2187.1782032305,0.2106410991000302
FMNR_red_439_cutoff_0.0.inp.out,1364.0281023841137,-0.2739,0.0622,25.3376,0.0,-1319.9891662931,32.30455676701229,56.664168185396285,-2187.1637711607,0.2420783625002514
FMNR_red_43_cutoff_0.0.inp.out,1340.295641780864,-0.2937,0.0466,23.4498,0.0,-1319.7894952694,-211.3845947908176,-221.7796072947728,-2186.3863581848,0.2495916758007297
FMNR_red_440_cutoff_0.0.inp.out,1364.9763876399295,-0.2687,0.0759,23.5153,0.0,-1320.2657446723,36.00077241581874,-4.2521555252899,-2187.4380766155,0.233809269700032
FMNR_red_441_cutoff_0.0.inp.out,1367.4964234930442,-0.2791,0.0619,26.3658,0.0,-1320.289074086,-135.31396100203264,-16.76464813935686,-2187.4706623402,0.2404147731003831
FMNR_red_442_cutoff_0.0.inp.out,1362.3160454328213,-0.2813,0.0637,26.0542,0.0,-1320.8045764745,-165.1882326434492,-47.974158767447214,-2187.9617489332,0.2404470371993738
FMNR_red_443_cutoff_0.0.inp.out,1362.3743359666996,-0.2914,0.0566,24.1374,0.0,-1320.3687873539,-260.52980010708416,-111.42706362187847,-2187.5279219299,0.2495000996004819
FMNR_red_444_cutoff_0.0.inp.out,1361.3009868953034,-0.2871,0.0478,25.2282,0.0,-1320.3114093118,73.50420072254212,128.18319223668058,-2187.4828536974,0.2458703554002568
FMNR_red_445_cutoff_0.0.inp.out,1357.9332106947436,-0.2745,0.0662,25.7125,0.0,-1320.976901184,-116.89383215394398,-113.96628804411604,-2188.1402477261,0.2360040841003865
FMNR_red_446_cutoff_0.0.inp.out,1358.4572412479672,-0.2828,0.0476,25.4339,0.0,-1320.2064044327,-107.82688957992237,-175.94199777927383,-2187.3873843509,0.2483421280003312
FMNR_red_447_cutoff_0.0.inp.out,1367.2257817932232,-0.2786,0.0765,25.0573,0.0,-1320.7093552273,-231.73101962464207,-296.24558378697077,-2187.874502812,0.2408536769999045
FMNR_red_448_cutoff_0.0.inp.out,1370.1417555528103,-0.2663,0.0623,25.7408,0.0,-1320.4725747408,-64.58839944293123,-217.01556143460644,-2187.6417174055,0.2412612641001033
FMNR_red_449_cutoff_0.0.inp.out,1362.3048863569345,-0.2712,0.0748,26.5589,0.0,-1320.0668758053,-20.387111648605316,-38.17600811228615,-2187.2299074981,0.2305898585991599
FMNR_red_44_cutoff_0.0.inp.out,1347.4971330331591,-0.2468,0.0676,23.3707,0.0,-1319.6128998877,-429.0068713211232,-490.3815316180297,-2186.2596083203,0.2054724098006772
FMNR_red_450_cutoff_0.0.inp.out,1367.6800950226043,-0.2523,0.0768,22.9358,0.0,-1320.9081437602,-100.62474533865252,-162.52720477709326,-2188.0259184298,0.2208763660000841
FMNR_red_451_cutoff_0.0.inp.out,1371.3841659513257,-0.2696,0.0626,23.5409,0.0,-1320.6733148971,142.8544541578439,29.709512924476584,-2187.8010560695,0.2328364394998061
FMNR_red_452_cutoff_0.0.inp.out,1373.8518327164106,-0.2459,0.0721,24.7293,0.0,-1320.8165709544,-131.9653173004135,-74.69910340617669,-2187.9645208235,0.2122836101998473
FMNR_red_453_cutoff_0.0.inp.out,1366.414674637767,-0.2635,0.0742,23.4653,0.0,-1320.6009365392,-115.66712500462366,-233.5374878499455,-2187.7012107731,0.2248040567001226
FMNR_red_454_cutoff_0.0.inp.out,1370.111260731802,-0.2597,0.0628,22.9287,0.0,-1320.9647696162,-293.74209741962824,-246.14348991986753,-2188.0970465796,0.2291413504999582
FMNR_red_455_cutoff_0.0.inp.out,1368.1180047240769,-0.2784,0.0573,23.6568,0.0,-1319.9132806206,-128.76204021371447,-145.86968904655194,-2187.0597871785,0.2399222630001531
FMNR_red_456_cutoff_0.0.inp.out,1354.5076145339794,-0.2659,0.0731,23.2674,0.0,-1319.9737687932,-84.76406299996054,-139.4112506162122,-2187.1140767801,0.2305445156998757
FMNR_red_457_cutoff_0.0.inp.out,1371.0850108335646,-0.2752,0.0603,23.7439,0.0,-1320.520303383,-194.70359574602077,-112.69068941842156,-2187.6892795491,0.2342033862996686
FMNR_red_458_cutoff_0.0.inp.out,1362.7558833268488,-0.2691,0.0644,21.8352,0.0,-1320.3393393004,-311.5844650410965,-321.84921863690505,-2187.4874042291,0.228399046600316
FMNR_red_459_cutoff_0.0.inp.out,1368.5210635274298,-0.2668,0.0739,24.0595,0.0,-1320.7360832667,-169.6271134493349,-182.9802820872389,-2187.8767702971,0.2259079481000299
FMNR_red_45_cutoff_0.0.inp.out,1351.0577012426115,-0.2704,0.0599,23.3256,0.0,-1319.9488818792,-323.2114082947667,-422.87402564299134,-2186.4775250324,0.224996435099456
FMNR_red_460_cutoff_0.0.inp.out,1364.5777441623402,-0.2826,0.0535,25.756,0.0,-1320.3027846754,-70.18410499917523,-152.89592992584656,-2187.474895141,0.2444375645000036
FMNR_red_461_cutoff_0.0.inp.out,1365.5419122583407,-0.2639,0.0767,24.6019,0.0,-1320.518568929,-241.0912081419612,-257.102037640006,-2187.6500626735,0.2236561634999816
FMNR_red_462_cutoff_0.0.inp.out,1355.1168067054434,-0.2576,0.074,24.3293,0.0,-1320.5729845666,-93.9884032340719,-93.08832420197253,-2187.673464287,0.2203593627000373
FMNR_red_463_cutoff_0.0.inp.out,1361.6965510817593,-0.249,0.083,22.3915,0.0,-1320.6995083028,-61.43829522082211,-113.9128103884416,-2187.7837121547,0.2193778088003455
FMNR_red_464_cutoff_0.0.inp.out,1364.6055708907295,-0.2491,0.0779,20.7491,0.0,-1320.735057216,-161.43882764470942,-149.91083625768837,-2187.797546143,0.2184113337998496
FMNR_red_465_cutoff_0.0.inp.out,1359.6402913526867,-0.2597,0.0709,23.3528,0.0,-1320.2568241424,15.478520500335522,-19.51907087410061,-2187.3588549082,0.2295057767996695
FMNR_red_466_cutoff_0.0.inp.out,1357.839372574471,-0.2859,0.0475,21.5922,0.0,-1320.6917755352,-231.3799450173219,-140.4872752475967,-2187.7958301843,0.248637654799495
FMNR_red_467_cutoff_0.0.inp.out,1354.3031781212717,-0.2682,0.0683,22.7429,0.0,-1320.4964178102,-178.08295808586547,-135.13484693354826,-2187.6031930309,0.2356543489004252
FMNR_red_468_cutoff_0.0.inp.out,1364.215811264831,-0.2729,0.0704,22.2498,0.0,-1320.2576989062,-242.13176614638616,-133.40712599525156,-2187.353406323,0.237825713699749
FMNR_red_469_cutoff_0.0.inp.out,1361.2714866022664,-0.2767,0.057,24.3727,0.0,-1320.5589852744,-212.1030454145347,-318.98932371470477,-2187.6711083283,0.2365112436000345
FMNR_red_46_cutoff_0.0.inp.out,1343.463990079144,-0.2718,0.0407,25.436,0.0,-1319.6566445214,-270.6611044507133,-414.35144721789567,-2186.3526234829,0.2307760334006161
FMNR_red_470_cutoff_0.0.inp.out,1358.201998502262,-0.2464,0.0785,22.7251,0.0,-1320.6755295668,-229.0963261187713,-184.25470409336688,-2187.7552131712,0.2164624984006877
FMNR_red_471_cutoff_0.0.inp.out,1367.575820719017,-0.2718,0.0494,22.2716,0.0,-1320.5461044232,-3.0763250637622894,-69.36218473697755,-2187.6287141204,0.2302748037000128
FMNR_red_472_cutoff_0.0.inp.out,1353.40123115744,-0.2615,0.0708,22.0469,0.0,-1320.7691248312,-222.38030453315292,-304.2463005098114,-2187.8283654985,0.2277249846001723
FMNR_red_473_cutoff_0.0.inp.out,1358.3006262567026,-0.2601,0.062,23.1494,0.0,-1320.7048374422,-414.2313229289469,-390.85527541835074,-2187.8175228841,0.2281225119995724
FMNR_red_474_cutoff_0.0.inp.out,1356.0880173984403,-0.2557,0.0662,21.398,0.0,-1320.3175282225,-85.312290053051,-178.1000514425561,-2187.4010912531,0.2169734074996085
FMNR_red_475_cutoff_0.0.inp.out,1367.6564182826608,-0.2621,0.0766,23.1384,0.0,-1320.382577655,-464.628495864376,-400.37584560743664,-2187.5102122623,0.2225083242001346
FMNR_red_476_cutoff_0.0.inp.out,1371.3393459400477,-0.2701,0.0724,23.2731,0.0,-1320.3070020858,-231.1420821067311,-283.31270601958937,-2187.408748374,0.2339021559000684
FMNR_red_477_cutoff_0.0.inp.out,1362.6100608868885,-0.2491,0.0734,24.9844,0.0,-1320.0361595741,-282.12898046473754,-386.92276930988766,-2187.1191037371,0.2170887726997534
FMNR_red_478_cutoff_0.0.inp.out,1364.1192033384166,-0.2611,0.0792,22.6217,0.0,-1319.9062904159,-176.78403410314235,-181.35442815960545,-2187.0128168635,0.2221690177993878
FMNR_red_479_cutoff_0.0.inp.out,1366.2842036976892,-0.2549,0.0736,21.9741,0.0,-1320.0139039857,-220.4725479050417,-228.2460112134334,-2187.1003162274,0.2243361681994429
FMNR_red_47_cutoff_0.0.inp.out,1361.5207821043855,-0.2218,0.0785,23.1738,0.0,-1319.7794315162,-449.4371233088245,-577.3324795100023,-2186.4813424364,0.1849283480005397
FMNR_red_480_cutoff_0.0.inp.out,1359.3881562416373,-0.2447,0.0869,26.4195,0.0,-1320.1106347452,-156.16580674543394,-341.1131423623592,-2187.2043694316,0.2067849478999051
FMNR_red_481_cutoff_0.0.inp.out,1361.2579220281118,-0.2534,0.0628,24.965,0.0,-1320.028760764,-95.19214044449006,-144.2277225078356,-2187.1297576345,0.2210488649998296
FMNR_red_482_cutoff_0.0.inp.out,1354.414493530409,-0.2873,0.0687,25.8908,0.0,-1320.2149891358,-228.46935113150556,-339.1863031727032,-2187.3339829098,0.2453052939999906
FMNR_red_483_cutoff_0.0.inp.out,1355.5696027238862,-0.2749,0.0634,21.4321,0.0,-1320.4517294454,-282.2783371737776,-260.8951178789027,-2187.5549166634,0.231364587400094
FMNR_red_484_cutoff_0.0.inp.out,1357.0687654201488,-0.2544,0.0711,22.9161,0.0,-1320.4832610842,-154.5794813274673,-279.9029826616375,-2187.5549291931,0.2140197636999801
FMNR_red_485_cutoff_0.0.inp.out,1356.8888100448205,-0.2546,0.072,21.9176,0.0,-1320.2339358917,-405.7733580556673,-381.227389020089,-2187.2861636094,0.2194168167998214
FMNR_red_486_cutoff_0.0.inp.out,1366.4276070619749,-0.2701,0.0547,23.0306,0.0,-1319.8083811969,-231.28478729730537,-304.2364746531871,-2186.9300816665,0.2323246690002633
FMNR_red_487_cutoff_0.0.inp.out,1359.3180376833814,-0.2725,0.0578,24.4714,0.0,-1320.2147303904,-251.90494410930012,-223.75542227826205,-2187.3191166818,0.231277243000477
FMNR_red_488_cutoff_0.0.inp.out,1360.6639843578307,-0.2738,0.0553,22.2743,0.0,-1320.0081517054,-158.51196386774978,-170.09266531603456,-2187.1010861405,0.2369595006002782
FMNR_red_48_cutoff_0.0.inp.out,1359.033960494696,-0.2531,0.0833,23.7881,0.0,-1320.2129136407,-472.8443338661003,-464.4541331425621,-2186.8990677354,0.2188619708003898
FMNR_red_49_cutoff_0.0.inp.out,1363.7840268364876,-0.274,0.062,25.3252,0.0,-1319.9887629682,-508.1987739055368,-592.5960093619078,-2187.1623360209,0.2422086914002648
FMNR_red_4_cutoff_0.0.inp.out,1356.0501087175944,-0.2621,0.0747,23.2675,0.0,-1320.1671591771,-288.1387446076059,-316.85797649175134,-2187.2566636283,0.2266251620994808
FMNR_red_50_cutoff_0.0.inp.out,1364.1708760136462,-0.2844,0.0638,25.3258,0.0,-1320.0611607971,76.2219078483688,110.53375061225525,-2187.2655288968,0.2489694134001183
FMNR_red_51_cutoff_0.0.inp.out,1361.0339603854911,-0.2947,0.0489,26.225,0.0,-1320.5027782227,-41.131772826910826,-39.82430512640972,-2187.6961075555,0.2547696332994746
FMNR_red_52_cutoff_0.0.inp.out,1356.5747543894718,-0.2691,0.0685,25.6345,0.0,-1320.4580079094,62.89847216210465,-86.79270580267769,-2187.5909004037,0.2294609127002331
FMNR_red_53_cutoff_0.0.inp.out,1365.0527395793763,-0.262,0.0671,23.4109,0.0,-1320.3684470685,-145.97849316244498,-93.30225313999804,-2187.5034624085,0.2240305391997026
FMNR_red_54_cutoff_0.0.inp.out,1362.508118071861,-0.2595,0.0639,26.7364,0.0,-1320.43974877,-154.6220898658146,-207.75620509241656,-2187.5762737692,0.2202363605001664
FMNR_red_55_cutoff_0.0.inp.out,1364.1132292140278,-0.2535,0.0735,25.7869,0.0,-1320.3831991383,-195.8564920780705,-215.01801128663485,-2187.505209056,0.2163534709998202
FMNR_red_56_cutoff_0.0.inp.out,1368.409496256268,-0.2878,0.0554,28.4933,0.0,-1320.4608898805,-376.345463769685,-393.0501837225524,-2187.6364071876,0.2471963202006009
FMNR_red_57_cutoff_0.0.inp.out,1362.1390675638868,-0.2521,0.0763,25.4271,0.0,-1320.0275960471,-97.05037881590684,-198.8528464748449,-2187.1696704959,0.2163459633002276
FMNR_red_58_cutoff_0.0.inp.out,1364.8936643693482,-0.2504,0.0732,24.1621,0.0,-1320.4405541596,-406.86361002719343,-423.40725256575575,-2187.5899597907,0.2163144467995152
FMNR_red_59_cutoff_0.0.inp.out,1359.819778260622,-0.266,0.0559,24.7946,0.0,-1320.5117751462,-285.72313434212356,-356.6852534672049,-2187.6703374767,0.2298708412999985
FMNR_red_5_cutoff_0.0.inp.out,1356.141509132238,-0.2541,0.0861,22.988,0.0,-1320.1965357392,-380.3137872906228,-388.2820096761872,-2187.24597689,0.2161923479998222
FMNR_red_60_cutoff_0.0.inp.out,1362.912316740198,-0.2655,0.0501,24.23,0.0,-1320.0310703819,-105.31997216091118,-230.3450023790335,-2187.15477695,0.2268350038002609
FMNR_red_61_cutoff_0.0.inp.out,1355.3762405939854,-0.2528,0.0734,22.7667,0.0,-1320.2828861662,-101.64352770248644,-153.3321289052384,-2187.3752423551,0.2209801250000964
FMNR_red_62_cutoff_0.0.inp.out,1362.908711328122,-0.2622,0.0686,21.8802,0.0,-1320.2606450328,-106.40107936029912,-136.26677275685586,-2187.3749648018,0.2289703003998511
FMNR_red_63_cutoff_0.0.inp.out,1361.0070053856148,-0.2562,0.0726,23.1345,0.0,-1320.3366040012,-167.1647650212658,-116.76086351244211,-2187.4686805136,0.2271366261002185
FMNR_red_64_cutoff_0.0.inp.out,1350.702704717577,-0.2783,0.0499,23.1993,0.0,-1320.1806829584,-74.4208218443478,-45.86595142512077,-2187.3000499613,0.2449706452998725
FMNR_red_65_cutoff_0.0.inp.out,1362.1825604817825,-0.2803,0.0495,24.4699,0.0,-1320.1195597105,-53.83450437402328,-74.5085949500611,-2187.2669473267,0.2364281139998638
FMNR_red_66_cutoff_0.0.inp.out,1368.235595117986,-0.26,0.0652,23.303,0.0,-1320.2693229999,-42.54365301055559,-101.79945582629954,-2187.3958409476,0.2289676223999777
FMNR_red_67_cutoff_0.0.inp.out,1360.2302227050332,-0.2804,0.0611,22.225,0.0,-1320.5228677209,-242.58284968837265,-250.7519891663331,-2187.646001596,0.2458751521999147
FMNR_red_68_cutoff_0.0.inp.out,1364.651864084287,-0.2647,0.0687,25.2327,0.0,-1319.760447988,-79.40573375017277,-152.70661371661194,-2186.9254514211,0.2287018484003056
FMNR_red_69_cutoff_0.0.inp.out,1371.5203009545562,-0.2748,0.0478,24.8773,0.0,-1320.0929770537,-226.4489906463375,-296.74016072139193,-2187.2613098618,0.2323443834002319
FMNR_red_6_cutoff_0.0.inp.out,1358.8936965523744,-0.2637,0.0698,22.4345,0.0,-1320.0561557038,-252.9522861580451,-301.5541010192787,-2187.1368255773,0.2250379205997887
FMNR_red_70_cutoff_0.0.inp.out,1370.9670670085504,-0.2684,0.0691,25.6919,0.0,-1320.170369865,-128.6979796504879,-217.8043433723506,-2187.3267094038,0.2302711983002154
FMNR_red_71_cutoff_0.0.inp.out,1371.5271728438345,-0.2648,0.0716,23.1895,0.0,-1320.2815172289,-416.0995743220534,-409.4405813399149,-2187.4425437696,0.2344429740996929
FMNR_red_72_cutoff_0.0.inp.out,1365.4138615568183,-0.2713,0.0641,23.0065,0.0,-1320.3309756407,-301.0988641317672,-408.0068163156237,-2187.4438949611,0.2369632779000312
FMNR_red_73_cutoff_0.0.inp.out,1360.2077622093054,-0.2626,0.0596,22.4302,0.0,-1320.6566949628,-341.84689609504505,-414.14869630624634,-2187.7669640803,0.2313364340998305
FMNR_red_74_cutoff_0.0.inp.out,1372.2630780209142,-0.2733,0.0587,23.3025,0.0,-1320.1653673404,-150.59882665534033,-232.96913695630656,-2187.302310527,0.2397771641999497
FMNR_red_75_cutoff_0.0.inp.out,1372.897006808556,-0.245,0.0769,23.8193,0.0,-1320.5046139292,-93.902771782914,-293.57313748014576,-2187.6526006129,0.2118999408003219
FMNR_red_76_cutoff_0.0.inp.out,1366.2787637893214,-0.2614,0.0689,23.4649,0.0,-1320.6836663295,-472.0134072158084,-526.3328515472851,-2187.8028021433,0.2287081101003423
FMNR_red_77_cutoff_0.0.inp.out,1359.282150222795,-0.2643,0.0597,23.834,0.0,-1320.2769217795,-200.33699960697572,-263.44812818430995,-2187.3997131436,0.2324718031995871
FMNR_red_78_cutoff_0.0.inp.out,1367.4984915716825,-0.2555,0.0712,23.9932,0.0,-1320.1836789621,-288.561048345957,-289.06911193387134,-2187.3132543834,0.2203364421993683
FMNR_red_79_cutoff_0.0.inp.out,1362.209107216641,-0.2668,0.0656,23.3151,0.0,-1319.9377134822,-342.91871352326143,-349.95625076317623,-2187.0642449004,0.2282754774005297
FMNR_red_7_cutoff_0.0.inp.out,1362.2056236768883,-0.2534,0.0711,21.812,0.0,-1320.0797886061,-176.40383431019723,-133.46371095242552,-2187.1562861812,0.2192194305998782
FMNR_red_80_cutoff_0.0.inp.out,1361.6911886810008,-0.2432,0.0829,23.2653,0.0,-1320.654153037,-342.08177601065546,-367.9683495064016,-2187.7477935038,0.2096500727002421
FMNR_red_81_cutoff_0.0.inp.out,1360.9028430115318,-0.2764,0.0626,23.9157,0.0,-1319.9410296395,-427.5424520841785,-600.5823895077758,-2187.0720519324,0.2353626356998575
FMNR_red_82_cutoff_0.0.inp.out,1355.7383241202133,-0.2581,0.0777,23.8177,0.0,-1320.3099911885,-347.1014261501281,-414.129389921421,-2187.4007237699,0.2165308518005986
FMNR_red_83_cutoff_0.0.inp.out,1360.7637723713176,-0.2635,0.0586,22.5518,0.0,-1320.2401104684,-385.2801883582486,-498.990657285676,-2187.3591941007,0.232534250199933
FMNR_red_84_cutoff_0.0.inp.out,1368.085610100477,-0.2394,0.0817,24.3009,0.0,-1320.1489522843,-324.6767620550149,-623.1192121517561,-2187.2582833691,0.2029245643998365
FMNR_red_85_cutoff_0.0.inp.out,1367.572261960022,-0.238,0.0785,22.6939,0.0,-1320.4622210422,-739.9487197834736,-870.2899719710274,-2187.5650641359,0.2056621805004397
FMNR_red_86_cutoff_0.0.inp.out,1358.0316785776545,-0.2322,0.0965,22.8949,0.0,-1320.7092236949,-451.6324542404814,-441.4821239919794,-2187.78975821,0.1960324801002571
FMNR_red_87_cutoff_0.0.inp.out,1362.0859659538603,-0.2692,0.0659,21.9576,0.0,-1320.3480504758,-618.5510264284852,-579.5498099126698,-2187.4525428404,0.2257374485998298
FMNR_red_88_cutoff_0.0.inp.out,1358.781239016789,-0.2583,0.0741,23.2526,0.0,-1320.6282528748,-332.80694304957103,-419.00649084123415,-2187.7313075161,0.216109415900064
FMNR_red_89_cutoff_0.0.inp.out,1358.9514878098007,-0.2552,0.0702,24.7318,0.0,-1320.3740643095,-440.43504177860297,-330.0139476801445,-2187.4985194781,0.2167989263998606
FMNR_red_8_cutoff_0.0.inp.out,1372.8387727825605,-0.2579,0.0787,24.5915,0.0,-1320.0339887195,-323.5640589060878,-305.00315970840927,-2187.1195020127,0.2244541534000745
FMNR_red_90_cutoff_0.0.inp.out,1366.527127699137,-0.2573,0.0641,23.3745,0.0,-1320.1364911089,-351.19177557222326,-403.3268776100942,-2187.2432431029,0.2209065495999311
FMNR_red_91_cutoff_0.0.inp.out,1363.997002998858,-0.2862,0.0515,24.8607,0.0,-1320.0895216092,-592.0817877561183,-560.9333641646879,-2187.2468333208,0.243682255099884
FMNR_red_92_cutoff_0.0.inp.out,1360.2548336706411,-0.2796,0.0478,23.0178,0.0,-1320.3645133338,-163.9997549262879,-219.27268571705753,-2187.4969616132,0.2377607030002764
FMNR_red_93_cutoff_0.0.inp.out,1361.9795440169264,-0.2701,0.0601,22.4186,0.0,-1320.3361426991,-33.419336690225116,-151.52328672893776,-2187.4502400668,0.2212388662001103
FMNR_red_94_cutoff_0.0.inp.out,1360.606154395143,-0.2961,0.0365,23.9262,0.0,-1320.1190240761,-239.9363518770946,-179.32486667639736,-2187.2841738193,0.2502674528004718
FMNR_red_95_cutoff_0.0.inp.out,1367.251797769142,-0.2596,0.0683,24.1976,0.0,-1320.1456480324,74.05951722782211,4.848007520127214,-2187.2488183414,0.2159324876993196
FMNR_red_96_cutoff_0.0.inp.out,1371.7903537465938,-0.266,0.0748,25.2343,0.0,-1320.4620454787,-263.9638571109643,-329.1281536368869,-2187.6137422392,0.2290228159999969
FMNR_red_97_cutoff_0.0.inp.out,1372.8066365312584,-0.2631,0.0575,24.3089,0.0,-1320.3949676182,-170.82291929769704,-64.00186995188325,-2187.5414754465,0.2306389233999652
FMNR_red_98_cutoff_0.0.inp.out,1360.8051510677617,-0.2713,0.0719,24.7159,0.0,-1320.6862663892,29.951701295525076,100.21423385272408,-2187.8072311327,0.2351643873998909
FMNR_red_99_cutoff_0.0.inp.out,1364.2782098344444,-0.2741,0.0617,25.2931,0.0,-1319.9870907625,107.6201630315826,169.59901021956944,-2187.1622826926,0.2422497618008492
FMNR_red_9_cutoff_0.0.inp.out,1370.6484926644478,-0.2581,0.0669,25.0182,0.0,-1319.9783435673,-432.77468421964113,-422.0093543181297,-2187.0211254041,0.2281523398996796
