file_name,NRE,HOMO,LUMO,Dipole_mom,Num_waters,chg_chg,elec5,elec10,SCF_E,delE_dft
BENR_red_0_cutoff_0.0.inp.out,199.5730133310607,-0.3462,0.1576,0.5482,0.0,-1325.4627260294,-0.1884216679768655,-0.3499583943490516,-1554.6387838233,0.3381548507995831
BENR_red_100_cutoff_0.0.inp.out,201.7675835121232,-0.357,0.1558,0.5433,0.0,-1326.2516838305,0.0580631493289565,1.6789813620249163,-1555.4398013203,0.3381846236998171
BENR_red_101_cutoff_0.0.inp.out,201.82472252240925,-0.363,0.1544,0.631,0.0,-1326.2232444796,1.0835193997568724,4.3571337806614245,-1555.4108017434,0.3377665565003553
BENR_red_102_cutoff_0.0.inp.out,201.50686640162655,-0.3846,0.1303,0.6493,0.0,-1325.9402051236,-0.178183915268644,1.0621257259326942,-1555.1270739177,0.3693438846003118
BENR_red_103_cutoff_0.0.inp.out,200.41107122362075,-0.3325,0.1727,0.5483,0.0,-1325.7887892153,-2.043031655088502,-2.451329382966678,-1554.9701225077,0.3208252632002768
BENR_red_104_cutoff_0.0.inp.out,201.2068647081152,-0.3664,0.1402,0.4399,0.0,-1326.3807917643,-1.8749586284691204,-2.3561429712739805,-1555.5649331052,0.3545724661998974
BENR_red_105_cutoff_0.0.inp.out,201.00518467288776,-0.3396,0.162,0.4073,0.0,-1325.3810621104,-0.8319349250968879,-1.3158722164206085,-1554.5656764617,0.3242171515994414
BENR_red_106_cutoff_0.0.inp.out,201.93832153694436,-0.3388,0.1689,0.4549,0.0,-1325.8671392547,-0.7670018872681196,-0.8264008084590483,-1555.0533989127,0.321516445999805
BENR_red_107_cutoff_0.0.inp.out,200.99638919911197,-0.3352,0.1663,0.2928,0.0,-1325.8044267182,-0.0878196796329312,-0.2662638748238736,-1554.9891334861,0.3170742484999209
BENR_red_108_cutoff_0.0.inp.out,201.5354687328706,-0.3337,0.1717,0.7325,0.0,-1325.6857035389,-1.1443881162774314,-1.5917728034202467,-1554.8767037191,0.3176201021005909
BENR_red_109_cutoff_0.0.inp.out,201.89653539040043,-0.3124,0.1949,0.351,0.0,-1326.1744334933,0.6493585216645076,0.6298058584955204,-1555.3561109238,0.3028176497000459
BENR_red_10_cutoff_0.0.inp.out,205.36399997959637,-0.3465,0.1858,0.3608,0.0,-1325.9277223041,0.0124272198707569,-0.2056224917928529,-1555.1146974952,0.3343064021992177
BENR_red_110_cutoff_0.0.inp.out,201.91405700872969,-0.3527,0.1635,0.4121,0.0,-1325.8196151076,0.9940244265563092,0.5269197817787573,-1555.0017045744,0.3280287775996839
BENR_red_111_cutoff_0.0.inp.out,203.01463010432775,-0.3429,0.1796,0.8372,0.0,-1325.9424274692,1.2551709792442527,-0.2191139598591254,-1555.1307079061,0.3206067863002317
BENR_red_112_cutoff_0.0.inp.out,202.2589408322996,-0.3582,0.1611,0.2738,0.0,-1325.8965919237,1.162848951284174,0.206020111776112,-1555.0904040936,0.3404610548996061
BENR_red_113_cutoff_0.0.inp.out,202.4720663653157,-0.3386,0.1763,0.3561,0.0,-1326.108832329,0.2058694617965024,0.4046555911017076,-1555.2982286683,0.3210711548999825
BENR_red_114_cutoff_0.0.inp.out,200.80446682354312,-0.3155,0.1985,0.7167,0.0,-1325.8548362371,1.1273526688563416,0.6446735653794862,-1555.0413498836,0.3031986580999728
BENR_red_115_cutoff_0.0.inp.out,200.79385094751575,-0.3496,0.163,0.1808,0.0,-1325.8531675419,0.0011794050788229,0.028544675938953,-1555.0348989655,0.3272252226006458
BENR_red_116_cutoff_0.0.inp.out,200.66412657038657,-0.3146,0.1858,0.5304,0.0,-1325.7923325504,2.1439864277994523,1.7796015771477631,-1554.9740485147,0.3026682200998039
BENR_red_117_cutoff_0.0.inp.out,199.84809511027103,-0.3417,0.1565,0.9045,0.0,-1325.8166240646,0.5753828184780754,0.8193607702508359,-1554.9908725602,0.3249189669995758
BENR_red_118_cutoff_0.0.inp.out,199.63852327512495,-0.3503,0.1529,0.4371,0.0,-1326.0553675793,-0.9720017421040388,-0.2644972281599173,-1555.2379709854,0.3343321055999695
BENR_red_119_cutoff_0.0.inp.out,199.68057700413047,-0.3554,0.1596,0.5154,0.0,-1325.7161549788,-1.0140474952949874,-0.5419974194710684,-1554.908419835,0.3437078810002276
BENR_red_11_cutoff_0.0.inp.out,205.07203884752056,-0.3724,0.1564,0.1677,0.0,-1325.481696965,0.6856385364299227,0.6520020577586054,-1554.6677738028,0.3556442049002726
BENR_red_120_cutoff_0.0.inp.out,201.41218910456317,-0.3309,0.1812,0.3918,0.0,-1326.1258416254,3.2665984985411765,2.525930897502583,-1555.3100825081,0.3175304756996411
BENR_red_121_cutoff_0.0.inp.out,200.78659212520893,-0.3297,0.1743,0.2221,0.0,-1325.6526506293,0.5053436008843009,0.5701111485460718,-1554.8382552057,0.3189164184996116
BENR_red_122_cutoff_0.0.inp.out,201.16343169236976,-0.3466,0.1557,0.7965,0.0,-1325.7447294018,-1.5774259229889245,-0.8656007735629788,-1554.9354583793,0.3356325897993883
BENR_red_123_cutoff_0.0.inp.out,201.1704972772665,-0.3579,0.1654,0.5302,0.0,-1325.5846992556,0.4204634320825211,-0.0846718437209177,-1554.7681621275,0.3400769789996047
BENR_red_124_cutoff_0.0.inp.out,202.47217560613825,-0.3392,0.186,0.3307,0.0,-1325.4333520845,1.3470995674909445,0.8188524913979649,-1554.6231298468,0.32001689469962
BENR_red_125_cutoff_0.0.inp.out,202.02264540992215,-0.3463,0.176,0.5902,0.0,-1325.3639309308,0.7143783251135352,1.1289533370535303,-1554.5455616834,0.3364654923998387
BENR_red_126_cutoff_0.0.inp.out,202.0990574869129,-0.348,0.1771,0.4868,0.0,-1325.8822071336,-1.7852638883088527,-1.83544011783274,-1555.0778603134,0.3329500865002046
BENR_red_127_cutoff_0.0.inp.out,202.1806853385485,-0.3701,0.1531,0.7483,0.0,-1325.7428525267,-1.7617223324532767,-0.3035149514124934,-1554.944544718,0.3476649542999439
BENR_red_128_cutoff_0.0.inp.out,202.34719154497915,-0.3728,0.1475,1.0925,0.0,-1325.6384393398,-4.6966647276919655,-2.3896508144177773,-1554.8274506342,0.3495995001994743
BENR_red_129_cutoff_0.0.inp.out,202.4556384724149,-0.3544,0.1691,0.2711,0.0,-1325.7149150151,0.0132238410737262,-0.514703778333509,-1554.9022441186,0.3369025826996221
BENR_red_12_cutoff_0.0.inp.out,204.6068504119644,-0.3399,0.1772,0.3944,0.0,-1325.8006520577,2.0507336543735324,0.4378639760595514,-1554.9850689064,0.3317744256000878
BENR_red_130_cutoff_0.0.inp.out,199.66921868806423,-0.3461,0.1583,0.5442,0.0,-1325.4659215821,-0.2649071904773355,-0.386929806607788,-1554.6434327337,0.3379180160000032
BENR_red_131_cutoff_0.0.inp.out,199.827348089201,-0.3534,0.1485,0.5185,0.0,-1325.4956714791,-1.5520558524283257,-1.5113589192614303,-1554.6875768965,0.345752657799494
BENR_red_132_cutoff_0.0.inp.out,199.31352291282863,-0.3484,0.1629,0.6978,0.0,-1325.5773982875,-0.35848442966665,-0.5068913091356954,-1554.7630950925,0.3424297052997644
BENR_red_133_cutoff_0.0.inp.out,200.47231017396996,-0.3431,0.1617,0.398,0.0,-1325.084420818,0.0628074654424376,0.616340703152116,-1554.2715567944,0.3332546835999892
BENR_red_134_cutoff_0.0.inp.out,201.18790738034673,-0.3315,0.1639,0.4779,0.0,-1325.8662374106,-0.7592948109749805,-1.9497052339010068,-1555.0491007223,0.3226172008007779
BENR_red_135_cutoff_0.0.inp.out,200.17369453448424,-0.348,0.1669,0.448,0.0,-1325.874868167,1.2534760254207713,-0.0647644792607848,-1555.0590692244,0.3299827750997792
BENR_red_136_cutoff_0.0.inp.out,201.20933348503732,-0.3358,0.1651,0.4941,0.0,-1325.4447657974,-0.8711618817916277,-0.7601278570055825,-1554.6320794863,0.3112380649999977
BENR_red_137_cutoff_0.0.inp.out,201.38528489015135,-0.3598,0.141,0.271,0.0,-1325.7649198524,0.281683848152631,0.0291274434166466,-1554.9502244928,0.3370215650002137
BENR_red_138_cutoff_0.0.inp.out,201.252735724374,-0.3368,0.1738,0.6119,0.0,-1325.6717176375,0.8276655780895894,0.4144653141654772,-1554.8438521296,0.3168956457993772
BENR_red_139_cutoff_0.0.inp.out,202.20402197977023,-0.3315,0.1814,0.6242,0.0,-1325.4525610736,1.5406907359446969,1.4722386827152407,-1554.6377012423,0.3148086964001777
BENR_red_13_cutoff_0.0.inp.out,202.8428326964759,-0.3342,0.1897,0.8309,0.0,-1325.9210312315,0.9711674662058104,0.0771528888480469,-1555.1071845926,0.3191248105995328
BENR_red_140_cutoff_0.0.inp.out,201.45060266342196,-0.3203,0.1841,0.4248,0.0,-1325.5582984051,2.3103169118327864,1.1627765750111696,-1554.7446597151,0.2972329329995773
BENR_red_141_cutoff_0.0.inp.out,202.60860688815015,-0.352,0.1706,0.4171,0.0,-1325.0584484945,-0.4313284007001152,-0.3074781043805424,-1554.2506832371,0.3289607517999684
BENR_red_142_cutoff_0.0.inp.out,203.78127268804,-0.3266,0.1815,0.2513,0.0,-1325.4418636464,1.5028250000694947,0.2441878802214222,-1554.6309162108,0.3103478549001011
BENR_red_143_cutoff_0.0.inp.out,202.6312662730932,-0.334,0.1815,0.3595,0.0,-1325.7698431384,-0.7617741216916032,-0.3340076082337598,-1554.9589755273,0.3167257357008566
BENR_red_144_cutoff_0.0.inp.out,203.54849785125765,-0.3242,0.2025,0.2894,0.0,-1325.444049375,0.3648304265716374,0.1694685130601833,-1554.6287623681,0.3083143316998757
BENR_red_145_cutoff_0.0.inp.out,203.40199976905907,-0.3611,0.1566,0.3753,0.0,-1325.4273511417,-1.0363963640569789,-0.3278071679267213,-1554.6175228271,0.3389609012001529
BENR_red_146_cutoff_0.0.inp.out,202.3799284709551,-0.3312,0.1899,0.4491,0.0,-1325.3657787524,1.038335573230014,-0.1143627579075919,-1554.5498342221,0.3136681722999128
BENR_red_147_cutoff_0.0.inp.out,201.83203889969087,-0.3722,0.1426,0.386,0.0,-1325.7155312005,0.4402085852266987,0.4285577090864272,-1554.9029018042,0.3562208043995269
BENR_red_148_cutoff_0.0.inp.out,201.26513709350277,-0.3487,0.166,0.5249,0.0,-1325.9794593967,0.340802877644049,-0.4514476875796696,-1555.1702614953,0.3298901933003435
BENR_red_149_cutoff_0.0.inp.out,200.91749825984968,-0.3337,0.1767,0.5244,0.0,-1325.6812495533,1.9764453473246104,0.1170567688587848,-1554.8635704653,0.3228419633996964
BENR_red_14_cutoff_0.0.inp.out,201.68427047626824,-0.3393,0.1634,0.3975,0.0,-1325.6635653624,2.317982565209929,0.5896094139037518,-1554.8531478144,0.3282558626997343
BENR_red_150_cutoff_0.0.inp.out,201.32719571950793,-0.3633,0.1543,0.1436,0.0,-1325.8735490972,-0.014591780082354,0.0080505523911493,-1555.0582781046,0.3404500880997148
BENR_red_151_cutoff_0.0.inp.out,200.5103940913514,-0.3565,0.1564,0.9598,0.0,-1325.5006137072,-2.23597437182217,-2.3849876480661933,-1554.6734471182,0.3428007147003882
BENR_red_152_cutoff_0.0.inp.out,200.93666975829112,-0.3597,0.1466,0.6146,0.0,-1325.6969197712,0.4426598887319822,0.0790908362389072,-1554.8819275615,0.341167234400018
BENR_red_153_cutoff_0.0.inp.out,201.0876908621036,-0.35,0.1521,0.044,0.0,-1325.36747611,0.8338417660299382,0.3476478041422602,-1554.5468227178,0.3337830687996757
BENR_red_154_cutoff_0.0.inp.out,201.2315255050344,-0.3416,0.1786,0.7104,0.0,-1325.4796677271,-1.5332642209400082,-1.9262703746290424,-1554.6586135209,0.3261676845004331
BENR_red_155_cutoff_0.0.inp.out,201.3883488844699,-0.361,0.1543,0.286,0.0,-1325.5996014773,-0.1950890532210494,0.6681526211634055,-1554.7899825728,0.3436357328000667
BENR_red_156_cutoff_0.0.inp.out,201.60641777722833,-0.3132,0.1861,0.3819,0.0,-1325.7233748146,-1.5779098458767633,-2.3038876627878797,-1554.9153892881,0.297672447700279
BENR_red_157_cutoff_0.0.inp.out,200.2547136170578,-0.3587,0.1551,0.418,0.0,-1325.8184052058,-0.006145708948897,-1.671812099597355,-1555.0037183358,0.3410096570996757
BENR_red_158_cutoff_0.0.inp.out,200.1194171791933,-0.3707,0.1316,0.2749,0.0,-1326.0905693314,-0.4523581540401161,-1.7085674076998698,-1555.282645985,0.3481941094996728
BENR_red_159_cutoff_0.0.inp.out,200.1907309872689,-0.3413,0.1719,0.308,0.0,-1325.9884440238,1.95178890272317,0.3402876793061165,-1555.1755575313,0.3265653216994906
BENR_red_15_cutoff_0.0.inp.out,200.9568481913158,-0.3361,0.1806,0.5168,0.0,-1325.4686014956,1.018274755654804,0.6113465018864295,-1554.6546866361,0.3247057838998444
BENR_red_160_cutoff_0.0.inp.out,199.6487527631102,-0.3486,0.1576,0.5537,0.0,-1325.9058460943,-4.068732493263277,-3.135862917212859,-1555.0835966636,0.3391740983997806
BENR_red_161_cutoff_0.0.inp.out,200.17112886263948,-0.3547,0.146,0.7199,0.0,-1325.9187120872,-1.377694893253165,-0.0140005084201103,-1555.1142963566,0.3378190201992765
BENR_red_162_cutoff_0.0.inp.out,200.3019982953126,-0.3503,0.1496,0.704,0.0,-1325.5850874596,-0.2212864993013162,0.7961536757210134,-1554.7838279431,0.3336257258997648
BENR_red_163_cutoff_0.0.inp.out,200.2182839749192,-0.3485,0.1646,0.5511,0.0,-1325.6137904884,0.9817344005535718,0.4481052169619953,-1554.7913554153,0.3386746099995434
BENR_red_164_cutoff_0.0.inp.out,200.31203886975712,-0.3548,0.1609,0.3829,0.0,-1325.8349738351,-0.0248815540451233,-0.5632674666147436,-1555.0247132723,0.3393689551003263
BENR_red_165_cutoff_0.0.inp.out,200.82909534821033,-0.3694,0.13,0.3412,0.0,-1326.0096061153,0.9640313740844818,-0.0908094895001094,-1555.2014286917,0.3541412710001168
BENR_red_166_cutoff_0.0.inp.out,200.53730251498385,-0.3462,0.15,0.5256,0.0,-1325.8153158521,2.667176589965625,1.8742076362704592,-1554.9979483907,0.3343979022001804
BENR_red_167_cutoff_0.0.inp.out,201.91117329176453,-0.3486,0.1686,0.4065,0.0,-1325.9912623707,0.8625065744610954,0.5510742246871029,-1555.1862103283,0.3303810158004125
BENR_red_168_cutoff_0.0.inp.out,202.36786238543803,-0.3441,0.1614,0.3619,0.0,-1325.8197696332,-0.1980662146633307,0.1789783873067612,-1555.0043109861,0.326050370300436
BENR_red_169_cutoff_0.0.inp.out,201.1153952397848,-0.3539,0.1688,0.3736,0.0,-1325.4748140206,-1.3282469175729452,-1.1879801972734982,-1554.6689323696,0.333794796300026
BENR_red_16_cutoff_0.0.inp.out,201.84673515578197,-0.3596,0.1412,0.2738,0.0,-1325.7277590799,-0.6446811787019832,-0.4709672680005557,-1554.9155806051,0.3433423004998985
BENR_red_170_cutoff_0.0.inp.out,200.6723042124817,-0.3417,0.1715,0.3598,0.0,-1325.8435510935,1.4855784806410783,-0.545887206212988,-1555.0332901711,0.3210222049001459
BENR_red_171_cutoff_0.0.inp.out,200.35869220862324,-0.344,0.1607,0.1715,0.0,-1325.4736422555,0.7768390184156757,0.4330278064714372,-1554.6652547223,0.3204263709003498
BENR_red_172_cutoff_0.0.inp.out,200.43038618468967,-0.3446,0.1585,0.4204,0.0,-1325.9212438262,0.2229584620506987,-0.1090550315901323,-1555.1151558873,0.3295668574000956
BENR_red_173_cutoff_0.0.inp.out,200.97322129333105,-0.3499,0.1692,0.232,0.0,-1326.2366343115,1.185636693423192,-0.1295692369783496,-1555.4249801898,0.3343019991007168
BENR_red_174_cutoff_0.0.inp.out,200.6600158620905,-0.3316,0.1766,0.5825,0.0,-1326.0054091633,1.7037937869737363,0.909199415307431,-1555.1961032802,0.3139395942998817
BENR_red_175_cutoff_0.0.inp.out,201.29139091104085,-0.3619,0.1479,0.537,0.0,-1326.4571111091,-0.5075917679620725,-0.9703642548845332,-1555.6409032088,0.3423191432993917
BENR_red_176_cutoff_0.0.inp.out,200.05724088958328,-0.3406,0.1594,0.4937,0.0,-1326.228505342,0.4526223817268379,-0.4871400079359413,-1555.4034094448,0.3266982127997835
BENR_red_177_cutoff_0.0.inp.out,200.83965459118548,-0.341,0.167,0.2622,0.0,-1325.9922046579,0.4650848861195225,-0.5215838526113673,-1555.1777307864,0.3247572764003053
BENR_red_178_cutoff_0.0.inp.out,201.88087675942137,-0.3612,0.1552,0.324,0.0,-1325.581685142,0.6738452093589847,0.4808000617097332,-1554.7692722794,0.340736033000212
BENR_red_179_cutoff_0.0.inp.out,202.6406903394613,-0.3467,0.1663,0.5558,0.0,-1325.8953127552,1.9583916758994409,2.0771429025092263,-1555.0795030416,0.327595151999958
BENR_red_17_cutoff_0.0.inp.out,202.53884672328695,-0.3415,0.1712,0.2664,0.0,-1325.6949319547,1.230728475181185,0.1279089832919948,-1554.8834344486,0.331523126799766
BENR_red_180_cutoff_0.0.inp.out,199.65450606153405,-0.3462,0.1583,0.5534,0.0,-1325.4745984611,-0.2436653622553961,-0.3389298879445356,-1554.6512057278,0.3379629790997569
BENR_red_181_cutoff_0.0.inp.out,199.83763022892495,-0.3343,0.1633,0.3837,0.0,-1325.4413655672,-0.6991229690586747,-1.0736736248750052,-1554.6266170788,0.3312581554991993
BENR_red_182_cutoff_0.0.inp.out,199.49721187480304,-0.3403,0.1532,0.2961,0.0,-1325.9488962044,-0.5149630692574959,-0.6390701628542319,-1555.1326367007,0.3279888389006373
BENR_red_183_cutoff_0.0.inp.out,199.9048819165941,-0.357,0.1567,0.2496,0.0,-1325.8038013351,-0.8627706561655248,-1.1641220131163408,-1554.9918659241,0.3432450825002888
BENR_red_184_cutoff_0.0.inp.out,201.3577066862825,-0.3551,0.147,0.3292,0.0,-1326.0037975531,-0.0543411349387395,-0.5515096690302763,-1555.1888326401,0.3445825367007273
BENR_red_185_cutoff_0.0.inp.out,201.4607593630429,-0.3575,0.158,0.2597,0.0,-1326.160912307,0.6073860720521601,-0.0745766998247957,-1555.3490795976,0.3442134315000658
BENR_red_186_cutoff_0.0.inp.out,202.30302703808687,-0.3394,0.1612,0.5832,0.0,-1326.6334386817,0.3603722172083993,0.9049967132398008,-1555.8080965923,0.3320100620003359
BENR_red_187_cutoff_0.0.inp.out,203.24201155933335,-0.3582,0.1566,0.2847,0.0,-1325.9924789008,1.5348651404692808,0.6545416378915275,-1555.1785029333,0.3355708719000176
BENR_red_188_cutoff_0.0.inp.out,201.85450792701496,-0.3591,0.1481,0.5749,0.0,-1326.0701987232,-0.3715793166713422,-0.95162894507093,-1555.2556244668,0.3488746999000796
BENR_red_189_cutoff_0.0.inp.out,202.0823210749192,-0.3709,0.1432,0.4365,0.0,-1326.238956848,-0.4438415074988255,-1.819054999664544,-1555.4218168211,0.3574609322004107
BENR_red_18_cutoff_0.0.inp.out,202.44035313658543,-0.3629,0.1662,0.295,0.0,-1326.1240518042,0.5336363880229609,0.3500874166788869,-1555.3143742823,0.3501369574005366
BENR_red_190_cutoff_0.0.inp.out,201.36958259277725,-0.3676,0.1534,0.4571,0.0,-1325.8435557406,-0.4675425028995728,-1.570800935552664,-1555.0391037027,0.3475311633992533
BENR_red_191_cutoff_0.0.inp.out,200.61773635489604,-0.3616,0.1508,0.6194,0.0,-1325.6537514843,-1.6920648347187677,-4.327861560768174,-1554.8453753181,0.3459489068000039
BENR_red_192_cutoff_0.0.inp.out,200.1635647723746,-0.3397,0.171,0.3681,0.0,-1325.8131922116,-0.71074026776982,-0.6611567567951311,-1555.002982209,0.3227794178001204
BENR_red_193_cutoff_0.0.inp.out,199.01247313863465,-0.3342,0.1682,0.6534,0.0,-1325.8904722894,-1.4929507021647304,-2.0875694284289317,-1555.0720978673,0.3210028001994942
BENR_red_194_cutoff_0.0.inp.out,198.6970574250144,-0.3373,0.1693,0.6323,0.0,-1326.0197094873,0.98334215955876,2.4233346512353555,-1555.2008086929,0.3232862290997218
BENR_red_195_cutoff_0.0.inp.out,198.6832938534967,-0.3447,0.1639,0.0359,0.0,-1326.0060589768,0.7887599578523798,0.0952797853212645,-1555.196503676,0.3327330781003184
BENR_red_196_cutoff_0.0.inp.out,198.93203756183408,-0.3291,0.1722,0.6936,0.0,-1325.9422840092,-2.5416107095922564,-3.741987884647181,-1555.1305739458,0.3211169173000598
BENR_red_197_cutoff_0.0.inp.out,199.61917113841216,-0.3205,0.1886,0.1272,0.0,-1326.0497692522,1.835715206005008,-0.1087524470883121,-1555.2292079031,0.3155511691002175
BENR_red_198_cutoff_0.0.inp.out,201.3093482266835,-0.3272,0.1886,0.4957,0.0,-1325.7770919227,-0.921683868915902,-2.294644791721608,-1554.9708777688,0.3138877297997169
BENR_red_199_cutoff_0.0.inp.out,199.86533873222731,-0.3473,0.1579,0.3571,0.0,-1326.0288829379,0.1136416430138081,-0.9898712899668074,-1555.2093855597,0.3318532469002093
BENR_red_19_cutoff_0.0.inp.out,202.3863229742954,-0.3452,0.1659,0.558,0.0,-1326.0858546426,3.5586978719860625,3.6754753740984287,-1555.2771775481,0.3324637286996221
BENR_red_1_cutoff_0.0.inp.out,200.17304293178853,-0.3442,0.1487,0.5376,0.0,-1325.4972831538,-1.2607712501301986,-1.9615963526198177,-1554.679503757,0.3386144256000989
BENR_red_200_cutoff_0.0.inp.out,200.1656795175233,-0.3342,0.1658,0.4083,0.0,-1326.0987554801,0.3058495012477649,0.3070834771258188,-1555.2826071556,0.3250011732006896
BENR_red_201_cutoff_0.0.inp.out,200.07370555927335,-0.3361,0.1675,0.1913,0.0,-1326.0127715019,0.5905297836740881,0.7020392595908405,-1555.2024089682,0.3154209711001385
BENR_red_202_cutoff_0.0.inp.out,200.0031353958651,-0.3228,0.1918,0.5311,0.0,-1325.7389796703,2.4561999643678205,2.892561537027596,-1554.9349456018,0.3080065599997397
BENR_red_203_cutoff_0.0.inp.out,200.3748467169285,-0.336,0.1704,0.5244,0.0,-1325.9901294936,0.916919016978342,0.1152572242479453,-1555.1826419376,0.3173192098001891
BENR_red_204_cutoff_0.0.inp.out,199.8173999860244,-0.3379,0.1738,0.1706,0.0,-1325.686185887,2.0755202392023784,1.670301508391799,-1554.8766298663,0.3241646481001226
BENR_red_205_cutoff_0.0.inp.out,201.62801012061308,-0.3509,0.1636,0.4984,0.0,-1325.684725758,1.2882008466320929,2.0305959329963397,-1554.880467497,0.331866328399883
BENR_red_206_cutoff_0.0.inp.out,201.55261143492268,-0.3401,0.1674,0.3251,0.0,-1325.8072535399,0.4916420920286929,0.9150776615441854,-1554.9902684909,0.3285167540007023
BENR_red_207_cutoff_0.0.inp.out,201.55916489124905,-0.3489,0.1689,0.7878,0.0,-1325.2172477781,0.9198023656183708,0.9702504111997238,-1554.4031611783,0.327295011699789
BENR_red_208_cutoff_0.0.inp.out,201.17085171905933,-0.3535,0.1411,0.8896,0.0,-1325.5438994877,-0.7510413623527314,0.6210456640470082,-1554.7304600549,0.3412070717995448
BENR_red_209_cutoff_0.0.inp.out,201.50408978716337,-0.341,0.1589,0.8028,0.0,-1325.5097209605,0.222793908087239,-0.4573462351157064,-1554.6940645922,0.3235914649994811
BENR_red_20_cutoff_0.0.inp.out,199.6242185123365,-0.3468,0.1578,0.5404,0.0,-1325.4736891735,-0.2272363453684838,-0.3277113370822866,-1554.6512727966,0.338350711399471
BENR_red_210_cutoff_0.0.inp.out,201.60420238939173,-0.3513,0.1588,0.842,0.0,-1325.7178665642,0.6114536508407197,2.06156923724099,-1554.9012520654,0.3333715185999608
BENR_red_211_cutoff_0.0.inp.out,201.69950532110187,-0.3458,0.1663,0.4202,0.0,-1325.5823488197,1.0281273350536162,0.7731810580291478,-1554.7622686081,0.3231156339006702
BENR_red_212_cutoff_0.0.inp.out,200.28155572283316,-0.333,0.1629,0.791,0.0,-1325.5263944487,-0.2805573489273083,1.7720554968079147,-1554.6978347042,0.3239956494999205
BENR_red_213_cutoff_0.0.inp.out,198.90114291899863,-0.329,0.1702,0.6675,0.0,-1325.8441915011,-0.4273932680809697,1.0365137954011443,-1555.0135834208,0.3191378450001139
BENR_red_214_cutoff_0.0.inp.out,199.09294681177025,-0.3222,0.1536,0.4562,0.0,-1325.5708633411,1.460190830622034,1.6026921612878815,-1554.7324090422,0.3155666562006445
BENR_red_215_cutoff_0.0.inp.out,198.7249753790157,-0.3086,0.1775,0.6036,0.0,-1325.6213885379,2.045341543600872,2.6571453107360665,-1554.7855078452,0.3053557248995275
BENR_red_216_cutoff_0.0.inp.out,199.2888977472032,-0.3418,0.1671,0.438,0.0,-1325.3358604784,-2.6601053307375646,-2.923404135073038,-1554.507240013,0.332887830600157
BENR_red_217_cutoff_0.0.inp.out,199.7428638666094,-0.3502,0.15,0.4126,0.0,-1325.6522718091,2.416506246019855,2.7103037719613914,-1554.825568369,0.3359524984998643
BENR_red_218_cutoff_0.0.inp.out,199.864474869283,-0.3615,0.1453,0.4401,0.0,-1324.9248800314,-0.4032641192398073,-0.2044003739251848,-1554.1041502173,0.3447414213997035
BENR_red_219_cutoff_0.0.inp.out,200.60866303498324,-0.3527,0.1424,0.5777,0.0,-1325.4160276553,1.347284854384922,4.524413734216638,-1554.5932425122,0.33613832320043
BENR_red_21_cutoff_0.0.inp.out,200.03756956601893,-0.3476,0.151,0.6426,0.0,-1325.532295678,-1.603057220043539,-1.9906343006479552,-1554.7226950518,0.3448035497003729
BENR_red_220_cutoff_0.0.inp.out,201.31533980995005,-0.3456,0.164,0.6144,0.0,-1325.350097968,0.189505436957264,-0.0154634485428846,-1554.543503936,0.3370836250996945
BENR_red_221_cutoff_0.0.inp.out,202.59592729134707,-0.3674,0.1584,0.328,0.0,-1325.1073657344,0.6577307138117726,1.6531138876081917,-1554.2991996537,0.348495313100102
BENR_red_222_cutoff_0.0.inp.out,204.0221310403483,-0.3763,0.1454,0.1796,0.0,-1325.1376638612,-0.2206879531254676,0.0681248451371962,-1554.3294214489,0.359196609600076
BENR_red_223_cutoff_0.0.inp.out,204.54876005815396,-0.3702,0.1567,1.0903,0.0,-1324.9435511632,-0.1330774163959495,2.174919227261065,-1554.1382890377,0.3447280655000213
BENR_red_224_cutoff_0.0.inp.out,204.37717453089945,-0.3387,0.1752,0.2287,0.0,-1325.2931140842,0.2863788518459944,-0.2686632842260724,-1554.4808564204,0.3166142768004647
BENR_red_225_cutoff_0.0.inp.out,203.20748728932804,-0.3804,0.1431,0.4076,0.0,-1324.8541552119,-0.1605580376733654,0.0145506511671543,-1554.0479444839,0.3578635129006215
BENR_red_226_cutoff_0.0.inp.out,201.8477747571008,-0.3658,0.1494,0.2895,0.0,-1325.1437966831,2.8506799732444295,1.080629113777415,-1554.3290112746,0.3456599829996776
BENR_red_227_cutoff_0.0.inp.out,201.78220277728863,-0.3331,0.1779,0.3605,0.0,-1325.1077810517,2.4190413162911275,0.5831244346568374,-1554.2978257105,0.3223716627999238
BENR_red_228_cutoff_0.0.inp.out,200.11354766008367,-0.3397,0.1602,0.5624,0.0,-1325.5827998028,-0.9939928761175392,-0.5997923458035317,-1554.7580597038,0.329342115500367
BENR_red_229_cutoff_0.0.inp.out,200.2897030257201,-0.3367,0.1738,0.7252,0.0,-1325.208526947,-0.6798657655446015,-0.2133170852856677,-1554.3945585908,0.3277330406999681
BENR_red_22_cutoff_0.0.inp.out,199.75822390485249,-0.3511,0.1472,0.6268,0.0,-1325.5384531416,-1.840115020276335,-1.285552249059774,-1554.7230138897,0.3417590744002154
BENR_red_230_cutoff_0.0.inp.out,202.22806260803523,-0.3586,0.1596,0.8867,0.0,-1325.5918579136,-0.4055820524233691,-1.0042988968288964,-1554.783328497,0.341464086900487
BENR_red_231_cutoff_0.0.inp.out,202.13658061334527,-0.3445,0.1726,0.3839,0.0,-1325.6489117288,0.5685925376840348,0.0427943437319737,-1554.8365416205,0.3311383922000459
BENR_red_232_cutoff_0.0.inp.out,201.04995289220145,-0.3322,0.1857,0.5569,0.0,-1326.0513330216,-1.15683385012179,-0.5819769161827034,-1555.2379821648,0.3186871648003944
BENR_red_233_cutoff_0.0.inp.out,202.3669199623155,-0.3483,0.169,0.2899,0.0,-1325.856543171,-2.284995997132122,-0.6445002416669059,-1555.0449579571,0.3295237778993396
BENR_red_234_cutoff_0.0.inp.out,201.1302948889707,-0.3598,0.1618,0.6063,0.0,-1325.7364617582,-1.0110761937805255,-1.441522652591937,-1554.9326394288,0.3385882197007959
BENR_red_235_cutoff_0.0.inp.out,200.6685770562638,-0.355,0.1598,0.5088,0.0,-1325.2790165689,0.5107297751130118,-0.4368653574356462,-1554.4698070474,0.340063714599637
BENR_red_236_cutoff_0.0.inp.out,200.43960533628345,-0.3379,0.1695,0.7592,0.0,-1325.7716409926,0.1936550612836425,-1.9267703357696444,-1554.9530477519,0.3227060287999848
BENR_red_237_cutoff_0.0.inp.out,201.16374159605576,-0.3696,0.1471,0.4909,0.0,-1324.9896737744,-2.3258078009031204,-2.7011420501353465,-1554.1862934698,0.3536201665001499
BENR_red_238_cutoff_0.0.inp.out,202.24948671662025,-0.3367,0.1813,0.5641,0.0,-1325.3136836771,1.4199324495784416,-3.1054935682705427,-1554.5031935178,0.3211185806003414
BENR_red_239_cutoff_0.0.inp.out,201.9035004487031,-0.366,0.1571,0.537,0.0,-1325.7630604501,-1.1710416754422357,-1.9475029047997428,-1554.9546778875,0.3518011102996752
BENR_red_23_cutoff_0.0.inp.out,201.50338851707627,-0.3566,0.1586,0.5071,0.0,-1325.4403519476,-0.6885133436261954,-0.889261483966628,-1554.6326750706,0.3474332935002167
BENR_red_240_cutoff_0.0.inp.out,199.64451332696228,-0.3468,0.1581,0.5366,0.0,-1325.4648460752,-0.2196482456852883,-0.347754239835354,-1554.6425194889,0.3383489059997373
BENR_red_241_cutoff_0.0.inp.out,200.15847322767743,-0.3529,0.1458,0.5022,0.0,-1325.6687250982,-1.4779767714179808,-1.4514150988851622,-1554.855973282,0.3446556729995791
BENR_red_242_cutoff_0.0.inp.out,199.28367057359023,-0.3533,0.1407,0.9764,0.0,-1325.9150435466,-2.7028806105330063,-2.572005786538029,-1555.1014334282,0.3380075269997178
BENR_red_243_cutoff_0.0.inp.out,199.18600746244573,-0.3612,0.1438,0.353,0.0,-1325.5377753168,-0.8978741849149908,-0.1195647484581608,-1554.7245850186,0.3545225714997286
BENR_red_244_cutoff_0.0.inp.out,200.6917071552448,-0.337,0.165,0.5902,0.0,-1325.7261265204,0.6668572781703573,0.3193767517195846,-1554.9123919367,0.3249929479006823
BENR_red_245_cutoff_0.0.inp.out,200.75932417595587,-0.3576,0.1642,0.5518,0.0,-1325.6318151729,0.6189752830073906,0.5447021370913765,-1554.8235166743,0.3400444468006753
BENR_red_246_cutoff_0.0.inp.out,200.45758138006232,-0.3447,0.1661,0.3528,0.0,-1325.5093338638,0.4564435123537795,1.2680246565123132,-1554.6955590742,0.3292283260007025
BENR_red_247_cutoff_0.0.inp.out,201.56968388947243,-0.3407,0.1774,0.3462,0.0,-1325.7078501925,-0.2340144647978574,-1.1162575698687454,-1554.9055950258,0.3312055511996732
BENR_red_248_cutoff_0.0.inp.out,201.2951760443501,-0.3435,0.1749,0.1494,0.0,-1325.6852045868,0.4362416066230972,0.0750596526775727,-1554.8768708546,0.3272987652999291
BENR_red_249_cutoff_0.0.inp.out,202.19377567797233,-0.3571,0.1637,0.514,0.0,-1325.6110005927,0.9634064122228588,1.4348101195227485,-1554.8022931797,0.3348926330008908
BENR_red_24_cutoff_0.0.inp.out,202.28979518128008,-0.3511,0.1479,0.2136,0.0,-1325.5241939814,-1.7799577651411518,-1.0596428186228062,-1554.7080299989,0.3376788535006199
BENR_red_250_cutoff_0.0.inp.out,202.28629635694784,-0.3428,0.1844,0.3732,0.0,-1325.6386048328,-0.3822819702584646,-1.1089979942496844,-1554.8410400656,0.3178643719002139
BENR_red_251_cutoff_0.0.inp.out,202.03616726157725,-0.3535,0.1615,0.4572,0.0,-1325.5651946967,1.1752778733324694,2.0356162137690985,-1554.7501913957,0.3320405921003839
BENR_red_252_cutoff_0.0.inp.out,202.3344609312724,-0.3624,0.1509,0.2858,0.0,-1325.7250672219,-0.225661846690142,-0.5075419368840349,-1554.9154986315,0.3507392499004709
BENR_red_253_cutoff_0.0.inp.out,201.66207338407236,-0.357,0.1501,0.5579,0.0,-1325.6393537425,-0.3069895658202768,-0.2321181031077618,-1554.8171841,0.3428785975002029
BENR_red_254_cutoff_0.0.inp.out,202.2993958646825,-0.3479,0.1684,0.3951,0.0,-1325.9346764757,0.5372202875680697,0.1289057750437845,-1555.1274042641,0.3326225821001571
BENR_red_255_cutoff_0.0.inp.out,201.94940005601697,-0.3526,0.1648,0.4847,0.0,-1325.881994446,0.3665689949926094,-0.7354758856956032,-1555.0737084439,0.3394815154997559
BENR_red_256_cutoff_0.0.inp.out,202.40544009223748,-0.3535,0.1559,0.4507,0.0,-1325.9236741789,-1.0271750873111385,-2.529929466587661,-1555.1057465856,0.3407057351996627
BENR_red_257_cutoff_0.0.inp.out,201.3623072658776,-0.3495,0.1559,0.6689,0.0,-1325.8241002641,-2.1376079922777045,-5.3796963865599485,-1555.0033027724,0.3444483260000197
BENR_red_258_cutoff_0.0.inp.out,201.47663802631317,-0.3509,0.1591,0.415,0.0,-1325.8277946826,-1.2670752754335832,-2.3172313252903307,-1555.0165021035,0.3337160281007527
BENR_red_259_cutoff_0.0.inp.out,200.91588469422064,-0.3482,0.167,0.6199,0.0,-1325.7196783714,2.7556501849665676,1.887207199751311,-1554.9067871569,0.3335348970003906
BENR_red_25_cutoff_0.0.inp.out,202.75978001034537,-0.3452,0.1683,0.5365,0.0,-1325.7227481709,-2.2376312333425727,-1.4819391316695718,-1554.9141031505,0.3265799987002538
BENR_red_260_cutoff_0.0.inp.out,201.3620030730739,-0.3453,0.1573,0.7605,0.0,-1325.5479604119,3.53871229527224,2.995895580996587,-1554.7326067463,0.3346402391998708
BENR_red_261_cutoff_0.0.inp.out,200.7023936733064,-0.3538,0.1618,0.3737,0.0,-1325.7645687463,-2.980024221718786,-2.5200422630160055,-1554.9522211901,0.3403907821002576
BENR_red_262_cutoff_0.0.inp.out,201.28899137096465,-0.3442,0.1665,0.3207,0.0,-1325.2963136782,-2.627025182172281,-2.963003190409143,-1554.4857967829,0.3303664229006244
BENR_red_263_cutoff_0.0.inp.out,202.03564901834423,-0.3393,0.1744,0.2631,0.0,-1325.477854232,0.285297394157736,-0.6388360787261473,-1554.6672828557,0.3204027868996491
BENR_red_264_cutoff_0.0.inp.out,200.9980503953724,-0.3434,0.1735,0.6953,0.0,-1325.7976095865,2.9302720271514135,4.630685089200751,-1554.9843607829,0.3341059278000102
BENR_red_265_cutoff_0.0.inp.out,201.1069571071995,-0.3436,0.1744,1.0051,0.0,-1325.906430708,2.3872671977280557,7.341792356248484,-1555.1067307375,0.3245221965999008
BENR_red_266_cutoff_0.0.inp.out,200.85016985171805,-0.3563,0.1467,0.696,0.0,-1325.6754050666,0.4580474101642777,2.0037794378871325,-1554.8586304648,0.3364427935002823
BENR_red_267_cutoff_0.0.inp.out,200.4980879671704,-0.3524,0.1666,0.5063,0.0,-1325.7042220292,-0.4023663087230671,0.4887446103484884,-1554.8946895049,0.3324478026006545
BENR_red_268_cutoff_0.0.inp.out,200.12469477487107,-0.3164,0.1898,0.2158,0.0,-1325.5134966963,1.737653146229326,1.6100894746047552,-1554.7038911606,0.3110010242007774
BENR_red_269_cutoff_0.0.inp.out,201.1617861332413,-0.3673,0.1569,0.3621,0.0,-1325.8987459481,1.6827424148741288,2.8584452272172545,-1555.0961597566,0.3460742009001478
BENR_red_26_cutoff_0.0.inp.out,203.60683410298572,-0.3664,0.1406,0.4489,0.0,-1325.607161238,-1.853793465874127,-0.9807249628069798,-1554.7918238155,0.3450929762002488
BENR_red_270_cutoff_0.0.inp.out,201.53815779349057,-0.3352,0.1774,0.4533,0.0,-1325.7164759667,0.9974595680166886,1.2119474599824722,-1554.9112222016,0.3233245553001325
BENR_red_271_cutoff_0.0.inp.out,201.26699657182616,-0.3602,0.1612,0.2265,0.0,-1325.8410044837,-0.0156787173098146,0.3471929252836102,-1555.0351510888,0.3337368008997146
BENR_red_272_cutoff_0.0.inp.out,202.0218373643986,-0.3624,0.1564,0.3761,0.0,-1325.8702602962,1.8198895264183257,1.499359105251011,-1555.0668160665,0.3404014257994276
BENR_red_273_cutoff_0.0.inp.out,202.3017935800951,-0.3466,0.1775,0.6427,0.0,-1326.1982127228,0.0228845865707381,-0.2535351752300546,-1555.3916165706,0.3224010937001367
BENR_red_274_cutoff_0.0.inp.out,201.9167488560674,-0.339,0.1833,0.3648,0.0,-1325.7975933053,-1.4860469161656065,-3.7015860991296967,-1554.9941267491,0.3164162360999398
BENR_red_275_cutoff_0.0.inp.out,202.6377398740051,-0.3342,0.1864,0.7533,0.0,-1326.0683585817,-3.889790975380052,-6.280465021432608,-1555.2593633563,0.3121809174999725
BENR_red_276_cutoff_0.0.inp.out,202.3231614676036,-0.3222,0.2013,0.5338,0.0,-1325.8218669965,0.1259737147468921,-2.559992091397641,-1555.0076382759,0.3002411583001958
BENR_red_277_cutoff_0.0.inp.out,201.4777329328068,-0.3338,0.1836,0.9239,0.0,-1325.51576027,-6.336905712947601,-7.352812071253736,-1554.6999445656,0.316529681400425
BENR_red_278_cutoff_0.0.inp.out,203.18956724335604,-0.3549,0.1691,0.5577,0.0,-1325.7430453246,-2.615004797068722,-4.095663557087552,-1554.9261668165,0.3368347621999419
BENR_red_279_cutoff_0.0.inp.out,202.32390649719432,-0.3349,0.1869,0.3322,0.0,-1325.5675296683,1.2999616866318986,-0.4090436233772441,-1554.7572957137,0.3209909339993828
BENR_red_27_cutoff_0.0.inp.out,203.47305384945977,-0.3741,0.1504,0.2582,0.0,-1325.859939695,0.2355294438393442,0.137402312930553,-1555.0548136354,0.3467424175005362
BENR_red_280_cutoff_0.0.inp.out,203.4668605046554,-0.3693,0.1532,0.4082,0.0,-1325.4495195919,-0.1906598405985079,-1.0412675093057098,-1554.634143596,0.3502411011004369
BENR_red_281_cutoff_0.0.inp.out,203.452971334209,-0.3512,0.1672,0.5523,0.0,-1325.550599898,-1.875429834772096,-2.292832018754113,-1554.7426050017,0.3262073034002242
BENR_red_282_cutoff_0.0.inp.out,202.92557640127708,-0.3592,0.1589,0.614,0.0,-1325.3715507761,-0.8834627852902674,-1.1621402230397386,-1554.559703298,0.3421480755996526
BENR_red_283_cutoff_0.0.inp.out,202.4948684518137,-0.3729,0.1401,0.7643,0.0,-1324.9560691615,-1.6280795504798036,-2.8218396610648213,-1554.1361579427,0.3536994692994994
BENR_red_284_cutoff_0.0.inp.out,201.87092740984997,-0.3522,0.1516,0.7933,0.0,-1325.4305528236,-1.2096535075055854,-1.746834609386735,-1554.6094025785,0.3313229310997485
BENR_red_285_cutoff_0.0.inp.out,200.91763277323727,-0.3338,0.1802,0.2386,0.0,-1325.3988947847,0.0974791083583068,-0.8403338656447051,-1554.5766137864,0.3219256308993863
BENR_red_286_cutoff_0.0.inp.out,201.35494541015484,-0.3405,0.1761,0.2188,0.0,-1325.2755448447,-0.0194787367834974,-0.2484966970647324,-1554.4573861806,0.3296254763999968
BENR_red_287_cutoff_0.0.inp.out,200.84049446183192,-0.3625,0.1396,0.0521,0.0,-1325.597089739,1.6636571349186695,1.2072483702113574,-1554.7710092677,0.3439104166000106
BENR_red_288_cutoff_0.0.inp.out,200.31193656470887,-0.3259,0.1791,0.6575,0.0,-1324.7692588427,1.0862311127893003,1.3835467904221692,-1553.9407189639,0.3226984277998781
BENR_red_289_cutoff_0.0.inp.out,200.6305354844121,-0.359,0.1479,0.1574,0.0,-1325.1325952053,1.4756999664637578,1.3284186757395842,-1554.3081891933,0.3508167993004463
BENR_red_28_cutoff_0.0.inp.out,203.5280573000365,-0.3338,0.1857,0.2994,0.0,-1326.0154634185,1.4269830735678026,0.3065802310774842,-1555.199498929,0.3152182950998394
BENR_red_290_cutoff_0.0.inp.out,199.77559526878275,-0.3466,0.1577,0.5536,0.0,-1325.4735156053,-0.2983172553412766,-0.3522841813409479,-1554.6510095898,0.3380908988001465
BENR_red_291_cutoff_0.0.inp.out,199.54932695763313,-0.3443,0.1601,0.5214,0.0,-1325.3884183042,-1.6543492548658671,-1.6477740280286557,-1554.5769408337,0.3365853877003246
BENR_red_292_cutoff_0.0.inp.out,198.1301455647365,-0.3458,0.1385,0.4371,0.0,-1325.6742432416,-1.5414350272580033,-0.6324600308378479,-1554.8421979627,0.3386318440007017
BENR_red_293_cutoff_0.0.inp.out,198.36908554625467,-0.3422,0.1676,0.2648,0.0,-1325.5091300698,0.6517978268420691,0.4893178036091388,-1554.6877221998,0.3296581097001763
BENR_red_294_cutoff_0.0.inp.out,199.6345083534116,-0.3087,0.1754,0.2975,0.0,-1325.1998672654,0.6962299194990159,0.685370358285174,-1554.3686048304,0.3023455963002561
BENR_red_295_cutoff_0.0.inp.out,200.59153749744556,-0.3463,0.1606,0.2901,0.0,-1325.3107836174,0.0691315985221911,0.5548499632019437,-1554.4918694715,0.3318408061004447
BENR_red_296_cutoff_0.0.inp.out,201.66613791264416,-0.3552,0.1632,0.8081,0.0,-1325.1076034129,2.347646479726559,3.495545401221287,-1554.2899926354,0.3394239248000303
BENR_red_297_cutoff_0.0.inp.out,203.4281680088316,-0.3351,0.1839,0.2072,0.0,-1325.6889766142,0.977410559093092,-0.3004561465309028,-1554.8777486609,0.3233890302999498
BENR_red_298_cutoff_0.0.inp.out,202.83203000693217,-0.3471,0.1798,0.6438,0.0,-1325.3833834867,-2.2279506705290806,-1.7821890912250198,-1554.57435574,0.3256835065003542
BENR_red_299_cutoff_0.0.inp.out,203.1151293949658,-0.3463,0.1752,0.3431,0.0,-1325.1781237293,0.7591247611853669,-0.4730761682634384,-1554.3591102834,0.3276918961000774
BENR_red_29_cutoff_0.0.inp.out,203.6724557661464,-0.3729,0.1516,0.6882,0.0,-1325.6882662844,0.5460719047042469,2.5343430360875363,-1554.8871098737,0.3489318779002133
BENR_red_2_cutoff_0.0.inp.out,200.1460698657479,-0.3752,0.1202,0.3778,0.0,-1325.7474650083,-2.125744642552722,-0.7564498754588457,-1554.9336826471,0.3543112772003951
BENR_red_300_cutoff_0.0.inp.out,204.2280149086066,-0.343,0.1779,0.2949,0.0,-1325.8504711714,0.4984351979438532,0.4248224417652549,-1555.0428649645,0.3211612254999636
BENR_red_301_cutoff_0.0.inp.out,203.6486650815908,-0.3628,0.1634,0.313,0.0,-1325.4104163857,-0.6881848911255963,-1.3077203385799443,-1554.5981515225,0.3408083575004639
BENR_red_302_cutoff_0.0.inp.out,203.1969882288249,-0.3406,0.1799,0.4886,0.0,-1325.5740552679,-0.9079369430480226,-1.143928338180419,-1554.764551056,0.3206127736993949
BENR_red_303_cutoff_0.0.inp.out,203.01184316071112,-0.3626,0.1534,0.2906,0.0,-1325.8593249948,-1.6532803744034126,-1.0913549594903258,-1555.0491842904,0.3448699365999346
BENR_red_304_cutoff_0.0.inp.out,202.5566060998589,-0.362,0.1661,0.8399,0.0,-1325.2993386779,-6.0419136613636475,-5.461667260420993,-1554.4907280857,0.3412667270995371
BENR_red_305_cutoff_0.0.inp.out,202.33985269166453,-0.3563,0.1622,0.4697,0.0,-1325.765889535,-1.0286416158368532,-2.119669624614586,-1554.956741005,0.3294462418998591
BENR_red_306_cutoff_0.0.inp.out,201.59166426853872,-0.3499,0.1629,0.329,0.0,-1325.5338360655,-0.2252960312462122,-1.1722910572885774,-1554.7230217532,0.3335038659006386
BENR_red_307_cutoff_0.0.inp.out,201.36685141079272,-0.357,0.1571,0.3693,0.0,-1325.4862228078,0.3322636440399513,0.0549349948709227,-1554.6693151263,0.3363131139003599
BENR_red_308_cutoff_0.0.inp.out,202.40669834632473,-0.3552,0.1646,0.7074,0.0,-1325.9188252472,-1.0486448644343842,-1.2600672810505065,-1555.1061972571,0.3324040570005309
BENR_red_309_cutoff_0.0.inp.out,200.78475467224868,-0.3677,0.1311,0.3939,0.0,-1325.9319858928,-1.1462785930742818,-0.3427937466610513,-1555.1155763211,0.3514092717996391
BENR_red_30_cutoff_0.0.inp.out,202.98766261096227,-0.3388,0.1829,0.5178,0.0,-1325.6927835895,0.5026861523505319,0.4070755694870001,-1554.8828720711,0.3165533433993914
BENR_red_310_cutoff_0.0.inp.out,200.99860051778828,-0.3509,0.16,0.5098,0.0,-1326.0142232195,1.405641048731824,1.1742688285376728,-1555.2008926577,0.3359465022995209
BENR_red_311_cutoff_0.0.inp.out,201.389211361944,-0.3504,0.1614,0.5336,0.0,-1325.7891588099,-0.0707185082056316,0.351168709438834,-1554.9805178444,0.3323330745997737
BENR_red_312_cutoff_0.0.inp.out,200.92033652487476,-0.3397,0.1721,0.8254,0.0,-1325.7593172492,-2.7092698985613133,-1.6032635151149004,-1554.9460185974,0.3239668566002365
BENR_red_313_cutoff_0.0.inp.out,201.3068239991304,-0.3341,0.1645,0.3441,0.0,-1325.6381564671,0.634710851129522,-0.2454024763874963,-1554.8197128838,0.3215539582006386
BENR_red_314_cutoff_0.0.inp.out,201.00772806225712,-0.353,0.1585,0.2704,0.0,-1325.6674576622,0.3804577056986484,-0.0932562920342405,-1554.8439677989,0.3342986419002045
BENR_red_315_cutoff_0.0.inp.out,201.3616376537873,-0.3434,0.1762,0.598,0.0,-1325.5507664124,-0.7054123331246274,-2.0151142097037003,-1554.7401897281,0.3251622553007109
BENR_red_316_cutoff_0.0.inp.out,201.9387890116235,-0.3646,0.154,0.2593,0.0,-1325.3430025828,0.1230591483290648,0.8072600632810192,-1554.540157188,0.344069063000461
BENR_red_317_cutoff_0.0.inp.out,201.66233269216576,-0.3415,0.1746,0.2307,0.0,-1325.5627099176,0.4969514060244649,1.2049264036938383,-1554.7501842241,0.3256161153994981
BENR_red_318_cutoff_0.0.inp.out,202.10670080257336,-0.3633,0.1517,0.6899,0.0,-1325.6758023866,-3.00777882772683,-3.458077418803096,-1554.8638770282,0.3431407719008348
BENR_red_319_cutoff_0.0.inp.out,202.4929418467561,-0.3685,0.1499,0.5999,0.0,-1325.6515631558,1.4688531626034766,1.5706534105506178,-1554.842242348,0.3463583098000526
BENR_red_31_cutoff_0.0.inp.out,203.37678757630363,-0.363,0.1601,0.8852,0.0,-1325.9387349488,-2.8908128286438264,-1.4788027549148577,-1555.1390727003,0.337518386299962
BENR_red_320_cutoff_0.0.inp.out,202.0158963135894,-0.3565,0.163,0.4381,0.0,-1325.5934813508,0.4366396377898331,1.2792494400622731,-1554.7867200722,0.3373862006001218
BENR_red_321_cutoff_0.0.inp.out,203.12203972184173,-0.3517,0.1639,0.3876,0.0,-1325.7093673414,-0.1343520141807616,0.1954059666727585,-1554.9022647714,0.3328853238999727
BENR_red_322_cutoff_0.0.inp.out,201.64394975421143,-0.3571,0.152,0.4526,0.0,-1325.5722609608,-0.7930703799423091,-0.1432004177421421,-1554.7628837482,0.34373447840062
BENR_red_323_cutoff_0.0.inp.out,202.20600563433183,-0.3291,0.1912,0.5982,0.0,-1325.776759618,1.5645248187024747,0.7561277371893177,-1554.9601320852,0.315164250199814
BENR_red_324_cutoff_0.0.inp.out,201.9256054141144,-0.3427,0.1653,0.2186,0.0,-1325.8622312645,-0.1083880528021634,-1.3871760799019013,-1555.0512310282,0.3292328422994615
BENR_red_325_cutoff_0.0.inp.out,201.7254308081369,-0.3648,0.1564,0.6452,0.0,-1325.4984393805,0.9130146162395912,2.222830000017467,-1554.6898472972,0.3451826424998216
BENR_red_326_cutoff_0.0.inp.out,201.3709721789524,-0.3504,0.1618,0.2902,0.0,-1326.0862449324,0.1064748464987503,0.6246672330721058,-1555.2745068994,0.3381861342995762
BENR_red_327_cutoff_0.0.inp.out,201.41866314335297,-0.3558,0.158,0.6163,0.0,-1325.3625591087,-1.8993697104513811,-0.122787168981831,-1554.5471666436,0.3435466929995527
BENR_red_328_cutoff_0.0.inp.out,200.9255334717652,-0.3433,0.1598,0.6696,0.0,-1326.0594531851,1.269889994847901,0.6976970348715923,-1555.2384165341,0.3303469178999876
BENR_red_329_cutoff_0.0.inp.out,199.90758821139005,-0.3457,0.172,0.3661,0.0,-1326.0631157525,1.308326100910483,1.3628974459957033,-1555.2484102398,0.3363151848998313
BENR_red_32_cutoff_0.0.inp.out,201.30132433312136,-0.3449,0.1799,0.3251,0.0,-1325.1941119606,1.9038596611002023,1.745686699164796,-1554.3807817487,0.3318887448995156
BENR_red_330_cutoff_0.0.inp.out,200.05952605206727,-0.3397,0.1546,0.7573,0.0,-1325.7106453694,-1.7782476883289056,-0.4797754266619261,-1554.8867483602,0.3290290053000717
BENR_red_331_cutoff_0.0.inp.out,199.25812469011768,-0.3586,0.1401,0.6294,0.0,-1326.0762167053,-0.0560189311254382,0.7110538253992011,-1555.2571091162,0.3441673945999355
BENR_red_332_cutoff_0.0.inp.out,199.62941081048496,-0.3368,0.1716,0.3686,0.0,-1325.7275929497,2.215013620155883,1.337339519936667,-1554.9030741396,0.326627445100712
BENR_red_333_cutoff_0.0.inp.out,200.59744521710832,-0.3583,0.1439,0.5327,0.0,-1325.923441467,-1.3385349804429738,-0.5280133656934054,-1555.1036567247,0.34686913529913
BENR_red_334_cutoff_0.0.inp.out,200.0891077389998,-0.3427,0.1658,0.3208,0.0,-1326.0302563515,0.8831883567519383,0.2506130679579139,-1555.212543044,0.331555652199313
BENR_red_335_cutoff_0.0.inp.out,200.1649508432942,-0.3546,0.1583,0.778,0.0,-1325.9681317406,1.0486829460092535,2.3019414906553166,-1555.1402282571,0.3441345924002235
BENR_red_336_cutoff_0.0.inp.out,201.4063976788333,-0.3736,0.14,0.7347,0.0,-1325.5946273487,2.615557085705076,3.106666481501691,-1554.7742978244,0.3554679756998666
BENR_red_337_cutoff_0.0.inp.out,202.01519437472496,-0.3532,0.1657,0.3845,0.0,-1325.9939835355,1.5848380519709613,0.0464744757780254,-1555.1746001812,0.3258626300003016
BENR_red_338_cutoff_0.0.inp.out,201.49982498461233,-0.3407,0.1659,0.6017,0.0,-1325.6315558538,-0.5643045913329371,-1.788453446591206,-1554.8049773598,0.3193986360001872
BENR_red_339_cutoff_0.0.inp.out,200.7881026509255,-0.3295,0.1733,0.6605,0.0,-1325.2043966653,-0.1048802999403352,-1.7818679713700272,-1554.3703315977,0.3098065048998251
BENR_red_33_cutoff_0.0.inp.out,201.2798661111423,-0.3725,0.1455,0.4691,0.0,-1325.4562478454,-0.5822543348203345,-2.626158764220612,-1554.6491811927,0.3529410185001325
BENR_red_340_cutoff_0.0.inp.out,201.8125580324649,-0.3511,0.1623,0.62,0.0,-1325.1422193984,-1.2107300964403414,-2.437047074147025,-1554.3380445413,0.3409844422003516
BENR_red_341_cutoff_0.0.inp.out,200.97595561640324,-0.3504,0.1707,0.2423,0.0,-1325.436380256,1.3573067640543277,1.139469672199826,-1554.6319252039,0.3338040339995132
BENR_red_342_cutoff_0.0.inp.out,200.585906895366,-0.3269,0.1832,0.8953,0.0,-1325.3698592156,3.0178284037564636,3.399842601562824,-1554.5502854106,0.3113891493003393
BENR_red_343_cutoff_0.0.inp.out,200.14912293323837,-0.3601,0.1542,0.2914,0.0,-1325.5012953584,-1.327883352354546,-0.22609542072982,-1554.6930646359,0.3493441168002391
BENR_red_344_cutoff_0.0.inp.out,201.5631898530592,-0.3703,0.1433,0.2413,0.0,-1325.3149534086,0.1168084052616874,0.2528875218337648,-1554.5012374072,0.3514161490993501
BENR_red_345_cutoff_0.0.inp.out,200.86255568586503,-0.3556,0.1554,0.6834,0.0,-1325.7587937387,1.3701094651975456,0.3812289545279163,-1554.9488371303,0.3434094352996908
BENR_red_346_cutoff_0.0.inp.out,200.70370868875565,-0.3445,0.1686,0.2591,0.0,-1325.4040241219,3.1964382267289717,2.132169937216875,-1554.5913919971,0.3357637443996282
BENR_red_347_cutoff_0.0.inp.out,200.0506503826395,-0.3407,0.1651,0.3805,0.0,-1325.4966641154,0.9084575628977322,-0.1573340759746661,-1554.6818374422,0.327208128899656
BENR_red_348_cutoff_0.0.inp.out,200.5459449505728,-0.3339,0.181,0.2027,0.0,-1325.6363877057,0.37030487937687,-0.3065415823226194,-1554.8213632838,0.3228310514996337
BENR_red_349_cutoff_0.0.inp.out,200.78404143723756,-0.3303,0.1688,0.6647,0.0,-1325.6617693661,0.1325734249239701,0.2131867677374724,-1554.8517393354,0.3108819465005581
BENR_red_34_cutoff_0.0.inp.out,200.31282608570524,-0.3529,0.1605,0.3482,0.0,-1325.6535573365,-0.7377363538103563,-0.3398096311109159,-1554.842630752,0.3433191750000333
BENR_red_350_cutoff_0.0.inp.out,199.72034193840975,-0.3465,0.1586,0.5393,0.0,-1325.4637358419,-0.2131625466602002,-0.3844246885184127,-1554.6417232185,0.3381104265999965
BENR_red_351_cutoff_0.0.inp.out,200.21608436755983,-0.3345,0.167,0.6637,0.0,-1325.431445011,-1.4942387635579657,-2.0047584663908844,-1554.6167605466,0.3287624290005624
BENR_red_352_cutoff_0.0.inp.out,199.56800625755503,-0.3398,0.1569,0.7319,0.0,-1325.880374002,-3.006736307696026,-2.688163369981591,-1555.063116742,0.3243677727996328
BENR_red_353_cutoff_0.0.inp.out,200.6803636290236,-0.3565,0.1635,0.7537,0.0,-1325.6745515947,-2.501935904235245,-3.210508579040817,-1554.8642743237,0.3374418331004563
BENR_red_354_cutoff_0.0.inp.out,201.41040716642405,-0.3607,0.1395,0.6352,0.0,-1325.394698742,-2.265893926730639,-3.0240662820015953,-1554.5744972705,0.3442647872007001
BENR_red_355_cutoff_0.0.inp.out,201.37986011811455,-0.3474,0.1749,0.1628,0.0,-1325.7617614331,-0.5546184146620858,-0.2774285675838209,-1554.9477493758,0.3279129271004422
BENR_red_356_cutoff_0.0.inp.out,201.1668847255037,-0.3486,0.1574,0.7309,0.0,-1325.4645658869,-2.455714977320781,-1.9479790940666313,-1554.6566610017,0.3324324957002318
BENR_red_357_cutoff_0.0.inp.out,201.3395929681635,-0.3355,0.1726,0.5803,0.0,-1325.4381394826,-0.4991844237844731,0.2561162956491385,-1554.6300657846,0.3206191118997594
BENR_red_358_cutoff_0.0.inp.out,200.8087643975284,-0.3465,0.161,0.6342,0.0,-1325.5643949365,-1.7352300144231507,-1.486981617582886,-1554.7414671792,0.3324460067997279
BENR_red_359_cutoff_0.0.inp.out,202.2711595284188,-0.3691,0.1466,0.5926,0.0,-1325.3728001889,0.5509461371570534,-0.1850469376773034,-1554.5661991862,0.3591183568996712
BENR_red_35_cutoff_0.0.inp.out,200.08834385564572,-0.3419,0.1727,0.7433,0.0,-1325.7237354926,-1.359706577589996,-0.5759266103795794,-1554.9126292799,0.3314694340006099
BENR_red_360_cutoff_0.0.inp.out,201.91464258862155,-0.357,0.1618,0.3481,0.0,-1325.4203404266,1.4681981703278797,0.4348270578797942,-1554.6114714715,0.3368765191999046
BENR_red_361_cutoff_0.0.inp.out,202.28050735378025,-0.3241,0.1995,0.5126,0.0,-1325.3456785219,0.2815647546415641,-1.055308089485747,-1554.534936276,0.3091319908999139
BENR_red_362_cutoff_0.0.inp.out,203.39632596055935,-0.346,0.162,0.3841,0.0,-1325.3386739997,0.7916115626474822,0.4209298190911698,-1554.519625479,0.3286496148994047
BENR_red_363_cutoff_0.0.inp.out,202.54298854649952,-0.3524,0.1614,0.6881,0.0,-1325.1033703395,1.2697736234942807,1.2608527056858498,-1554.2858238024,0.3361212056997829
BENR_red_364_cutoff_0.0.inp.out,202.2340148080502,-0.3607,0.1471,0.5027,0.0,-1325.3597030605,-0.3982734853678725,-0.2769690952777914,-1554.5402189965,0.3362600927002859
BENR_red_365_cutoff_0.0.inp.out,202.28545809898785,-0.3017,0.2026,0.4439,0.0,-1325.3314521712,1.517930659859593,-0.1642725692860785,-1554.5176331848,0.2896094425996125
BENR_red_366_cutoff_0.0.inp.out,201.87309264154217,-0.3416,0.1728,0.6224,0.0,-1325.2534221658,0.8968625645539777,-0.1794680010936641,-1554.4301524871,0.3310511047002364
BENR_red_367_cutoff_0.0.inp.out,201.0855547924099,-0.3296,0.1819,0.3797,0.0,-1325.4347970022,1.6805048444779207,0.7885413773370684,-1554.6212175127,0.3147043090002626
BENR_red_368_cutoff_0.0.inp.out,200.69088542347507,-0.3351,0.1612,0.3123,0.0,-1325.2243145685,1.7882651992766685,1.0047560466985437,-1554.4076334358,0.3280223529991417
BENR_red_369_cutoff_0.0.inp.out,201.0791915337693,-0.3376,0.1632,0.3629,0.0,-1325.3838980625,0.2371343507547007,0.4638030992098165,-1554.5644116912,0.3288460751000457
BENR_red_36_cutoff_0.0.inp.out,200.82018635472485,-0.3544,0.1538,0.516,0.0,-1325.6034936748,-0.1475747917789016,0.4059634402729779,-1554.7912375171,0.3341721786000562
BENR_red_370_cutoff_0.0.inp.out,200.772587833868,-0.3529,0.1518,0.7846,0.0,-1325.2964073853,0.6892924103509169,0.6845652943677927,-1554.4753560805,0.3436180759999843
BENR_red_371_cutoff_0.0.inp.out,200.7866825887902,-0.3422,0.1762,0.2574,0.0,-1325.4907281664,1.159810988174942,1.280374172534183,-1554.679754724,0.3306288798003152
BENR_red_372_cutoff_0.0.inp.out,201.6772324814246,-0.313,0.1844,0.28,0.0,-1325.5328769748,-0.3683296747122186,-0.2614112811098171,-1554.7112559532,0.307382063499972
BENR_red_373_cutoff_0.0.inp.out,201.26082738529263,-0.3573,0.1441,0.4782,0.0,-1325.3006779668,0.4811738791165452,0.1485961754494764,-1554.475602984,0.3459148326001013
BENR_red_374_cutoff_0.0.inp.out,201.46976263636807,-0.3329,0.1838,0.4082,0.0,-1325.2425212069,0.8576722930306602,0.4872811247830118,-1554.4267182383,0.316369453599691
BENR_red_375_cutoff_0.0.inp.out,202.79055405467852,-0.3288,0.1808,0.3136,0.0,-1325.638694138,0.8516966719041632,0.1263687591182949,-1554.8194673528,0.3093656236005699
BENR_red_376_cutoff_0.0.inp.out,203.36674170656784,-0.3913,0.1222,0.3422,0.0,-1325.4043785444,0.8424705442435358,-0.0991899180710517,-1554.5966699437,0.3633862465994752
BENR_red_377_cutoff_0.0.inp.out,203.6639851324334,-0.3659,0.1527,0.225,0.0,-1325.7506413903,2.619956735569066,1.9988179797273211,-1554.9286117577,0.3449492357003692
BENR_red_378_cutoff_0.0.inp.out,203.2907465760545,-0.3404,0.1573,0.3652,0.0,-1325.3091758534,1.005653181135307,1.41031311593438,-1554.4940574091,0.3185446327997852
BENR_red_379_cutoff_0.0.inp.out,202.15108518813676,-0.3756,0.1489,0.5138,0.0,-1325.4293260495,0.6309874974412242,0.4869115030050585,-1554.6158301165,0.3528524003004349
BENR_red_37_cutoff_0.0.inp.out,200.3926652843222,-0.3469,0.1671,0.3944,0.0,-1325.8561332404,0.2368372332835985,-0.3669247105669687,-1555.0448166055,0.3337201792000996
BENR_red_380_cutoff_0.0.inp.out,201.97526493265,-0.3732,0.1408,0.447,0.0,-1325.588955732,-0.0064411956394603,0.3796098290487359,-1554.7711897208,0.3494536799998968
BENR_red_381_cutoff_0.0.inp.out,202.54479301207056,-0.3637,0.1543,0.4846,0.0,-1325.6854783863,-0.7954952961712819,0.3492529902276906,-1554.8724308653,0.3428027542004201
BENR_red_382_cutoff_0.0.inp.out,201.91688843322265,-0.3359,0.1673,0.5005,0.0,-1325.6291120219,-0.9817437120947144,-0.228297165543833,-1554.8071219788,0.3186816384995836
BENR_red_383_cutoff_0.0.inp.out,202.78940900943456,-0.3413,0.166,0.7977,0.0,-1325.7614803535,-2.0131350049796612,-1.1485652337527077,-1554.9475055556,0.3162237763999656
BENR_red_384_cutoff_0.0.inp.out,202.33628672293705,-0.3445,0.1694,0.8611,0.0,-1325.4920712245,1.1063373935458527,0.4685169180897098,-1554.6850988279,0.3184020811004302
BENR_red_385_cutoff_0.0.inp.out,202.55259955190823,-0.35,0.1633,0.3392,0.0,-1325.8637257863,-0.2834466821518124,-1.1242300637992575,-1555.0471769453,0.3345867947991792
BENR_red_386_cutoff_0.0.inp.out,202.720174234723,-0.3431,0.1642,0.4344,0.0,-1325.434322824,1.8651601497091357,1.2001763695037464,-1554.6220816355,0.3258698525005457
BENR_red_387_cutoff_0.0.inp.out,203.26519611156365,-0.354,0.1598,0.4185,0.0,-1325.899473359,1.873418710784196,0.6034231179308307,-1555.0901174463,0.3370582090001335
BENR_red_388_cutoff_0.0.inp.out,201.60652720694176,-0.3652,0.1381,0.6071,0.0,-1325.9026836876,0.0407898929280701,-0.7474680282286718,-1555.0837654283,0.3518350543999986
BENR_red_389_cutoff_0.0.inp.out,201.2889600065025,-0.3712,0.1363,0.3097,0.0,-1325.4277551613,2.328364703088113,2.4528633972507663,-1554.6117856285,0.3541577595005947
BENR_red_38_cutoff_0.0.inp.out,200.6034233467548,-0.3642,0.1448,0.4252,0.0,-1325.9464435695,-0.3383605718338082,-0.9791629648403526,-1555.1397688472,0.3517043652000211
BENR_red_390_cutoff_0.0.inp.out,199.68467987788785,-0.3275,0.1749,0.0805,0.0,-1325.6261391408,1.2770117573430693,2.1173015538272826,-1554.8038998068,0.3191783451002266
BENR_red_391_cutoff_0.0.inp.out,199.245154777106,-0.3405,0.1524,0.4368,0.0,-1325.72445021,-2.0127015660739085,-2.923596926089307,-1554.9094830003,0.3366470649007169
BENR_red_392_cutoff_0.0.inp.out,199.32930206841024,-0.3362,0.1591,0.5796,0.0,-1325.4385809902,-2.507790250557274,-2.5338251116654353,-1554.6240980307,0.3329404140995393
BENR_red_393_cutoff_0.0.inp.out,198.6187579610308,-0.3523,0.1426,0.5026,0.0,-1325.2549561671,0.2688219066642125,0.1265226691139764,-1554.4416640943,0.3455798838995179
BENR_red_394_cutoff_0.0.inp.out,197.99451415068103,-0.3502,0.1483,0.6807,0.0,-1325.4973787083,0.488793931031479,0.7565147356830073,-1554.6649971241,0.3398707776004812
BENR_red_395_cutoff_0.0.inp.out,198.73485362320667,-0.3572,0.1445,0.6255,0.0,-1325.4526949439,-0.2805294464354881,-0.6122541557838009,-1554.6272928564,0.340057653200347
BENR_red_396_cutoff_0.0.inp.out,198.93300161400737,-0.3282,0.1721,0.5366,0.0,-1325.8270366453,0.5639749774115312,-1.0515128062531427,-1555.0062699698,0.3140725708999525
BENR_red_397_cutoff_0.0.inp.out,198.50490219937487,-0.3491,0.1532,0.8029,0.0,-1325.6199018808,-2.519310860510184,-2.3228065207208135,-1554.7915039485,0.3328587789001176
BENR_red_398_cutoff_0.0.inp.out,200.3612129053734,-0.3369,0.1622,1.0846,0.0,-1325.4613969182,-2.190488588284467,-4.034072772628872,-1554.6363345279,0.3233449495992317
BENR_red_399_cutoff_0.0.inp.out,200.5078182453018,-0.3371,0.1758,0.3616,0.0,-1325.2266452476,-0.9591237289300494,-2.130329602628117,-1554.4082726768,0.3182085763000941
BENR_red_39_cutoff_0.0.inp.out,200.006783817608,-0.3544,0.1581,0.4595,0.0,-1326.15117659,0.6846372412505966,0.129849955520989,-1555.3467694507,0.3366221274000054
BENR_red_3_cutoff_0.0.inp.out,200.84524088653603,-0.3341,0.1813,1.1562,0.0,-1325.5571514687,-2.76547728183355,-0.6926829858120314,-1554.7485029761,0.320513198399567
BENR_red_400_cutoff_0.0.inp.out,199.7148636438375,-0.3469,0.1581,0.5427,0.0,-1325.4720226138,-0.2484952665804561,-0.4025946203028178,-1554.6495065281,0.3385220568998193
BENR_red_401_cutoff_0.0.inp.out,199.8558481738391,-0.3348,0.1626,0.401,0.0,-1325.4081011146,-1.215569531725753,-1.116477488886391,-1554.5912927036,0.3299552720000065
BENR_red_402_cutoff_0.0.inp.out,199.4669372378343,-0.3605,0.1346,0.6481,0.0,-1325.8371709385,-2.418135431913931,-0.730142854915718,-1555.025072256,0.3524745424001594
BENR_red_403_cutoff_0.0.inp.out,199.4259338752504,-0.3511,0.1526,0.358,0.0,-1325.4480645822,-0.1189060157200839,-0.6891689161642686,-1554.637149755,0.3401229984001475
BENR_red_404_cutoff_0.0.inp.out,200.26661531132405,-0.3459,0.1592,0.2479,0.0,-1325.5011227398,0.623862572767876,0.5366012830529537,-1554.6839030787,0.3373588417998689
BENR_red_405_cutoff_0.0.inp.out,200.4738541265435,-0.355,0.1596,0.1663,0.0,-1325.7965336791,-0.6298833575102417,0.0443308052441295,-1554.9870088085,0.3429988849002257
BENR_red_406_cutoff_0.0.inp.out,202.23074449200064,-0.3418,0.1641,0.2979,0.0,-1325.4093825395,-1.0977031375353563,-1.0355175543843669,-1554.6096656887,0.3225192924001021
BENR_red_407_cutoff_0.0.inp.out,202.7749124680546,-0.349,0.171,0.3306,0.0,-1325.6734801366,-0.8908221163625518,-0.6520078153115493,-1554.864264434,0.3298455668000315
BENR_red_408_cutoff_0.0.inp.out,202.8617279486919,-0.3442,0.1697,0.7218,0.0,-1325.6976347493,-1.3713584205862237,-1.478935062645501,-1554.8849279708,0.327253052800188
BENR_red_409_cutoff_0.0.inp.out,203.74377807439947,-0.3688,0.1456,0.762,0.0,-1325.5642602063,-1.6563484855416182,-0.6095465940568021,-1554.7529599546,0.3489225796001847
BENR_red_40_cutoff_0.0.inp.out,201.2433133852108,-0.3557,0.1634,0.1959,0.0,-1326.569065169,-0.1901372178318486,-0.4465937306346399,-1555.7468106653,0.3388486741005181
BENR_red_410_cutoff_0.0.inp.out,203.7699631220514,-0.3694,0.1538,0.6952,0.0,-1325.7475698514,-1.315418414544453,-0.588370060169686,-1554.9316452273,0.352129259999856
BENR_red_411_cutoff_0.0.inp.out,204.31606496595072,-0.3775,0.1403,1.2092,0.0,-1325.6255259984,-7.447954975337352,-3.508050226683127,-1554.8165312473,0.3555604043003768
BENR_red_412_cutoff_0.0.inp.out,203.71812993841073,-0.3533,0.17,0.6118,0.0,-1325.5503220327,-0.6643995483807432,-0.0998289893864965,-1554.7361661386,0.3424747114995625
BENR_red_413_cutoff_0.0.inp.out,203.09293540059215,-0.3741,0.1483,0.322,0.0,-1325.5555271385,0.2406489586855039,0.4117614042874777,-1554.7447886784,0.3571634341005847
BENR_red_414_cutoff_0.0.inp.out,202.2556649785939,-0.3584,0.1538,0.4902,0.0,-1325.8330795299,0.3050671116687035,0.4232754612336968,-1555.0194564309,0.3437321579995114
BENR_red_415_cutoff_0.0.inp.out,201.17165928613124,-0.329,0.183,0.4222,0.0,-1325.9200847245,1.2128953607395234,0.4302059610723631,-1555.1041477555,0.3193791058993156
BENR_red_416_cutoff_0.0.inp.out,200.73218195991177,-0.3471,0.1594,0.1377,0.0,-1325.5711606055,-0.2757471300436555,-1.4709840769905935,-1554.7508151818,0.3333536072996139
BENR_red_417_cutoff_0.0.inp.out,201.23208750194527,-0.3536,0.1535,0.3561,0.0,-1325.8109827064,0.1960409534652621,-0.2076574042181552,-1555.0031128801,0.3380678395005816
BENR_red_418_cutoff_0.0.inp.out,200.2243363549181,-0.3521,0.1532,0.734,0.0,-1325.5725968221,1.6657451488603214,2.374455119075412,-1554.7537298903,0.3368720756006951
BENR_red_419_cutoff_0.0.inp.out,201.2201576225229,-0.3626,0.1542,0.6163,0.0,-1325.2672097907,-0.1241064373527399,0.3562996755671447,-1554.4621689056,0.339927466699919
BENR_red_41_cutoff_0.0.inp.out,202.3864133556869,-0.3598,0.1609,0.51,0.0,-1326.0052801206,0.2057863948937223,-0.1562712484558261,-1555.1895605563,0.3412646118995326
BENR_red_420_cutoff_0.0.inp.out,201.1500490552692,-0.3447,0.1677,0.5383,0.0,-1326.0700736544,1.2885141538290366,0.9216510668271009,-1555.2492045542,0.334019083399653
BENR_red_421_cutoff_0.0.inp.out,201.42508856575895,-0.3534,0.1628,0.6354,0.0,-1325.8330949399,0.952199172727476,0.725311571455392,-1555.0265504573,0.3291996779007604
BENR_red_422_cutoff_0.0.inp.out,201.9852727515414,-0.3501,0.1651,0.9049,0.0,-1325.9282436234,-2.465331065503061,-4.2082155130013,-1555.1207899967,0.3385667172005924
BENR_red_423_cutoff_0.0.inp.out,201.88785244765137,-0.3382,0.1832,0.3091,0.0,-1325.7218670682,0.1726687177754763,-0.4252842393763751,-1554.9146059897,0.3227226887001961
BENR_red_424_cutoff_0.0.inp.out,202.20895654850253,-0.3416,0.1758,0.6215,0.0,-1325.9344528344,-0.6922590340517532,0.2644414885697171,-1555.1257336954,0.3204674542994326
BENR_red_425_cutoff_0.0.inp.out,202.98357715877444,-0.3858,0.1426,0.2378,0.0,-1325.5346781256,1.1612161838593344,0.9913343349766808,-1554.7351337476,0.3534060297997712
BENR_red_426_cutoff_0.0.inp.out,202.91119482040472,-0.3459,0.1739,0.3803,0.0,-1325.7533635717,2.122298746527143,1.0874785734625223,-1554.9415552747,0.3208083265999448
BENR_red_427_cutoff_0.0.inp.out,203.1913642371767,-0.3445,0.183,0.3508,0.0,-1325.7926890776,1.1900892563860896,0.2895931275418195,-1554.9807393908,0.323575238399826
BENR_red_428_cutoff_0.0.inp.out,203.14226646087644,-0.3651,0.1588,0.3395,0.0,-1325.9113613718,-1.6881318142216746,-0.4087967428006687,-1555.1007805642,0.3438016507998327
BENR_red_429_cutoff_0.0.inp.out,203.4805619040997,-0.351,0.1817,0.3265,0.0,-1325.9736909396,1.009306574903887,0.9130512886848215,-1555.1679192645,0.3307556974996259
BENR_red_42_cutoff_0.0.inp.out,202.858481228651,-0.3121,0.2076,0.3825,0.0,-1325.9439072506,1.1228477601859428,-0.5315271060666255,-1555.1279486882,0.3007641742997293
BENR_red_430_cutoff_0.0.inp.out,203.91262802208536,-0.3515,0.1719,0.5486,0.0,-1326.1164270564,0.8190983173567047,-0.0155619235534862,-1555.3005057619,0.3353778487999079
BENR_red_431_cutoff_0.0.inp.out,203.19982572703245,-0.3545,0.1713,0.5404,0.0,-1325.8953994005,0.3855019762238405,0.1239691171004544,-1555.077557919,0.3386885531999724
BENR_red_432_cutoff_0.0.inp.out,202.96740133419704,-0.3577,0.1587,0.7911,0.0,-1325.6309769371,1.5459822405757604,1.2353642208257374,-1554.8163524079,0.3467359424003007
BENR_red_433_cutoff_0.0.inp.out,202.257655855379,-0.3453,0.1787,0.8219,0.0,-1325.5886585377,-0.4381223390578185,0.6978113209021048,-1554.7754827694,0.3311474460997488
BENR_red_434_cutoff_0.0.inp.out,201.74834105576912,-0.3384,0.1799,0.5256,0.0,-1325.0987841221,2.0632524826831298,1.0228958228520932,-1554.2868754752,0.3196873519000291
BENR_red_435_cutoff_0.0.inp.out,202.14664044266848,-0.3597,0.1613,0.0525,0.0,-1325.499020713,1.018450437162114,0.044228031629043,-1554.691860749,0.3352012539007774
BENR_red_436_cutoff_0.0.inp.out,201.63548119061176,-0.3485,0.1699,0.3073,0.0,-1325.7462239433,-0.181539032561104,-0.2835187011187932,-1554.9362615614,0.3278001169001072
BENR_red_437_cutoff_0.0.inp.out,201.63685359349637,-0.372,0.1458,0.544,0.0,-1325.5519886063,-1.347557018940987,-3.893207193958396,-1554.7473973728,0.3445286128007865
BENR_red_438_cutoff_0.0.inp.out,201.15665850507943,-0.3558,0.1616,0.4014,0.0,-1326.309835371,0.9829487154880364,-0.3179751309428261,-1555.493500491,0.335285373899751
BENR_red_439_cutoff_0.0.inp.out,200.5568895986082,-0.3669,0.1359,0.2917,0.0,-1325.9036686678,0.4139423361146944,-0.3609827373162242,-1555.0862128894,0.3506045209005606
BENR_red_43_cutoff_0.0.inp.out,202.41595113986423,-0.3451,0.1734,0.5051,0.0,-1326.0784489041,-2.2831335902298933,-1.2071166945749248,-1555.2702810902,0.3239210545007154
BENR_red_440_cutoff_0.0.inp.out,199.51809691159883,-0.3503,0.1539,0.4347,0.0,-1325.950917834,0.4962177625982524,0.1415495102734484,-1555.1358537904,0.3375186127004781
BENR_red_441_cutoff_0.0.inp.out,200.10421226664332,-0.3463,0.1594,0.4811,0.0,-1325.6801242096,-1.0247921029285312,-0.9030925404174482,-1554.8558654778,0.3232135128000664
BENR_red_442_cutoff_0.0.inp.out,200.99669403511643,-0.3526,0.16,0.7136,0.0,-1326.1485772115,0.2426361182575347,0.4720318649718685,-1555.3352704932,0.3297580258995367
BENR_red_443_cutoff_0.0.inp.out,200.8210575650503,-0.3491,0.155,0.4666,0.0,-1325.8985232838,-0.6592506289310789,-1.1886177410898022,-1555.0740573611,0.3256440316999942
BENR_red_444_cutoff_0.0.inp.out,202.34401355585945,-0.3618,0.1557,0.3708,0.0,-1325.5554133362,1.558798556738952,1.5054743845533929,-1554.7416897669,0.3385636650000378
BENR_red_445_cutoff_0.0.inp.out,202.4565557837987,-0.3499,0.1693,0.5382,0.0,-1325.6075899178,0.2723679485227912,-0.8221877941830249,-1554.7876161094,0.3303871252001045
BENR_red_446_cutoff_0.0.inp.out,203.10960358059168,-0.3419,0.1822,0.6257,0.0,-1325.5628657151,0.482617012333485,0.477845723730272,-1554.7485915901,0.3164578409005116
BENR_red_447_cutoff_0.0.inp.out,203.27316312554663,-0.3536,0.1712,0.3938,0.0,-1325.9204800963,0.4307862491066336,-0.2073470039796457,-1555.1145337272,0.3297941609998815
BENR_red_448_cutoff_0.0.inp.out,202.88499019071247,-0.3393,0.1742,0.8913,0.0,-1325.9537457746,-0.8021122505907862,0.6527514253394571,-1555.1442433944,0.3193473676001304
BENR_red_449_cutoff_0.0.inp.out,202.7576170030689,-0.3582,0.1667,0.8315,0.0,-1326.0527886624,0.6241119176082058,0.6076444955106912,-1555.2412650839,0.3409700779002378
BENR_red_44_cutoff_0.0.inp.out,202.49588353736587,-0.3429,0.1769,0.5305,0.0,-1325.7287801296,-1.066137536022023,-0.9467183040741868,-1554.9143260654,0.324089194100452
BENR_red_450_cutoff_0.0.inp.out,199.60811326462093,-0.3463,0.1572,0.5493,0.0,-1325.4600432147,-0.1651984633078899,-0.3849691900404348,-1554.6373962287,0.3380858773998625
BENR_red_451_cutoff_0.0.inp.out,199.89279581221996,-0.3292,0.1713,0.3701,0.0,-1325.5582947372,-0.8659366491415437,-1.0051204969190042,-1554.7470430053,0.3217870408998351
BENR_red_452_cutoff_0.0.inp.out,199.0189897662883,-0.339,0.1674,0.5593,0.0,-1326.0124186224,-2.350865512759613,-1.3763134134654311,-1555.1971705126,0.3292831152002691
BENR_red_453_cutoff_0.0.inp.out,199.28599785458263,-0.3365,0.1738,0.5144,0.0,-1325.9671647841,-1.1269800889248822,-1.0279082529133643,-1555.1562732513,0.329428700400058
BENR_red_454_cutoff_0.0.inp.out,199.67781170956613,-0.3597,0.1424,0.803,0.0,-1325.7708701029,-1.9864774761434236,-1.0260549218849362,-1554.9573489151,0.3538324891997035
BENR_red_455_cutoff_0.0.inp.out,198.9320713212473,-0.3615,0.1454,0.7833,0.0,-1325.4827618623,-0.7165719445088221,0.0280014351822016,-1554.6626784951,0.3533464684005594
BENR_red_456_cutoff_0.0.inp.out,199.92207641865804,-0.344,0.1601,0.7653,0.0,-1326.0075030808,-1.618906528652266,-0.676037876276761,-1555.18870695,0.3349340805998508
BENR_red_457_cutoff_0.0.inp.out,198.7099137213721,-0.3614,0.1393,0.4293,0.0,-1325.9522811863,0.1284016101538742,0.1110540802879366,-1555.1270196395,0.352914553899609
BENR_red_458_cutoff_0.0.inp.out,199.0840965138011,-0.3434,0.1651,0.6133,0.0,-1325.6106391343,1.434292000055835,0.9669291217802928,-1554.7906041994,0.3281799986998521
BENR_red_459_cutoff_0.0.inp.out,200.80167485046485,-0.3302,0.178,0.8292,0.0,-1325.7396805099,-1.7469121970889236,-1.7540694749789831,-1554.9284269079,0.3218095565998737
BENR_red_45_cutoff_0.0.inp.out,201.34536092691937,-0.371,0.1394,0.589,0.0,-1325.8138365227,0.2587399115682295,0.7059503803715214,-1554.9979166892,0.3462541722992682
BENR_red_460_cutoff_0.0.inp.out,201.0443160136616,-0.3463,0.169,0.2186,0.0,-1325.7214775893,0.4885868904002627,0.6160581584243636,-1554.9114554476,0.3352945014003126
BENR_red_461_cutoff_0.0.inp.out,202.8221730207445,-0.3352,0.1746,0.6078,0.0,-1325.4908365763,1.1849829161581606,1.8057451130826967,-1554.6728525278,0.3243933433004713
BENR_red_462_cutoff_0.0.inp.out,203.3137661510269,-0.3547,0.1661,0.504,0.0,-1325.6072828395,1.171450413796487,0.9026674149631156,-1554.7936173234,0.3284846936994654
BENR_red_463_cutoff_0.0.inp.out,204.05957773514336,-0.3584,0.1629,0.6059,0.0,-1325.6446085786,0.5906955801302233,1.0297035302226305,-1554.826142654,0.3381965561002289
BENR_red_464_cutoff_0.0.inp.out,204.20796670345865,-0.3258,0.1869,0.6922,0.0,-1325.5664494987,1.0676943216880557,1.5944761510222192,-1554.7473838511,0.3079258060997745
BENR_red_465_cutoff_0.0.inp.out,204.14607753253455,-0.3518,0.1706,0.4867,0.0,-1325.4599690395,0.5361271095523432,-0.5049271505872637,-1554.6388516255,0.3334720753000511
BENR_red_466_cutoff_0.0.inp.out,203.44348952942303,-0.3647,0.1633,0.3078,0.0,-1325.5558571679,0.5095098279949091,1.044128045437352,-1554.7400466007,0.3444208804994559
BENR_red_467_cutoff_0.0.inp.out,202.76452638644625,-0.3747,0.1443,0.5667,0.0,-1325.8342312819,-1.5255046247830466,-2.128399360221811,-1555.0193540915,0.3490911164999488
BENR_red_468_cutoff_0.0.inp.out,202.6485366969467,-0.3494,0.1686,0.5411,0.0,-1325.5973539201,1.166427402840803,-0.4147336943656634,-1554.785729895,0.3299442918005297
BENR_red_469_cutoff_0.0.inp.out,201.94579435339767,-0.3274,0.1875,0.2945,0.0,-1325.9818586118,-0.3791944743755571,0.759970226488204,-1555.16722777,0.305740164099916
BENR_red_46_cutoff_0.0.inp.out,200.01195903103107,-0.3322,0.1787,0.3402,0.0,-1326.1564003084,-0.604346270771905,0.4302916435505731,-1555.3363382836,0.3274556530996051
BENR_red_470_cutoff_0.0.inp.out,202.2557208969818,-0.3348,0.1788,0.8061,0.0,-1326.1000941743,1.7049996500788414,0.2714757935987086,-1555.2863631124,0.3146270315000947
BENR_red_471_cutoff_0.0.inp.out,201.39960233815412,-0.3452,0.1633,0.7023,0.0,-1326.0838977172,1.0142626288648284,0.9476261105093372,-1555.2678941652,0.3264796239000134
BENR_red_472_cutoff_0.0.inp.out,201.39702740460575,-0.3495,0.1652,0.5126,0.0,-1326.0504776324,0.6325522255296672,1.0403699019319572,-1555.2387262615,0.3306749612002022
BENR_red_473_cutoff_0.0.inp.out,201.5024590122976,-0.3472,0.1697,0.8707,0.0,-1325.9937328556,1.6815465996833698,2.5763450280478493,-1555.1821233848,0.3341257611000401
BENR_red_474_cutoff_0.0.inp.out,200.7992222239913,-0.3408,0.1661,0.1692,0.0,-1326.1056036454,-0.1150472189138286,0.005492802721881,-1555.289203741,0.319394142999954
BENR_red_475_cutoff_0.0.inp.out,201.49857913958493,-0.3532,0.1531,0.5479,0.0,-1325.9484764114,-0.1091535320182265,0.3246437530797699,-1555.1262464976,0.3351120125007583
BENR_red_476_cutoff_0.0.inp.out,202.6103994408592,-0.3474,0.172,0.4618,0.0,-1325.6266823918,1.4644140878462335,0.3140934715540026,-1554.8113296267,0.3283569796994925
BENR_red_477_cutoff_0.0.inp.out,202.53116214866543,-0.3379,0.1819,0.5683,0.0,-1326.293263726,2.1326431986523104,1.5289715306966634,-1555.4795223288,0.3172122263995334
BENR_red_478_cutoff_0.0.inp.out,202.0522205555148,-0.3511,0.1575,0.5519,0.0,-1325.8474247296,0.821782605802141,0.1780465661355087,-1555.0336214506,0.3275706619997436
BENR_red_479_cutoff_0.0.inp.out,202.6565448847089,-0.3649,0.1563,0.2082,0.0,-1325.8952660635,0.6225399719475664,2.185876322998932,-1555.0858708678,0.3397220674005439
BENR_red_47_cutoff_0.0.inp.out,199.6710901937793,-0.343,0.16,0.1376,0.0,-1325.8959524441,0.4628706189840809,0.1728217604823132,-1555.0740684885,0.328246108500025
BENR_red_480_cutoff_0.0.inp.out,202.15254569734503,-0.3443,0.1618,0.385,0.0,-1325.8770191073,-0.1772286202964465,-0.840789597303838,-1555.0697753175,0.3230720940000537
BENR_red_481_cutoff_0.0.inp.out,202.2186401210987,-0.3582,0.1589,0.5116,0.0,-1326.326742044,-2.61059014001853,-3.1110315635871792,-1555.5176401609,0.343391703200723
BENR_red_482_cutoff_0.0.inp.out,202.53902843319105,-0.3495,0.1715,0.52,0.0,-1325.7059751966,-2.0812124481157803,-3.379863849708008,-1554.8965497025,0.3385591193000437
BENR_red_483_cutoff_0.0.inp.out,203.00031060932923,-0.355,0.1655,0.5092,0.0,-1325.7123907415,1.7716283066255487,0.8051145441248302,-1554.8995798617,0.3420405524993839
BENR_red_484_cutoff_0.0.inp.out,203.85817353611293,-0.3575,0.1627,0.7383,0.0,-1325.7888336836,5.138545118115964,5.8069384880955095,-1554.9860984649,0.3360674637997363
BENR_red_485_cutoff_0.0.inp.out,204.3507533428958,-0.3757,0.1576,0.3928,0.0,-1326.245422815,0.887515179584766,0.6851883887316199,-1555.4303276193,0.3418364635999751
BENR_red_486_cutoff_0.0.inp.out,203.06655331750255,-0.3488,0.1792,0.6218,0.0,-1326.1927279606,0.3021505649783932,0.4563938959136812,-1555.3775094152,0.3321185735003382
BENR_red_487_cutoff_0.0.inp.out,203.39557737421265,-0.3515,0.1677,0.6196,0.0,-1325.9902465092,1.0236430645454626,-0.0211423058552808,-1555.1834846473,0.3290690798003197
BENR_red_488_cutoff_0.0.inp.out,201.49781615593025,-0.3511,0.1494,0.7457,0.0,-1325.8832071957,-1.2371462911559714,-3.176450736091887,-1555.0621296784,0.3375289694004095
BENR_red_489_cutoff_0.0.inp.out,202.13316548850764,-0.3438,0.1718,0.5444,0.0,-1325.8700082243,-1.4359140839991866,-2.6793453175502284,-1555.0610158036,0.3259407694004039
BENR_red_48_cutoff_0.0.inp.out,199.40135183456687,-0.3508,0.1602,0.3168,0.0,-1326.0705638394,1.0854811520966383,1.3435248475948696,-1555.2533425788,0.3343482570999185
BENR_red_490_cutoff_0.0.inp.out,201.98617967931983,-0.3698,0.1353,0.6405,0.0,-1325.7555281513,-3.364265077104203,-2.837204374460254,-1554.9329093692,0.3517071497999495
BENR_red_491_cutoff_0.0.inp.out,201.1399126149702,-0.3556,0.1573,0.3826,0.0,-1325.4911378899,0.3777540850879364,-0.474119177165821,-1554.6856541425,0.3385169931998462
BENR_red_492_cutoff_0.0.inp.out,201.4832190534926,-0.3565,0.1574,0.3142,0.0,-1325.6241871708,-1.2627022112981092,-0.4887065085733975,-1554.8120482325,0.338517943199804
BENR_red_493_cutoff_0.0.inp.out,201.84821698605953,-0.3652,0.1494,0.2074,0.0,-1325.5826316101,1.9076699058789748,3.817558224559556,-1554.7741238572,0.3438920613998562
BENR_red_494_cutoff_0.0.inp.out,201.4692627640578,-0.3648,0.1519,0.5182,0.0,-1325.979423516,-1.1230039267380405,0.5276216237451816,-1555.1653685672,0.3427092698993874
BENR_red_495_cutoff_0.0.inp.out,200.5270338305995,-0.347,0.1625,0.1806,0.0,-1325.4976998588,1.1652965780930282,1.187312505969937,-1554.6793651226,0.3302348186998642
BENR_red_496_cutoff_0.0.inp.out,200.98946475967944,-0.3501,0.1633,0.3894,0.0,-1326.116521552,0.4034998705828579,-0.0723768502466946,-1555.3072526054,0.3384626309998566
BENR_red_497_cutoff_0.0.inp.out,200.48827168582963,-0.344,0.1726,0.1981,0.0,-1325.6672809341,-0.4111856020877003,-1.7588974454846211,-1554.8594666519,0.3275245107997762
BENR_red_498_cutoff_0.0.inp.out,201.0603997075536,-0.3456,0.168,0.1877,0.0,-1326.0397667937,-1.257773690821134,-0.8143454368657754,-1555.2299698147,0.3267448452997996
BENR_red_499_cutoff_0.0.inp.out,200.56775360080235,-0.3345,0.1819,0.284,0.0,-1325.923179463,-0.0286770257446387,-0.7764484355009109,-1555.1025656373,0.3206603201997495
BENR_red_49_cutoff_0.0.inp.out,199.6071076139406,-0.3597,0.155,0.5382,0.0,-1326.2757677327,0.9361542082338934,2.115086785426296,-1555.4511228936,0.3474569825993967
BENR_red_4_cutoff_0.0.inp.out,201.04105858869175,-0.3327,0.1624,0.3689,0.0,-1325.655529253,-0.141031013603794,0.3614376429807555,-1554.8426656292,0.3233608130003631
BENR_red_50_cutoff_0.0.inp.out,200.38713776132903,-0.3572,0.1482,0.5526,0.0,-1325.7474901141,-0.6113564114502335,0.587104654049593,-1554.9262658,0.3415238049001345
BENR_red_51_cutoff_0.0.inp.out,200.26527582478204,-0.3472,0.1635,0.3704,0.0,-1325.9095786589,-0.6264376544861059,-0.1989624788393812,-1555.0936536591,0.3359789043006458
BENR_red_52_cutoff_0.0.inp.out,201.7679788045453,-0.328,0.1968,0.452,0.0,-1325.699715682,0.3449260816801676,0.9112235924880586,-1554.8822728529,0.3098369484005161
BENR_red_53_cutoff_0.0.inp.out,203.4111349059853,-0.3405,0.1803,0.5233,0.0,-1325.9584883106,-0.872130897298015,-0.2176381733587547,-1555.1464867058,0.3172133664002103
BENR_red_54_cutoff_0.0.inp.out,203.43325252815504,-0.3512,0.1676,0.401,0.0,-1325.9964817714,0.9798184297392214,-0.3737351115140499,-1555.1820634376,0.3358546179997574
BENR_red_55_cutoff_0.0.inp.out,203.9699943225433,-0.3591,0.1646,0.332,0.0,-1326.1840420349,-0.4679388207736282,-1.7279280528544794,-1555.3722051065,0.335633474000133
BENR_red_56_cutoff_0.0.inp.out,204.5136809319398,-0.3695,0.1672,0.1444,0.0,-1326.5357258468,-1.089213883478185,-0.5870781557410406,-1555.7241102353,0.3496220505003293
BENR_red_57_cutoff_0.0.inp.out,203.7864590438517,-0.3171,0.1981,0.4499,0.0,-1326.4175094608,-0.3861540958281057,-0.6108838280012627,-1555.6009494571,0.2968094723000831
BENR_red_58_cutoff_0.0.inp.out,203.01085536937717,-0.3356,0.1776,0.1848,0.0,-1326.1466696995,0.0171808183721144,-0.8237251252618627,-1555.3322294898,0.3114597420999416
BENR_red_59_cutoff_0.0.inp.out,201.62992812487104,-0.3235,0.1944,0.2999,0.0,-1326.2569634218,1.060002135587056,-0.4279816944221294,-1555.434469431,0.30423652780064
BENR_red_5_cutoff_0.0.inp.out,199.7407114705025,-0.3325,0.1722,0.8311,0.0,-1326.0553058262,-1.4817309630383304,-2.9450643203914293,-1555.2416106386,0.3277693849995557
BENR_red_60_cutoff_0.0.inp.out,202.01087577443352,-0.3379,0.1777,0.4025,0.0,-1326.7236182168,-0.555009851665407,-0.019895475037909,-1555.9030278593,0.3226331576006487
BENR_red_61_cutoff_0.0.inp.out,200.33224759526743,-0.3402,0.1652,0.3947,0.0,-1326.3255253646,0.0985057421605353,-0.4356081761492406,-1555.5081609906,0.3222508415001357
BENR_red_62_cutoff_0.0.inp.out,199.94018963194705,-0.3365,0.1714,0.344,0.0,-1326.413677825,1.2044251520624087,1.1179871192529696,-1555.600626971,0.3187339026999325
BENR_red_63_cutoff_0.0.inp.out,199.55027482438723,-0.3533,0.1508,0.4479,0.0,-1326.1362897718,0.2295865531026617,0.0122582900539106,-1555.3268504686,0.3348846281005535
BENR_red_64_cutoff_0.0.inp.out,198.73735706140064,-0.3481,0.1557,0.3368,0.0,-1326.3128176052,-0.0925476017106322,0.1249700441532242,-1555.4957132749,0.3363087268999152
BENR_red_65_cutoff_0.0.inp.out,198.2574803548067,-0.3269,0.1503,0.6831,0.0,-1325.967853029,-2.380234599426521,-2.5925012654232074,-1555.1400251273,0.3229018129995893
BENR_red_66_cutoff_0.0.inp.out,199.24648479609712,-0.3419,0.1458,0.2794,0.0,-1326.0302534908,-0.5079109220582463,-0.5752170401427252,-1555.1996282031,0.3290677217000848
BENR_red_67_cutoff_0.0.inp.out,198.486771767263,-0.3287,0.1697,0.4807,0.0,-1326.0262492453,1.415306371162663,0.8847461411681696,-1555.193143643,0.3132096557001205
BENR_red_68_cutoff_0.0.inp.out,200.54354050407764,-0.3318,0.1763,0.2282,0.0,-1326.0681437515,2.005294240216333,1.6845505263412524,-1555.2414133505,0.3126559871998324
BENR_red_69_cutoff_0.0.inp.out,201.2438627322856,-0.3437,0.1692,0.4797,0.0,-1326.0982312684,0.8718903448689039,0.3605019755776454,-1555.2805168125,0.3358274589991197
BENR_red_6_cutoff_0.0.inp.out,200.94133884430684,-0.3457,0.1594,0.3965,0.0,-1325.3206421809,0.8904950177047235,1.4606354031966953,-1554.5062530167,0.3359216540002308
BENR_red_70_cutoff_0.0.inp.out,199.66189298571928,-0.3462,0.1586,0.5368,0.0,-1325.4698643913,-0.1484348113146339,-0.3674211864563114,-1554.6469844299,0.3378804636004133
BENR_red_71_cutoff_0.0.inp.out,199.96075185961715,-0.3389,0.1631,0.5396,0.0,-1325.5254753813,-0.9570019913333798,-1.626055107817879,-1554.7112673374,0.3349837383002523
BENR_red_72_cutoff_0.0.inp.out,199.60440678117868,-0.3416,0.1526,0.8771,0.0,-1325.5024093699,-1.0339373035945387,-1.2146079312847071,-1554.6925444956,0.3305630402001043
BENR_red_73_cutoff_0.0.inp.out,199.92497565176805,-0.3535,0.1545,0.5118,0.0,-1325.6160343736,-1.1479033625630957,-1.1155602963144855,-1554.8054333421,0.3384876635000182
BENR_red_74_cutoff_0.0.inp.out,199.53231146903167,-0.3359,0.1542,0.6398,0.0,-1325.1859845129,0.0527041840303928,1.6172312806232565,-1554.3634262527,0.3286398571999598
BENR_red_75_cutoff_0.0.inp.out,200.97769273312656,-0.3489,0.1677,0.3273,0.0,-1325.9547100701,-0.0913662913033731,-0.0139311621025806,-1555.143976931,0.3333281109999007
BENR_red_76_cutoff_0.0.inp.out,201.3618808212293,-0.3484,0.1581,0.3065,0.0,-1325.4835859894,1.592136386516938,0.8393881656492712,-1554.666181652,0.3378259264000007
BENR_red_77_cutoff_0.0.inp.out,202.4896513123097,-0.338,0.181,0.3545,0.0,-1325.5546761926,1.7274734297381222,0.9526681058127928,-1554.7437604088,0.322278296100194
BENR_red_78_cutoff_0.0.inp.out,202.6792376466356,-0.3329,0.1776,0.2172,0.0,-1325.9827359775,0.1441724244437981,0.698738024822531,-1555.1575943815,0.3211831668004379
BENR_red_79_cutoff_0.0.inp.out,202.78067524818505,-0.341,0.1832,0.2187,0.0,-1325.6476329203,0.0981707762962964,0.4892553727816165,-1554.8424188062,0.3206167259995709
BENR_red_7_cutoff_0.0.inp.out,203.0437480273316,-0.3569,0.1626,0.4295,0.0,-1325.6361140388,-0.4994644478168475,0.4584687604964492,-1554.8232480436,0.3421556714001781
BENR_red_80_cutoff_0.0.inp.out,203.3012901755892,-0.3387,0.1804,0.2199,0.0,-1325.5966413378,-0.191398455059409,-0.397572774965245,-1554.781462791,0.3216444005001904
BENR_red_81_cutoff_0.0.inp.out,203.08631881329777,-0.3524,0.1591,0.4871,0.0,-1325.5304991693,1.2135036208562744,1.658087898879553,-1554.7202980311,0.334585086900006
BENR_red_82_cutoff_0.0.inp.out,202.68363970353784,-0.3656,0.1524,0.596,0.0,-1325.658313936,0.2047638527610135,1.1615117908459898,-1554.843558241,0.3353033696994316
BENR_red_83_cutoff_0.0.inp.out,201.83343172002387,-0.3798,0.1371,0.2345,0.0,-1325.538290662,-0.7432608107908475,0.323412171930619,-1554.72672237,0.3598616858998866
BENR_red_84_cutoff_0.0.inp.out,202.75116438289453,-0.3488,0.1609,0.4049,0.0,-1325.219043279,-1.0042735803748757,0.4437363659316747,-1554.40404585,0.3289095974005249
BENR_red_85_cutoff_0.0.inp.out,202.03538623986233,-0.356,0.1556,0.5764,0.0,-1325.6828412473,-1.039421339789361,-1.4420955189825782,-1554.8620725657,0.3321936700995138
BENR_red_86_cutoff_0.0.inp.out,201.59784748742777,-0.3371,0.1745,0.7261,0.0,-1325.6727092363,-0.3815480577641464,-0.8155061968683055,-1554.8550558624,0.3168253820003883
BENR_red_87_cutoff_0.0.inp.out,202.4644361582397,-0.3576,0.1525,0.5587,0.0,-1325.5769148979,-0.7973211840313891,0.8497505115322778,-1554.7700189969,0.3354550307994941
BENR_red_88_cutoff_0.0.inp.out,203.33303441928027,-0.3377,0.1822,0.3535,0.0,-1325.9229498057,0.380428148336977,0.4575519774679824,-1555.1188864841,0.3157784671002446
BENR_red_89_cutoff_0.0.inp.out,203.43705281196353,-0.345,0.1734,0.4689,0.0,-1325.694116811,-1.2964399994366644,-1.670339553819752,-1554.8841342533,0.3232905543000015
BENR_red_8_cutoff_0.0.inp.out,203.44067278433283,-0.3472,0.1641,0.3215,0.0,-1325.4680793326,0.2068726162979639,0.4812688412522736,-1554.6478921716,0.3313461145999099
BENR_red_90_cutoff_0.0.inp.out,204.46877699143573,-0.3523,0.1835,0.4993,0.0,-1325.5011046694,-0.0047534906063668,-0.0482630977415295,-1554.7005525253,0.3288563172000067
BENR_red_91_cutoff_0.0.inp.out,204.29049470424485,-0.3404,0.1774,0.4613,0.0,-1325.6138067897,1.0409519960035754,1.4343094517446675,-1554.8053961515,0.3230045185000563
BENR_red_92_cutoff_0.0.inp.out,204.13561144383328,-0.3358,0.1925,0.6205,0.0,-1325.7752079062,1.153894451170383,0.7037468184837631,-1554.9686993609,0.3139230562992452
BENR_red_93_cutoff_0.0.inp.out,203.9026351441851,-0.372,0.1434,0.3077,0.0,-1325.4178128323,-1.0047009103299418,-0.5713147675363874,-1554.6069113091,0.3464155165002012
BENR_red_94_cutoff_0.0.inp.out,202.93788622126627,-0.3584,0.1659,0.8622,0.0,-1325.551744345,-0.4784743245116104,-0.1059803964250855,-1554.7433365781,0.3385419524001918
BENR_red_95_cutoff_0.0.inp.out,202.10534310715445,-0.3487,0.1699,0.6145,0.0,-1325.9164163529,-0.5177472381801393,-0.3135114500037872,-1555.1047969818,0.3329238905007514
BENR_red_96_cutoff_0.0.inp.out,201.95707507608944,-0.3537,0.1541,0.2585,0.0,-1325.7369882649,-0.9731555143022046,-0.4954943774210298,-1554.9243270833,0.3285392111993133
BENR_red_97_cutoff_0.0.inp.out,201.12034855555584,-0.3418,0.1746,0.4152,0.0,-1325.9084894228,0.228442959330779,1.2594969306563075,-1555.1022584471,0.3243892929003777
BENR_red_98_cutoff_0.0.inp.out,200.99226683747833,-0.3371,0.176,0.1677,0.0,-1326.3080434797,0.1017367903884497,-0.633657995767908,-1555.5016526483,0.3241259429996717
BENR_red_99_cutoff_0.0.inp.out,201.26297021627207,-0.3644,0.1537,0.742,0.0,-1325.6331984423,0.9087827419016096,1.8712356476815404,-1554.8276504883,0.3430356315002427
BENR_red_9_cutoff_0.0.inp.out,204.5878615638742,-0.3605,0.1672,0.5756,0.0,-1325.5708211025,1.097809800116155,1.5971109484751504,-1554.7534008313,0.3434727662997829
