file_name,NRE,HOMO,LUMO,Dipole_mom,Num_waters,chg_chg,elec5,elec10,SCF_E,delE_dft
BENR_red_0_cutoff_7.5.inp.out,199.5730133310607,-0.3461,0.1564,42.8005,52.0,-1307.4697763196,37.24655353255313,2.149001932623551,-5464.3137418102,0.3381548507995831
BENR_red_100_cutoff_7.5.inp.out,201.7675835121232,-0.3534,0.1578,23.3472,53.0,-1307.8491392181,-50.78339224563876,-62.39479173437297,-5540.3164587272,0.3381846236998171
BENR_red_101_cutoff_7.5.inp.out,201.82472252240925,-0.3556,0.1601,25.6357,53.0,-1307.8478763082,-78.05512113121809,-132.08211202092727,-5540.2904054464,0.3377665565003553
BENR_red_102_cutoff_7.5.inp.out,201.50686640162655,-0.3847,0.1262,24.1687,51.0,-1308.2725436822,-114.74127984719529,-77.6153462753422,-5389.6343513575,0.3693438846003118
BENR_red_103_cutoff_7.5.inp.out,200.41107122362075,-0.3302,0.1734,31.8817,51.0,-1308.0937096446,17.615837985493542,41.71412873686682,-5389.4791805163,0.3208252632002768
BENR_red_104_cutoff_7.5.inp.out,201.2068647081152,-0.3692,0.1361,24.7268,55.0,-1307.3108138325,-56.51112386475335,19.80489956260913,-5690.7993036976,0.3545724661998974
BENR_red_105_cutoff_7.5.inp.out,201.00518467288776,-0.3358,0.1637,20.6631,52.0,-1307.2973304127,-90.06441389532087,-16.447686367113736,-5464.203911099,0.3242171515994414
BENR_red_106_cutoff_7.5.inp.out,201.93832153694436,-0.3329,0.171,25.5471,51.0,-1308.0949746625,-44.175564834487425,-18.92961045264608,-5389.5475870914,0.321516445999805
BENR_red_107_cutoff_7.5.inp.out,200.99638919911197,-0.332,0.1685,26.4538,50.0,-1308.413673486,-42.041511170349594,-40.79276798680096,-5314.2932410332,0.3170742484999209
BENR_red_108_cutoff_7.5.inp.out,201.5354687328706,-0.3291,0.1741,31.2253,52.0,-1307.6513755159,-89.05312942759153,-68.73792179093586,-5464.5809516535,0.3176201021005909
BENR_red_109_cutoff_7.5.inp.out,201.89653539040043,-0.3129,0.1943,24.3467,49.0,-1309.0924658971,-49.97352208019518,-51.75102956884079,-5239.4662479155,0.3028176497000459
BENR_red_10_cutoff_7.5.inp.out,205.36399997959637,-0.3493,0.1827,30.7323,44.0,-1310.7122180204,52.77533715368003,38.68908973646806,-4863.2940560908,0.3343064021992177
BENR_red_110_cutoff_7.5.inp.out,201.91405700872969,-0.3458,0.1699,21.1096,49.0,-1308.8215510081,-47.78641446388369,-32.057616269413415,-5239.1093740103,0.3280287775996839
BENR_red_111_cutoff_7.5.inp.out,203.01463010432775,-0.3398,0.1779,24.2782,53.0,-1307.5443040706,51.99434977407985,-5.677404163096326,-5540.0089755931,0.3206067863002317
BENR_red_112_cutoff_7.5.inp.out,202.2589408322996,-0.3527,0.1633,19.0591,55.0,-1306.7751044385,-21.886357418033555,-18.587835210014077,-5690.3137591891,0.3404610548996061
BENR_red_113_cutoff_7.5.inp.out,202.4720663653157,-0.3371,0.1753,12.045,55.0,-1306.9847805439,-12.96263051619862,-12.758258893039494,-5690.5246597876,0.3210711548999825
BENR_red_114_cutoff_7.5.inp.out,200.80446682354312,-0.3113,0.201,18.9057,55.0,-1306.6859346736,41.10584660825938,-20.73132211622354,-5690.2298090833,0.3031986580999728
BENR_red_115_cutoff_7.5.inp.out,200.79385094751575,-0.3433,0.1675,16.5364,50.0,-1308.5002455041,-25.510986956194156,2.756536615718845,-5314.3758677342,0.3272252226006458
BENR_red_116_cutoff_7.5.inp.out,200.66412657038657,-0.3092,0.1897,28.0942,50.0,-1308.4339160469,162.79960222322697,35.7583881550158,-5314.2807413849,0.3026682200998039
BENR_red_117_cutoff_7.5.inp.out,199.84809511027103,-0.3378,0.1559,33.9118,52.0,-1307.7114429698,-3.7481009378221337,49.461452980003486,-5464.6414782167,0.3249189669995758
BENR_red_118_cutoff_7.5.inp.out,199.63852327512495,-0.3447,0.1558,35.2454,49.0,-1309.0454997695,9.648213217162295,-23.00969504668934,-5239.3423714644,0.3343321055999695
BENR_red_119_cutoff_7.5.inp.out,199.68057700413047,-0.3553,0.1577,26.3969,45.0,-1310.1781022691,-23.009134696120217,-20.56954998257372,-4938.3033054913,0.3437078810002276
BENR_red_11_cutoff_7.5.inp.out,205.07203884752056,-0.3739,0.1517,20.8557,46.0,-1309.5775653856,16.46825216768222,64.1814025617755,-5013.2483944745,0.3556442049002726
BENR_red_120_cutoff_7.5.inp.out,201.41218910456317,-0.3301,0.1797,25.6242,49.0,-1309.1822259987,82.67353798139605,-66.8578807229184,-5239.4137039142,0.3175304756996411
BENR_red_121_cutoff_7.5.inp.out,200.78659212520893,-0.3299,0.1727,23.4819,53.0,-1307.3355037806,211.3960739289355,22.453755874523004,-5539.6930687821,0.3189164184996116
BENR_red_122_cutoff_7.5.inp.out,201.16343169236976,-0.3448,0.1534,28.0246,47.0,-1309.4493885968,-19.17025977440943,-36.837760564584094,-5088.6702854881,0.3356325897993883
BENR_red_123_cutoff_7.5.inp.out,201.1704972772665,-0.3548,0.1655,15.0901,51.0,-1308.0087444232,-5.212814430271164,9.941020901746745,-5389.2705946152,0.3400769789996047
BENR_red_124_cutoff_7.5.inp.out,202.47217560613825,-0.3372,0.1874,18.8269,54.0,-1306.7495760196,103.9213777968626,-43.77226227472089,-5614.6476528062,0.32001689469962
BENR_red_125_cutoff_7.5.inp.out,202.02264540992215,-0.3518,0.1699,14.0656,57.0,-1305.6397111699,-16.65062968976308,-25.84601532510358,-5840.1463677454,0.3364654923998387
BENR_red_126_cutoff_7.5.inp.out,202.0990574869129,-0.3471,0.1745,16.5357,54.0,-1307.1996577809,66.70934598984651,-32.08766347287655,-5615.096630254,0.3329500865002046
BENR_red_127_cutoff_7.5.inp.out,202.1806853385485,-0.3663,0.1524,19.7841,50.0,-1308.3557015017,-33.08867834955005,-7.13348150184725,-5314.2196451528,0.3476649542999439
BENR_red_128_cutoff_7.5.inp.out,202.34719154497915,-0.3699,0.1475,13.5819,54.0,-1306.87946556,-93.22537456328868,-41.71539293380165,-5614.8809459965,0.3495995001994743
BENR_red_129_cutoff_7.5.inp.out,202.4556384724149,-0.3542,0.1682,17.7279,53.0,-1307.3818773622,-57.31276801577923,-5.660006141077073,-5539.7794275691,0.3369025826996221
BENR_red_12_cutoff_7.5.inp.out,204.6068504119644,-0.3451,0.1701,22.2365,49.0,-1308.8536976042,245.8056196455827,79.52821820713635,-5239.1038497387,0.3317744256000878
BENR_red_130_cutoff_7.5.inp.out,199.66921868806423,-0.3461,0.157,42.8902,52.0,-1307.4720560091,37.54729198617563,1.6651860104549558,-5464.3174892359,0.3379180160000032
BENR_red_131_cutoff_7.5.inp.out,199.827348089201,-0.3595,0.1402,42.1793,53.0,-1307.1996506964,-184.43434995150264,35.66670659409798,-5539.5509211385,0.345752657799494
BENR_red_132_cutoff_7.5.inp.out,199.31352291282863,-0.3533,0.1552,32.3193,51.0,-1307.9308611619,-5.869952780652585,33.634094536831675,-5389.2515078423,0.3424297052997644
BENR_red_133_cutoff_7.5.inp.out,200.47231017396996,-0.3452,0.1588,42.8259,50.0,-1307.7500446932,-8.507848810426871,51.826888562025744,-5313.5874252147,0.3332546835999892
BENR_red_134_cutoff_7.5.inp.out,201.18790738034673,-0.3319,0.1624,38.0877,52.0,-1307.7813251299,162.4814873288652,112.21883655377292,-5464.7119613477,0.3226172008007779
BENR_red_135_cutoff_7.5.inp.out,200.17369453448424,-0.3396,0.1684,36.4106,51.0,-1308.168415124,-20.918835051645935,-6.392719127271132,-5389.5517698764,0.3299827750997792
BENR_red_136_cutoff_7.5.inp.out,201.20933348503732,-0.327,0.1697,40.2344,53.0,-1307.0580156523,106.76268416343608,4.989058338244133,-5539.5084500388,0.3112380649999977
BENR_red_137_cutoff_7.5.inp.out,201.38528489015135,-0.3538,0.1445,40.956,52.0,-1307.6880508779,-7.002601588905981,-34.474166377778005,-5464.6303160581,0.3370215650002137
BENR_red_138_cutoff_7.5.inp.out,201.252735724374,-0.3335,0.1749,41.5791,52.0,-1307.6332716729,45.05714168228034,-0.0531492416135476,-5464.5175729321,0.3168956457993772
BENR_red_139_cutoff_7.5.inp.out,202.20402197977023,-0.3307,0.1815,44.0603,58.0,-1305.2507610762,12.56171661217213,-0.6970696985907371,-5915.3870209438,0.3148086964001777
BENR_red_13_cutoff_7.5.inp.out,202.8428326964759,-0.3338,0.1872,26.0027,48.0,-1309.2870890005,133.3119986621785,56.276203093069064,-5164.041941683,0.3191248105995328
BENR_red_140_cutoff_7.5.inp.out,201.45060266342196,-0.3139,0.188,37.7181,57.0,-1305.7676174594,30.462293315222965,25.352791405227993,-5840.3386055714,0.2972329329995773
BENR_red_141_cutoff_7.5.inp.out,202.60860688815015,-0.3482,0.1721,32.1001,54.0,-1306.3329156429,12.0950229681232,1.399206920734481,-5614.2695110866,0.3289607517999684
BENR_red_142_cutoff_7.5.inp.out,203.78127268804,-0.3235,0.1804,30.8277,57.0,-1305.683738468,-19.236417824005997,-20.700268865575513,-5840.2416891478,0.3103478549001011
BENR_red_143_cutoff_7.5.inp.out,202.6312662730932,-0.3272,0.1877,36.3793,58.0,-1305.6833504495,148.71709489624084,14.581789219529254,-5915.7220173103,0.3167257357008566
BENR_red_144_cutoff_7.5.inp.out,203.54849785125765,-0.325,0.201,26.3453,57.0,-1305.747481666,151.40667862559812,7.729255607270455,-5840.225554122,0.3083143316998757
BENR_red_145_cutoff_7.5.inp.out,203.40199976905907,-0.3588,0.1571,33.0244,55.0,-1306.397063193,16.57234140139656,0.8096882615493337,-5689.8544102975,0.3389609012001529
BENR_red_146_cutoff_7.5.inp.out,202.3799284709551,-0.3295,0.1892,38.3078,54.0,-1306.6095951384,37.81593084956892,-29.809390316324617,-5614.5912447684,0.3136681722999128
BENR_red_147_cutoff_7.5.inp.out,201.83203889969087,-0.37,0.141,40.1358,57.0,-1305.9537820246,10.46422540682732,-9.684848771837435,-5840.4983356287,0.3562208043995269
BENR_red_148_cutoff_7.5.inp.out,201.26513709350277,-0.3437,0.1674,42.8017,54.0,-1307.2831326488,95.6375864978311,69.32908003196297,-5615.1992239886,0.3298901933003435
BENR_red_149_cutoff_7.5.inp.out,200.91749825984968,-0.3343,0.1733,36.7242,52.0,-1307.6871818411,54.14080627299345,13.285149397103249,-5464.5532738179,0.3228419633996964
BENR_red_14_cutoff_7.5.inp.out,201.68427047626824,-0.3449,0.1573,35.1693,46.0,-1309.7421042881,91.80447986320534,105.71811377599327,-5013.410170167,0.3282558626997343
BENR_red_150_cutoff_7.5.inp.out,201.32719571950793,-0.3597,0.1564,24.6749,53.0,-1307.5481099646,71.64422547798166,8.501653734281655,-5539.9149434553,0.3404500880997148
BENR_red_151_cutoff_7.5.inp.out,200.5103940913514,-0.3535,0.1577,28.1041,52.0,-1307.5017843064,-3.73350950946273,-4.032854187549609,-5464.3405907627,0.3428007147003882
BENR_red_152_cutoff_7.5.inp.out,200.93666975829112,-0.3591,0.1417,16.7877,51.0,-1308.0713145876,8.965467306897981,-2.71190268453826,-5389.3237532618,0.341167234400018
BENR_red_153_cutoff_7.5.inp.out,201.0876908621036,-0.3476,0.1493,15.3724,54.0,-1306.7205370395,3.8252018487563184,20.671542674882065,-5614.6038866941,0.3337830687996757
BENR_red_154_cutoff_7.5.inp.out,201.2315255050344,-0.3415,0.1766,13.9942,56.0,-1306.0890522766,45.32206450349952,-30.958894312839018,-5765.0550655017,0.3261676845004331
BENR_red_155_cutoff_7.5.inp.out,201.3883488844699,-0.3628,0.1504,12.9061,52.0,-1307.5844907234,-43.67803465374392,-3.5220259965021636,-5464.4705471422,0.3436357328000667
BENR_red_156_cutoff_7.5.inp.out,201.60641777722833,-0.3063,0.1895,18.5913,57.0,-1305.9861755355,22.341594103342945,-25.430727823716385,-5840.5030358222,0.297672447700279
BENR_red_157_cutoff_7.5.inp.out,200.2547136170578,-0.3561,0.1546,21.8861,56.0,-1306.4347994158,74.42516418566126,-89.88055623358474,-5765.4327490625,0.3410096570996757
BENR_red_158_cutoff_7.5.inp.out,200.1194171791933,-0.3653,0.1345,19.7087,51.0,-1308.3984706761,12.92887915657346,-96.70411551975396,-5389.7644235346,0.3481941094996728
BENR_red_159_cutoff_7.5.inp.out,200.1907309872689,-0.3416,0.1701,22.3499,48.0,-1309.3870476619,47.65908115660883,-76.35165292038019,-5164.138561531,0.3265653216994906
BENR_red_15_cutoff_7.5.inp.out,200.9568481913158,-0.3361,0.1771,33.4406,48.0,-1308.8485173171,56.21806275866112,-11.76181804439728,-5163.5664586967,0.3247057838998444
BENR_red_160_cutoff_7.5.inp.out,199.6487527631102,-0.3489,0.1522,28.797,51.0,-1308.2616577368,-220.02714931959025,-101.07211189789658,-5389.5863669801,0.3391740983997806
BENR_red_161_cutoff_7.5.inp.out,200.17112886263948,-0.3479,0.1458,27.9333,47.0,-1309.6079479102,-24.140984461112136,-101.402349798816,-5088.8067017769,0.3378190201992765
BENR_red_162_cutoff_7.5.inp.out,200.3019982953126,-0.3486,0.1462,31.657,54.0,-1306.9058596152,-56.29298109454336,-16.026819205019574,-5614.8063025086,0.3336257258997648
BENR_red_163_cutoff_7.5.inp.out,200.2182839749192,-0.3517,0.1569,32.8454,52.0,-1307.6415727102,27.26091932530063,27.58150585793651,-5464.4801827485,0.3386746099995434
BENR_red_164_cutoff_7.5.inp.out,200.31203886975712,-0.3544,0.1581,30.3572,51.0,-1308.1606048132,17.349148235164076,-6.761464545890678,-5389.5285897452,0.3393689551003263
BENR_red_165_cutoff_7.5.inp.out,200.82909534821033,-0.3682,0.127,34.9579,55.0,-1306.9695005366,11.09491368609523,-25.302850141863875,-5690.4190948556,0.3541412710001168
BENR_red_166_cutoff_7.5.inp.out,200.53730251498385,-0.3462,0.1451,27.3561,56.0,-1306.3785380857,-72.0911783303323,-48.53506707005611,-5765.4237637268,0.3343979022001804
BENR_red_167_cutoff_7.5.inp.out,201.91117329176453,-0.3473,0.1685,26.8134,54.0,-1307.2253931098,-8.026325629921176,-31.217403187800148,-5615.2464481713,0.3303810158004125
BENR_red_168_cutoff_7.5.inp.out,202.36786238543803,-0.341,0.1627,27.7378,53.0,-1307.4375974988,10.288568698363344,-11.107492983428468,-5539.8821064327,0.326050370300436
BENR_red_169_cutoff_7.5.inp.out,201.1153952397848,-0.3563,0.1641,23.6421,54.0,-1306.7365613521,-17.922027966857627,-48.065126015594394,-5614.6985288901,0.333794796300026
BENR_red_16_cutoff_7.5.inp.out,201.84673515578197,-0.3585,0.1379,26.8753,49.0,-1308.7442430106,-53.007298427108445,9.709973801235378,-5239.0291226533,0.3433423004998985
BENR_red_170_cutoff_7.5.inp.out,200.6723042124817,-0.3378,0.1729,28.5259,54.0,-1307.0958298255,47.063510760974175,-34.31993842450117,-5615.0832377824,0.3210222049001459
BENR_red_171_cutoff_7.5.inp.out,200.35869220862324,-0.3363,0.1638,32.6187,53.0,-1307.0624824912,-32.41412260958509,9.731298862771682,-5539.5069526203,0.3204263709003498
BENR_red_172_cutoff_7.5.inp.out,200.43038618468967,-0.3408,0.1546,31.2037,53.0,-1307.607551582,-8.348356762762354,15.787010541260932,-5539.9703538287,0.3295668574000956
BENR_red_173_cutoff_7.5.inp.out,200.97322129333105,-0.3503,0.1655,33.2019,52.0,-1308.2220696085,-13.200508683953064,14.685739206321571,-5465.1161482289,0.3343019991007168
BENR_red_174_cutoff_7.5.inp.out,200.6600158620905,-0.33,0.174,27.5453,53.0,-1307.6659942647,23.444210566611435,17.47800677528694,-5540.0603892996,0.3139395942998817
BENR_red_175_cutoff_7.5.inp.out,201.29139091104085,-0.3614,0.1455,28.7772,55.0,-1307.4122514734,25.031581232834704,-19.12569590120179,-5690.9002015322,0.3423191432993917
BENR_red_176_cutoff_7.5.inp.out,200.05724088958328,-0.3399,0.1581,25.4435,54.0,-1307.4751800687,-20.60623378549171,-24.016097016644324,-5615.4594972922,0.3266982127997835
BENR_red_177_cutoff_7.5.inp.out,200.83965459118548,-0.3386,0.1686,29.7084,55.0,-1306.8957618105,-48.06529747113187,-47.60746754959029,-5690.4461104495,0.3247572764003053
BENR_red_178_cutoff_7.5.inp.out,201.88087675942137,-0.3619,0.1513,26.3572,54.0,-1306.8588881351,8.693623926515532,17.765050376008276,-5614.7976207357,0.340736033000212
BENR_red_179_cutoff_7.5.inp.out,202.6406903394613,-0.3469,0.1639,33.8263,53.0,-1307.5131391239,19.076462575452457,38.89928199663565,-5539.9489381012,0.327595151999958
BENR_red_17_cutoff_7.5.inp.out,202.53884672328695,-0.3446,0.167,30.7946,49.0,-1308.6777137759,-18.594463287614957,6.963244833001663,-5239.0202144228,0.331523126799766
BENR_red_180_cutoff_7.5.inp.out,199.65450606153405,-0.3462,0.157,42.9958,52.0,-1307.4801112966,37.20247821436596,2.612765516762112,-5464.3255203778,0.3379629790997569
BENR_red_181_cutoff_7.5.inp.out,199.83763022892495,-0.3416,0.1543,42.9428,53.0,-1307.1190179683,43.165382248914085,66.6050250318728,-5539.4837121476,0.3312581554991993
BENR_red_182_cutoff_7.5.inp.out,199.49721187480304,-0.3401,0.1516,29.0464,55.0,-1306.8938822425,-38.00403288555655,14.429565909548954,-5690.3623529302,0.3279888389006373
BENR_red_183_cutoff_7.5.inp.out,199.9048819165941,-0.3565,0.156,25.9622,51.0,-1308.0516115214,-93.52278666344624,23.038180346937093,-5389.4938203868,0.3432450825002888
BENR_red_184_cutoff_7.5.inp.out,201.3577066862825,-0.3559,0.1451,18.9813,52.0,-1307.9220807882,-50.40796582868669,25.9125998222055,-5464.8812947023,0.3445825367007273
BENR_red_185_cutoff_7.5.inp.out,201.4607593630429,-0.3606,0.1536,31.0454,52.0,-1308.0859210008,22.228905332936073,11.734661992226982,-5465.0412719366,0.3442134315000658
BENR_red_186_cutoff_7.5.inp.out,202.30302703808687,-0.3405,0.1597,30.332,54.0,-1307.8832845411,18.15792415595908,59.21819760236258,-5615.8149216365,0.3320100620003359
BENR_red_187_cutoff_7.5.inp.out,203.24201155933335,-0.3532,0.1597,34.0636,52.0,-1307.9751120153,22.58680986185808,46.61099102168341,-5464.8728178361,0.3355708719000176
BENR_red_188_cutoff_7.5.inp.out,201.85450792701496,-0.3621,0.138,27.4588,49.0,-1309.0535454575,23.272462486529193,32.96450920424528,-5239.3693928704,0.3488746999000796
BENR_red_189_cutoff_7.5.inp.out,202.0823210749192,-0.3751,0.1361,28.5571,52.0,-1308.1886730539,56.2419262673325,-56.23135812027863,-5465.0805279202,0.3574609322004107
BENR_red_18_cutoff_7.5.inp.out,202.44035313658543,-0.369,0.158,25.0981,46.0,-1310.1945342788,19.91108769368896,60.90011780033453,-5013.8746844448,0.3501369574005366
BENR_red_190_cutoff_7.5.inp.out,201.36958259277725,-0.3654,0.1505,35.9535,56.0,-1306.4422073335,135.27502066096113,0.224268061241713,-5765.4635311376,0.3475311633992533
BENR_red_191_cutoff_7.5.inp.out,200.61773635489604,-0.3605,0.1499,43.2532,56.0,-1306.2084961044,15.974501296313296,-45.72287011081387,-5765.2429529067,0.3459489068000039
BENR_red_192_cutoff_7.5.inp.out,200.1635647723746,-0.3371,0.1727,40.549,55.0,-1306.6991904702,5.891004072344731,-102.85967964504674,-5690.2340281571,0.3227794178001204
BENR_red_193_cutoff_7.5.inp.out,199.01247313863465,-0.3319,0.1687,47.783,53.0,-1307.5493351049,-25.923342165599895,-179.176012324429,-5539.9174620002,0.3210028001994942
BENR_red_194_cutoff_7.5.inp.out,198.6970574250144,-0.3354,0.1694,41.102,54.0,-1307.3589326982,-14.052777046354894,-110.57809644178322,-5615.2667222458,0.3232862290997218
BENR_red_195_cutoff_7.5.inp.out,198.6832938534967,-0.3421,0.1629,38.7757,53.0,-1307.6387340742,35.278426267055764,-103.47663579084865,-5540.0594828784,0.3327330781003184
BENR_red_196_cutoff_7.5.inp.out,198.93203756183408,-0.3317,0.1673,32.3634,49.0,-1308.9918256552,-32.83162861609589,-129.98716044130248,-5239.2377121568,0.3211169173000598
BENR_red_197_cutoff_7.5.inp.out,199.61917113841216,-0.3227,0.186,29.9577,50.0,-1308.6832396749,-58.35392258211468,-124.46094690533046,-5314.5240218194,0.3155511691002175
BENR_red_198_cutoff_7.5.inp.out,201.3093482266835,-0.3282,0.1866,31.7135,50.0,-1308.489171881,-46.3404198766415,-123.84737883587044,-5314.2901239452,0.3138877297997169
BENR_red_199_cutoff_7.5.inp.out,199.86533873222731,-0.3483,0.1546,31.4042,51.0,-1308.3177967563,-34.5195796748159,-117.32294520809582,-5389.6963543081,0.3318532469002093
BENR_red_19_cutoff_7.5.inp.out,202.3863229742954,-0.3483,0.1603,29.9033,47.0,-1309.7827875093,57.82131887251781,-21.91499409803137,-5089.0268607761,0.3324637286996221
BENR_red_1_cutoff_7.5.inp.out,200.17304293178853,-0.3511,0.1394,39.6315,54.0,-1306.8474196164,29.834020853151102,62.7196560412902,-5614.7255398473,0.3386144256000989
BENR_red_200_cutoff_7.5.inp.out,200.1656795175233,-0.3356,0.1608,41.2807,51.0,-1308.4861910843,-35.64465770740117,-73.92130821531468,-5389.7850207457,0.3250011732006896
BENR_red_201_cutoff_7.5.inp.out,200.07370555927335,-0.3348,0.1661,36.8326,60.0,-1305.2533344366,-28.24726930169563,-82.37090534131791,-6066.3445168211,0.3154209711001385
BENR_red_202_cutoff_7.5.inp.out,200.0031353958651,-0.3215,0.1858,47.6956,51.0,-1308.1359804529,-35.87911191466829,-144.0256619146664,-5389.4496388383,0.3080065599997397
BENR_red_203_cutoff_7.5.inp.out,200.3748467169285,-0.3335,0.1704,44.2768,56.0,-1306.6252700626,-32.532614896700686,-72.41976445676556,-5765.6062957609,0.3173192098001891
BENR_red_204_cutoff_7.5.inp.out,199.8173999860244,-0.3322,0.1747,44.8473,50.0,-1308.3378613114,25.512472702725987,-59.89897572868594,-5314.2021181421,0.3241646481001226
BENR_red_205_cutoff_7.5.inp.out,201.62801012061308,-0.3474,0.165,47.8576,51.0,-1307.9363186582,-40.37087070432219,-93.25117749166246,-5389.3926791007,0.331866328399883
BENR_red_206_cutoff_7.5.inp.out,201.55261143492268,-0.3395,0.1672,47.6813,51.0,-1308.105027281,26.213575142462744,-5.2153942180820705,-5389.4774233962,0.3285167540007023
BENR_red_207_cutoff_7.5.inp.out,201.55916489124905,-0.3424,0.1735,46.2036,52.0,-1307.2258475695,284.6722635602393,50.84432268664576,-5464.0908541672,0.327295011699789
BENR_red_208_cutoff_7.5.inp.out,201.17085171905933,-0.3545,0.1351,41.6809,54.0,-1306.833473028,-21.46063138885482,-85.0517759822809,-5614.7815155991,0.3412070717995448
BENR_red_209_cutoff_7.5.inp.out,201.50408978716337,-0.3355,0.1618,48.2899,54.0,-1306.7988427209,-147.75506202933664,-133.84532198286047,-5614.7490586711,0.3235914649994811
BENR_red_20_cutoff_7.5.inp.out,199.6242185123365,-0.3467,0.1566,43.0275,52.0,-1307.4794484023,36.74528973406271,1.4697311558565285,-5464.3258520949,0.338350711399471
BENR_red_210_cutoff_7.5.inp.out,201.60420238939173,-0.3498,0.159,44.3161,55.0,-1306.670476505,-89.51339326099755,-129.65887500652846,-5690.097882899,0.3333715185999608
BENR_red_211_cutoff_7.5.inp.out,201.69950532110187,-0.3392,0.1671,40.1554,55.0,-1306.5656190104,-24.78527480871091,-16.5362541695812,-5689.9946214911,0.3231156339006702
BENR_red_212_cutoff_7.5.inp.out,200.28155572283316,-0.3341,0.1608,46.2199,56.0,-1306.134508225,11.75338665921194,-62.65673727590452,-5765.1092744137,0.3239956494999205
BENR_red_213_cutoff_7.5.inp.out,198.90114291899863,-0.3271,0.1702,43.774,50.0,-1308.515198577,-69.02215667849606,-47.06277765483906,-5314.3362737092,0.3191378450001139
BENR_red_214_cutoff_7.5.inp.out,199.09294681177025,-0.3216,0.1526,48.0233,48.0,-1308.8955946036,3.486832523464315,-12.114601577976403,-5163.6621721959,0.3155666562006445
BENR_red_215_cutoff_7.5.inp.out,198.7249753790157,-0.3077,0.1768,52.2716,52.0,-1307.5853400086,-40.87269473957775,-37.829854487871614,-5464.4549808906,0.3053557248995275
BENR_red_216_cutoff_7.5.inp.out,199.2888977472032,-0.3396,0.1685,35.1079,50.0,-1307.9758164818,-151.50400500591255,-88.43265061035157,-5313.7964786957,0.332887830600157
BENR_red_217_cutoff_7.5.inp.out,199.7428638666094,-0.3488,0.1507,38.9439,47.0,-1309.3965100945,4.344044441283751,-9.987896480325803,-5088.5929509506,0.3359524984998643
BENR_red_218_cutoff_7.5.inp.out,199.864474869283,-0.3562,0.1479,43.193,48.0,-1308.2615475829,7.95017305469141,-19.028131695000734,-5163.0492949879,0.3447414213997035
BENR_red_219_cutoff_7.5.inp.out,200.60866303498324,-0.3491,0.1429,41.233,52.0,-1307.419991063,-77.14770287656246,-221.74189500043695,-5464.2784270221,0.33613832320043
BENR_red_21_cutoff_7.5.inp.out,200.03756956601893,-0.3543,0.1419,39.0726,53.0,-1307.2589283414,51.7650209891172,51.007730073552715,-5539.5840666257,0.3448035497003729
BENR_red_220_cutoff_7.5.inp.out,201.31533980995005,-0.3469,0.1622,44.5213,50.0,-1308.0057974415,-49.45888254702703,-64.65282343721988,-5313.8631273444,0.3370836250996945
BENR_red_221_cutoff_7.5.inp.out,202.59592729134707,-0.3642,0.1607,43.4151,50.0,-1307.7688215722,-51.316359427449335,5.647533015346534,-5313.5816893273,0.348495313100102
BENR_red_222_cutoff_7.5.inp.out,204.0221310403483,-0.3739,0.1441,39.3383,49.0,-1308.1823194319,-27.036174980389426,16.123679375204578,-5238.4599371075,0.359196609600076
BENR_red_223_cutoff_7.5.inp.out,204.54876005815396,-0.3658,0.1577,39.2269,48.0,-1308.3703458758,-15.491639935717227,68.09748582901871,-5163.0904870042,0.3447280655000213
BENR_red_224_cutoff_7.5.inp.out,204.37717453089945,-0.3346,0.1758,34.1391,54.0,-1306.6132588927,55.55027310208171,69.37558181656553,-5614.5431833237,0.3166142768004647
BENR_red_225_cutoff_7.5.inp.out,203.20748728932804,-0.3823,0.1355,27.8947,52.0,-1306.8749578247,-47.42392865867693,59.88512688814158,-5463.7025875555,0.3578635129006215
BENR_red_226_cutoff_7.5.inp.out,201.8477747571008,-0.3641,0.1496,16.8082,53.0,-1306.7876825569,42.33689433269056,11.012516772826784,-5539.1901190617,0.3456599829996776
BENR_red_227_cutoff_7.5.inp.out,201.78220277728863,-0.339,0.1694,19.9691,54.0,-1306.4236877019,0.15729036253734,-16.420331262184067,-5614.328005247,0.3223716627999238
BENR_red_228_cutoff_7.5.inp.out,200.11354766008367,-0.3392,0.1565,25.0654,53.0,-1307.240460664,22.67424979338748,-21.86775575050605,-5539.6150955447,0.329342115500367
BENR_red_229_cutoff_7.5.inp.out,200.2897030257201,-0.3402,0.1686,26.8527,48.0,-1308.5707180961,-17.857263385767755,-48.89958818580546,-5163.3287421936,0.3277330406999681
BENR_red_22_cutoff_7.5.inp.out,199.75822390485249,-0.3544,0.1427,32.8349,53.0,-1307.1676680551,-11.092233595688382,37.37316755426498,-5539.5965656274,0.3417590744002154
BENR_red_230_cutoff_7.5.inp.out,202.22806260803523,-0.3537,0.1609,18.3245,49.0,-1308.5631867873,0.5806620369800536,9.594438232367846,-5238.9050111285,0.341464086900487
BENR_red_231_cutoff_7.5.inp.out,202.13658061334527,-0.3439,0.1719,24.7757,49.0,-1308.6399158065,-2.3621115573639364,3.01454586532382,-5238.9430153154,0.3311383922000459
BENR_red_232_cutoff_7.5.inp.out,201.04995289220145,-0.3347,0.1805,26.4591,51.0,-1308.3446869339,31.3258933649106,-25.68194124293661,-5389.7165526638,0.3186871648003944
BENR_red_233_cutoff_7.5.inp.out,202.3669199623155,-0.3458,0.1709,15.7885,47.0,-1309.5774034628,-6.6428520160515525,12.418606214891408,-5088.8117577062,0.3295237778993396
BENR_red_234_cutoff_7.5.inp.out,201.1302948889707,-0.3545,0.1608,28.0915,47.0,-1309.4048008894,-30.48882265028304,-3.70279708686939,-5088.6782890283,0.3385882197007959
BENR_red_235_cutoff_7.5.inp.out,200.6685770562638,-0.3541,0.1572,18.4785,48.0,-1308.6235423281,-5.871662548656627,27.362412665971146,-5163.4238891968,0.340063714599637
BENR_red_236_cutoff_7.5.inp.out,200.43960533628345,-0.336,0.1693,27.1438,48.0,-1309.1303200326,37.4207756728182,67.00035489493055,-5163.914302467,0.3227060287999848
BENR_red_237_cutoff_7.5.inp.out,201.16374159605576,-0.3728,0.1426,27.0472,49.0,-1308.0100727234,-15.949788125985782,46.302856193174925,-5238.3316392324,0.3536201665001499
BENR_red_238_cutoff_7.5.inp.out,202.24948671662025,-0.3396,0.1764,28.3103,54.0,-1306.6384050966,12.80946923221308,-23.742819720043855,-5614.556163539,0.3211185806003414
BENR_red_239_cutoff_7.5.inp.out,201.9035004487031,-0.3709,0.1504,22.5404,53.0,-1307.3565171326,-18.57351040193539,20.913117479360903,-5539.8116247073,0.3518011102996752
BENR_red_23_cutoff_7.5.inp.out,201.50338851707627,-0.362,0.1523,34.3059,52.0,-1307.396386682,-26.72341367053719,-53.4825315484401,-5464.3180922068,0.3474332935002167
BENR_red_240_cutoff_7.5.inp.out,199.64451332696228,-0.3467,0.1568,42.92,52.0,-1307.4711783724,37.117826319024246,-0.285169039012035,-5464.3176160858,0.3383489059997373
BENR_red_241_cutoff_7.5.inp.out,200.15847322767743,-0.3582,0.1386,41.9459,54.0,-1307.0265208794,-29.976088428950803,57.420834232590906,-5614.904297557,0.3446556729995791
BENR_red_242_cutoff_7.5.inp.out,199.28367057359023,-0.3499,0.1405,41.3698,50.0,-1308.6290574674,-73.61991182434345,82.68878513464895,-5314.4043370289,0.3380075269997178
BENR_red_243_cutoff_7.5.inp.out,199.18600746244573,-0.367,0.1367,36.6116,49.0,-1308.5342711085,4.382013708814483,77.1580986676744,-5238.8209785013,0.3545225714997286
BENR_red_244_cutoff_7.5.inp.out,200.6917071552448,-0.3355,0.1652,30.7683,50.0,-1308.3920038498,19.053544871813056,42.45323466429408,-5314.2330488102,0.3249929479006823
BENR_red_245_cutoff_7.5.inp.out,200.75932417595587,-0.3572,0.1615,35.6064,55.0,-1306.5985983995,37.31417563097931,33.798955093019536,-5690.0459578734,0.3400444468006753
BENR_red_246_cutoff_7.5.inp.out,200.45758138006232,-0.3487,0.1612,37.3639,57.0,-1305.7525380623,1.4339421646504555,61.623311536944,-5840.3252416272,0.3292283260007025
BENR_red_247_cutoff_7.5.inp.out,201.56968388947243,-0.348,0.1696,28.4769,55.0,-1306.6856850591,0.9414903513159344,18.174595519849717,-5690.1404061301,0.3312055511996732
BENR_red_248_cutoff_7.5.inp.out,201.2951760443501,-0.3454,0.1726,36.3851,55.0,-1306.5886747866,50.14352588118752,83.60189481931369,-5690.0662588863,0.3272987652999291
BENR_red_249_cutoff_7.5.inp.out,202.19377567797233,-0.3574,0.1613,40.765,53.0,-1307.2393364123,39.8121310354265,24.861389261472144,-5539.6401812498,0.3348926330008908
BENR_red_24_cutoff_7.5.inp.out,202.28979518128008,-0.3481,0.1482,29.3488,54.0,-1306.8822431093,-40.88069000219635,-51.0244443382102,-5614.7732261697,0.3376788535006199
BENR_red_250_cutoff_7.5.inp.out,202.28629635694784,-0.3376,0.1875,39.5967,53.0,-1307.3124759366,29.489031981831516,65.65819384794216,-5539.689932363,0.3178643719002139
BENR_red_251_cutoff_7.5.inp.out,202.03616726157725,-0.3525,0.1615,34.4098,53.0,-1307.1890616091,26.851995314713506,55.53282837128798,-5539.5778031404,0.3320405921003839
BENR_red_252_cutoff_7.5.inp.out,202.3344609312724,-0.3672,0.144,34.1054,51.0,-1308.0506681454,-84.5521512382342,-66.75232967822123,-5389.3959393489,0.3507392499004709
BENR_red_253_cutoff_7.5.inp.out,201.66207338407236,-0.3543,0.1498,35.6043,52.0,-1307.6243154342,17.031846079260497,-25.412014169629217,-5464.4755221676,0.3428785975002029
BENR_red_254_cutoff_7.5.inp.out,202.2993958646825,-0.3494,0.1638,32.2002,50.0,-1308.5379406993,-17.099603644622032,-11.616992261337124,-5314.4154983971,0.3326225821001571
BENR_red_255_cutoff_7.5.inp.out,201.94940005601697,-0.3559,0.1601,26.3438,52.0,-1307.8339859454,21.898863967528857,-64.94966068973216,-5464.7286155822,0.3394815154997559
BENR_red_256_cutoff_7.5.inp.out,202.40544009223748,-0.3547,0.1528,21.1703,54.0,-1307.2286155863,1.8467509508212927,-31.98532606971182,-5615.1467602579,0.3407057351996627
BENR_red_257_cutoff_7.5.inp.out,201.3623072658776,-0.3527,0.1509,23.6829,51.0,-1308.1390569292,-82.98796045398163,-7.08052315644984,-5389.4867555271,0.3444483260000197
BENR_red_258_cutoff_7.5.inp.out,201.47663802631317,-0.3493,0.1591,39.1194,52.0,-1307.8175958647,46.20507924871007,132.96008359097183,-5464.6941595863,0.3337160281007527
BENR_red_259_cutoff_7.5.inp.out,200.91588469422064,-0.3475,0.1665,29.332,51.0,-1308.0544835637,71.06837371034658,122.58861635338614,-5389.422798528,0.3335348970003906
BENR_red_25_cutoff_7.5.inp.out,202.75978001034537,-0.3435,0.1678,33.5897,49.0,-1308.7924216915,17.778295356252674,27.512888944629776,-5239.002694901,0.3265799987002538
BENR_red_260_cutoff_7.5.inp.out,201.3620030730739,-0.3468,0.1533,27.1666,49.0,-1308.5606696918,4.784635938064204,-0.8292933192140459,-5238.8660686907,0.3346402391998708
BENR_red_261_cutoff_7.5.inp.out,200.7023936733064,-0.3535,0.1601,37.372,53.0,-1307.4049135003,-95.744597973619,18.54078713569205,-5539.8090124616,0.3403907821002576
BENR_red_262_cutoff_7.5.inp.out,201.28899137096465,-0.3447,0.1627,38.7669,55.0,-1306.2711573674,-65.53037018514134,55.25435597164632,-5689.7297279765,0.3303664229006244
BENR_red_263_cutoff_7.5.inp.out,202.03564901834423,-0.3376,0.1753,46.5181,53.0,-1307.1579770171,16.725342731720122,95.95101637143856,-5539.5496253197,0.3204027868996491
BENR_red_264_cutoff_7.5.inp.out,200.9980503953724,-0.3509,0.163,39.1299,52.0,-1307.8004634225,-63.96307707502239,-52.12767972176388,-5464.6379575619,0.3341059278000102
BENR_red_265_cutoff_7.5.inp.out,201.1069571071995,-0.3393,0.1761,40.2429,51.0,-1308.2266318881,-23.356053007719705,-111.10912363946322,-5389.5843823104,0.3245221965999008
BENR_red_266_cutoff_7.5.inp.out,200.85016985171805,-0.3572,0.145,37.3761,51.0,-1308.0118509016,0.6778306013104959,-44.40470145450625,-5389.3624599808,0.3364427935002823
BENR_red_267_cutoff_7.5.inp.out,200.4980879671704,-0.3481,0.1681,42.2151,51.0,-1308.0700506724,68.63302813455019,49.41793509051272,-5389.4038970521,0.3324478026006545
BENR_red_268_cutoff_7.5.inp.out,200.12469477487107,-0.3208,0.1849,39.023,48.0,-1308.9508154464,88.59610133125945,40.96848392836306,-5163.6712973921,0.3110010242007774
BENR_red_269_cutoff_7.5.inp.out,201.1617861332413,-0.366,0.157,47.9864,50.0,-1308.6451235732,54.34434722416348,65.81261743127145,-5314.4364181183,0.3460742009001478
BENR_red_26_cutoff_7.5.inp.out,203.60683410298572,-0.364,0.1384,42.2915,56.0,-1306.2730729188,66.07329151445258,46.75320356963102,-5765.2272779939,0.3450929762002488
BENR_red_270_cutoff_7.5.inp.out,201.53815779349057,-0.3372,0.1731,41.7343,50.0,-1308.4022984754,64.13191391786366,108.9711999531842,-5314.2160833352,0.3233245553001325
BENR_red_271_cutoff_7.5.inp.out,201.26699657182616,-0.3555,0.1642,40.9281,50.0,-1308.5484302349,46.55196846369873,125.36640370090508,-5314.3642118358,0.3337368008997146
BENR_red_272_cutoff_7.5.inp.out,202.0218373643986,-0.3592,0.158,37.0779,47.0,-1309.5401439422,30.22054747830636,102.81294503485596,-5088.8243240791,0.3404014257994276
BENR_red_273_cutoff_7.5.inp.out,202.3017935800951,-0.3428,0.1748,44.9095,49.0,-1309.1806694488,38.85853886309927,76.94134306817125,-5239.4864605476,0.3224010937001367
BENR_red_274_cutoff_7.5.inp.out,201.9167488560674,-0.3349,0.1836,39.5892,54.0,-1307.0677437078,77.4248441618778,84.83749875605918,-5615.0312934859,0.3164162360999398
BENR_red_275_cutoff_7.5.inp.out,202.6377398740051,-0.3298,0.1889,47.0719,55.0,-1307.0005502717,102.66788614710424,91.6646503639752,-5690.5258203771,0.3121809174999725
BENR_red_276_cutoff_7.5.inp.out,202.3231614676036,-0.3213,0.1995,50.917,51.0,-1308.1582424716,105.62550017666818,19.010169823252618,-5389.5297065388,0.3002411583001958
BENR_red_277_cutoff_7.5.inp.out,201.4777329328068,-0.333,0.1804,42.5803,50.0,-1308.2632746053,-52.20971880115235,-106.03452190738882,-5314.0250880992,0.316529681400425
BENR_red_278_cutoff_7.5.inp.out,203.18956724335604,-0.3556,0.1652,45.8492,52.0,-1307.7475236757,4.860222168519174,7.155414187167471,-5464.6135561802,0.3368347621999419
BENR_red_279_cutoff_7.5.inp.out,202.32390649719432,-0.3352,0.184,50.7815,51.0,-1307.927323519,72.51501293690364,10.460045063272768,-5389.2664123797,0.3209909339993828
BENR_red_27_cutoff_7.5.inp.out,203.47305384945977,-0.3711,0.1503,31.6024,56.0,-1306.4941909364,-7.576424031314793,-4.117208095158114,-5765.5120259838,0.3467424175005362
BENR_red_280_cutoff_7.5.inp.out,203.4668605046554,-0.3685,0.1519,45.9663,52.0,-1307.49202481,-18.01969872543362,-26.07832643027051,-5464.3307394975,0.3502411011004369
BENR_red_281_cutoff_7.5.inp.out,203.452971334209,-0.3472,0.1692,44.0792,53.0,-1307.2400725072,111.25527344879018,-143.62512959691355,-5539.6077560899,0.3262073034002242
BENR_red_282_cutoff_7.5.inp.out,202.92557640127708,-0.358,0.1568,39.036,51.0,-1307.7486766271,82.95453381122587,-106.07504032182791,-5389.0650329992,0.3421480755996526
BENR_red_283_cutoff_7.5.inp.out,202.4948684518137,-0.3691,0.1408,45.8714,53.0,-1306.5743887993,-78.5235070029569,-148.78772831187607,-5538.982098346,0.3536994692994994
BENR_red_284_cutoff_7.5.inp.out,201.87092740984997,-0.349,0.1526,38.8248,51.0,-1307.7562597102,-43.75528737387174,-84.05813890185901,-5389.1001034596,0.3313229310997485
BENR_red_285_cutoff_7.5.inp.out,200.91763277323727,-0.337,0.1739,42.8257,54.0,-1306.6777317504,-26.72296543981922,-45.57299514444951,-5614.619195992,0.3219256308993863
BENR_red_286_cutoff_7.5.inp.out,201.35494541015484,-0.3432,0.172,48.9584,54.0,-1306.5499857888,74.08158937318528,11.368250524901926,-5614.4838095812,0.3296254763999968
BENR_red_287_cutoff_7.5.inp.out,200.84049446183192,-0.358,0.1419,43.2578,52.0,-1307.5274434508,-25.27442876423573,-37.49869599691049,-5464.4647984876,0.3439104166000106
BENR_red_288_cutoff_7.5.inp.out,200.31193656470887,-0.3321,0.1723,38.477,52.0,-1306.7186741393,34.52966818577764,-44.96024108885534,-5463.6116565,0.3226984277998781
BENR_red_289_cutoff_7.5.inp.out,200.6305354844121,-0.3614,0.1443,42.1465,54.0,-1306.4143461621,-33.748641625905435,-76.83452720244428,-5614.3720484066,0.3508167993004463
BENR_red_28_cutoff_7.5.inp.out,203.5280573000365,-0.3316,0.1859,34.7229,60.0,-1305.2793636214,-3.4581762650136,25.130111614016055,-6066.3532492225,0.3152182950998394
BENR_red_290_cutoff_7.5.inp.out,199.77559526878275,-0.3465,0.1565,43.0169,52.0,-1307.4807793578,39.86165991100139,2.2650628327020343,-5464.3255545236,0.3380908988001465
BENR_red_291_cutoff_7.5.inp.out,199.54932695763313,-0.3513,0.151,37.7046,53.0,-1307.0924860169,74.35611084062712,61.38234691399678,-5539.4302965894,0.3365853877003246
BENR_red_292_cutoff_7.5.inp.out,198.1301455647365,-0.3455,0.1363,37.4312,53.0,-1307.334980252,-15.315331843003284,49.62524831336755,-5539.7056952588,0.3386318440007017
BENR_red_293_cutoff_7.5.inp.out,198.36908554625467,-0.3406,0.1675,33.3634,53.0,-1307.1290841123,40.600863106967495,23.72083864683944,-5539.5603103957,0.3296581097001763
BENR_red_294_cutoff_7.5.inp.out,199.6345083534116,-0.3086,0.1754,37.8337,52.0,-1307.1587500949,-89.83839124197928,40.57365672775378,-5464.0154726073,0.3023455963002561
BENR_red_295_cutoff_7.5.inp.out,200.59153749744556,-0.345,0.1602,47.4762,53.0,-1306.9333834617,-32.1959263002006,31.66146050264056,-5539.3469198478,0.3318408061004447
BENR_red_296_cutoff_7.5.inp.out,201.66613791264416,-0.354,0.1594,41.8221,51.0,-1307.4147133951,6.9863312326103175,54.378270143440226,-5388.7439057473,0.3394239248000303
BENR_red_297_cutoff_7.5.inp.out,203.4281680088316,-0.3398,0.1778,40.7091,48.0,-1309.0218528779,29.53617737003068,39.75385865178873,-5163.8057210837,0.3233890302999498
BENR_red_298_cutoff_7.5.inp.out,202.83203000693217,-0.3455,0.1797,35.3199,50.0,-1308.0671408705,53.432526335136025,75.68359528118863,-5313.8673345179,0.3256835065003542
BENR_red_299_cutoff_7.5.inp.out,203.1151293949658,-0.3405,0.1782,35.9266,54.0,-1306.4345676955,15.68927029056638,31.248956114554417,-5614.3838999673,0.3276918961000774
BENR_red_29_cutoff_7.5.inp.out,203.6724557661464,-0.3702,0.15,25.1396,60.0,-1304.9102738274,-1.180616265362909,52.42638692658657,-6066.0727996175,0.3489318779002133
BENR_red_2_cutoff_7.5.inp.out,200.1460698657479,-0.3736,0.117,32.0767,53.0,-1307.4304265828,16.95508832539791,27.55780704061932,-5539.8112046771,0.3543112772003951
BENR_red_300_cutoff_7.5.inp.out,204.2280149086066,-0.3413,0.1778,37.0873,55.0,-1306.8337115811,-2.285263109439393,130.90992417134223,-5690.3011375602,0.3211612254999636
BENR_red_301_cutoff_7.5.inp.out,203.6486650815908,-0.3608,0.1632,31.4854,52.0,-1307.4849121858,93.57327780532133,95.5702262683362,-5464.2979348458,0.3408083575004639
BENR_red_302_cutoff_7.5.inp.out,203.1969882288249,-0.3424,0.1759,32.9842,53.0,-1307.1880365818,96.7244115423718,127.17246604028036,-5539.6310970915,0.3206127736993949
BENR_red_303_cutoff_7.5.inp.out,203.01184316071112,-0.3612,0.1536,34.3052,55.0,-1306.7499298339,-34.17341099857612,79.77461074656644,-5690.2874129279,0.3448699365999346
BENR_red_304_cutoff_7.5.inp.out,202.5566060998589,-0.3622,0.1633,29.2612,57.0,-1305.5124888051,5.24460107299689,175.56743891658334,-5840.0875304121,0.3412667270995371
BENR_red_305_cutoff_7.5.inp.out,202.33985269166453,-0.3519,0.1632,22.9521,55.0,-1306.6820814141,-190.68517641927,101.79269113565476,-5690.1927124616,0.3294462418998591
BENR_red_306_cutoff_7.5.inp.out,201.59166426853872,-0.3498,0.1601,33.9149,57.0,-1305.7352666378,15.97805474222095,85.72290530313764,-5840.3527844629,0.3335038659006386
BENR_red_307_cutoff_7.5.inp.out,201.36685141079272,-0.3536,0.1544,27.9266,58.0,-1305.3430005193,-129.8118870987324,42.02753709828349,-5915.4395043634,0.3363131139003599
BENR_red_308_cutoff_7.5.inp.out,202.40669834632473,-0.3516,0.1663,15.2323,55.0,-1306.8443800312,25.91085557493851,12.409732963245226,-5690.3421270327,0.3324040570005309
BENR_red_309_cutoff_7.5.inp.out,200.78475467224868,-0.3667,0.1305,20.9188,57.0,-1306.1054199612,-101.3145530075996,-10.42462852713713,-5840.6797164896,0.3514092717996391
BENR_red_30_cutoff_7.5.inp.out,202.98766261096227,-0.3327,0.1875,32.1685,61.0,-1304.5484508073,135.53220079280868,-6.665176865212247,-6141.2333707027,0.3165533433993914
BENR_red_310_cutoff_7.5.inp.out,200.99860051778828,-0.3502,0.1582,29.5949,58.0,-1305.9915108824,14.681391590983289,51.3455269399247,-5916.0324069083,0.3359465022995209
BENR_red_311_cutoff_7.5.inp.out,201.389211361944,-0.3509,0.1582,27.7959,58.0,-1305.7289702789,-200.28369285833628,-0.8970534228070028,-5915.7695628328,0.3323330745997737
BENR_red_312_cutoff_7.5.inp.out,200.92033652487476,-0.3365,0.1709,33.1511,57.0,-1305.9637300533,-0.4244448957822346,36.16500461299746,-5840.5392627174,0.3239668566002365
BENR_red_313_cutoff_7.5.inp.out,201.3068239991304,-0.3362,0.1597,31.7717,56.0,-1306.2628734799,71.06932469961826,17.91294908407799,-5765.2645967933,0.3215539582006386
BENR_red_314_cutoff_7.5.inp.out,201.00772806225712,-0.3492,0.1568,40.3604,53.0,-1307.2724704993,-6.532648759099453,-2.177399106749221,-5539.7074410542,0.3342986419002045
BENR_red_315_cutoff_7.5.inp.out,201.3616376537873,-0.3426,0.1747,30.2642,55.0,-1306.4551194835,-30.201825073860466,10.944674742105931,-5689.9768906823,0.3251622553007109
BENR_red_316_cutoff_7.5.inp.out,201.9387890116235,-0.3631,0.1546,24.8361,53.0,-1306.9549547179,-45.457439838779905,29.889530800289105,-5539.4096974547,0.344069063000461
BENR_red_317_cutoff_7.5.inp.out,201.66233269216576,-0.3364,0.1754,16.9876,56.0,-1306.1558577356,6.9827366360011975,57.23873197344111,-5765.188600257,0.3256161153994981
BENR_red_318_cutoff_7.5.inp.out,202.10670080257336,-0.3603,0.152,14.3436,56.0,-1306.2914064329,-12.84426048831927,0.0548080412864337,-5765.275595365,0.3431407719008348
BENR_red_319_cutoff_7.5.inp.out,202.4929418467561,-0.3678,0.1449,25.4392,56.0,-1306.264812805,-21.881711683273902,28.310013306774067,-5765.2713257648,0.3463583098000526
BENR_red_31_cutoff_7.5.inp.out,203.37678757630363,-0.3602,0.1574,33.2253,60.0,-1305.1798948159,73.0379819647116,24.9346680508679,-6066.3067774959,0.337518386299962
BENR_red_320_cutoff_7.5.inp.out,202.0158963135894,-0.3534,0.1628,33.7492,56.0,-1306.1811308058,-52.24219733369392,47.427513499315495,-5765.1732875839,0.3373862006001218
BENR_red_321_cutoff_7.5.inp.out,203.12203972184173,-0.3509,0.1622,29.7021,55.0,-1306.706760329,88.36617678624184,-20.631479514229696,-5690.1182713448,0.3328853238999727
BENR_red_322_cutoff_7.5.inp.out,201.64394975421143,-0.3555,0.1523,19.9594,53.0,-1307.2034172574,-21.48592178737275,45.271384416849855,-5539.6321017483,0.34373447840062
BENR_red_323_cutoff_7.5.inp.out,202.20600563433183,-0.327,0.1914,20.0086,55.0,-1306.6831243915,190.98879766091545,113.3225565541213,-5690.2110297682,0.315164250199814
BENR_red_324_cutoff_7.5.inp.out,201.9256054141144,-0.3402,0.1659,17.9359,52.0,-1307.7847591545,-47.15715544560896,18.110077616764116,-5464.716182335,0.3292328422994615
BENR_red_325_cutoff_7.5.inp.out,201.7254308081369,-0.3606,0.1569,22.6426,54.0,-1306.7369693559,-146.98171292426636,-30.613672433313685,-5614.7185714711,0.3451826424998216
BENR_red_326_cutoff_7.5.inp.out,201.3709721789524,-0.3487,0.1614,22.8846,52.0,-1308.0357571567,36.08440443931546,-11.08400412612982,-5464.9598112258,0.3381861342995762
BENR_red_327_cutoff_7.5.inp.out,201.41866314335297,-0.3582,0.1552,20.9849,49.0,-1308.3725852341,-198.88816657988372,6.3586604560018865,-5238.6769721823,0.3435466929995527
BENR_red_328_cutoff_7.5.inp.out,200.9255334717652,-0.3398,0.1609,7.0728,49.0,-1308.9534054246,-92.78660520277938,5.000128726623689,-5239.35450557,0.3303469178999876
BENR_red_329_cutoff_7.5.inp.out,199.90758821139005,-0.3476,0.1672,12.7728,52.0,-1308.0110625104,-67.39011404481806,-17.83672274531279,-5464.9093101291,0.3363151848998313
BENR_red_32_cutoff_7.5.inp.out,201.30132433312136,-0.3492,0.174,31.157,58.0,-1305.2006484208,-7.437066347775024,-51.08110742127862,-5915.1713306714,0.3318887448995156
BENR_red_330_cutoff_7.5.inp.out,200.05952605206727,-0.3418,0.1512,8.5489,53.0,-1307.3502279012,23.525724439364925,29.7204272675802,-5539.7498739968,0.3290290053000717
BENR_red_331_cutoff_7.5.inp.out,199.25812469011768,-0.3535,0.1441,20.0635,50.0,-1308.7347084825,20.79860799099924,29.839342128206447,-5314.5481082239,0.3441673945999355
BENR_red_332_cutoff_7.5.inp.out,199.62941081048496,-0.3378,0.1697,16.7725,53.0,-1307.5009336849,27.001125756656705,33.752805448598465,-5539.7969705168,0.326627445100712
BENR_red_333_cutoff_7.5.inp.out,200.59744521710832,-0.3583,0.1432,15.4221,53.0,-1307.6545757378,-22.38397881000572,17.726409813556703,-5539.9837649972,0.34686913529913
BENR_red_334_cutoff_7.5.inp.out,200.0891077389998,-0.3441,0.1627,9.9351,53.0,-1307.7678438483,36.420464515998034,16.941300150178712,-5540.0523708376,0.331555652199313
BENR_red_335_cutoff_7.5.inp.out,200.1649508432942,-0.3588,0.1525,18.9465,52.0,-1308.0126992667,-30.156588205792193,32.35075056121871,-5464.8227137188,0.3441345924002235
BENR_red_336_cutoff_7.5.inp.out,201.4063976788333,-0.38,0.1312,26.2835,51.0,-1307.9553251495,29.741089813850103,65.23434114969469,-5389.2546569716,0.3554679756998666
BENR_red_337_cutoff_7.5.inp.out,202.01519437472496,-0.3472,0.1706,27.8524,54.0,-1307.3038652116,115.6127968743942,32.819110859230356,-5615.2441870619,0.3258626300003016
BENR_red_338_cutoff_7.5.inp.out,201.49982498461233,-0.3413,0.1639,24.817,47.0,-1309.3651867928,61.33342693134739,49.838210787273965,-5088.556966842,0.3193986360001872
BENR_red_339_cutoff_7.5.inp.out,200.7881026509255,-0.3264,0.1755,20.7815,47.0,-1308.9428423804,29.389407446347285,56.521391210320786,-5088.1075721887,0.3098065048998251
BENR_red_33_cutoff_7.5.inp.out,201.2798661111423,-0.3684,0.1423,33.9489,55.0,-1306.4442096789,-9.590568060762545,2.7444640610475997,-5689.8893065296,0.3529410185001325
BENR_red_340_cutoff_7.5.inp.out,201.8125580324649,-0.3534,0.1569,15.1663,48.0,-1308.5416135673,28.377918699785248,-13.342510015584589,-5163.2953314919,0.3409844422003516
BENR_red_341_cutoff_7.5.inp.out,200.97595561640324,-0.3492,0.1703,15.2531,48.0,-1308.8304331685,-82.41986297418194,25.87337592841771,-5163.5669782933,0.3338040339995132
BENR_red_342_cutoff_7.5.inp.out,200.585906895366,-0.3238,0.1845,22.0364,47.0,-1309.0498931562,78.05686689216304,43.79082952428751,-5088.3212248488,0.3113891493003393
BENR_red_343_cutoff_7.5.inp.out,200.14912293323837,-0.362,0.1499,22.2319,51.0,-1307.8004029003,20.158410632347184,44.207018086858874,-5389.1793560861,0.3493441168002391
BENR_red_344_cutoff_7.5.inp.out,201.5631898530592,-0.3682,0.1448,32.2912,50.0,-1307.9472249296,83.98787833705026,61.10927117270622,-5313.7938078586,0.3514161490993501
BENR_red_345_cutoff_7.5.inp.out,200.86255568586503,-0.3542,0.1527,27.032,53.0,-1307.380111663,105.83592375412128,104.59945775112377,-5539.801998186,0.3434094352996908
BENR_red_346_cutoff_7.5.inp.out,200.70370868875565,-0.3477,0.1639,22.4391,53.0,-1307.0210757996,25.704108041529977,-0.5684739056348089,-5539.4848213004,0.3357637443996282
BENR_red_347_cutoff_7.5.inp.out,200.0506503826395,-0.3377,0.167,30.6222,50.0,-1308.1355681161,-34.99300677314281,-58.511832163416685,-5314.0103075685,0.327208128899656
BENR_red_348_cutoff_7.5.inp.out,200.5459449505728,-0.3361,0.1771,23.9186,50.0,-1308.3610008781,-26.16509869812852,-98.49304284354426,-5314.1119057239,0.3228310514996337
BENR_red_349_cutoff_7.5.inp.out,200.78404143723756,-0.3277,0.1695,22.1038,52.0,-1307.6503270371,36.86869699219606,-44.24687975551931,-5464.5129128213,0.3108819465005581
BENR_red_34_cutoff_7.5.inp.out,200.31282608570524,-0.3562,0.1554,38.3027,53.0,-1307.3108410578,28.436187409858107,18.39134377865355,-5539.7042831628,0.3433191750000333
BENR_red_350_cutoff_7.5.inp.out,199.72034193840975,-0.3465,0.1574,42.8902,52.0,-1307.4708999254,37.31814855404976,1.1594082136948094,-5464.3166748379,0.3381104265999965
BENR_red_351_cutoff_7.5.inp.out,200.21608436755983,-0.3388,0.1603,39.8387,54.0,-1306.7827997247,17.152817314716494,75.89124635316499,-5614.6808386677,0.3287624290005624
BENR_red_352_cutoff_7.5.inp.out,199.56800625755503,-0.3351,0.1589,41.5991,52.0,-1307.9155082102,61.26394292405266,98.03947964335488,-5464.7191648162,0.3243677727996328
BENR_red_353_cutoff_7.5.inp.out,200.6803636290236,-0.354,0.164,36.2861,50.0,-1308.3823564553,14.630587002195371,107.91512752392886,-5314.1720725617,0.3374418331004563
BENR_red_354_cutoff_7.5.inp.out,201.41040716642405,-0.356,0.1437,40.5899,53.0,-1307.0572378921,8.289136703971877,69.14327594015919,-5539.4173123493,0.3442647872007001
BENR_red_355_cutoff_7.5.inp.out,201.37986011811455,-0.3397,0.1789,37.1762,52.0,-1307.7410858894,-31.190396151928127,-12.955760874008158,-5464.6090259833,0.3279129271004422
BENR_red_356_cutoff_7.5.inp.out,201.1668847255037,-0.3446,0.1559,26.6434,50.0,-1308.203800923,19.12384007700387,49.549635589737434,-5313.9657372119,0.3324324957002318
BENR_red_357_cutoff_7.5.inp.out,201.3395929681635,-0.3332,0.1737,21.7424,48.0,-1308.8445890134,51.06746120301668,-18.35548289446102,-5163.5938141933,0.3206191118997594
BENR_red_358_cutoff_7.5.inp.out,200.8087643975284,-0.3421,0.1629,29.0212,51.0,-1307.8983396092,31.109056434607197,-21.00447517324468,-5389.226639661,0.3324460067997279
BENR_red_359_cutoff_7.5.inp.out,202.2711595284188,-0.3709,0.1412,40.7199,51.0,-1307.7478316743,26.7860932760532,-29.693799324499153,-5389.0436054488,0.3591183568996712
BENR_red_35_cutoff_7.5.inp.out,200.08834385564572,-0.3407,0.1712,50.7564,57.0,-1305.8810705591,46.69058999926482,46.155265716391646,-5840.5390115057,0.3314694340006099
BENR_red_360_cutoff_7.5.inp.out,201.91464258862155,-0.3524,0.1621,42.8006,49.0,-1308.4247114349,30.644923601605218,-7.276672752630878,-5238.7492712632,0.3368765191999046
BENR_red_361_cutoff_7.5.inp.out,202.28050735378025,-0.3192,0.2031,42.2425,48.0,-1308.6970034163,112.4239133605508,0.4583220841977407,-5163.4835241277,0.3091319908999139
BENR_red_362_cutoff_7.5.inp.out,203.39632596055935,-0.3442,0.1627,35.7086,49.0,-1308.3093025016,82.34865399273586,-13.559898487170324,-5238.6030797254,0.3286496148994047
BENR_red_363_cutoff_7.5.inp.out,202.54298854649952,-0.3502,0.1612,36.6525,52.0,-1307.0102199405,79.96821974031936,-34.65830558280575,-5463.9798266166,0.3361212056997829
BENR_red_364_cutoff_7.5.inp.out,202.2340148080502,-0.3528,0.1515,38.218,53.0,-1306.921828427,79.42946952827526,47.86169401181638,-5539.363441708,0.3362600927002859
BENR_red_365_cutoff_7.5.inp.out,202.28545809898785,-0.2983,0.2044,40.4055,53.0,-1306.942759022,144.7055326265105,62.05812195504767,-5539.3740044617,0.2896094425996125
BENR_red_366_cutoff_7.5.inp.out,201.87309264154217,-0.3447,0.1647,41.4035,54.0,-1306.5413875558,82.7522539554496,17.45456415836493,-5614.4396810484,0.3310511047002364
BENR_red_367_cutoff_7.5.inp.out,201.0855547924099,-0.3282,0.1822,39.9822,55.0,-1306.3196859159,92.6909285499348,33.762850094762804,-5689.8641540142,0.3147043090002626
BENR_red_368_cutoff_7.5.inp.out,200.69088542347507,-0.338,0.1572,35.0643,54.0,-1306.4548291474,22.880093002209207,-5.555858663790552,-5614.4365860412,0.3280223529991417
BENR_red_369_cutoff_7.5.inp.out,201.0791915337693,-0.3389,0.1591,40.1302,53.0,-1307.0027440698,40.67556491764127,28.4542284751953,-5539.4556271515,0.3288460751000457
BENR_red_36_cutoff_7.5.inp.out,200.82018635472485,-0.3497,0.1573,44.1595,56.0,-1306.1263267641,1.0003690391347573,27.42442890472262,-5765.2093601914,0.3341721786000562
BENR_red_370_cutoff_7.5.inp.out,200.772587833868,-0.3537,0.1485,33.504,52.0,-1307.3126458605,13.7156886497116,0.1486392327394216,-5464.1618039143,0.3436180759999843
BENR_red_371_cutoff_7.5.inp.out,200.7866825887902,-0.3419,0.1756,30.2981,52.0,-1307.5335164448,-13.38022386661377,-47.07360629249237,-5464.3888946626,0.3306288798003152
BENR_red_372_cutoff_7.5.inp.out,201.6772324814246,-0.3142,0.183,32.8943,54.0,-1306.9098069673,78.72229992442027,48.35753064359549,-5614.7829468647,0.307382063499972
BENR_red_373_cutoff_7.5.inp.out,201.26082738529263,-0.358,0.1422,37.1023,53.0,-1306.9078297151,23.403160522300208,12.838424454461126,-5539.3631455846,0.3459148326001013
BENR_red_374_cutoff_7.5.inp.out,201.46976263636807,-0.329,0.184,38.944,57.0,-1305.5223219651,172.31320561134837,81.01697358689242,-5839.9938214838,0.316369453599691
BENR_red_375_cutoff_7.5.inp.out,202.79055405467852,-0.3209,0.185,27.8692,55.0,-1306.5412423724,78.54642160684614,49.38363496524444,-5690.037938616,0.3093656236005699
BENR_red_376_cutoff_7.5.inp.out,203.36674170656784,-0.3848,0.1257,27.6176,54.0,-1306.6786560899,69.56141926724955,209.70992181333355,-5614.6374139868,0.3633862465994752
BENR_red_377_cutoff_7.5.inp.out,203.6639851324334,-0.3604,0.156,29.8008,57.0,-1306.0052861842,14.017923419254863,98.59571470954108,-5840.5376368255,0.3449492357003692
BENR_red_378_cutoff_7.5.inp.out,203.2907465760545,-0.3318,0.1634,27.6425,57.0,-1305.5200625174,-14.98746411334751,103.00444983040184,-5840.1023869922,0.3185446327997852
BENR_red_379_cutoff_7.5.inp.out,202.15108518813676,-0.3721,0.1471,34.3198,56.0,-1305.9942542454,-14.042296335804943,47.3817634074685,-5765.0389539261,0.3528524003004349
BENR_red_37_cutoff_7.5.inp.out,200.3926652843222,-0.3451,0.1672,43.1341,57.0,-1306.1134644954,-19.724453997329135,65.63987775811037,-5840.6530498756,0.3337201792000996
BENR_red_380_cutoff_7.5.inp.out,201.97526493265,-0.3733,0.138,32.6445,54.0,-1306.8985592926,-31.31110685060919,27.42017279615469,-5614.8087032541,0.3494536799998968
BENR_red_381_cutoff_7.5.inp.out,202.54479301207056,-0.3653,0.15,29.5336,57.0,-1305.9488952453,-34.23241712885907,-31.349855687249576,-5840.4893085583,0.3428027542004201
BENR_red_382_cutoff_7.5.inp.out,201.91688843322265,-0.3318,0.166,32.0501,57.0,-1305.8370004408,17.471833659546938,1.1587541930813117,-5840.4225885636,0.3186816384995836
BENR_red_383_cutoff_7.5.inp.out,202.78940900943456,-0.3387,0.1644,29.5771,56.0,-1306.3438276357,37.65916010497588,15.609257122124715,-5765.3835526324,0.3162237763999656
BENR_red_384_cutoff_7.5.inp.out,202.33628672293705,-0.3413,0.1698,19.6324,55.0,-1306.3965948591,6.252051970567135,-4.824143345645888,-5689.9055325571,0.3184020811004302
BENR_red_385_cutoff_7.5.inp.out,202.55259955190823,-0.3484,0.1639,30.8441,55.0,-1306.8105036246,-42.19695445030447,14.204206993082696,-5690.2825541611,0.3345867947991792
BENR_red_386_cutoff_7.5.inp.out,202.720174234723,-0.343,0.1635,27.4962,51.0,-1307.738290067,39.55806315324027,-7.292750894036793,-5389.1166192421,0.3258698525005457
BENR_red_387_cutoff_7.5.inp.out,203.26519611156365,-0.3546,0.157,16.1499,49.0,-1308.9286669711,34.681761628876245,28.941609238959607,-5239.2161458979,0.3370582090001335
BENR_red_388_cutoff_7.5.inp.out,201.60652720694176,-0.362,0.1382,25.3536,51.0,-1308.2978314265,8.791995813613656,67.6655187901632,-5389.5670062337,0.3518350543999986
BENR_red_389_cutoff_7.5.inp.out,201.2889600065025,-0.3693,0.1344,24.7106,53.0,-1307.0447072071,43.23682230452309,125.44560351263492,-5539.4813438856,0.3541577595005947
BENR_red_38_cutoff_7.5.inp.out,200.6034233467548,-0.3649,0.1404,38.2039,57.0,-1306.1998369738,-106.13957375763503,21.430216549761365,-5840.7522221899,0.3517043652000211
BENR_red_390_cutoff_7.5.inp.out,199.68467987788785,-0.328,0.1738,25.6302,53.0,-1307.3296619366,14.192213318657654,32.593448742135365,-5539.6788527575,0.3191783451002266
BENR_red_391_cutoff_7.5.inp.out,199.245154777106,-0.346,0.1455,27.5947,56.0,-1306.3761101945,-31.849008985118942,104.3866157772387,-5765.3147019769,0.3366470649007169
BENR_red_392_cutoff_7.5.inp.out,199.32930206841024,-0.3353,0.1542,20.0611,54.0,-1306.8103776113,46.941678575750295,74.84051780370903,-5614.7069755053,0.3329404140995393
BENR_red_393_cutoff_7.5.inp.out,198.6187579610308,-0.3529,0.1388,18.3233,55.0,-1306.3137402889,4.391246561036243,45.09753322289732,-5689.6835597362,0.3455798838995179
BENR_red_394_cutoff_7.5.inp.out,197.99451415068103,-0.3507,0.1456,22.7945,56.0,-1306.1983444363,60.80184665706205,79.59771460500363,-5765.118320428,0.3398707776004812
BENR_red_395_cutoff_7.5.inp.out,198.73485362320667,-0.354,0.1415,22.4867,56.0,-1306.0812818828,3.678847134175345,-4.477663398558455,-5765.028950586,0.340057653200347
BENR_red_396_cutoff_7.5.inp.out,198.93300161400737,-0.3234,0.1733,44.1293,56.0,-1306.4253442938,-34.306857907295516,-2.8670290890885917,-5765.4553282714,0.3140725708999525
BENR_red_397_cutoff_7.5.inp.out,198.50490219937487,-0.3468,0.151,34.4584,51.0,-1307.9233108074,-28.950521003373353,-36.52177248236858,-5389.2793215717,0.3328587789001176
BENR_red_398_cutoff_7.5.inp.out,200.3612129053734,-0.3373,0.1596,38.3354,50.0,-1308.2136911641,67.70930969666571,56.61039002143217,-5313.9510818369,0.3233449495992317
BENR_red_399_cutoff_7.5.inp.out,200.5078182453018,-0.3336,0.1777,32.96,53.0,-1306.9480880156,65.3079192781774,72.56226642553948,-5539.2774559439,0.3182085763000941
BENR_red_39_cutoff_7.5.inp.out,200.006783817608,-0.3521,0.1541,39.9048,56.0,-1306.816086248,-55.0685572367495,67.99033177335966,-5765.7760379373,0.3366221274000054
BENR_red_3_cutoff_7.5.inp.out,200.84524088653603,-0.3306,0.1833,34.784,52.0,-1307.5045359091,48.235765775575246,18.430560500307596,-5464.4160013476,0.320513198399567
BENR_red_400_cutoff_7.5.inp.out,199.7148636438375,-0.3469,0.1568,43.0949,52.0,-1307.4781249185,36.86077561781367,2.473480840536231,-5464.3240127547,0.3385220568998193
BENR_red_401_cutoff_7.5.inp.out,199.8558481738391,-0.3415,0.1544,40.5179,53.0,-1307.1015893408,50.54499151417554,43.31436471854854,-5539.4513753282,0.3299552720000065
BENR_red_402_cutoff_7.5.inp.out,199.4669372378343,-0.364,0.1252,34.681,53.0,-1307.5214683404,17.758730196080794,24.94695880012022,-5539.8761682734,0.3524745424001594
BENR_red_403_cutoff_7.5.inp.out,199.4259338752504,-0.3537,0.1487,34.9266,50.0,-1308.1595962199,4.149989351968185,12.198900921304771,-5313.9445741497,0.3401229984001475
BENR_red_404_cutoff_7.5.inp.out,200.26661531132405,-0.3484,0.1548,32.234,50.0,-1308.2212808171,-8.916017623880686,4.569094945364716,-5313.9729607172,0.3373588417998689
BENR_red_405_cutoff_7.5.inp.out,200.4738541265435,-0.3546,0.1571,32.6712,50.0,-1308.5169048886,-2.348388972704974,2.0701136648344427,-5314.2841561422,0.3429988849002257
BENR_red_406_cutoff_7.5.inp.out,202.23074449200064,-0.3382,0.1667,24.8874,55.0,-1306.4167603011,3.4994904096356363,0.7780727712787804,-5689.8070576867,0.3225192924001021
BENR_red_407_cutoff_7.5.inp.out,202.7749124680546,-0.3506,0.1688,27.7944,55.0,-1306.6626057165,7.028189310077011,-21.458758597744517,-5690.0643620465,0.3298455668000315
BENR_red_408_cutoff_7.5.inp.out,202.8617279486919,-0.3415,0.1682,28.1897,53.0,-1307.3337703808,40.372456325854046,14.158647827324389,-5539.7207942781,0.327253052800188
BENR_red_409_cutoff_7.5.inp.out,203.74377807439947,-0.3682,0.1413,17.5405,52.0,-1307.5234155033,-34.48374289063697,-12.108978380194252,-5464.4232059868,0.3489225796001847
BENR_red_40_cutoff_7.5.inp.out,201.2433133852108,-0.3551,0.1627,40.773,60.0,-1305.7806766963,-22.339271804028748,11.071256560945711,-6066.8998108975,0.3388486741005181
BENR_red_410_cutoff_7.5.inp.out,203.7699631220514,-0.3723,0.1477,23.9653,57.0,-1306.0285414725,0.8219417689039493,-2.4659141157587943,-5840.5053999748,0.352129259999856
BENR_red_411_cutoff_7.5.inp.out,204.31606496595072,-0.3794,0.1359,30.8815,58.0,-1305.6041924733,-31.13433003875698,-24.01591037649109,-5915.5959258033,0.3555604043003768
BENR_red_412_cutoff_7.5.inp.out,203.71812993841073,-0.3577,0.1632,26.8938,53.0,-1307.2820109061,-6.220478802271558,-8.178148552384386,-5539.5885542234,0.3424747114995625
BENR_red_413_cutoff_7.5.inp.out,203.09293540059215,-0.371,0.1489,26.3665,51.0,-1307.9749541039,33.02630565639494,0.1495950712613282,-5389.2355312526,0.3571634341005847
BENR_red_414_cutoff_7.5.inp.out,202.2556649785939,-0.3571,0.1535,32.4551,49.0,-1308.9393180214,42.26557010103998,-14.924284009913556,-5239.1457100033,0.3437321579995114
BENR_red_415_cutoff_7.5.inp.out,201.17165928613124,-0.3331,0.1768,37.8476,54.0,-1307.2867832601,82.94745527963897,-35.74825595223685,-5615.1442058401,0.3193791058993156
BENR_red_416_cutoff_7.5.inp.out,200.73218195991177,-0.3453,0.1558,39.9065,55.0,-1306.5296194309,-60.09968333837874,-167.04623504638425,-5689.9796615261,0.3333536072996139
BENR_red_417_cutoff_7.5.inp.out,201.23208750194527,-0.3568,0.1492,40.8113,53.0,-1307.4811972589,-50.890323321665264,-143.06991392748327,-5539.873626564,0.3380678395005816
BENR_red_418_cutoff_7.5.inp.out,200.2243363549181,-0.35,0.1498,27.5363,50.0,-1308.262558072,-0.1490410184497467,5.7733883635028835,-5314.0999399645,0.3368720756006951
BENR_red_419_cutoff_7.5.inp.out,201.2201576225229,-0.3602,0.1524,20.3537,55.0,-1306.2336714975,16.057918196680436,21.881255700464457,-5689.6907237689,0.339927466699919
BENR_red_41_cutoff_7.5.inp.out,202.3864133556869,-0.3575,0.1617,37.3914,59.0,-1305.5388501235,-71.08627448618962,-33.04965765940765,-5991.1717095198,0.3412646118995326
BENR_red_420_cutoff_7.5.inp.out,201.1500490552692,-0.3422,0.1661,20.029,56.0,-1306.6848993397,14.75803712401778,27.037928519712427,-5765.6549134181,0.334019083399653
BENR_red_421_cutoff_7.5.inp.out,201.42508856575895,-0.3465,0.1628,25.169,57.0,-1306.086929102,82.6834804787525,-1.24813156030126,-5840.6470246167,0.3291996779007604
BENR_red_422_cutoff_7.5.inp.out,201.9852727515414,-0.3537,0.1574,24.8439,57.0,-1306.1782304737,-12.929805311583571,-22.683075974949727,-5840.7187153486,0.3385667172005924
BENR_red_423_cutoff_7.5.inp.out,201.88785244765137,-0.3412,0.1775,22.1821,56.0,-1306.3276636357,22.300959977569956,17.66516386877777,-5765.3291241432,0.3227226887001961
BENR_red_424_cutoff_7.5.inp.out,202.20895654850253,-0.3399,0.1731,25.1919,59.0,-1305.5077930343,30.164483741226192,-43.422841534999925,-5991.1044811525,0.3204674542994326
BENR_red_425_cutoff_7.5.inp.out,202.98357715877444,-0.3818,0.1426,23.972,62.0,-1304.0629259587,-31.54739018089933,56.59229763961873,-6216.2363942075,0.3534060297997712
BENR_red_426_cutoff_7.5.inp.out,202.91119482040472,-0.3414,0.1751,21.6272,57.0,-1306.0087583935,70.85471720551408,19.917548127505384,-5840.535839556,0.3208083265999448
BENR_red_427_cutoff_7.5.inp.out,203.1913642371767,-0.343,0.1815,24.0668,58.0,-1305.6845018766,167.15175488616867,-26.155534875360907,-5915.7468212607,0.323575238399826
BENR_red_428_cutoff_7.5.inp.out,203.14226646087644,-0.3633,0.1597,27.3632,55.0,-1306.8262146762,80.90010725060962,2.1761591157090696,-5690.3378706847,0.3438016507998327
BENR_red_429_cutoff_7.5.inp.out,203.4805619040997,-0.3487,0.1821,23.4193,54.0,-1307.177561198,-39.13791143253809,-46.80562706149807,-5615.206592278,0.3307556974996259
BENR_red_42_cutoff_7.5.inp.out,202.858481228651,-0.3109,0.208,30.1849,58.0,-1305.7839034951,63.74886824708401,-9.927325158247225,-5915.9022048214,0.3007641742997293
BENR_red_430_cutoff_7.5.inp.out,203.91262802208536,-0.3505,0.1709,12.4982,54.0,-1307.4039707428,15.33876722885276,-10.9468158089961,-5615.3493041943,0.3353778487999079
BENR_red_431_cutoff_7.5.inp.out,203.19982572703245,-0.3552,0.1692,19.0561,55.0,-1306.7691412918,28.32191229747446,-19.803156749009144,-5690.3315777514,0.3386885531999724
BENR_red_432_cutoff_7.5.inp.out,202.96740133419704,-0.359,0.1543,18.8937,53.0,-1307.2506626707,-25.753356904456965,-25.89729386192286,-5539.660347907,0.3467359424003007
BENR_red_433_cutoff_7.5.inp.out,202.257655855379,-0.3485,0.1733,16.2977,51.0,-1307.8696024411,3.4384998097832105,-10.593246222709528,-5389.2435564572,0.3311474460997488
BENR_red_434_cutoff_7.5.inp.out,201.74834105576912,-0.3371,0.1793,20.1252,54.0,-1306.3954615534,24.738587647742374,-72.93805580434848,-5614.3318530226,0.3196873519000291
BENR_red_435_cutoff_7.5.inp.out,202.14664044266848,-0.3563,0.1594,13.2544,56.0,-1306.1095121723,4.439541154022173,-17.921763237439155,-5765.1200414036,0.3352012539007774
BENR_red_436_cutoff_7.5.inp.out,201.63548119061176,-0.3449,0.1686,15.7449,56.0,-1306.2714005783,32.03775508526893,-27.64852823463099,-5765.3216333754,0.3278001169001072
BENR_red_437_cutoff_7.5.inp.out,201.63685359349637,-0.3662,0.1475,16.9262,57.0,-1305.7228781374,-11.318089939829088,-102.57756976518718,-5840.3298690688,0.3445286128007865
BENR_red_438_cutoff_7.5.inp.out,201.15665850507943,-0.3512,0.1632,9.2905,58.0,-1306.2344177648,-26.977545580637216,-14.288200300978188,-5916.2838499939,0.335285373899751
BENR_red_439_cutoff_7.5.inp.out,200.5568895986082,-0.3656,0.1366,11.7544,54.0,-1307.2009728356,-18.798519062515712,15.313423907196796,-5615.1442120343,0.3506045209005606
BENR_red_43_cutoff_7.5.inp.out,202.41595113986423,-0.3386,0.1787,34.8677,55.0,-1306.9306205765,-1.923744545363414,-87.04773405755674,-5690.4831072879,0.3239210545007154
BENR_red_440_cutoff_7.5.inp.out,199.51809691159883,-0.3485,0.1539,17.8085,53.0,-1307.5691649903,-6.329441149687974,-67.8739621358872,-5540.0055193425,0.3375186127004781
BENR_red_441_cutoff_7.5.inp.out,200.10421226664332,-0.3386,0.1635,24.4366,50.0,-1308.411074101,-36.367772861172575,-92.96279996904508,-5314.1730458735,0.3232135128000664
BENR_red_442_cutoff_7.5.inp.out,200.99669403511643,-0.3479,0.1631,22.0692,51.0,-1308.45670484,22.017027590947553,-74.25985731196373,-5389.8379500463,0.3297580258995367
BENR_red_443_cutoff_7.5.inp.out,200.8210575650503,-0.3417,0.1597,16.9721,53.0,-1307.549879136,-148.6915948789038,-57.77009323740194,-5539.9601278737,0.3256440316999942
BENR_red_444_cutoff_7.5.inp.out,202.34401355585945,-0.3622,0.1538,20.0435,55.0,-1306.5544928096,-0.5383516404410343,-5.557990145294945,-5689.9683150575,0.3385636650000378
BENR_red_445_cutoff_7.5.inp.out,202.4565557837987,-0.3445,0.173,24.3005,54.0,-1306.8596814543,11.416660366492948,35.728632162487,-5614.8201994018,0.3303871252001045
BENR_red_446_cutoff_7.5.inp.out,203.10960358059168,-0.3347,0.1889,27.5116,55.0,-1306.5150563568,29.109606225107257,6.418072101286384,-5689.9749685354,0.3164578409005116
BENR_red_447_cutoff_7.5.inp.out,203.27316312554663,-0.35,0.1702,25.4374,51.0,-1308.2523652956,33.16427453447649,26.585390239420047,-5389.6119341072,0.3297941609998815
BENR_red_448_cutoff_7.5.inp.out,202.88499019071247,-0.3356,0.1745,25.7268,53.0,-1307.6100146216,8.437479173997062,-2.715736626028866,-5540.0244936932,0.3193473676001304
BENR_red_449_cutoff_7.5.inp.out,202.7576170030689,-0.3579,0.1662,20.729,52.0,-1308.0382430356,-36.80139037643897,22.153865697868792,-5464.9402192668,0.3409700779002378
BENR_red_44_cutoff_7.5.inp.out,202.49588353736587,-0.3408,0.1769,32.0676,57.0,-1305.9174800202,-14.519811124211245,-38.094830514398105,-5840.5442755184,0.324089194100452
BENR_red_450_cutoff_7.5.inp.out,199.60811326462093,-0.3463,0.156,42.9811,52.0,-1307.4667828174,37.430108455626915,3.181438872065142,-5464.3118501569,0.3380858773998625
BENR_red_451_cutoff_7.5.inp.out,199.89279581221996,-0.3349,0.1635,42.4375,53.0,-1307.2623088621,60.92744190253408,52.02759184850108,-5539.6010553756,0.3217870408998351
BENR_red_452_cutoff_7.5.inp.out,199.0189897662883,-0.3426,0.1608,42.3633,51.0,-1308.3131637266,41.373546850113485,95.22393294787604,-5389.6862383705,0.3292831152002691
BENR_red_453_cutoff_7.5.inp.out,199.28599785458263,-0.3435,0.1664,24.0725,47.0,-1309.658766056,55.3662835755004,28.752130126336503,-5088.8905786689,0.329428700400058
BENR_red_454_cutoff_7.5.inp.out,199.67781170956613,-0.3663,0.1346,24.671,46.0,-1309.7770908891,47.635916353501415,28.192522564948028,-5013.5043837433,0.3538324891997035
BENR_red_455_cutoff_7.5.inp.out,198.9320713212473,-0.365,0.1408,20.006,46.0,-1309.5010730839,9.947529468580557,0.2876398560076345,-5013.2060273384,0.3533464684005594
BENR_red_456_cutoff_7.5.inp.out,199.92207641865804,-0.346,0.1572,28.7424,49.0,-1309.0473094163,78.0960754569978,30.93530858588125,-5239.3314454797,0.3349340805998508
BENR_red_457_cutoff_7.5.inp.out,198.7099137213721,-0.3614,0.1378,37.7962,52.0,-1307.876201745,19.60537369612035,26.42597111536624,-5464.8056113754,0.352914553899609
BENR_red_458_cutoff_7.5.inp.out,199.0840965138011,-0.3397,0.1646,34.628,50.0,-1308.2676623304,43.119251611365584,70.25154352111855,-5314.1230820605,0.3281799986998521
BENR_red_459_cutoff_7.5.inp.out,200.80167485046485,-0.3316,0.1758,35.2236,50.0,-1308.4506681188,43.58158551633147,77.38519580416394,-5314.2513399817,0.3218095565998737
BENR_red_45_cutoff_7.5.inp.out,201.34536092691937,-0.3627,0.1417,32.194,59.0,-1305.3204463965,-17.182040117871228,-38.29898781358269,-5990.9658858509,0.3462541722992682
BENR_red_460_cutoff_7.5.inp.out,201.0443160136616,-0.348,0.166,38.5811,51.0,-1308.0840347728,35.98395704130245,46.608558249595134,-5389.4243309978,0.3352945014003126
BENR_red_461_cutoff_7.5.inp.out,202.8221730207445,-0.3375,0.1716,33.2177,54.0,-1306.7324342642,84.53080199927996,80.14361351347843,-5614.7123730138,0.3243933433004713
BENR_red_462_cutoff_7.5.inp.out,203.3137661510269,-0.3483,0.1696,34.2899,55.0,-1306.5511427153,235.25896343787696,30.697021616497615,-5690.0462855093,0.3284846936994654
BENR_red_463_cutoff_7.5.inp.out,204.05957773514336,-0.3587,0.16,39.7754,55.0,-1306.5419377043,29.48408547296084,41.70172228399492,-5690.0496518156,0.3381965561002289
BENR_red_464_cutoff_7.5.inp.out,204.20796670345865,-0.3242,0.188,31.4606,54.0,-1306.8715114859,150.4406931313802,28.7199376926833,-5614.7851512466,0.3079258060997745
BENR_red_465_cutoff_7.5.inp.out,204.14607753253455,-0.3519,0.1694,29.4042,50.0,-1308.1212840119,70.74006625245691,71.56562333825617,-5313.9114524217,0.3334720753000511
BENR_red_466_cutoff_7.5.inp.out,203.44348952942303,-0.3631,0.1628,22.8167,48.0,-1308.9195556138,44.32025598613519,24.909794682217367,-5163.6410486608,0.3444208804994559
BENR_red_467_cutoff_7.5.inp.out,202.76452638644625,-0.3706,0.1412,22.604,50.0,-1308.5283252112,15.125239988107694,92.84440650162314,-5314.3416458526,0.3490911164999488
BENR_red_468_cutoff_7.5.inp.out,202.6485366969467,-0.3511,0.1644,35.9353,54.0,-1306.8765124184,-14.10783634928309,45.068887847308936,-5614.8132831671,0.3299442918005297
BENR_red_469_cutoff_7.5.inp.out,201.94579435339767,-0.3211,0.1927,36.3426,52.0,-1307.9272548804,-0.3472866544872819,59.007524729920966,-5464.8146084734,0.305740164099916
BENR_red_46_cutoff_7.5.inp.out,200.01195903103107,-0.3386,0.1689,27.4723,58.0,-1305.9546016333,5.930230359052124,-12.13747620767388,-5916.0827503405,0.3274556530996051
BENR_red_470_cutoff_7.5.inp.out,202.2557208969818,-0.331,0.1809,23.8767,54.0,-1307.4091774207,10.698544963169704,3.2643701636143687,-5615.3270475335,0.3146270315000947
BENR_red_471_cutoff_7.5.inp.out,201.39960233815412,-0.3425,0.1647,15.6149,54.0,-1307.3651667905,-1.0956738790674945,15.59158196861368,-5615.3298923984,0.3264796239000134
BENR_red_472_cutoff_7.5.inp.out,201.39702740460575,-0.3487,0.1643,21.5323,54.0,-1307.4282704923,26.571212930706505,26.17570056843501,-5615.2994967234,0.3306749612002022
BENR_red_473_cutoff_7.5.inp.out,201.5024590122976,-0.3498,0.1615,28.6582,55.0,-1307.0303435237,70.11969909584504,79.00232481427267,-5690.4177955673,0.3341257611000401
BENR_red_474_cutoff_7.5.inp.out,200.7992222239913,-0.338,0.1678,23.3704,55.0,-1307.0683568788,21.66320171133364,-22.888287406392347,-5690.507238948,0.319394142999954
BENR_red_475_cutoff_7.5.inp.out,201.49857913958493,-0.3511,0.1541,20.7969,58.0,-1305.9046707888,88.57885086850948,16.273402176547688,-5915.9143937344,0.3351120125007583
BENR_red_476_cutoff_7.5.inp.out,202.6103994408592,-0.3468,0.1712,26.5117,55.0,-1306.6234841617,120.2230777189056,134.69717442966316,-5690.0631117531,0.3283569796994925
BENR_red_477_cutoff_7.5.inp.out,202.53116214866543,-0.3322,0.1862,33.9688,60.0,-1305.515109824,113.55388380423234,96.90891559779264,-6066.6270729709,0.3172122263995334
BENR_red_478_cutoff_7.5.inp.out,202.0522205555148,-0.3445,0.1581,24.9118,58.0,-1305.846197941,111.84084618993109,62.17813703096552,-5915.8471531691,0.3275706619997436
BENR_red_479_cutoff_7.5.inp.out,202.6565448847089,-0.3601,0.1577,25.6969,56.0,-1306.5748596272,66.20419162899564,153.4739343998294,-5765.4975348714,0.3397220674005439
BENR_red_47_cutoff_7.5.inp.out,199.6710901937793,-0.34,0.1604,31.6724,54.0,-1307.1319251798,6.429226485352019,9.438732986385936,-5615.1166038597,0.328246108500025
BENR_red_480_cutoff_7.5.inp.out,202.15254569734503,-0.3426,0.1617,31.6067,53.0,-1307.5583165424,96.32736176974268,145.86056994374445,-5539.9129846493,0.3230720940000537
BENR_red_481_cutoff_7.5.inp.out,202.2186401210987,-0.3595,0.1564,17.2626,49.0,-1309.3710652794,18.35450340772042,6.5286365782924385,-5239.6258906297,0.343391703200723
BENR_red_482_cutoff_7.5.inp.out,202.53902843319105,-0.3496,0.1687,20.317,48.0,-1309.1261467537,57.496384278716306,10.6760787926195,-5163.8567590381,0.3385591193000437
BENR_red_483_cutoff_7.5.inp.out,203.00031060932923,-0.3563,0.1638,21.7973,48.0,-1309.0629921446,55.848186405408185,-13.669070174445372,-5163.866373836,0.3420405524993839
BENR_red_484_cutoff_7.5.inp.out,203.85817353611293,-0.3552,0.163,25.1411,52.0,-1307.7340365543,1.0256012657687452,-73.82448428944119,-5464.6477567762,0.3360674637997363
BENR_red_485_cutoff_7.5.inp.out,204.3507533428958,-0.3696,0.1596,25.0698,54.0,-1307.5431418258,-36.47045060973253,-12.562246406074092,-5615.4881051021,0.3418364635999751
BENR_red_486_cutoff_7.5.inp.out,203.06655331750255,-0.3509,0.1755,18.3609,55.0,-1307.1982954075,39.351940945369726,75.11276048371809,-5690.5996094288,0.3321185735003382
BENR_red_487_cutoff_7.5.inp.out,203.39557737421265,-0.3491,0.167,15.7066,52.0,-1307.9590796916,24.99080865358002,38.8062516826811,-5464.8223670595,0.3290690798003197
BENR_red_488_cutoff_7.5.inp.out,201.49781615593025,-0.3506,0.1478,11.7588,52.0,-1307.9310016269,-70.13460691781485,28.607299700632577,-5464.7472295593,0.3375289694004095
BENR_red_489_cutoff_7.5.inp.out,202.13316548850764,-0.3416,0.1708,8.7812,49.0,-1308.9381357099,-45.35826920435469,86.77423332834027,-5239.1991156034,0.3259407694004039
BENR_red_48_cutoff_7.5.inp.out,199.40135183456687,-0.3472,0.1604,22.6708,53.0,-1307.5891765719,66.94451223917513,25.698756690511782,-5540.1033059808,0.3343482570999185
BENR_red_490_cutoff_7.5.inp.out,201.98617967931983,-0.369,0.1343,6.9746,48.0,-1309.0799318111,-3.963755697216684,0.9485923197888316,-5163.8607682645,0.3517071497999495
BENR_red_491_cutoff_7.5.inp.out,201.1399126149702,-0.3536,0.1564,12.1162,49.0,-1308.4697070119,8.563919213522645,67.43603927954105,-5238.7851272242,0.3385169931998462
BENR_red_492_cutoff_7.5.inp.out,201.4832190534926,-0.3541,0.1577,8.2907,53.0,-1307.2199089835,21.15847877932761,-29.437485876848857,-5539.745205155,0.338517943199804
BENR_red_493_cutoff_7.5.inp.out,201.84821698605953,-0.3628,0.1498,20.7642,52.0,-1307.5256266692,60.86449451514011,75.84009097041778,-5464.445173515,0.3438920613998562
BENR_red_494_cutoff_7.5.inp.out,201.4692627640578,-0.361,0.1517,14.4437,51.0,-1308.3094200324,-12.726209402304988,8.534393598702268,-5389.6493968674,0.3427092698993874
BENR_red_495_cutoff_7.5.inp.out,200.5270338305995,-0.3465,0.1616,9.0772,54.0,-1306.7874352238,-6.031239754735909,-15.02630016330195,-5614.7271247328,0.3302348186998642
BENR_red_496_cutoff_7.5.inp.out,200.98946475967944,-0.3516,0.1585,15.5814,54.0,-1307.4200327517,33.625315894714255,42.822448018351466,-5615.3559221134,0.3384626309998566
BENR_red_497_cutoff_7.5.inp.out,200.48827168582963,-0.3429,0.1723,15.1217,52.0,-1307.64763806,10.610234772687503,30.98619795413535,-5464.547389318,0.3275245107997762
BENR_red_498_cutoff_7.5.inp.out,201.0603997075536,-0.343,0.1679,12.8401,55.0,-1306.9776556257,36.73552271473354,44.38122907779848,-5690.4945632549,0.3267448452997996
BENR_red_499_cutoff_7.5.inp.out,200.56775360080235,-0.3335,0.1806,21.6607,56.0,-1306.4760154025,17.757376784790807,7.990059804075142,-5765.4823394966,0.3206603201997495
BENR_red_49_cutoff_7.5.inp.out,199.6071076139406,-0.3572,0.1548,19.9361,48.0,-1309.6199978586,19.24461865721031,13.293358870180835,-5164.40086699,0.3474569825993967
BENR_red_4_cutoff_7.5.inp.out,201.04105858869175,-0.3318,0.1622,25.9424,49.0,-1308.7019480718,26.61132071502856,3.77232039791432,-5238.9662566823,0.3233608130003631
BENR_red_50_cutoff_7.5.inp.out,200.38713776132903,-0.3569,0.1473,22.328,51.0,-1308.0054200394,-4.6279151896443675,-36.02163017068452,-5389.426253969,0.3415238049001345
BENR_red_51_cutoff_7.5.inp.out,200.26527582478204,-0.3463,0.1626,22.7629,53.0,-1307.5013056333,-25.796794558274172,-30.527411113526387,-5539.97113793,0.3359789043006458
BENR_red_52_cutoff_7.5.inp.out,201.7679788045453,-0.3239,0.1993,19.9124,52.0,-1307.6484702748,1.413708620852796,-11.027084900654552,-5464.5421969894,0.3098369484005161
BENR_red_53_cutoff_7.5.inp.out,203.4111349059853,-0.3343,0.1852,24.6121,54.0,-1307.2141903392,36.899996487190045,-30.783657267166248,-5615.1762065881,0.3172133664002103
BENR_red_54_cutoff_7.5.inp.out,203.43325252815504,-0.3485,0.1687,31.6027,55.0,-1306.8726893318,44.129962359277386,-37.243151592240075,-5690.3841157459,0.3358546179997574
BENR_red_55_cutoff_7.5.inp.out,203.9699943225433,-0.3561,0.1663,25.1327,53.0,-1307.8018672048,-101.1168502798524,-91.96728323790758,-5540.2170490308,0.335633474000133
BENR_red_56_cutoff_7.5.inp.out,204.5136809319398,-0.3681,0.165,26.8069,55.0,-1307.4416272628,56.54084424664891,-0.6275402777461025,-5690.9846124465,0.3496220505003293
BENR_red_57_cutoff_7.5.inp.out,203.7864590438517,-0.3104,0.2027,13.8777,55.0,-1307.2894941507,28.7317650720025,-13.575307765826391,-5690.8658357429,0.2968094723000831
BENR_red_58_cutoff_7.5.inp.out,203.01085536937717,-0.3304,0.1807,31.9006,59.0,-1305.7446227751,-66.7783838413436,-66.39082976190971,-5991.324901391,0.3114597420999416
BENR_red_59_cutoff_7.5.inp.out,201.62992812487104,-0.3219,0.1937,28.5866,59.0,-1305.8571140967,-67.49610171270432,-57.94010432362245,-5991.4084738018,0.30423652780064
BENR_red_5_cutoff_7.5.inp.out,199.7407114705025,-0.3354,0.1675,27.6194,54.0,-1307.3788086146,86.79928209034532,-28.2032709393846,-5615.2798554601,0.3277693849995557
BENR_red_60_cutoff_7.5.inp.out,202.01087577443352,-0.3384,0.1739,22.965,55.0,-1307.6818395714,58.382827018788426,-14.555269174144485,-5691.151563419,0.3226331576006487
BENR_red_61_cutoff_7.5.inp.out,200.33224759526743,-0.3377,0.1628,16.1599,57.0,-1306.5465134645,20.465420009641832,-26.23273967013504,-5841.1007512241,0.3222508415001357
BENR_red_62_cutoff_7.5.inp.out,199.94018963194705,-0.3333,0.1719,19.0402,60.0,-1305.6147470082,-45.65182750565739,-58.8172383666608,-6066.7668762497,0.3187339026999325
BENR_red_63_cutoff_7.5.inp.out,199.55027482438723,-0.3497,0.1506,6.4624,59.0,-1305.6336861912,-104.8844657372412,-8.521434999733279,-5991.330522182,0.3348846281005535
BENR_red_64_cutoff_7.5.inp.out,198.73735706140064,-0.3494,0.1512,26.0691,59.0,-1305.8326668006,-45.90564571519356,-44.00090788796834,-5991.4839336123,0.3363087268999152
BENR_red_65_cutoff_7.5.inp.out,198.2574803548067,-0.3273,0.1475,21.1174,60.0,-1305.0983846742,3.867845518235944,-43.42491003242702,-6066.3218341818,0.3229018129995893
BENR_red_66_cutoff_7.5.inp.out,199.24648479609712,-0.3431,0.1437,12.6295,59.0,-1305.5659326899,-9.73116355753613,-13.088318243958067,-5991.2113555428,0.3290677217000848
BENR_red_67_cutoff_7.5.inp.out,198.486771767263,-0.328,0.1677,17.2908,57.0,-1306.2735485909,54.999062524214025,27.01403514965407,-5840.796065094,0.3132096557001205
BENR_red_68_cutoff_7.5.inp.out,200.54354050407764,-0.3271,0.1773,10.9328,58.0,-1305.9131797149,19.18510960163952,24.47849953277213,-5916.0500636921,0.3126559871998324
BENR_red_69_cutoff_7.5.inp.out,201.2438627322856,-0.346,0.1634,19.0319,52.0,-1308.0479023101,29.691613395509737,-0.8272294017477764,-5464.9707662176,0.3358274589991197
BENR_red_6_cutoff_7.5.inp.out,200.94133884430684,-0.346,0.1581,31.7678,49.0,-1308.391972831,1.835430425616108,-10.547896991170216,-5238.6381235313,0.3359216540002308
BENR_red_70_cutoff_7.5.inp.out,199.66189298571928,-0.3461,0.1574,42.9108,52.0,-1307.4756924449,38.70906935737724,2.389399468004387,-5464.3213813926,0.3378804636004133
BENR_red_71_cutoff_7.5.inp.out,199.96075185961715,-0.346,0.1535,37.5754,52.0,-1307.5759355406,46.84675260913905,76.35031194124711,-5464.3826861422,0.3349837383002523
BENR_red_72_cutoff_7.5.inp.out,199.60440678117868,-0.3401,0.1517,25.1481,50.0,-1308.2322364443,-2.432110952196305,35.24356702442118,-5314.0236472653,0.3305630402001043
BENR_red_73_cutoff_7.5.inp.out,199.92497565176805,-0.3532,0.1528,29.4519,52.0,-1307.7052678814,-1.883742404615808,83.97736213667483,-5464.4942784177,0.3384876635000182
BENR_red_74_cutoff_7.5.inp.out,199.53231146903167,-0.3357,0.1525,32.0888,51.0,-1307.5181187516,-9.913046272229364,65.58977681476094,-5388.8879070447,0.3286398571999598
BENR_red_75_cutoff_7.5.inp.out,200.97769273312656,-0.3489,0.1654,37.0325,53.0,-1307.5701182396,15.242437019933089,23.814014831971367,-5539.9913717797,0.3333281109999007
BENR_red_76_cutoff_7.5.inp.out,201.3618808212293,-0.3504,0.1497,44.2477,52.0,-1307.4756814274,5.262980372835969,18.454230585188743,-5464.3434461329,0.3378259264000007
BENR_red_77_cutoff_7.5.inp.out,202.4896513123097,-0.3367,0.1816,38.9592,53.0,-1307.1849726203,11.82216521778225,83.49952046058132,-5539.6340759552,0.322278296100194
BENR_red_78_cutoff_7.5.inp.out,202.6792376466356,-0.3342,0.1753,39.9885,49.0,-1308.9753639736,69.45875733688483,68.47945290321873,-5239.2889219946,0.3211831668004379
BENR_red_79_cutoff_7.5.inp.out,202.78067524818505,-0.3414,0.1824,49.8949,50.0,-1308.3407613346,73.91320329246152,134.75930278412707,-5314.1528784713,0.3206167259995709
BENR_red_7_cutoff_7.5.inp.out,203.0437480273316,-0.3561,0.1598,22.0003,45.0,-1310.095089726,21.50183240479778,-1.451462907241588,-4938.1901607898,0.3421556714001781
BENR_red_80_cutoff_7.5.inp.out,203.3012901755892,-0.3371,0.1814,49.4231,49.0,-1308.5521773298,105.9796298357696,129.5816163888489,-5238.9094025791,0.3216444005001904
BENR_red_81_cutoff_7.5.inp.out,203.08631881329777,-0.3511,0.1566,55.0147,51.0,-1307.7793915007,76.6255186999089,153.74077860018627,-5389.2187786573,0.334585086900006
BENR_red_82_cutoff_7.5.inp.out,202.68363970353784,-0.3609,0.1544,43.5235,51.0,-1307.9506303644,65.65816462610621,97.65286865426376,-5389.3123296707,0.3353033696994316
BENR_red_83_cutoff_7.5.inp.out,201.83343172002387,-0.3818,0.1332,44.7112,53.0,-1307.1089928561,42.42990814792955,90.5611832384607,-5539.5914669523,0.3598616858998866
BENR_red_84_cutoff_7.5.inp.out,202.75116438289453,-0.3469,0.1596,42.9828,53.0,-1306.832623584,-28.359925229928436,21.85604316224064,-5539.2785522937,0.3289095974005249
BENR_red_85_cutoff_7.5.inp.out,202.03538623986233,-0.3526,0.1574,34.6263,56.0,-1306.240927639,-61.87076855879211,14.045633536612703,-5765.2863482651,0.3321936700995138
BENR_red_86_cutoff_7.5.inp.out,201.59784748742777,-0.3312,0.1783,16.9673,54.0,-1306.9582246394,95.897730787378,23.08070373247197,-5614.8870410569,0.3168253820003883
BENR_red_87_cutoff_7.5.inp.out,202.4644361582397,-0.3542,0.1543,24.6851,55.0,-1306.5049957981,11.48339704898966,-1.9286944961858044,-5690.0122105376,0.3354550307994941
BENR_red_88_cutoff_7.5.inp.out,203.33303441928027,-0.3342,0.1823,20.255,53.0,-1307.521267064,46.9853097419157,1.6817707498830727,-5539.9868430504,0.3157784671002446
BENR_red_89_cutoff_7.5.inp.out,203.43705281196353,-0.341,0.1752,30.6363,52.0,-1307.6593336029,125.8573852111448,50.04705378552893,-5464.5847436699,0.3232905543000015
BENR_red_8_cutoff_7.5.inp.out,203.44067278433283,-0.3456,0.1646,25.4766,44.0,-1310.2977672938,-3.63836079941727,-11.70514866520216,-4862.7975624139,0.3313461145999099
BENR_red_90_cutoff_7.5.inp.out,204.46877699143573,-0.347,0.1823,26.8492,57.0,-1305.7845257041,22.020692144413776,17.379010446806944,-5840.3057238253,0.3288563172000067
BENR_red_91_cutoff_7.5.inp.out,204.29049470424485,-0.342,0.1742,27.0459,54.0,-1306.8889712665,78.12190160446913,42.238696769829765,-5614.8635787001,0.3230045185000563
BENR_red_92_cutoff_7.5.inp.out,204.13561144383328,-0.3326,0.1942,23.8222,55.0,-1306.7466489006,83.01419418287796,24.126104576010228,-5690.19131963,0.3139230562992452
BENR_red_93_cutoff_7.5.inp.out,203.9026351441851,-0.3708,0.1426,17.8395,54.0,-1306.7172550467,53.360614776351525,31.018971821705183,-5614.6531088614,0.3464155165002012
BENR_red_94_cutoff_7.5.inp.out,202.93788622126627,-0.3606,0.1616,24.8409,58.0,-1305.5005236279,12.613673356868135,35.9152987983161,-5915.5448142084,0.3385419524001918
BENR_red_95_cutoff_7.5.inp.out,202.10534310715445,-0.3481,0.1695,15.6465,57.0,-1306.1599418766,15.022999188809878,20.371209060278925,-5840.7155290993,0.3329238905007514
BENR_red_96_cutoff_7.5.inp.out,201.95707507608944,-0.3501,0.1566,10.3237,53.0,-1307.3749418061,-29.739282000957505,41.57157465611884,-5539.7743400243,0.3285392111993133
BENR_red_97_cutoff_7.5.inp.out,201.12034855555584,-0.3387,0.1745,20.7845,53.0,-1307.5196846573,-43.7667791258938,-20.284655776229577,-5539.9392408682,0.3243892929003777
BENR_red_98_cutoff_7.5.inp.out,200.99226683747833,-0.3403,0.171,23.3838,57.0,-1306.5082256592,-43.352191436356534,-81.62744134024143,-5841.0924343894,0.3241259429996717
BENR_red_99_cutoff_7.5.inp.out,201.26297021627207,-0.3589,0.1527,24.3719,55.0,-1306.6190503656,-106.20134336574452,-62.58241947672836,-5690.0721661694,0.3430356315002427
BENR_red_9_cutoff_7.5.inp.out,204.5878615638742,-0.3616,0.1658,20.5506,45.0,-1310.0295947564,52.618258934320934,79.42534697090286,-4938.1338584386,0.3434727662997829
