file_name,NRE,HOMO,LUMO,Dipole_mom,Num_waters,chg_chg,elec5,elec10,delE_hf,delE_dft
BENR_red_0_cutoff_7.5.inp.out,199.57301333106074,-0.3450,0.0614,46.0725,52.0,-1307.4697763196,63.30661852819482,4.24212027829635,-5492.1101614221,0.3381548507995831
BENR_red_100_cutoff_7.5.inp.out,201.7675835121232,-0.3457,0.0649,24.9172,53.0,-1307.8491392181,-84.03170630494802,-94.14012203472615,-5568.6109441042,0.33818462369981717
BENR_red_101_cutoff_7.5.inp.out,201.82472252240925,-0.3471,0.0670,27.5241,53.0,-1307.8478763082,-138.91704567187102,-240.9334872499757,-5568.5646696027,0.33776655650035536
BENR_red_102_cutoff_7.5.inp.out,201.50686640162655,-0.3779,0.0512,25.9090,51.0,-1308.2725436822,-179.87146341242217,-111.792879789614,-5416.9211929809,0.36934388460031187
BENR_red_103_cutoff_7.5.inp.out,200.41107122362075,-0.3265,0.0655,33.7371,51.0,-1308.0937096446,52.12055678468514,99.63267987463202,-5416.7791643108,0.3208252632002768
BENR_red_104_cutoff_7.5.inp.out,201.20686470811518,-0.3611,0.0594,26.9231,55.0,-1307.3108138325,-103.6867672528745,58.33259493588054,-5720.0992412076,0.35457246619989746
BENR_red_105_cutoff_7.5.inp.out,201.00518467288776,-0.3295,0.0686,22.9956,52.0,-1307.2973304127,-155.26159515636553,-29.549004634841413,-5491.9795109739,0.3242171515994414
BENR_red_106_cutoff_7.5.inp.out,201.93832153694436,-0.3277,0.0690,27.8397,51.0,-1308.0949746625,-93.69347705672625,-31.497210930599692,-5416.8522983384,0.321516445999805
BENR_red_107_cutoff_7.5.inp.out,200.99638919911195,-0.3223,0.0802,29.4865,50.0,-1308.4136734860,-55.312041195562344,-55.17508453279047,-5341.0908319185,0.31707424849992094
BENR_red_108_cutoff_7.5.inp.out,201.5354687328706,-0.3237,0.0690,33.8624,52.0,-1307.6513755159,-127.54698320100526,-96.30419105219913,-5492.387914472,0.3176201021005909
BENR_red_109_cutoff_7.5.inp.out,201.89653539040043,-0.3068,0.0786,25.9022,49.0,-1309.0924658971,-74.58909672649915,-76.79793193509964,-5265.7653971359,0.3028176497000459
BENR_red_10_cutoff_7.5.inp.out,205.36399997959637,-0.3402,0.0728,33.5776,44.0,-1310.7122180204,92.47779099197774,56.17385342611209,-4887.0393805675,0.3343064021992177
BENR_red_110_cutoff_7.5.inp.out,201.91405700872969,-0.3356,0.0715,23.2623,49.0,-1308.8215510081,-84.0418980380354,-53.76066133147427,-5265.39002138,0.32802877759968396
BENR_red_111_cutoff_7.5.inp.out,203.01463010432775,-0.3294,0.0801,25.2195,53.0,-1307.5443040706,58.47513184507976,-33.9969000838595,-5568.2997184482,0.32060678630023176
BENR_red_112_cutoff_7.5.inp.out,202.2589408322996,-0.3495,0.0792,21.4224,55.0,-1306.7751044385,-37.117072681587594,-27.48570035083682,-5719.6189108628,0.3404610548996061
BENR_red_113_cutoff_7.5.inp.out,202.4720663653157,-0.3270,0.0791,12.7900,55.0,-1306.9847805439,-12.499666055204537,-9.993747977722968,-5719.8149958619,0.3210711548999825
BENR_red_114_cutoff_7.5.inp.out,200.80446682354312,-0.3092,0.0979,20.3152,55.0,-1306.6859346736,67.88870769642331,-24.116754324725303,-5719.5066331603,0.3031986580999728
BENR_red_115_cutoff_7.5.inp.out,200.79385094751578,-0.3345,0.0780,18.8256,50.0,-1308.5002455041,-40.370611901949935,3.1753103713731576,-5341.166194248,0.3272252226006458
BENR_red_116_cutoff_7.5.inp.out,200.66412657038657,-0.3080,0.1053,30.0557,50.0,-1308.4339160469,281.08146312228394,51.46459021770537,-5341.060487366,0.3026682200998039
BENR_red_117_cutoff_7.5.inp.out,199.84809511027103,-0.3321,0.0857,37.3589,52.0,-1307.7114429698,-10.521733062553064,73.97411767918767,-5492.4155219914,0.3249189669995758
BENR_red_118_cutoff_7.5.inp.out,199.63852327512498,-0.3401,0.0709,37.7807,49.0,-1309.0454997695,19.53706093447358,-35.4427201303874,-5265.5987619522,0.3343321055999695
BENR_red_119_cutoff_7.5.inp.out,199.68057700413047,-0.3486,0.0609,29.2626,45.0,-1310.1781022691,-30.227822787740944,-13.899785664933397,-4962.5431146988,0.34370788100022764
BENR_red_11_cutoff_7.5.inp.out,205.07203884752056,-0.3625,0.0532,23.5175,46.0,-1309.5775653856,23.119818493488435,105.69576214992138,-5038.0173858682,0.3556442049002726
BENR_red_120_cutoff_7.5.inp.out,201.41218910456317,-0.3232,0.0786,27.5004,49.0,-1309.1822259987,132.25323446239918,-138.4941230321107,-5265.6988645794,0.3175304756996411
BENR_red_121_cutoff_7.5.inp.out,200.78659212520893,-0.3232,0.0786,25.4483,53.0,-1307.3355037806,359.95661243635095,27.261913128545366,-5567.9913739779,0.3189164184996116
BENR_red_122_cutoff_7.5.inp.out,201.16343169236976,-0.3404,0.0682,30.3459,47.0,-1309.4493885968,-41.28277472808199,-55.6706692092636,-5113.9554774202,0.33563258979938837
BENR_red_123_cutoff_7.5.inp.out,201.17049727726646,-0.3479,0.0703,16.6262,51.0,-1308.0087444232,-17.877480614420097,5.820136277298095,-5416.564068972,0.34007697899960476
BENR_red_124_cutoff_7.5.inp.out,202.47217560613822,-0.3251,0.0755,19.2094,54.0,-1306.7495760196,179.59825319031202,-69.62625047305765,-5643.4387888959,0.32001689469962
BENR_red_125_cutoff_7.5.inp.out,202.02264540992218,-0.3430,0.0632,15.7852,57.0,-1305.6397111699,-33.741394622870494,-61.8622177361101,-5870.4744349182,0.3364654923998387
BENR_red_126_cutoff_7.5.inp.out,202.0990574869129,-0.3396,0.0726,18.8075,54.0,-1307.1996577809,97.05165951229115,-38.72783820532919,-5643.8888028639,0.33295008650020463
BENR_red_127_cutoff_7.5.inp.out,202.1806853385485,-0.3552,0.0784,22.2043,50.0,-1308.3557015017,-56.97114002987041,-6.579378987656825,-5340.9790701994,0.34766495429994393
BENR_red_128_cutoff_7.5.inp.out,202.34719154497915,-0.3585,0.0636,15.9141,54.0,-1306.8794655600,-163.0486360881273,-61.121604281679765,-5643.66742769,0.3495995001994743
BENR_red_129_cutoff_7.5.inp.out,202.4556384724149,-0.3433,0.0737,19.4409,53.0,-1307.3818773622,-89.33005302566492,-0.5370030459451145,-5568.072485583,0.33690258269962214
BENR_red_12_cutoff_7.5.inp.out,204.6068504119644,-0.3361,0.0712,23.7917,49.0,-1308.8536976042,413.6474283477333,118.69195133221679,-5265.3713043138,0.33177442560008785
BENR_red_130_cutoff_7.5.inp.out,199.66921868806423,-0.3447,0.0619,46.1437,52.0,-1307.4720560091,63.868378539429024,3.865326097236719,-5492.1138003148,0.33791801600000326
BENR_red_131_cutoff_7.5.inp.out,199.827348089201,-0.3499,0.0584,44.8605,53.0,-1307.1996506964,-361.6664273336123,47.66083161741682,-5567.8532173523,0.34575265779949405
BENR_red_132_cutoff_7.5.inp.out,199.31352291282866,-0.3481,0.0560,34.6298,51.0,-1307.9308611619,-14.673676099479687,42.7155132684865,-5416.5424261411,0.34242970529976446
BENR_red_133_cutoff_7.5.inp.out,200.47231017396996,-0.3370,0.0656,47.5484,50.0,-1307.7500446932,-12.549201290913386,80.09249820978039,-5340.3973689002,0.3332546835999892
BENR_red_134_cutoff_7.5.inp.out,201.18790738034673,-0.3261,0.0660,41.8507,52.0,-1307.7813251299,270.31781605303036,170.622871618628,-5492.4954555594,0.32261720080077794
BENR_red_135_cutoff_7.5.inp.out,200.17369453448424,-0.3385,0.0843,40.3536,51.0,-1308.1684151240,-43.276443101554996,-21.295981336492346,-5416.8391421695,0.32998277509977925
BENR_red_136_cutoff_7.5.inp.out,201.20933348503732,-0.3172,0.0757,44.4157,53.0,-1307.0580156523,181.70715531165686,8.711973838100594,-5567.7810442359,0.31123806499999773
BENR_red_137_cutoff_7.5.inp.out,201.38528489015138,-0.3444,0.0626,45.1898,52.0,-1307.6880508779,-10.603498928687689,-50.35859617797812,-5492.3928831856,0.33702156500021374
BENR_red_138_cutoff_7.5.inp.out,201.25273572437402,-0.3246,0.0643,45.5578,52.0,-1307.6332716729,66.7858571114747,-6.031457070560197,-5492.2909525772,0.31689564579937723
BENR_red_139_cutoff_7.5.inp.out,202.20402197977023,-0.3207,0.0803,47.1755,58.0,-1305.2507610762,14.00887527877394,-0.7282291031269628,-5946.1869373501,0.3148086964001777
BENR_red_13_cutoff_7.5.inp.out,202.84283269647594,-0.3258,0.0849,29.1254,48.0,-1309.2870890005,236.99509440045009,82.28931533096629,-5189.8172139889,0.3191248105995328
BENR_red_140_cutoff_7.5.inp.out,201.45060266342196,-0.3044,0.0979,41.7695,57.0,-1305.7676174594,54.08268948452964,41.345760671183164,-5870.6384199636,0.2972329329995773
BENR_red_141_cutoff_7.5.inp.out,202.60860688815018,-0.3372,0.0799,35.2980,54.0,-1306.3329156429,24.539806325444275,5.194893693069809,-5643.0509579092,0.3289607517999684
BENR_red_142_cutoff_7.5.inp.out,203.78127268804002,-0.3149,0.0831,34.0993,57.0,-1305.6837384680,-39.85387213969717,-37.73989887616205,-5870.5704741647,0.3103478549001011
BENR_red_143_cutoff_7.5.inp.out,202.63126627309322,-0.3233,0.0826,40.4786,58.0,-1305.6833504495,273.26078825977,20.215815418089463,-5946.5290192292,0.3167257357008566
BENR_red_144_cutoff_7.5.inp.out,203.54849785125765,-0.3166,0.0968,30.1909,57.0,-1305.7474816660,262.2602696795329,-0.02100311121892684,-5870.5126062873,0.30831433169987577
BENR_red_145_cutoff_7.5.inp.out,203.40199976905907,-0.3461,0.0728,36.3381,55.0,-1306.3970631930,31.016693440651014,-2.694354258610934,-5719.1460277106,0.3389609012001529
BENR_red_146_cutoff_7.5.inp.out,202.3799284709551,-0.3228,0.0923,41.4927,54.0,-1306.6095951384,63.1471541076721,-50.62747986144755,-5643.3762823147,0.31366817229991284
BENR_red_147_cutoff_7.5.inp.out,201.83203889969087,-0.3647,0.0648,44.1523,57.0,-1305.9537820246,27.02323114055914,-13.334238295888525,-5870.7929066261,0.35622080439952697
BENR_red_148_cutoff_7.5.inp.out,201.26513709350277,-0.3376,0.0703,45.8965,54.0,-1307.2831326488,153.209883790616,111.31160236454669,-5643.97849531,0.3298901933003435
BENR_red_149_cutoff_7.5.inp.out,200.91749825984968,-0.3296,0.0851,39.9403,52.0,-1307.6871818411,92.15549869131154,21.216274615089628,-5492.3458464947,0.3228419633996964
BENR_red_14_cutoff_7.5.inp.out,201.68427047626824,-0.3331,0.0769,37.5048,46.0,-1309.7421042881,146.30946605272533,172.47548351014552,-5038.1808381261,0.3282558626997343
BENR_red_150_cutoff_7.5.inp.out,201.32719571950793,-0.3482,0.0537,27.5425,53.0,-1307.5481099646,146.48392264608646,35.02308672642718,-5568.2188832548,0.3404500880997148
BENR_red_151_cutoff_7.5.inp.out,200.5103940913514,-0.3498,0.0574,31.1491,52.0,-1307.5017843064,0.0576085367052146,-5.113786443767187,-5492.1221546344,0.3428007147003882
BENR_red_152_cutoff_7.5.inp.out,200.93666975829112,-0.3498,0.0776,19.2583,51.0,-1308.0713145876,1.1571689497996172,-7.077782939487335,-5416.5975143724,0.34116723440001806
BENR_red_153_cutoff_7.5.inp.out,201.08769086210359,-0.3420,0.0795,17.4718,54.0,-1306.7205370395,-3.790300260407633,14.280917378204075,-5643.4002525255,0.3337830687996757
BENR_red_154_cutoff_7.5.inp.out,201.2315255050344,-0.3344,0.0848,14.8126,56.0,-1306.0890522766,60.033938883222525,-81.12225361613854,-5794.842986216,0.3261676845004331
BENR_red_155_cutoff_7.5.inp.out,201.3883488844699,-0.3511,0.0777,14.3541,52.0,-1307.5844907234,-69.84232683693396,-0.11237908091415472,-5492.2631393255,0.34363573280006676
BENR_red_156_cutoff_7.5.inp.out,201.60641777722833,-0.3016,0.0935,20.8443,57.0,-1305.9861755355,7.227450456907317,-64.90080550045363,-5870.810070702,0.297672447700279
BENR_red_157_cutoff_7.5.inp.out,200.2547136170578,-0.3484,0.0808,24.6893,56.0,-1306.4347994158,128.74156836520433,-165.91052966756945,-5795.248260295,0.3410096570996757
BENR_red_158_cutoff_7.5.inp.out,200.11941717919333,-0.3563,0.0668,22.7280,51.0,-1308.3984706761,37.48297992816429,-155.0970299288663,-5417.0498983295,0.3481941094996728
BENR_red_159_cutoff_7.5.inp.out,200.1907309872689,-0.3323,0.0778,24.5461,48.0,-1309.3870476619,80.48784144910874,-114.68858749755907,-5189.9204243905,0.3265653216994906
BENR_red_15_cutoff_7.5.inp.out,200.9568481913158,-0.3316,0.0838,36.5615,48.0,-1308.8485173171,137.005940997934,33.80105884296617,-5189.3129344727,0.3247057838998444
BENR_red_160_cutoff_7.5.inp.out,199.6487527631102,-0.3458,0.0745,32.0882,51.0,-1308.2616577368,-390.9925249932792,-171.44775647025725,-5416.8817275703,0.33917409839978063
BENR_red_161_cutoff_7.5.inp.out,200.17112886263948,-0.3439,0.0645,30.7827,47.0,-1309.6079479102,-34.99432908470165,-164.41193409903914,-5114.0545996535,0.33781902019927657
BENR_red_162_cutoff_7.5.inp.out,200.3019982953126,-0.3406,0.0769,34.7956,54.0,-1306.9058596152,-86.9205114687807,-3.371710083990598,-5643.5791821051,0.3336257258997648
BENR_red_163_cutoff_7.5.inp.out,200.2182839749192,-0.3467,0.0743,35.6142,52.0,-1307.6415727102,28.24292070354323,34.486398887220226,-5492.2618487033,0.33867460999954346
BENR_red_164_cutoff_7.5.inp.out,200.31203886975712,-0.3467,0.0787,32.8027,51.0,-1308.1606048132,27.692012662786645,-7.553701205859962,-5416.8115185421,0.3393689551003263
BENR_red_165_cutoff_7.5.inp.out,200.82909534821033,-0.3598,0.0608,36.8305,55.0,-1306.9695005366,16.779920892371095,-32.29152259968217,-5719.7199532635,0.35414127100011683
BENR_red_166_cutoff_7.5.inp.out,200.53730251498385,-0.3416,0.0787,30.0126,56.0,-1306.3785380857,-125.18277409571549,-78.61527480303313,-5795.2293907755,0.3343979022001804
BENR_red_167_cutoff_7.5.inp.out,201.91117329176453,-0.3368,0.0735,28.8168,54.0,-1307.2253931098,0.3846509990558371,-36.07626203115778,-5644.0542340477,0.33038101580041257
BENR_red_168_cutoff_7.5.inp.out,202.36786238543803,-0.3325,0.0878,29.9145,53.0,-1307.4375974988,23.70121673268985,-2.5169389218409717,-5568.1705641513,0.32605037030043604
BENR_red_169_cutoff_7.5.inp.out,201.1153952397848,-0.3417,0.0830,26.3598,54.0,-1306.7365613521,-26.37209328133823,-78.08975560644535,-5643.4831499704,0.33379479630002606
BENR_red_16_cutoff_7.5.inp.out,201.84673515578197,-0.3493,0.0627,28.9734,49.0,-1308.7442430106,-98.56232373003272,21.218409673845315,-5265.2956797613,0.34334230049989856
BENR_red_170_cutoff_7.5.inp.out,200.6723042124817,-0.3287,0.0793,30.4791,54.0,-1307.0958298255,83.06339124432905,-40.03544537116604,-5643.8662549583,0.3210222049001459
BENR_red_171_cutoff_7.5.inp.out,200.35869220862324,-0.3278,0.0817,36.0603,53.0,-1307.0624824912,-70.74765272723661,5.539170449433228,-5567.7781165155,0.32042637090034987
BENR_red_172_cutoff_7.5.inp.out,200.43038618468967,-0.3365,0.0805,34.4177,53.0,-1307.6075515820,-16.399089018414703,17.806750864462405,-5568.2451350642,0.3295668574000956
BENR_red_173_cutoff_7.5.inp.out,200.97322129333105,-0.3415,0.0794,36.7827,52.0,-1308.2220696085,-24.865227389053256,20.327585890698582,-5492.8940202537,0.3343019991007168
BENR_red_174_cutoff_7.5.inp.out,200.66001586209046,-0.3211,0.0750,29.5860,53.0,-1307.6659942647,38.12463949245504,32.10137230983201,-5568.3336004332,0.3139395942998817
BENR_red_175_cutoff_7.5.inp.out,201.29139091104085,-0.3504,0.0603,30.8417,55.0,-1307.4122514734,27.380681456928013,-37.68704349767584,-5720.1947973401,0.3423191432993917
BENR_red_176_cutoff_7.5.inp.out,200.05724088958326,-0.3335,0.0738,27.2200,54.0,-1307.4751800687,-28.536418284872568,-24.469144157722653,-5644.2474155455,0.3266982127997835
BENR_red_177_cutoff_7.5.inp.out,200.83965459118548,-0.3309,0.0710,32.7444,55.0,-1306.8957618105,-90.70492041228296,-67.04299020086951,-5719.760929789,0.3247572764003053
BENR_red_178_cutoff_7.5.inp.out,201.88087675942137,-0.3497,0.0668,29.4005,54.0,-1306.8588881351,9.796093154189158,23.614180818224465,-5643.5537263101,0.34073603300021205
BENR_red_179_cutoff_7.5.inp.out,202.64069033946126,-0.3348,0.0824,37.8899,53.0,-1307.5131391239,18.85186029322309,66.34527685705706,-5568.2301311456,0.32759515199995803
BENR_red_17_cutoff_7.5.inp.out,202.53884672328695,-0.3369,0.0684,32.7094,49.0,-1308.6777137759,-33.961559790605484,12.44467947738433,-5265.3087380617,0.33152312679976603
BENR_red_180_cutoff_7.5.inp.out,199.65450606153405,-0.3448,0.0617,46.2605,52.0,-1307.4801112966,63.52740343746541,5.315404536017146,-5492.1220131031,0.3379629790997569
BENR_red_181_cutoff_7.5.inp.out,199.83763022892495,-0.3347,0.0662,45.7158,53.0,-1307.1190179683,73.03776643530021,104.20542307971367,-5567.7825835282,0.33125815549919935
BENR_red_182_cutoff_7.5.inp.out,199.49721187480304,-0.3335,0.0714,31.9257,55.0,-1306.8938822425,-58.25161528525023,26.96810804511116,-5719.6756788294,0.32798883890063735
BENR_red_183_cutoff_7.5.inp.out,199.90488191659406,-0.3487,0.0656,28.5819,51.0,-1308.0516115214,-159.52978627278287,43.56906557124079,-5416.7999620809,0.34324508250028885
BENR_red_184_cutoff_7.5.inp.out,201.3577066862825,-0.3493,0.0677,21.7613,52.0,-1307.9220807882,-84.8347958917198,35.01887145445221,-5492.6955002369,0.34458253670072736
BENR_red_185_cutoff_7.5.inp.out,201.4607593630429,-0.3515,0.0640,34.0297,52.0,-1308.0859210008,30.2359872647365,20.938816656070593,-5492.850385922,0.3442134315000658
BENR_red_186_cutoff_7.5.inp.out,202.30302703808687,-0.3378,0.0624,34.1278,54.0,-1307.8832845411,29.397764238634334,94.26474503890017,-5644.5949406747,0.3320100620003359
BENR_red_187_cutoff_7.5.inp.out,203.24201155933335,-0.3427,0.0699,36.9549,52.0,-1307.9751120153,36.68428675567873,75.57446076188515,-5492.6672674831,0.33557087190001766
BENR_red_188_cutoff_7.5.inp.out,201.85450792701494,-0.3564,0.0726,30.5618,49.0,-1309.0535454575,31.697170987070695,36.50753797070967,-5265.6534267381,0.3488746999000796
BENR_red_189_cutoff_7.5.inp.out,202.0823210749192,-0.3643,0.0580,31.1732,52.0,-1308.1886730539,108.80699102051237,-72.15293148489552,-5492.863336815,0.35746093220041075
BENR_red_18_cutoff_7.5.inp.out,202.44035313658546,-0.3583,0.0682,28.3285,46.0,-1310.1945342788,17.483577020536707,63.03965935105838,-5038.6448237821,0.35013695740053663
BENR_red_190_cutoff_7.5.inp.out,201.36958259277725,-0.3565,0.0759,38.9727,56.0,-1306.4422073335,232.77057983445422,-2.8077576754243516,-5795.2627937818,0.3475311633992533
BENR_red_191_cutoff_7.5.inp.out,200.61773635489604,-0.3542,0.0694,48.1082,56.0,-1306.2084961044,16.885278105977847,-96.46811066016484,-5795.003483402,0.3459489068000039
BENR_red_192_cutoff_7.5.inp.out,200.1635647723746,-0.3307,0.0767,44.7489,55.0,-1306.6991904702,-26.213419661029203,-245.8519299336123,-5719.5235620159,0.3227794178001204
BENR_red_193_cutoff_7.5.inp.out,199.01247313863465,-0.3279,0.0721,52.1806,53.0,-1307.5493351049,-47.54640745068667,-313.36018833548695,-5568.1917433668,0.32100280019949423
BENR_red_194_cutoff_7.5.inp.out,198.69705742501438,-0.3298,0.0619,44.8609,54.0,-1307.3589326982,-29.329329590222567,-206.9121615267358,-5644.0487349583,0.3232862290997218
BENR_red_195_cutoff_7.5.inp.out,198.68329385349674,-0.3390,0.0736,42.8666,53.0,-1307.6387340742,71.34959297927367,-160.38198304047438,-5568.3425120031,0.3327330781003184
BENR_red_196_cutoff_7.5.inp.out,198.93203756183408,-0.3264,0.0802,35.9662,49.0,-1308.9918256552,-24.190577908109915,-196.01166427457449,-5265.4996582371,0.32111691730005987
BENR_red_197_cutoff_7.5.inp.out,199.61917113841218,-0.3204,0.0767,33.7105,50.0,-1308.6832396749,-87.83360010043721,-194.56780818569786,-5341.3102621198,0.3155511691002175
BENR_red_198_cutoff_7.5.inp.out,201.3093482266835,-0.3182,0.0739,34.4111,50.0,-1308.4891718810,-50.869510238049195,-163.33736836107124,-5341.0740082556,0.3138877297997169
BENR_red_199_cutoff_7.5.inp.out,199.86533873222731,-0.3393,0.0659,34.8626,51.0,-1308.3177967563,-37.008502024777506,-148.25068382928154,-5416.9925352731,0.33185324690020934
BENR_red_19_cutoff_7.5.inp.out,202.3863229742954,-0.3367,0.0678,32.7377,47.0,-1309.7827875093,82.02621587007494,-49.22027660890578,-5114.30287662,0.33246372869962215
BENR_red_1_cutoff_7.5.inp.out,200.17304293178853,-0.3422,0.0579,41.7192,54.0,-1306.8474196164,36.050675151944596,89.65987298964343,-5643.5348970661,0.3386144256000989
BENR_red_200_cutoff_7.5.inp.out,200.1656795175233,-0.3297,0.0683,44.6373,51.0,-1308.4861910843,-62.26795187164069,-110.32692377213804,-5417.0662339392,0.32500117320068966
BENR_red_201_cutoff_7.5.inp.out,200.07370555927335,-0.3227,0.0855,41.1063,60.0,-1305.2533344366,-40.98689645472725,-130.05974957208693,-6098.140870831,0.31542097110013856
BENR_red_202_cutoff_7.5.inp.out,200.0031353958651,-0.3155,0.0915,51.6447,51.0,-1308.1359804529,-40.15031473656717,-203.80307846854933,-5416.7147498593,0.3080065599997397
BENR_red_203_cutoff_7.5.inp.out,200.37484671692846,-0.3232,0.0869,48.1145,56.0,-1306.6252700626,-47.1455643506403,-106.94132380724686,-5795.4113978336,0.31731920980018913
BENR_red_204_cutoff_7.5.inp.out,199.81739998602438,-0.3304,0.0788,48.5824,50.0,-1308.3378613114,49.91781998006253,-83.14473167318465,-5340.9857022865,0.3241646481001226
BENR_red_205_cutoff_7.5.inp.out,201.62801012061308,-0.3386,0.0711,52.8325,51.0,-1307.9363186582,-53.156176750713286,-135.56406306178388,-5416.6995669721,0.33186632839988306
BENR_red_206_cutoff_7.5.inp.out,201.55261143492268,-0.3334,0.0703,51.2295,51.0,-1308.1050272810,44.764989259858396,-3.3937466305941837,-5416.7594759357,0.32851675400070235
BENR_red_207_cutoff_7.5.inp.out,201.55916489124905,-0.3348,0.0805,50.2956,52.0,-1307.2258475695,507.6113817627711,85.61476750802628,-5491.8764252225,0.32729501169978903
BENR_red_208_cutoff_7.5.inp.out,201.17085171905933,-0.3471,0.0769,45.2168,54.0,-1306.8334730280,-4.683488505814289,-98.37012518155568,-5643.5652221683,0.3412070717995448
BENR_red_209_cutoff_7.5.inp.out,201.50408978716337,-0.3306,0.0835,52.4772,54.0,-1306.7988427209,-230.14887698976668,-169.68915035568438,-5643.5248124433,0.3235914649994811
BENR_red_20_cutoff_7.5.inp.out,199.6242185123365,-0.3452,0.0621,46.2794,52.0,-1307.4794484023,62.33383659221508,3.2721242359967118,-5492.1222585793,0.33835071139947104
BENR_red_210_cutoff_7.5.inp.out,201.60420238939173,-0.3414,0.0741,48.0217,55.0,-1306.6704765050,-144.62133615669077,-188.22619450203382,-5719.3834420077,0.33337151859996084
BENR_red_211_cutoff_7.5.inp.out,201.69950532110187,-0.3309,0.0828,43.9620,55.0,-1306.5656190104,-41.05255114574471,-28.169556111720382,-5719.2914017182,0.3231156339006702
BENR_red_212_cutoff_7.5.inp.out,200.28155572283316,-0.3289,0.0663,49.4127,56.0,-1306.1345082250,16.13714889093718,-104.2392013857897,-5794.8959844788,0.32399564949992055
BENR_red_213_cutoff_7.5.inp.out,198.90114291899863,-0.3241,0.0725,48.4325,50.0,-1308.5151985770,-119.00495396478917,-83.7829434987495,-5341.1152497721,0.3191378450001139
BENR_red_214_cutoff_7.5.inp.out,199.09294681177022,-0.3183,0.0778,52.1572,48.0,-1308.8955946036,-4.602609175825919,-36.36792649431391,-5189.4417691886,0.3155666562006445
BENR_red_215_cutoff_7.5.inp.out,198.7249753790157,-0.3094,0.0782,56.0497,52.0,-1307.5853400086,-63.735515258354425,-52.03163367742155,-5492.2449499558,0.30535572489952756
BENR_red_216_cutoff_7.5.inp.out,199.28889774720318,-0.3386,0.0609,37.9335,50.0,-1307.9758164818,-249.06866626387014,-142.4094036560156,-5340.5675311569,0.33288783060015703
BENR_red_217_cutoff_7.5.inp.out,199.7428638666094,-0.3417,0.0666,42.5326,47.0,-1309.3965100945,14.5499665306441,-21.968726997866522,-5113.855019038,0.3359524984998643
BENR_red_218_cutoff_7.5.inp.out,199.86447486928301,-0.3513,0.0584,46.7130,48.0,-1308.2615475829,25.336285918937044,-12.666537092300853,-5188.8259772539,0.34474142139970354
BENR_red_219_cutoff_7.5.inp.out,200.60866303498324,-0.3429,0.0606,45.1850,52.0,-1307.4199910630,-73.5891172594721,-284.733342870394,-5492.0623556472,0.33613832320043
BENR_red_21_cutoff_7.5.inp.out,200.03756956601893,-0.3484,0.0575,41.4107,53.0,-1307.2589283414,67.93776844099538,67.79019777173964,-5567.8853351494,0.34480354970037297
BENR_red_220_cutoff_7.5.inp.out,201.31533980995005,-0.3422,0.0838,48.3569,50.0,-1308.0057974415,-67.29033677438431,-87.40082118154005,-5340.6493027697,0.3370836250996945
BENR_red_221_cutoff_7.5.inp.out,202.59592729134707,-0.3549,0.0704,47.4362,50.0,-1307.7688215722,-65.91855939495672,17.362399685952518,-5340.3682559049,0.34849531310010207
BENR_red_222_cutoff_7.5.inp.out,204.0221310403483,-0.3662,0.0579,42.6304,49.0,-1308.1823194319,-45.331679317133144,26.772984932550585,-5264.7412872614,0.35919660960007604
BENR_red_223_cutoff_7.5.inp.out,204.54876005815396,-0.3524,0.0709,43.2175,48.0,-1308.3703458758,-25.106044478767352,103.92562424241392,-5188.857040125,0.34472806550002133
BENR_red_224_cutoff_7.5.inp.out,204.37717453089942,-0.3240,0.0720,36.8198,54.0,-1306.6132588927,84.33392318886615,105.38507464630857,-5643.3324814991,0.3166142768004647
BENR_red_225_cutoff_7.5.inp.out,203.20748728932804,-0.3674,0.0609,30.0811,52.0,-1306.8749578247,-97.93262802833286,77.19490210709453,-5491.4790996162,0.35786351290062157
BENR_red_226_cutoff_7.5.inp.out,201.8477747571008,-0.3552,0.0785,19.0887,53.0,-1306.7876825569,65.29292690551426,24.265510799656393,-5567.4759589835,0.3456599829996776
BENR_red_227_cutoff_7.5.inp.out,201.78220277728866,-0.3287,0.0925,22.0293,54.0,-1306.4236877019,-1.1349608955603476,-25.029603075040562,-5643.1174430281,0.3223716627999238
BENR_red_228_cutoff_7.5.inp.out,200.11354766008367,-0.3368,0.0795,27.3009,53.0,-1307.2404606640,35.799764538555664,-38.243484841956445,-5567.9069196299,0.32934211550036707
BENR_red_229_cutoff_7.5.inp.out,200.2897030257201,-0.3338,0.0805,30.0418,48.0,-1308.5707180961,-37.171854034527584,-81.94135582087301,-5189.1013680115,0.3277330406999681
BENR_red_22_cutoff_7.5.inp.out,199.75822390485246,-0.3486,0.0677,35.6625,53.0,-1307.1676680551,-28.089484709848573,57.15699393104299,-5567.9066294751,0.34175907440021547
BENR_red_230_cutoff_7.5.inp.out,202.22806260803523,-0.3481,0.0683,19.6003,49.0,-1308.5631867873,-5.957425362671148,14.40703516531712,-5265.1953837895,0.341464086900487
BENR_red_231_cutoff_7.5.inp.out,202.13658061334527,-0.3362,0.0667,26.2730,49.0,-1308.6399158065,-7.378625403641291,9.985331155334261,-5265.2095204093,0.33113839220004593
BENR_red_232_cutoff_7.5.inp.out,201.04995289220142,-0.3258,0.0873,28.8185,51.0,-1308.3446869339,52.362146122302754,-30.68404717627389,-5416.9907381228,0.3186871648003944
BENR_red_233_cutoff_7.5.inp.out,202.36691996231554,-0.3355,0.0672,17.0983,47.0,-1309.5774034628,4.059747325079151,41.66299209537786,-5114.0749316166,0.3295237778993396
BENR_red_234_cutoff_7.5.inp.out,201.1302948889707,-0.3474,0.0794,28.8471,47.0,-1309.4048008894,-59.64472995899987,-6.5068526128479425,-5113.9321949479,0.3385882197007959
BENR_red_235_cutoff_7.5.inp.out,200.6685770562638,-0.3473,0.0814,19.5447,48.0,-1308.6235423281,-5.553722445802848,54.059920929086104,-5189.2006112408,0.340063714599637
BENR_red_236_cutoff_7.5.inp.out,200.43960533628342,-0.3289,0.0805,28.6058,48.0,-1309.1303200326,57.255494469035625,105.05161579559535,-5189.6783463355,0.3227060287999848
BENR_red_237_cutoff_7.5.inp.out,201.16374159605576,-0.3608,0.0597,29.1423,49.0,-1308.0100727234,-21.02133431724797,83.7236524143436,-5264.6039663655,0.35362016650014994
BENR_red_238_cutoff_7.5.inp.out,202.24948671662023,-0.3296,0.0910,30.3148,54.0,-1306.6384050966,34.55478235394284,-15.217853153246494,-5643.3424290109,0.3211185806003414
BENR_red_239_cutoff_7.5.inp.out,201.90350044870314,-0.3601,0.0686,24.8844,53.0,-1307.3565171326,-29.239733528011442,45.467288006334556,-5568.1105201526,0.3518011102996752
BENR_red_23_cutoff_7.5.inp.out,201.50338851707627,-0.3525,0.0654,37.7122,52.0,-1307.3963866820,-39.43862948978655,-77.77274589709097,-5492.1124207015,0.3474332935002167
BENR_red_240_cutoff_7.5.inp.out,199.64451332696228,-0.3451,0.0616,46.1885,52.0,-1307.4711783724,63.46094342121086,0.5023504875711617,-5492.1143416401,0.3383489059997373
BENR_red_241_cutoff_7.5.inp.out,200.15847322767746,-0.3487,0.0596,44.6567,54.0,-1307.0265208794,-62.84021258719799,81.69565740380989,-5643.7049415954,0.3446556729995791
BENR_red_242_cutoff_7.5.inp.out,199.28367057359023,-0.3437,0.0479,44.4620,50.0,-1308.6290574674,-156.6407206775408,111.09592132180524,-5341.1985989328,0.3380075269997178
BENR_red_243_cutoff_7.5.inp.out,199.18600746244573,-0.3596,0.0522,39.6447,49.0,-1308.5342711085,4.250621867869184,125.64507311613362,-5265.1162838563,0.35452257149972866
BENR_red_244_cutoff_7.5.inp.out,200.69170715524479,-0.3287,0.0711,33.8926,50.0,-1308.3920038498,27.100879237776812,62.14069621988578,-5341.0464259491,0.32499294790068234
BENR_red_245_cutoff_7.5.inp.out,200.75932417595587,-0.3480,0.0608,38.6546,55.0,-1306.5985983995,63.45080310217992,53.2116230902138,-5719.3512710042,0.34004444680067536
BENR_red_246_cutoff_7.5.inp.out,200.45758138006232,-0.3360,0.0730,41.5178,57.0,-1305.7525380623,4.657148544258426,99.3881702586033,-5870.6524849045,0.3292283260007025
BENR_red_247_cutoff_7.5.inp.out,201.56968388947243,-0.3362,0.0735,30.8084,55.0,-1306.6856850591,-1.8134433265617895,23.39003056456371,-5719.4609691218,0.3312055511996732
BENR_red_248_cutoff_7.5.inp.out,201.29517604435006,-0.3345,0.0715,39.1409,55.0,-1306.5886747866,69.75100708661658,129.9079731694207,-5719.3649520192,0.3272987652999291
BENR_red_249_cutoff_7.5.inp.out,202.19377567797233,-0.3423,0.0571,43.4086,53.0,-1307.2393364123,70.23121239667509,44.487150888034584,-5567.9183200267,0.3348926330008908
BENR_red_24_cutoff_7.5.inp.out,202.28979518128006,-0.3430,0.0649,32.5789,54.0,-1306.8822431093,-71.97713251185472,-92.8704997179857,-5643.5785556668,0.3376788535006199
BENR_red_250_cutoff_7.5.inp.out,202.28629635694782,-0.3257,0.0806,42.6719,53.0,-1307.3124759366,40.55441108960484,135.40963600558112,-5567.9542027407,0.3178643719002139
BENR_red_251_cutoff_7.5.inp.out,202.03616726157725,-0.3407,0.0730,36.6088,53.0,-1307.1890616091,33.25076953784164,78.48986703586131,-5567.8657500502,0.33204059210038395
BENR_red_252_cutoff_7.5.inp.out,202.33446093127242,-0.3560,0.0570,36.6705,51.0,-1308.0506681454,-174.03281040696066,-131.7064456028934,-5416.6898257609,0.3507392499004709
BENR_red_253_cutoff_7.5.inp.out,201.66207338407236,-0.3496,0.0619,39.0479,52.0,-1307.6243154342,24.189956461961025,-45.9226555585156,-5492.2524787457,0.3428785975002029
BENR_red_254_cutoff_7.5.inp.out,202.2993958646825,-0.3384,0.0714,35.7323,50.0,-1308.5379406993,-27.161574440371673,-16.264156770713534,-5341.197717053,0.33262258210015716
BENR_red_255_cutoff_7.5.inp.out,201.94940005601697,-0.3462,0.0777,28.5935,52.0,-1307.8339859454,44.649228605342245,-99.09003719554495,-5492.5051523841,0.3394815154997559
BENR_red_256_cutoff_7.5.inp.out,202.40544009223748,-0.3471,0.0697,23.7394,54.0,-1307.2286155863,-9.382242913298487,-63.50705363492331,-5643.9485370052,0.34070573519966274
BENR_red_257_cutoff_7.5.inp.out,201.3623072658776,-0.3497,0.0618,26.6519,51.0,-1308.1390569292,-167.98938381472718,0.23365637634546,-5416.7669504142,0.34444832600001973
BENR_red_258_cutoff_7.5.inp.out,201.47663802631317,-0.3396,0.0675,42.6316,52.0,-1307.8175958647,82.13078472848346,215.65348384453162,-5492.4752950232,0.33371602810075274
BENR_red_259_cutoff_7.5.inp.out,200.91588469422064,-0.3398,0.0759,31.8065,51.0,-1308.0544835637,85.61447667858909,155.28592951582377,-5416.7047986012,0.33353489700039063
BENR_red_25_cutoff_7.5.inp.out,202.75978001034534,-0.3339,0.0827,36.1081,49.0,-1308.7924216915,11.097370537933816,39.6448209282208,-5265.257820843,0.3265799987002538
BENR_red_260_cutoff_7.5.inp.out,201.36200307307394,-0.3390,0.0695,30.0900,49.0,-1308.5606696918,-63.18066990683471,-93.45649895883423,-5265.1532623545,0.33464023919987085
BENR_red_261_cutoff_7.5.inp.out,200.7023936733064,-0.3490,0.0737,40.3018,53.0,-1307.4049135003,-166.90007811180843,26.361651024404367,-5568.0878051471,0.34039078210025764
BENR_red_262_cutoff_7.5.inp.out,201.28899137096462,-0.3368,0.0698,41.3672,55.0,-1306.2711573674,-185.1683611998366,6.6704146930935995,-5719.0206724523,0.33036642290062446
BENR_red_263_cutoff_7.5.inp.out,202.03564901834423,-0.3259,0.0688,50.3667,53.0,-1307.1579770171,-7.861213584810931,126.76880407696665,-5567.8362513097,0.3204027868996491
BENR_red_264_cutoff_7.5.inp.out,200.9980503953724,-0.3427,0.0834,42.9919,52.0,-1307.8004634225,-104.01599387970482,-92.41205002636546,-5492.3832810496,0.33410592780001025
BENR_red_265_cutoff_7.5.inp.out,201.1069571071995,-0.3320,0.0867,44.4139,51.0,-1308.2266318881,14.79853449056664,-139.50510290640565,-5416.8452452982,0.3245221965999008
BENR_red_266_cutoff_7.5.inp.out,200.85016985171805,-0.3441,0.0777,41.0448,51.0,-1308.0118509016,-5.70181885045202,-64.01798555574746,-5416.638131629,0.3364427935002823
BENR_red_267_cutoff_7.5.inp.out,200.4980879671704,-0.3399,0.0752,45.8174,51.0,-1308.0700506724,109.21322885264166,71.4748756563043,-5416.6942239173,0.33244780260065454
BENR_red_268_cutoff_7.5.inp.out,200.12469477487107,-0.3146,0.0841,42.6358,48.0,-1308.9508154464,137.64059610301197,43.419256314592666,-5189.4672234246,0.31100102420077747
BENR_red_269_cutoff_7.5.inp.out,201.1617861332413,-0.3544,0.0587,52.1241,50.0,-1308.6451235732,76.92888667208827,78.20610876247419,-5341.2248411923,0.34607420090014784
BENR_red_26_cutoff_7.5.inp.out,203.60683410298572,-0.3529,0.0594,45.2834,56.0,-1306.2730729188,108.43622761003482,79.6056931196434,-5795.0093588119,0.3450929762002488
BENR_red_270_cutoff_7.5.inp.out,201.53815779349057,-0.3289,0.0743,45.8737,50.0,-1308.4022984754,103.32979163300718,162.65911062713252,-5340.9980734772,0.3233245553001325
BENR_red_271_cutoff_7.5.inp.out,201.26699657182618,-0.3422,0.0685,44.2813,50.0,-1308.5484302349,58.810548059012326,185.37247528959085,-5341.1632710132,0.3337368008997146
BENR_red_272_cutoff_7.5.inp.out,202.0218373643986,-0.3480,0.0692,40.1195,47.0,-1309.5401439422,46.719128059647254,183.50030895690762,-5114.0959315811,0.34040142579942767
BENR_red_273_cutoff_7.5.inp.out,202.3017935800951,-0.3307,0.0736,48.4680,49.0,-1309.1806694488,43.69543262058482,114.05133605306432,-5265.7422641548,0.3224010937001367
BENR_red_274_cutoff_7.5.inp.out,201.91674885606741,-0.3257,0.0872,42.5380,54.0,-1307.0677437078,122.05350780818843,136.337358111224,-5643.7984133854,0.31641623609993985
BENR_red_275_cutoff_7.5.inp.out,202.6377398740051,-0.3199,0.0738,50.7935,55.0,-1307.0005502717,166.79742006978137,135.51377084261944,-5719.8244428317,0.31218091749997257
BENR_red_276_cutoff_7.5.inp.out,202.3231614676036,-0.3079,0.0841,54.5117,51.0,-1308.1582424716,169.70388615204652,34.06113851128553,-5416.8182360075,0.3002411583001958
BENR_red_277_cutoff_7.5.inp.out,201.47773293280682,-0.3236,0.0823,47.2850,50.0,-1308.2632746053,-111.59209002599013,-211.20209019097757,-5340.7876700841,0.31652968140042503
BENR_red_278_cutoff_7.5.inp.out,203.18956724335604,-0.3440,0.0737,50.1086,52.0,-1307.7475236757,22.33665128285704,22.226607955192968,-5492.4159091541,0.3368347621999419
BENR_red_279_cutoff_7.5.inp.out,202.32390649719432,-0.3281,0.0806,55.7465,51.0,-1307.9273235190,115.11539017768341,12.5707167692734,-5416.5558558722,0.32099093399938283
BENR_red_27_cutoff_7.5.inp.out,203.47305384945977,-0.3556,0.0673,34.3831,56.0,-1306.4941909364,-20.004022671537133,-9.638102801297139,-5795.3347634349,0.34674241750053625
BENR_red_280_cutoff_7.5.inp.out,203.4668605046554,-0.3580,0.0668,50.1631,52.0,-1307.4920248100,-38.019932332876614,-55.57418223108546,-5492.1218307205,0.35024110110043694
BENR_red_281_cutoff_7.5.inp.out,203.452971334209,-0.3339,0.0882,47.5648,53.0,-1307.2400725072,208.90441439738646,-207.6682752176375,-5567.88850149,0.3262073034002242
BENR_red_282_cutoff_7.5.inp.out,202.92557640127708,-0.3506,0.0622,41.8953,51.0,-1307.7486766271,150.99098249579293,-178.72173687887025,-5416.3330009283,0.34214807559965266
BENR_red_283_cutoff_7.5.inp.out,202.49486845181366,-0.3619,0.0659,49.2607,53.0,-1306.5743887993,-102.89493961392017,-212.70662092034652,-5567.2523685093,0.35369946929949947
BENR_red_284_cutoff_7.5.inp.out,201.87092740984997,-0.3380,0.0568,42.2405,51.0,-1307.7562597102,-53.286928945619074,-115.1653871099124,-5416.3482971976,0.33132293109974853
BENR_red_285_cutoff_7.5.inp.out,200.91763277323727,-0.3292,0.0757,45.7376,54.0,-1306.6777317504,-37.999586418234635,-77.18369761090537,-5643.3927816097,0.3219256308993863
BENR_red_286_cutoff_7.5.inp.out,201.35494541015484,-0.3366,0.0776,52.2785,54.0,-1306.5499857888,92.89039669610392,-21.022475877358282,-5643.262391342,0.32962547639999684
BENR_red_287_cutoff_7.5.inp.out,200.84049446183192,-0.3516,0.0689,46.8645,52.0,-1307.5274434508,-54.201596164103044,-77.12981948872049,-5492.2567931326,0.34391041660001065
BENR_red_288_cutoff_7.5.inp.out,200.31193656470887,-0.3286,0.0764,42.3350,52.0,-1306.7186741393,50.16241239212793,-86.68739067368139,-5491.403533261,0.3226984277998781
BENR_red_289_cutoff_7.5.inp.out,200.63053548441206,-0.3570,0.0642,44.6335,54.0,-1306.4143461621,-41.94718254817765,-110.87238533580322,-5643.1689814237,0.3508167993004463
BENR_red_28_cutoff_7.5.inp.out,203.52805730003647,-0.3227,0.0595,36.9881,60.0,-1305.2793636214,-18.892053106974906,48.69065887643987,-6098.1667471527,0.31521829509983945
BENR_red_290_cutoff_7.5.inp.out,199.77559526878275,-0.3448,0.0616,46.2685,52.0,-1307.4807793578,67.89684892748768,5.1391395856638304,-5492.1218416377,0.33809089880014653
BENR_red_291_cutoff_7.5.inp.out,199.54932695763313,-0.3412,0.0645,39.7805,53.0,-1307.0924860169,117.89083508653673,91.7716366901063,-5567.7292073434,0.33658538770032465
BENR_red_292_cutoff_7.5.inp.out,198.1301455647365,-0.3432,0.0475,39.7471,53.0,-1307.3349802520,-28.22942972030239,75.4974510777277,-5568.002330489,0.3386318440007017
BENR_red_293_cutoff_7.5.inp.out,198.36908554625467,-0.3367,0.0666,36.1425,53.0,-1307.1290841123,67.57009495317752,35.318572295678806,-5567.8589869591,0.3296581097001763
BENR_red_294_cutoff_7.5.inp.out,199.6345083534116,-0.3049,0.0726,41.0587,52.0,-1307.1587500949,-172.1511818933575,56.69676381176464,-5491.8030322449,0.30234559630025615
BENR_red_295_cutoff_7.5.inp.out,200.59153749744556,-0.3385,0.0658,50.6313,53.0,-1306.9333834617,-65.0693531891128,41.52601047571183,-5567.6260315683,0.33184080610044475
BENR_red_296_cutoff_7.5.inp.out,201.66613791264416,-0.3482,0.0548,45.8164,51.0,-1307.4147133951,-2.842674967997621,96.02101108399442,-5416.0231458151,0.33942392480003036
BENR_red_297_cutoff_7.5.inp.out,203.42816800883162,-0.3275,0.0765,44.5965,48.0,-1309.0218528779,55.984238119157794,63.229036362045925,-5189.5765835796,0.3233890302999498
BENR_red_298_cutoff_7.5.inp.out,202.83203000693214,-0.3339,0.0587,38.2143,50.0,-1308.0671408705,55.597393300511,110.78196741748141,-5340.6452174457,0.32568350650035427
BENR_red_299_cutoff_7.5.inp.out,203.1151293949658,-0.3358,0.0632,39.1352,54.0,-1306.4345676955,9.316220218826754,37.45121219562102,-5643.172269937,0.32769189610007743
BENR_red_29_cutoff_7.5.inp.out,203.6724557661464,-0.3580,0.0636,28.0146,60.0,-1304.9102738274,-5.5173473144207605,88.5851182204672,-6097.9111082121,0.3489318779002133
BENR_red_2_cutoff_7.5.inp.out,200.1460698657479,-0.3633,0.0580,34.2627,53.0,-1307.4304265828,19.550606166045124,38.45611010857,-5568.1104318806,0.3543112772003951
BENR_red_300_cutoff_7.5.inp.out,204.2280149086066,-0.3274,0.0639,39.9820,55.0,-1306.8337115811,-24.389116476738717,217.5866591729682,-5719.5907572486,0.3211612254999636
BENR_red_301_cutoff_7.5.inp.out,203.64866508159082,-0.3506,0.0596,33.1770,52.0,-1307.4849121858,151.03173085836514,157.68343079362435,-5492.0696640247,0.3408083575004639
BENR_red_302_cutoff_7.5.inp.out,203.19698822882486,-0.3283,0.0753,35.9318,53.0,-1307.1880365818,134.6120049412378,184.92031770055823,-5567.9161379568,0.3206127736993949
BENR_red_303_cutoff_7.5.inp.out,203.01184316071112,-0.3529,0.0725,36.7552,55.0,-1306.7499298339,-74.47525710208778,93.0307989004883,-5719.5865777043,0.3448699365999346
BENR_red_304_cutoff_7.5.inp.out,202.5566060998589,-0.3513,0.0660,31.7149,57.0,-1305.5124888051,38.57575729145811,335.9784649765852,-5870.4042382281,0.3412667270995371
BENR_red_305_cutoff_7.5.inp.out,202.33985269166453,-0.3384,0.0610,24.9118,55.0,-1306.6820814141,-328.6138646831487,181.97894993486946,-5719.4765343629,0.32944624189985916
BENR_red_306_cutoff_7.5.inp.out,201.59166426853872,-0.3410,0.0762,36.8806,57.0,-1305.7352666378,10.68664614619455,129.6027614604299,-5870.6649078216,0.33350386590063863
BENR_red_307_cutoff_7.5.inp.out,201.36685141079272,-0.3450,0.0755,31.6790,58.0,-1305.3430005193,-265.43350941393476,46.745459692175146,-5946.2463645293,0.3363131139003599
BENR_red_308_cutoff_7.5.inp.out,202.40669834632473,-0.3399,0.0794,16.5501,55.0,-1306.8443800312,46.219637473040024,20.69337473197834,-5719.6361973673,0.3324040570005309
BENR_red_309_cutoff_7.5.inp.out,200.78475467224868,-0.3594,0.0591,23.1594,57.0,-1306.1054199612,-187.87911193453706,-23.078718698433363,-5870.9676534878,0.3514092717996391
BENR_red_30_cutoff_7.5.inp.out,202.98766261096227,-0.3255,0.0816,35.3704,61.0,-1304.5484508073,247.08394830960935,-2.026528696550163,-6173.5653556537,0.31655334339939145
BENR_red_310_cutoff_7.5.inp.out,200.99860051778828,-0.3430,0.0685,31.7407,58.0,-1305.9915108824,33.1235515581793,88.80886501177847,-5946.8239930085,0.33594650229952094
BENR_red_311_cutoff_7.5.inp.out,201.38921136194398,-0.3393,0.0734,29.3254,58.0,-1305.7289702789,-330.990887971863,0.16754930212956454,-5946.5611233473,0.3323330745997737
BENR_red_312_cutoff_7.5.inp.out,200.92033652487476,-0.3318,0.0718,35.6444,57.0,-1305.9637300533,-8.476450583595703,50.16285429469602,-5870.8353861417,0.3239668566002365
BENR_red_313_cutoff_7.5.inp.out,201.30682399913042,-0.3271,0.0885,34.8609,56.0,-1306.2628734799,119.56805146456549,32.18807599836916,-5795.085183221,0.3215539582006386
BENR_red_314_cutoff_7.5.inp.out,201.00772806225712,-0.3425,0.0797,43.6727,53.0,-1307.2724704993,-13.237124785737343,-5.114794066205175,-5568.0183510473,0.33429864190020453
BENR_red_315_cutoff_7.5.inp.out,201.3616376537873,-0.3324,0.0846,33.5857,55.0,-1306.4551194835,-55.92364212643538,3.58515792407929,-5719.2962814872,0.32516225530071097
BENR_red_316_cutoff_7.5.inp.out,201.9387890116235,-0.3509,0.0677,27.9417,53.0,-1306.9549547179,-76.13316756530504,58.83719973619109,-5567.7232185397,0.34406906300046103
BENR_red_317_cutoff_7.5.inp.out,201.66233269216576,-0.3338,0.0802,18.8380,56.0,-1306.1558577356,1.6663371613041231,101.68947565932974,-5795.0067090742,0.3256161153994981
BENR_red_318_cutoff_7.5.inp.out,202.10670080257336,-0.3509,0.0660,15.9669,56.0,-1306.2914064329,1.1803824151424727,19.859790390588866,-5795.0865053146,0.3431407719008348
BENR_red_319_cutoff_7.5.inp.out,202.4929418467561,-0.3536,0.0691,27.1914,56.0,-1306.2648128050,-43.75949681241804,76.24548414869318,-5795.07627238,0.34635830980005267
BENR_red_31_cutoff_7.5.inp.out,203.37678757630363,-0.3459,0.0752,36.8008,60.0,-1305.1798948159,86.13578672512472,21.50055082210809,-6098.1207427807,0.337518386299962
BENR_red_320_cutoff_7.5.inp.out,202.0158963135894,-0.3453,0.0674,35.7359,56.0,-1306.1811308058,-96.5835956190487,83.82624946694065,-5794.9684128707,0.3373862006001218
BENR_red_321_cutoff_7.5.inp.out,203.12203972184173,-0.3390,0.0643,32.4874,55.0,-1306.7067603290,126.02602353069936,-49.801779444697246,-5719.4141280757,0.3328853238999727
BENR_red_322_cutoff_7.5.inp.out,201.64394975421143,-0.3499,0.0648,21.7710,53.0,-1307.2034172574,-37.22787212901488,66.40089852174509,-5567.9303172203,0.34373447840062
BENR_red_323_cutoff_7.5.inp.out,202.20600563433183,-0.3220,0.0870,21.9283,55.0,-1306.6831243915,314.80601933409963,176.5033907370042,-5719.5275066036,0.315164250199814
BENR_red_324_cutoff_7.5.inp.out,201.92560541411441,-0.3345,0.0786,20.0438,52.0,-1307.7847591545,-99.42090829885494,4.7429069970656474,-5492.5157613108,0.3292328422994615
BENR_red_325_cutoff_7.5.inp.out,201.72543080813693,-0.3524,0.0748,25.1269,54.0,-1306.7369693559,-227.9596065470503,-39.22656876287354,-5643.5161936121,0.34518264249982167
BENR_red_326_cutoff_7.5.inp.out,201.3709721789524,-0.3441,0.0689,25.8692,52.0,-1308.0357571567,73.7030490260914,-15.653694104876529,-5492.7477052714,0.3381861342995762
BENR_red_327_cutoff_7.5.inp.out,201.41866314335297,-0.3490,0.0650,23.4793,49.0,-1308.3725852341,-345.58475882095496,18.12612346558037,-5264.9533318369,0.34354669299955276
BENR_red_328_cutoff_7.5.inp.out,200.9255334717652,-0.3356,0.0742,7.5164,49.0,-1308.9534054246,-140.2446885977766,32.569310920739944,-5265.6428870988,0.3303469178999876
BENR_red_329_cutoff_7.5.inp.out,199.90758821139005,-0.3426,0.0709,14.2603,52.0,-1308.0110625104,-120.58155694005772,-36.03402312332314,-5492.692905099,0.33631518489983137
BENR_red_32_cutoff_7.5.inp.out,201.30132433312136,-0.3418,0.0874,34.5732,58.0,-1305.2006484208,-17.194914804799378,-66.66868272849426,-5945.964224504,0.3318887448995156
BENR_red_330_cutoff_7.5.inp.out,200.05952605206727,-0.3345,0.0657,9.1367,53.0,-1307.3502279012,19.01731241863805,38.70085098330999,-5568.0429746091,0.32902900530007173
BENR_red_331_cutoff_7.5.inp.out,199.25812469011768,-0.3496,0.0625,21.1680,50.0,-1308.7347084825,17.10376030299272,52.02903951675912,-5341.3392287267,0.3441673945999355
BENR_red_332_cutoff_7.5.inp.out,199.62941081048496,-0.3332,0.0737,18.1799,53.0,-1307.5009336849,50.39824214682384,61.091362870870086,-5568.0806004735,0.32662744510071207
BENR_red_333_cutoff_7.5.inp.out,200.59744521710832,-0.3527,0.0618,16.8701,53.0,-1307.6545757378,-37.0194058633357,37.38525478259472,-5568.270746757,0.34686913529913
BENR_red_334_cutoff_7.5.inp.out,200.0891077389998,-0.3383,0.0718,10.4535,53.0,-1307.7678438483,50.66066147462485,21.647932972995516,-5568.3381879298,0.33155565219931304
BENR_red_335_cutoff_7.5.inp.out,200.1649508432942,-0.3527,0.0598,20.4500,52.0,-1308.0126992667,-77.63781112099062,16.74060731583878,-5492.5972879423,0.3441345924002235
BENR_red_336_cutoff_7.5.inp.out,201.40639767883326,-0.3647,0.0672,28.3050,51.0,-1307.9553251495,44.95458221935697,123.26499902788159,-5416.526734599,0.35546797569986666
BENR_red_337_cutoff_7.5.inp.out,202.01519437472498,-0.3346,0.0770,30.9989,54.0,-1307.3038652116,182.2363644528024,32.55827372848392,-5644.0498300893,0.3258626300003016
BENR_red_338_cutoff_7.5.inp.out,201.49982498461233,-0.3268,0.0774,27.5897,47.0,-1309.3651867928,90.01982462723392,57.56546527581527,-5113.808100495,0.31939863600018725
BENR_red_339_cutoff_7.5.inp.out,200.78810265092554,-0.3173,0.0822,23.7298,47.0,-1308.9428423804,40.72534128947011,75.3506825404853,-5113.3587497032,0.3098065048998251
BENR_red_33_cutoff_7.5.inp.out,201.2798661111423,-0.3601,0.0654,36.8242,55.0,-1306.4442096789,-33.54523169546267,-8.429450220540712,-5719.1883046577,0.3529410185001325
BENR_red_340_cutoff_7.5.inp.out,201.8125580324649,-0.3472,0.0607,15.3062,48.0,-1308.5416135673,44.874324924837,-33.44822576036773,-5189.0502258148,0.3409844422003516
BENR_red_341_cutoff_7.5.inp.out,200.97595561640324,-0.3417,0.0651,16.2295,48.0,-1308.8304331685,-170.71593309273217,19.65337557770442,-5189.3253531012,0.3338040339995132
BENR_red_342_cutoff_7.5.inp.out,200.585906895366,-0.3198,0.0791,24.1606,47.0,-1309.0498931562,146.41452582902602,85.54030397690694,-5113.5860024482,0.31138914930033934
BENR_red_343_cutoff_7.5.inp.out,200.14912293323837,-0.3560,0.0658,23.5691,51.0,-1307.8004029003,36.39827095041517,64.4953793480891,-5416.453715366,0.34934411680023914
BENR_red_344_cutoff_7.5.inp.out,201.5631898530592,-0.3581,0.0578,34.7795,50.0,-1307.9472249296,145.21776148386198,100.63161687044875,-5340.5835041594,0.35141614909935015
BENR_red_345_cutoff_7.5.inp.out,200.86255568586506,-0.3497,0.0714,29.2952,53.0,-1307.3801116630,172.40170075874724,170.64280635424439,-5568.1182926408,0.3434094352996908
BENR_red_346_cutoff_7.5.inp.out,200.70370868875565,-0.3418,0.0777,24.0211,53.0,-1307.0210757996,53.552812158462515,16.14258950272704,-5567.8049180959,0.3357637443996282
BENR_red_347_cutoff_7.5.inp.out,200.0506503826395,-0.3316,0.0769,33.3859,50.0,-1308.1355681161,-44.12834302444084,-79.9127887493769,-5340.8150578995,0.327208128899656
BENR_red_348_cutoff_7.5.inp.out,200.5459449505728,-0.3289,0.0750,26.0038,50.0,-1308.3610008781,-33.05292861700289,-143.10833670070556,-5340.8847979912,0.32283105149963376
BENR_red_349_cutoff_7.5.inp.out,200.78404143723756,-0.3171,0.0854,24.2274,52.0,-1307.6503270371,66.7128754984627,-66.19586464659525,-5492.2897982373,0.3108819465005581
BENR_red_34_cutoff_7.5.inp.out,200.31282608570524,-0.3498,0.0728,41.5271,53.0,-1307.3108410578,49.432630386264,28.67160600414745,-5567.9867362093,0.3433191750000333
BENR_red_350_cutoff_7.5.inp.out,199.72034193840977,-0.3449,0.0618,46.1336,52.0,-1307.4708999254,63.58542769333813,2.782329580309344,-5492.1133021379,0.33811042659999657
BENR_red_351_cutoff_7.5.inp.out,200.21608436755986,-0.3327,0.0614,42.3968,54.0,-1306.7827997247,7.61694997825892,110.97303316136065,-5643.4992040963,0.3287624290005624
BENR_red_352_cutoff_7.5.inp.out,199.56800625755506,-0.3299,0.0522,43.8183,52.0,-1307.9155082102,84.26730031391781,148.9166907341281,-5492.5046953818,0.3243677727996328
BENR_red_353_cutoff_7.5.inp.out,200.6803636290236,-0.3439,0.0693,39.6322,50.0,-1308.3823564553,-3.646104823619853,140.70434900528522,-5340.9628329994,0.3374418331004563
BENR_red_354_cutoff_7.5.inp.out,201.41040716642405,-0.3490,0.0613,43.8414,53.0,-1307.0572378921,12.26467722813595,108.33007973598919,-5567.7145132944,0.3442647872007001
BENR_red_355_cutoff_7.5.inp.out,201.37986011811458,-0.3351,0.0622,41.6418,52.0,-1307.7410858894,-48.350484646747226,-18.896559386440295,-5492.3966648282,0.3279129271004422
BENR_red_356_cutoff_7.5.inp.out,201.16688472550373,-0.3379,0.0561,28.8455,50.0,-1308.2038009230,31.06380809266856,77.2421778440347,-5340.745027251,0.3324324957002318
BENR_red_357_cutoff_7.5.inp.out,201.3395929681635,-0.3244,0.0743,24.0398,48.0,-1308.8445890134,83.57927886925057,-24.280548779968296,-5189.3764053475,0.32061911189975945
BENR_red_358_cutoff_7.5.inp.out,200.8087643975284,-0.3392,0.0684,31.4042,51.0,-1307.8983396092,30.08294266533108,-49.313233206705824,-5416.5179807518,0.3324460067997279
BENR_red_359_cutoff_7.5.inp.out,202.2711595284188,-0.3660,0.0728,44.0828,51.0,-1307.7478316743,57.00933275107105,-39.27548590279749,-5416.3135270907,0.3591183568996712
BENR_red_35_cutoff_7.5.inp.out,200.08834385564572,-0.3388,0.0747,54.7580,57.0,-1305.8810705591,52.02974685556655,65.53225431914666,-5870.858182007,0.3314694340006099
BENR_red_360_cutoff_7.5.inp.out,201.91464258862155,-0.3447,0.0725,46.6807,49.0,-1308.4247114349,62.12932999229484,-8.854509656747759,-5265.0301541204,0.3368765191999046
BENR_red_361_cutoff_7.5.inp.out,202.28050735378025,-0.3154,0.0654,46.0415,48.0,-1308.6970034163,191.29384584830183,1.9473020475379785,-5189.2560839148,0.30913199089991394
BENR_red_362_cutoff_7.5.inp.out,203.39632596055935,-0.3341,0.0751,38.5328,49.0,-1308.3093025016,137.4128813635301,-22.221999987744784,-5264.8461252219,0.3286496148994047
BENR_red_363_cutoff_7.5.inp.out,202.54298854649952,-0.3442,0.0729,39.9683,52.0,-1307.0102199405,134.67209737286205,-70.88399753963266,-5491.7614856766,0.3361212056997829
BENR_red_364_cutoff_7.5.inp.out,202.2340148080502,-0.3463,0.0663,40.9361,53.0,-1306.9218284270,131.13187576475332,80.49106998973541,-5567.632449086,0.3362600927002859
BENR_red_365_cutoff_7.5.inp.out,202.28545809898782,-0.2936,0.0825,42.9701,53.0,-1306.9427590220,225.34516440508898,86.74606695833606,-5567.662586633,0.2896094425996125
BENR_red_366_cutoff_7.5.inp.out,201.87309264154214,-0.3397,0.0825,44.3014,54.0,-1306.5413875558,137.74945195679848,30.271456515762722,-5643.2189801308,0.33105110470023646
BENR_red_367_cutoff_7.5.inp.out,201.0855547924099,-0.3202,0.0908,43.7337,55.0,-1306.3196859159,136.4044296794433,40.166695231375925,-5719.1792256591,0.3147043090002626
BENR_red_368_cutoff_7.5.inp.out,200.69088542347507,-0.3338,0.0784,38.4055,54.0,-1306.4548291474,38.25957948015552,-6.340752283651787,-5643.2333713658,0.32802235299914173
BENR_red_369_cutoff_7.5.inp.out,201.07919153376926,-0.3345,0.0678,43.9195,53.0,-1307.0027440698,57.70880537236797,41.6478396445068,-5567.7598472224,0.3288460751000457
BENR_red_36_cutoff_7.5.inp.out,200.82018635472485,-0.3404,0.0768,48.0175,56.0,-1306.1263267641,6.73920908835641,49.89594567947772,-5795.0166593403,0.3341721786000562
BENR_red_370_cutoff_7.5.inp.out,200.772587833868,-0.3492,0.0515,36.1689,52.0,-1307.3126458605,18.977255426651016,2.2250181788893935,-5491.9422295945,0.3436180759999843
BENR_red_371_cutoff_7.5.inp.out,200.7866825887902,-0.3361,0.0804,33.0183,52.0,-1307.5335164448,-11.377613945329024,-67.48780353560338,-5492.1829985712,0.3306288798003152
BENR_red_372_cutoff_7.5.inp.out,201.6772324814246,-0.3110,0.0732,35.7655,54.0,-1306.9098069673,136.45079507003925,84.06220007098713,-5643.5772480592,0.307382063499972
BENR_red_373_cutoff_7.5.inp.out,201.26082738529263,-0.3527,0.0578,40.7029,53.0,-1306.9078297151,35.61788477610121,19.258500330302134,-5567.6567026239,0.34591483260010136
BENR_red_374_cutoff_7.5.inp.out,201.46976263636807,-0.3237,0.0766,41.6887,57.0,-1305.5223219651,266.20529422465785,114.05341448440811,-5870.2776414012,0.31636945359969104
BENR_red_375_cutoff_7.5.inp.out,202.79055405467852,-0.3166,0.0916,30.2221,55.0,-1306.5412423724,102.86260593999836,73.84497987799197,-5719.3256253492,0.30936562360056996
BENR_red_376_cutoff_7.5.inp.out,203.36674170656786,-0.3725,0.0574,29.4405,54.0,-1306.6786560899,96.44195043401523,312.00527835054,-5643.4202895362,0.36338624659947527
BENR_red_377_cutoff_7.5.inp.out,203.6639851324334,-0.3544,0.0734,31.5297,57.0,-1306.0052861842,3.449428016657227,150.9492969404322,-5870.8446587892,0.3449492357003692
BENR_red_378_cutoff_7.5.inp.out,203.2907465760545,-0.3232,0.0729,29.9855,57.0,-1305.5200625174,-44.86912487069627,147.21772300766395,-5870.4191350047,0.3185446327997852
BENR_red_379_cutoff_7.5.inp.out,202.15108518813676,-0.3627,0.0590,37.6125,56.0,-1305.9942542454,-28.648142331358844,82.10976322097287,-5794.8564954631,0.35285240030043497
BENR_red_37_cutoff_7.5.inp.out,200.3926652843222,-0.3410,0.0674,47.2139,57.0,-1306.1134644954,-63.747320669125344,98.48320730714666,-5870.9484117896,0.33372017920009966
BENR_red_380_cutoff_7.5.inp.out,201.97526493265,-0.3585,0.0665,35.5657,54.0,-1306.8985592926,-82.15748526537503,29.469692172013193,-5643.5962615979,0.34945367999989685
BENR_red_381_cutoff_7.5.inp.out,202.54479301207056,-0.3513,0.0778,33.1050,57.0,-1305.9488952453,-57.066986904183594,-43.98835822902865,-5870.801664644,0.34280275420042017
BENR_red_382_cutoff_7.5.inp.out,201.91688843322265,-0.3258,0.0804,35.2934,57.0,-1305.8370004408,17.288701776620513,-5.8606319160633955,-5870.7273317315,0.31868163849958364
BENR_red_383_cutoff_7.5.inp.out,202.78940900943456,-0.3242,0.0907,31.5676,56.0,-1306.3438276357,50.476128950910365,12.648969050314765,-5795.1890484505,0.3162237763999656
BENR_red_384_cutoff_7.5.inp.out,202.33628672293705,-0.3271,0.1001,21.7532,55.0,-1306.3965948591,8.253340329859077,-4.219638732948886,-5719.1810098594,0.3184020811004302
BENR_red_385_cutoff_7.5.inp.out,202.55259955190826,-0.3417,0.0644,31.9464,55.0,-1306.8105036246,-80.62743950593854,16.215358374579772,-5719.5757873757,0.3345867947991792
BENR_red_386_cutoff_7.5.inp.out,202.720174234723,-0.3320,0.0894,29.5600,51.0,-1307.7382900670,76.4131945607454,-0.9405397044740534,-5416.4123114877,0.3258698525005457
BENR_red_387_cutoff_7.5.inp.out,203.26519611156365,-0.3434,0.0829,17.1689,49.0,-1308.9286669711,44.51569696240023,44.4154424224899,-5265.5011403063,0.3370582090001335
BENR_red_388_cutoff_7.5.inp.out,201.60652720694176,-0.3590,0.0521,26.8234,51.0,-1308.2978314265,11.453363243046644,102.25902250470538,-5416.8394633774,0.3518350543999986
BENR_red_389_cutoff_7.5.inp.out,201.2889600065025,-0.3616,0.0695,27.7038,53.0,-1307.0447072071,94.97578770105304,234.68815439085478,-5567.7783424011,0.3541577595005947
BENR_red_38_cutoff_7.5.inp.out,200.6034233467548,-0.3586,0.0587,41.7487,57.0,-1306.1998369738,-188.40208111685968,37.44117164675201,-5871.0562056678,0.35170436520002113
BENR_red_390_cutoff_7.5.inp.out,199.68467987788782,-0.3251,0.0926,28.0967,53.0,-1307.3296619366,20.08400817003267,48.22602997778369,-5567.9658289493,0.3191783451002266
BENR_red_391_cutoff_7.5.inp.out,199.24515477710602,-0.3415,0.0727,29.9614,56.0,-1306.3761101945,-87.08874159311756,154.64919907304392,-5795.1105304809,0.33664706490071694
BENR_red_392_cutoff_7.5.inp.out,199.32930206841024,-0.3388,0.0665,20.4411,54.0,-1306.8103776113,42.40698627086892,91.11862439644908,-5643.5095189137,0.33294041409953934
BENR_red_393_cutoff_7.5.inp.out,198.6187579610308,-0.3517,0.0729,20.7126,55.0,-1306.3137402889,3.232721429484132,81.66434946635694,-5718.9562991082,0.3455798838995179
BENR_red_394_cutoff_7.5.inp.out,197.99451415068103,-0.3480,0.0741,24.5151,56.0,-1306.1983444363,83.1919072197128,102.66619447871781,-5794.8964343198,0.33987077760048123
BENR_red_395_cutoff_7.5.inp.out,198.73485362320667,-0.3491,0.0690,24.7739,56.0,-1306.0812818828,-32.19398235903977,-40.514450339044856,-5794.8091941019,0.340057653200347
BENR_red_396_cutoff_7.5.inp.out,198.93300161400737,-0.3213,0.0904,48.0144,56.0,-1306.4253442938,-75.03511143503562,-22.590762446322515,-5795.2596862959,0.31407257089995255
BENR_red_397_cutoff_7.5.inp.out,198.50490219937487,-0.3429,0.0633,36.5349,51.0,-1307.9233108074,-77.22493752155998,-85.3935963459567,-5416.5466561247,0.3328587789001176
BENR_red_398_cutoff_7.5.inp.out,200.3612129053734,-0.3303,0.0806,41.0932,50.0,-1308.2136911641,132.59174817989367,109.9963404099533,-5340.684112327,0.32334494959923177
BENR_red_399_cutoff_7.5.inp.out,200.5078182453018,-0.3252,0.0849,35.3232,53.0,-1306.9480880156,92.44570032590983,87.45625097547016,-5567.551870951,0.31820857630009414
BENR_red_39_cutoff_7.5.inp.out,200.00678381760798,-0.3457,0.0782,43.8199,56.0,-1306.8160862480,-114.034776970629,103.86308158343253,-5795.5792433386,0.3366221274000054
BENR_red_3_cutoff_7.5.inp.out,200.84524088653603,-0.3262,0.0660,37.5860,52.0,-1307.5045359091,60.32674916071911,23.40330584577739,-5492.2250043452,0.32051319839956705
BENR_red_400_cutoff_7.5.inp.out,199.7148636438375,-0.3454,0.0614,46.3372,52.0,-1307.4781249185,62.51679203771265,4.711448960200036,-5492.1202069072,0.3385220568998193
BENR_red_401_cutoff_7.5.inp.out,199.8558481738391,-0.3332,0.0647,43.1026,53.0,-1307.1015893408,78.91945034114511,65.78476002104391,-5567.7590101019,0.3299552720000065
BENR_red_402_cutoff_7.5.inp.out,199.4669372378343,-0.3596,0.0561,37.5646,53.0,-1307.5214683404,24.47003980987132,32.02352797828493,-5568.158493096,0.3524745424001594
BENR_red_403_cutoff_7.5.inp.out,199.4259338752504,-0.3453,0.0751,38.3424,50.0,-1308.1595962199,-0.635754146268138,12.665852186528312,-5340.7174958826,0.3401229984001475
BENR_red_404_cutoff_7.5.inp.out,200.26661531132405,-0.3429,0.0685,35.0771,50.0,-1308.2212808171,-25.863704841309136,2.2869462246508188,-5340.7424207217,0.33735884179986897
BENR_red_405_cutoff_7.5.inp.out,200.4738541265435,-0.3506,0.0684,35.0900,50.0,-1308.5169048886,-9.029585828791264,-0.8392023894433738,-5341.0701164091,0.3429988849002257
BENR_red_406_cutoff_7.5.inp.out,202.23074449200064,-0.3280,0.0752,27.2827,55.0,-1306.4167603011,4.253936617383382,-3.5657236635877565,-5719.1018896988,0.32251929240010213
BENR_red_407_cutoff_7.5.inp.out,202.7749124680546,-0.3374,0.0722,31.1464,55.0,-1306.6626057165,14.659099935440718,-32.775077488909034,-5719.3622231751,0.3298455668000315
BENR_red_408_cutoff_7.5.inp.out,202.8617279486919,-0.3340,0.0705,31.2770,53.0,-1307.3337703808,66.95025844924511,13.101499390897686,-5568.016959805,0.327253052800188
BENR_red_409_cutoff_7.5.inp.out,203.74377807439947,-0.3551,0.0502,19.3550,52.0,-1307.5234155033,-59.38617167809194,-16.9691638504738,-5492.2115640835,0.3489225796001847
BENR_red_40_cutoff_7.5.inp.out,201.2433133852108,-0.3472,0.0689,44.7882,60.0,-1305.7806766963,-41.00917631196771,33.507413544153756,-6098.7174556742,0.3388486741005181
BENR_red_410_cutoff_7.5.inp.out,203.7699631220514,-0.3608,0.0600,25.9051,57.0,-1306.0285414725,-4.6837205240661,-7.762890713440197,-5870.8131327028,0.352129259999856
BENR_red_411_cutoff_7.5.inp.out,204.31606496595074,-0.3650,0.0551,33.2682,58.0,-1305.6041924733,-107.47151450238937,-58.38531084399045,-5946.3830856043,0.35556040430037683
BENR_red_412_cutoff_7.5.inp.out,203.71812993841073,-0.3488,0.0730,28.4747,53.0,-1307.2820109061,-60.667302307280586,-39.42469679863,-5567.8707893204,0.34247471149956255
BENR_red_413_cutoff_7.5.inp.out,203.09293540059218,-0.3653,0.0573,28.8149,51.0,-1307.9749541039,72.3513032359661,16.165288607014507,-5416.5109895231,0.3571634341005847
BENR_red_414_cutoff_7.5.inp.out,202.2556649785939,-0.3505,0.0637,36.0289,49.0,-1308.9393180214,68.05219812861438,-27.399164553109777,-5265.4131460184,0.3437321579995114
BENR_red_415_cutoff_7.5.inp.out,201.17165928613124,-0.3257,0.0765,41.2397,54.0,-1307.2867832601,140.2979557066147,-71.59809401686863,-5643.9219623261,0.3193791058993156
BENR_red_416_cutoff_7.5.inp.out,200.73218195991177,-0.3419,0.0750,43.2550,55.0,-1306.5296194309,-103.02475244722412,-270.03103928284366,-5719.2860988258,0.33335360729961394
BENR_red_417_cutoff_7.5.inp.out,201.23208750194527,-0.3440,0.0678,44.4432,53.0,-1307.4811972589,-73.6697474026908,-202.54837954284807,-5568.1547796577,0.3380678395005816
BENR_red_418_cutoff_7.5.inp.out,200.2243363549181,-0.3449,0.0777,29.8254,50.0,-1308.2625580720,-7.497265148108877,5.130339115194014,-5340.8731067238,0.3368720756006951
BENR_red_419_cutoff_7.5.inp.out,201.22015762252286,-0.3485,0.0708,21.1251,55.0,-1306.2336714975,15.916244160043869,34.618773102359384,-5718.9783879652,0.339927466699919
BENR_red_41_cutoff_7.5.inp.out,202.3864133556869,-0.3487,0.0645,40.8389,59.0,-1305.5388501235,-108.13345727145608,-37.20349273003354,-6022.469885128,0.3412646118995326
BENR_red_420_cutoff_7.5.inp.out,201.15004905526922,-0.3423,0.0720,20.9599,56.0,-1306.6848993397,19.65794225029574,48.70538061806613,-5795.434695302,0.334019083399653
BENR_red_421_cutoff_7.5.inp.out,201.42508856575898,-0.3385,0.0740,26.9972,57.0,-1306.0869291020,145.0839639059597,0.5252895855748532,-5870.9336173007,0.32919967790076043
BENR_red_422_cutoff_7.5.inp.out,201.9852727515414,-0.3452,0.0762,27.4639,57.0,-1306.1782304737,-39.380954373773065,-46.636059915235435,-5871.0119739536,0.3385667172005924
BENR_red_423_cutoff_7.5.inp.out,201.88785244765137,-0.3304,0.0829,25.1384,56.0,-1306.3276636357,24.25698937174429,31.581777887492418,-5795.1197248901,0.32272268870019616
BENR_red_424_cutoff_7.5.inp.out,202.20895654850253,-0.3290,0.0826,27.3569,59.0,-1305.5077930343,55.97528997794478,-67.33734652967588,-6022.3866883292,0.3204674542994326
BENR_red_425_cutoff_7.5.inp.out,202.98357715877444,-0.3646,0.0607,26.1135,62.0,-1304.0629259587,-69.77376518655376,78.08644786070786,-6249.0316519358,0.3534060297997712
BENR_red_426_cutoff_7.5.inp.out,202.91119482040472,-0.3302,0.0936,23.6799,57.0,-1306.0087583935,108.1003885111787,24.994289307418356,-5870.829338208,0.32080832659994485
BENR_red_427_cutoff_7.5.inp.out,203.19136423717674,-0.3323,0.0848,26.6375,58.0,-1305.6845018766,306.32443294085243,-36.05486559049106,-5946.5385705325,0.32357523839982605
BENR_red_428_cutoff_7.5.inp.out,203.14226646087644,-0.3525,0.0647,29.8197,55.0,-1306.8262146762,128.18627381808983,-6.6624070381494285,-5719.6328580588,0.3438016507998327
BENR_red_429_cutoff_7.5.inp.out,203.48056190409966,-0.3389,0.0739,26.2828,54.0,-1307.1775611980,-45.627486973479925,-64.35282641480296,-5644.0076083357,0.33075569749962597
BENR_red_42_cutoff_7.5.inp.out,202.858481228651,-0.3066,0.0979,34.5090,58.0,-1305.7839034951,105.50970926273271,-29.150111818959836,-5946.6932420431,0.30076417429972935
BENR_red_430_cutoff_7.5.inp.out,203.91262802208536,-0.3442,0.0692,13.6196,54.0,-1307.4039707428,40.162490022408186,-13.769945541877764,-5644.1517304164,0.33537784879990795
BENR_red_431_cutoff_7.5.inp.out,203.19982572703245,-0.3466,0.0702,21.2009,55.0,-1306.7691412918,49.67993003073927,-40.85118567930553,-5719.6534898774,0.3386885531999724
BENR_red_432_cutoff_7.5.inp.out,202.96740133419706,-0.3540,0.0681,20.9101,53.0,-1307.2506626707,-40.62258178892156,-42.55047384527983,-5567.9444712535,0.3467359424003007
BENR_red_433_cutoff_7.5.inp.out,202.257655855379,-0.3382,0.0749,18.0779,51.0,-1307.8696024411,12.326648217189215,-18.118036350049984,-5416.5221342047,0.3311474460997488
BENR_red_434_cutoff_7.5.inp.out,201.74834105576912,-0.3273,0.0824,22.0757,54.0,-1306.3954615534,56.52115030765157,-104.44697382030151,-5643.1153631643,0.31968735190002917
BENR_red_435_cutoff_7.5.inp.out,202.14664044266848,-0.3456,0.0815,15.6767,56.0,-1306.1095121723,12.759357120663825,-29.9082642806459,-5794.9050331212,0.3352012539007774
BENR_red_436_cutoff_7.5.inp.out,201.63548119061176,-0.3369,0.0844,18.2046,56.0,-1306.2714005783,49.46582425466149,-50.66242247591122,-5795.0930567273,0.32780011690010724
BENR_red_437_cutoff_7.5.inp.out,201.63685359349637,-0.3542,0.0698,19.8670,57.0,-1305.7228781374,-9.264595950987092,-158.6681735851959,-5870.6193812654,0.3445286128007865
BENR_red_438_cutoff_7.5.inp.out,201.15665850507946,-0.3437,0.0759,11.3031,58.0,-1306.2344177648,-50.6197016928429,-23.70617700022682,-5947.0675893959,0.335285373899751
BENR_red_439_cutoff_7.5.inp.out,200.5568895986082,-0.3576,0.0599,12.5459,54.0,-1307.2009728356,-28.58326748093451,19.23942834274402,-5643.9426574832,0.3506045209005606
BENR_red_43_cutoff_7.5.inp.out,202.41595113986423,-0.3315,0.0740,39.6536,55.0,-1306.9306205765,-1.4265900718444955,-145.56319564119914,-5719.7653671483,0.3239210545007154
BENR_red_440_cutoff_7.5.inp.out,199.51809691159883,-0.3441,0.0665,18.5281,53.0,-1307.5691649903,2.0911508038210425,-88.50271439471025,-5568.3092306621,0.3375186127004781
BENR_red_441_cutoff_7.5.inp.out,200.10421226664332,-0.3306,0.0774,25.8475,50.0,-1308.4110741010,-54.291910741820296,-129.19330703387416,-5340.9419890273,0.3232135128000664
BENR_red_442_cutoff_7.5.inp.out,200.99669403511643,-0.3365,0.0817,25.1398,51.0,-1308.4567048400,42.82809089821462,-115.17545180880367,-5417.1349147166,0.32975802589953673
BENR_red_443_cutoff_7.5.inp.out,200.8210575650503,-0.3332,0.0701,19.5186,53.0,-1307.5498791360,-300.60801526878436,-152.81177909584255,-5568.2591428756,0.32564403169999423
BENR_red_444_cutoff_7.5.inp.out,202.34401355585945,-0.3465,0.0675,21.7590,55.0,-1306.5544928096,-11.978394124138905,-18.30629122009874,-5719.2654610254,0.33856366500003787
BENR_red_445_cutoff_7.5.inp.out,202.4565557837987,-0.3389,0.0747,26.8716,54.0,-1306.8596814543,8.225758428820185,56.953783800718675,-5643.6116873656,0.3303871252001045
BENR_red_446_cutoff_7.5.inp.out,203.10960358059168,-0.3237,0.0716,30.7312,55.0,-1306.5150563568,52.81167314441269,19.885017923355278,-5719.2589685478,0.31645784090051166
BENR_red_447_cutoff_7.5.inp.out,203.27316312554663,-0.3367,0.0721,28.5551,51.0,-1308.2523652956,44.932658675064054,26.606613095543366,-5416.9012927062,0.32979416099988157
BENR_red_448_cutoff_7.5.inp.out,202.88499019071247,-0.3266,0.0767,28.4992,53.0,-1307.6100146216,13.72590118345935,0.1689355150300207,-5568.3458645289,0.3193473676001304
BENR_red_449_cutoff_7.5.inp.out,202.7576170030689,-0.3472,0.0679,22.9241,52.0,-1308.0382430356,-57.718553542468754,72.26837053324755,-5492.7788539679,0.3409700779002378
BENR_red_44_cutoff_7.5.inp.out,202.49588353736587,-0.3319,0.0804,34.9574,57.0,-1305.9174800202,-3.2071059083058455,-56.14594255014656,-5870.8490975828,0.324089194100452
BENR_red_450_cutoff_7.5.inp.out,199.60811326462093,-0.3448,0.0614,46.2278,52.0,-1307.4667828174,63.31732625737778,5.542266954374013,-5492.1081800107,0.3380858773998625
BENR_red_451_cutoff_7.5.inp.out,199.89279581221996,-0.3253,0.0712,45.1770,53.0,-1307.2623088621,99.0515505172136,75.80882834354018,-5567.8968733806,0.3217870408998351
BENR_red_452_cutoff_7.5.inp.out,199.0189897662883,-0.3356,0.0590,44.5568,51.0,-1308.3131637266,26.253420409892833,127.27005687550509,-5416.9841719358,0.3292831152002691
BENR_red_453_cutoff_7.5.inp.out,199.28599785458266,-0.3344,0.0782,25.8959,47.0,-1309.6587660560,88.82125358683176,42.64927982754803,-5114.1640337041,0.329428700400058
BENR_red_454_cutoff_7.5.inp.out,199.67781170956613,-0.3581,0.0486,26.3453,46.0,-1309.7770908891,69.46287539990442,40.40285512948756,-5038.2774896762,0.35383248919970356
BENR_red_455_cutoff_7.5.inp.out,198.9320713212473,-0.3606,0.0555,20.5017,46.0,-1309.5010730839,9.33734877016943,-3.513317206118973,-5037.9768038555,0.3533464684005594
BENR_red_456_cutoff_7.5.inp.out,199.92207641865804,-0.3398,0.0662,30.3532,49.0,-1309.0473094163,105.64426849753195,36.411007583096115,-5265.5900318457,0.33493408059985086
BENR_red_457_cutoff_7.5.inp.out,198.7099137213721,-0.3590,0.0405,39.6516,52.0,-1307.8762017450,21.133598704110405,45.16178186328993,-5492.6097917441,0.352914553899609
BENR_red_458_cutoff_7.5.inp.out,199.0840965138011,-0.3353,0.0800,37.4315,50.0,-1308.2676623304,60.537815081618405,101.01819917028166,-5340.9281733428,0.32817999869985215
BENR_red_459_cutoff_7.5.inp.out,200.80167485046485,-0.3253,0.0665,37.7123,50.0,-1308.4506681188,28.866227849866263,87.41657915043052,-5341.0519111824,0.32180955659987376
BENR_red_45_cutoff_7.5.inp.out,201.34536092691934,-0.3556,0.0691,35.0225,59.0,-1305.3204463965,-24.862734300225682,-57.999532869237164,-6022.2770633156,0.34625417229926825
BENR_red_460_cutoff_7.5.inp.out,201.0443160136616,-0.3422,0.0699,41.5609,51.0,-1308.0840347728,50.799096971303925,67.29157995782306,-5416.7127096249,0.3352945014003126
BENR_red_461_cutoff_7.5.inp.out,202.82217302074446,-0.3294,0.0716,35.5914,54.0,-1306.7324342642,129.89314885863422,90.0983508269983,-5643.5174459449,0.3243933433004713
BENR_red_462_cutoff_7.5.inp.out,203.3137661510269,-0.3364,0.0704,37.2073,55.0,-1306.5511427153,423.41250479178836,39.66865617610281,-5719.3624439829,0.3284846936994654
BENR_red_463_cutoff_7.5.inp.out,204.05957773514336,-0.3467,0.0599,42.8370,55.0,-1306.5419377043,33.724495520433784,59.518856357921536,-5719.3506599831,0.3381965561002289
BENR_red_464_cutoff_7.5.inp.out,204.20796670345862,-0.3133,0.0520,32.9742,54.0,-1306.8715114859,254.7323079361958,33.13004587282522,-5643.5664181178,0.3079258060997745
BENR_red_465_cutoff_7.5.inp.out,204.14607753253458,-0.3400,0.0680,30.4662,50.0,-1308.1212840119,121.09566291858518,99.7709998280518,-5340.7003184383,0.3334720753000511
BENR_red_466_cutoff_7.5.inp.out,203.44348952942306,-0.3528,0.0515,24.0939,48.0,-1308.9195556138,68.62538669980675,30.380306227697922,-5189.414102097,0.34442088049945596
BENR_red_467_cutoff_7.5.inp.out,202.76452638644622,-0.3590,0.0593,23.0816,50.0,-1308.5283252112,-4.999619429629088,123.74766733480342,-5341.1185621288,0.34909111649994884
BENR_red_468_cutoff_7.5.inp.out,202.6485366969467,-0.3387,0.0760,38.3982,54.0,-1306.8765124184,-37.74221640286422,49.83343078745317,-5643.5945645927,0.32994429180052975
BENR_red_469_cutoff_7.5.inp.out,201.94579435339767,-0.3128,0.0851,39.4393,52.0,-1307.9272548804,-8.495613497782163,99.03449365423288,-5492.5840047535,0.305740164099916
BENR_red_46_cutoff_7.5.inp.out,200.01195903103107,-0.3345,0.0848,30.6488,58.0,-1305.9546016333,26.514115495371914,-4.184982904962542,-5946.8827445339,0.3274556530996051
BENR_red_470_cutoff_7.5.inp.out,202.25572089698179,-0.3220,0.0793,25.8427,54.0,-1307.4091774207,10.869605391133954,1.7833639261388026,-5644.1032501883,0.31462703150009474
BENR_red_471_cutoff_7.5.inp.out,201.39960233815412,-0.3330,0.0731,17.3914,54.0,-1307.3651667905,-0.6256380113690013,29.593289218207463,-5644.132813656,0.3264796239000134
BENR_red_472_cutoff_7.5.inp.out,201.39702740460575,-0.3377,0.0748,23.2645,54.0,-1307.4282704923,48.060071762462464,46.07447465968252,-5644.0904249731,0.33067496120020223
BENR_red_473_cutoff_7.5.inp.out,201.50245901229758,-0.3419,0.0779,30.0243,55.0,-1307.0303435237,143.466109029637,157.84381971349129,-5719.6928088325,0.3341257611000401
BENR_red_474_cutoff_7.5.inp.out,200.7992222239913,-0.3265,0.0657,25.2735,55.0,-1307.0683568788,35.16891332388161,-22.42900593403559,-5719.791915152,0.31939414299995406
BENR_red_475_cutoff_7.5.inp.out,201.49857913958493,-0.3437,0.0626,22.3108,58.0,-1305.9046707888,143.3666316706892,10.595271430836068,-5946.728153514,0.3351120125007583
BENR_red_476_cutoff_7.5.inp.out,202.6103994408592,-0.3355,0.0721,28.0855,55.0,-1306.6234841617,204.81179234730894,215.8745634104643,-5719.3644543453,0.3283569796994925
BENR_red_477_cutoff_7.5.inp.out,202.53116214866543,-0.3243,0.0768,35.5802,60.0,-1305.5151098240,199.29410985595877,154.9387494167156,-6098.4216838322,0.3172122263995334
BENR_red_478_cutoff_7.5.inp.out,202.05222055551482,-0.3366,0.0830,27.7220,58.0,-1305.8461979410,175.25734171840276,92.92939179373258,-5946.6412517777,0.3275706619997436
BENR_red_479_cutoff_7.5.inp.out,202.6565448847089,-0.3502,0.0482,27.1614,56.0,-1306.5748596272,75.44525042850908,224.01532078026847,-5795.2595474158,0.3397220674005439
BENR_red_47_cutoff_7.5.inp.out,199.6710901937793,-0.3347,0.0711,33.8642,54.0,-1307.1319251798,6.341161842336972,14.179994967231936,-5643.9304382873,0.328246108500025
BENR_red_480_cutoff_7.5.inp.out,202.15254569734503,-0.3309,0.0734,33.9142,53.0,-1307.5583165424,157.55515106015312,236.35225883289485,-5568.1673297581,0.32307209400005377
BENR_red_481_cutoff_7.5.inp.out,202.2186401210987,-0.3500,0.0715,17.9256,49.0,-1309.3710652794,43.394392699218905,18.048119639375287,-5265.8849051535,0.343391703200723
BENR_red_482_cutoff_7.5.inp.out,202.53902843319102,-0.3451,0.0580,21.9952,48.0,-1309.1261467537,110.19445390567626,29.189106554925758,-5189.6299336449,0.3385591193000437
BENR_red_483_cutoff_7.5.inp.out,203.00031060932923,-0.3489,0.0591,23.3064,48.0,-1309.0629921446,117.76923024682644,13.91029345167829,-5189.6325873539,0.3420405524993839
BENR_red_484_cutoff_7.5.inp.out,203.85817353611293,-0.3436,0.0697,27.3343,52.0,-1307.7340365543,-3.3802166624174137,-120.07644726553607,-5492.4470886789,0.3360674637997363
BENR_red_485_cutoff_7.5.inp.out,204.3507533428958,-0.3523,0.0625,27.7101,54.0,-1307.5431418258,-89.77841618816134,-61.84600366281221,-5644.2789148488,0.3418364635999751
BENR_red_486_cutoff_7.5.inp.out,203.06655331750258,-0.3415,0.0699,19.9641,55.0,-1307.1982954075,47.72124553725211,113.27130069839485,-5719.8767011553,0.33211857350033824
BENR_red_487_cutoff_7.5.inp.out,203.39557737421265,-0.3366,0.0791,17.2823,52.0,-1307.9590796916,37.757280793904776,60.06891182289157,-5492.5806228563,0.32906907980031974
BENR_red_488_cutoff_7.5.inp.out,201.49781615593025,-0.3445,0.0716,13.4384,52.0,-1307.9310016269,-131.34372566674332,36.17204059806081,-5492.5160159116,0.33752896940040955
BENR_red_489_cutoff_7.5.inp.out,202.13316548850764,-0.3340,0.0879,11.0568,49.0,-1308.9381357099,-79.8495734261344,152.65607666588184,-5265.4667566623,0.32594076940040395
BENR_red_48_cutoff_7.5.inp.out,199.40135183456687,-0.3412,0.0725,24.4216,53.0,-1307.5891765719,100.03459120519142,50.09743908041638,-5568.4275201467,0.33434825709991856
BENR_red_490_cutoff_7.5.inp.out,201.98617967931983,-0.3598,0.0499,8.3863,48.0,-1309.0799318111,-28.24647092262209,-15.494965613223567,-5189.6259859798,0.35170714979994955
BENR_red_491_cutoff_7.5.inp.out,201.1399126149702,-0.3457,0.0746,13.3560,49.0,-1308.4697070119,15.69942730949176,124.25513091007265,-5265.0605339407,0.3385169931998462
BENR_red_492_cutoff_7.5.inp.out,201.4832190534926,-0.3464,0.0708,9.3814,53.0,-1307.2199089835,46.449118944154144,-63.06972585923296,-5568.0833161417,0.338517943199804
BENR_red_493_cutoff_7.5.inp.out,201.84821698605953,-0.3511,0.0746,22.4288,52.0,-1307.5256266692,106.4112935336484,116.85524792349749,-5492.2343385072,0.3438920613998562
BENR_red_494_cutoff_7.5.inp.out,201.4692627640578,-0.3516,0.0716,16.5187,51.0,-1308.3094200324,-30.538539481611135,8.380909013074664,-5416.9285734232,0.34270926989938744
BENR_red_495_cutoff_7.5.inp.out,200.5270338305995,-0.3383,0.0721,10.4471,54.0,-1306.7874352238,2.4475283482455366,-9.421244075148964,-5643.5224440908,0.33023481869986426
BENR_red_496_cutoff_7.5.inp.out,200.98946475967944,-0.3455,0.0640,16.0595,54.0,-1307.4200327517,40.3869066274988,52.14632349747425,-5644.1649101932,0.33846263099985663
BENR_red_497_cutoff_7.5.inp.out,200.48827168582963,-0.3346,0.0696,16.2233,52.0,-1307.6476380600,0.7566203053001463,-2.044299359056496,-5492.3472931222,0.3275245107997762
BENR_red_498_cutoff_7.5.inp.out,201.0603997075536,-0.3333,0.0769,14.0567,55.0,-1306.9776556257,53.9421838446107,57.74417812074975,-5719.7999775704,0.32674484529979964
BENR_red_499_cutoff_7.5.inp.out,200.56775360080235,-0.3282,0.0806,24.2991,56.0,-1306.4760154025,38.57084689672957,21.486273180892336,-5795.2527494291,0.32066032019974955
BENR_red_49_cutoff_7.5.inp.out,199.6071076139406,-0.3553,0.0663,22.0331,48.0,-1309.6199978586,15.191923917783068,-3.108291554786647,-5190.1955808402,0.3474569825993967
BENR_red_4_cutoff_7.5.inp.out,201.04105858869178,-0.3276,0.0688,28.7133,49.0,-1308.7019480718,41.51109648353598,6.064587154359314,-5265.2567333927,0.3233608130003631
BENR_red_50_cutoff_7.5.inp.out,200.38713776132906,-0.3476,0.0662,24.1820,51.0,-1308.0054200394,-51.319392463169756,-74.33255322684194,-5416.718913625,0.34152380490013456
BENR_red_51_cutoff_7.5.inp.out,200.26527582478204,-0.3428,0.0724,25.0175,53.0,-1307.5013056333,-31.39820482024912,-44.21797148519764,-5568.2700819948,0.3359789043006458
BENR_red_52_cutoff_7.5.inp.out,201.7679788045453,-0.3181,0.0619,19.7158,52.0,-1307.6484702748,-5.451444198630997,-22.09926648430893,-5492.315567106,0.3098369484005161
BENR_red_53_cutoff_7.5.inp.out,203.4111349059853,-0.3242,0.0616,26.0665,54.0,-1307.2141903392,59.3846393567537,-56.1874325167723,-5643.9797639258,0.31721336640021036
BENR_red_54_cutoff_7.5.inp.out,203.43325252815504,-0.3427,0.0728,33.5565,55.0,-1306.8726893318,78.21035297055079,-51.1694874315884,-5719.6846030169,0.33585461799975747
BENR_red_55_cutoff_7.5.inp.out,203.9699943225433,-0.3435,0.0636,27.6729,53.0,-1307.8018672048,-164.2003400757648,-133.11754267786625,-5568.5175981079,0.335633474000133
BENR_red_56_cutoff_7.5.inp.out,204.5136809319398,-0.3589,0.0585,29.7080,55.0,-1307.4416272628,149.47929869681292,30.110768396987545,-5720.31039105,0.34962205050032935
BENR_red_57_cutoff_7.5.inp.out,203.78645904385166,-0.3044,0.0887,15.8011,55.0,-1307.2894941507,42.354179586440324,-23.590212825276843,-5720.1820174872,0.29680947230008314
BENR_red_58_cutoff_7.5.inp.out,203.01085536937717,-0.3197,0.0815,33.3212,59.0,-1305.7446227751,-123.0520132275899,-109.62453144794615,-6022.6361922305,0.31145974209994165
BENR_red_59_cutoff_7.5.inp.out,201.62992812487104,-0.3133,0.0899,29.8521,59.0,-1305.8571140967,-132.86747768295447,-89.47887536317,-6022.7057799414,0.30423652780064003
BENR_red_5_cutoff_7.5.inp.out,199.7407114705025,-0.3327,0.0781,31.3352,54.0,-1307.3788086146,158.13510469872145,-50.31931602656878,-5644.0866915993,0.32776938499955577
BENR_red_60_cutoff_7.5.inp.out,202.01087577443354,-0.3313,0.0766,24.3784,55.0,-1307.6818395714,97.91463535384277,-26.789910368408588,-5720.4524052591,0.3226331576006487
BENR_red_61_cutoff_7.5.inp.out,200.33224759526746,-0.3310,0.0789,18.0243,57.0,-1306.5465134645,42.576065118096665,-19.37269652842023,-5871.3898660693,0.3222508415001357
BENR_red_62_cutoff_7.5.inp.out,199.94018963194705,-0.3282,0.0857,20.3861,60.0,-1305.6147470082,-61.28709271100511,-97.39006489358013,-6098.561632901,0.3187339026999325
BENR_red_63_cutoff_7.5.inp.out,199.55027482438723,-0.3440,0.0776,7.3138,59.0,-1305.6336861912,-178.71785057367342,-18.03204708011122,-6022.6345041651,0.3348846281005535
BENR_red_64_cutoff_7.5.inp.out,198.73735706140064,-0.3453,0.0780,27.6714,59.0,-1305.8326668006,-71.82175343871707,-73.65054008748362,-6022.7904375112,0.3363087268999152
BENR_red_65_cutoff_7.5.inp.out,198.2574803548067,-0.3288,0.0827,24.1659,60.0,-1305.0983846742,-13.962946631821854,-97.4839020590616,-6098.1610956113,0.3229018129995893
BENR_red_66_cutoff_7.5.inp.out,199.24648479609712,-0.3358,0.0744,14.0772,59.0,-1305.5659326899,-16.953014555949743,-19.76194380891811,-6022.5402068489,0.3290677217000848
BENR_red_67_cutoff_7.5.inp.out,198.486771767263,-0.3219,0.0952,18.9933,57.0,-1306.2735485909,84.277406052463,37.78270205272451,-5871.1145490375,0.3132096557001205
BENR_red_68_cutoff_7.5.inp.out,200.54354050407764,-0.3197,0.0825,10.7619,58.0,-1305.9131797149,36.07164342402752,60.76156480907663,-5946.8777297325,0.31265598719983245
BENR_red_69_cutoff_7.5.inp.out,201.2438627322856,-0.3428,0.0675,20.3905,52.0,-1308.0479023101,77.67271653813343,47.044182676139876,-5492.7631091,0.3358274589991197
BENR_red_6_cutoff_7.5.inp.out,200.94133884430684,-0.3415,0.0510,35.0099,49.0,-1308.3919728310,13.317538608262131,9.78733370744935,-5264.9246857056,0.3359216540002308
BENR_red_70_cutoff_7.5.inp.out,199.66189298571928,-0.3447,0.0621,46.1626,52.0,-1307.4756924449,65.4502195519598,4.63511297817631,-5492.1179297248,0.33788046360041335
BENR_red_71_cutoff_7.5.inp.out,199.96075185961715,-0.3385,0.0625,39.6367,52.0,-1307.5759355406,69.41797930463095,121.29417629904667,-5492.1849778248,0.3349837383002523
BENR_red_72_cutoff_7.5.inp.out,199.60440678117868,-0.3355,0.0577,27.1986,50.0,-1308.2322364443,-10.495282096064665,59.02881198587142,-5340.8159819682,0.3305630402001043
BENR_red_73_cutoff_7.5.inp.out,199.92497565176805,-0.3438,0.0525,31.4845,52.0,-1307.7052678814,-31.193964778325594,101.49734062326802,-5492.2814847417,0.33848766350001824
BENR_red_74_cutoff_7.5.inp.out,199.53231146903167,-0.3334,0.0742,34.3912,51.0,-1307.5181187516,-30.723506677935084,92.2930993636758,-5416.1849001938,0.3286398571999598
BENR_red_75_cutoff_7.5.inp.out,200.97769273312656,-0.3394,0.0546,40.0773,53.0,-1307.5701182396,4.304682654924745,31.738472139132643,-5568.2799802502,0.3333281109999007
BENR_red_76_cutoff_7.5.inp.out,201.36188082122933,-0.3449,0.0581,48.2265,52.0,-1307.4756814274,9.558404568787251,34.051411885260684,-5492.1485599015,0.33782592640000075
BENR_red_77_cutoff_7.5.inp.out,202.48965131230966,-0.3278,0.0639,43.7029,53.0,-1307.1849726203,1.1952443375231079,116.23678415361903,-5567.9531724664,0.322278296100194
BENR_red_78_cutoff_7.5.inp.out,202.6792376466356,-0.3264,0.0737,44.6279,49.0,-1308.9753639736,111.28359027585388,103.15746454775669,-5265.5792937406,0.3211831668004379
BENR_red_79_cutoff_7.5.inp.out,202.78067524818502,-0.3262,0.0748,54.0273,50.0,-1308.3407613346,111.38496148686185,213.48843049144793,-5340.9299175794,0.3206167259995709
BENR_red_7_cutoff_7.5.inp.out,203.04374802733162,-0.3494,0.0690,23.5127,45.0,-1310.0950897260,27.679625611317185,-0.03090119699113547,-4962.430829402,0.3421556714001781
BENR_red_80_cutoff_7.5.inp.out,203.3012901755892,-0.3262,0.0630,53.6284,49.0,-1308.5521773298,155.7383874873425,191.96280585660222,-5265.1971567118,0.3216444005001904
BENR_red_81_cutoff_7.5.inp.out,203.08631881329774,-0.3416,0.0642,60.7698,51.0,-1307.7793915007,101.1829116164076,217.79816028883428,-5416.5028134115,0.334585086900006
BENR_red_82_cutoff_7.5.inp.out,202.68363970353786,-0.3441,0.0701,47.3729,51.0,-1307.9506303644,113.78416380459907,157.7741081874038,-5416.5857644472,0.33530336969943164
BENR_red_83_cutoff_7.5.inp.out,201.83343172002387,-0.3693,0.0640,49.4365,53.0,-1307.1089928561,61.85370156122869,142.04509588601667,-5567.878302604,0.35986168589988665
BENR_red_84_cutoff_7.5.inp.out,202.75116438289453,-0.3361,0.0694,46.4687,53.0,-1306.8326235840,-61.72470563783547,25.770814294011753,-5567.5652628138,0.32890959740052494
BENR_red_85_cutoff_7.5.inp.out,202.03538623986233,-0.3416,0.0789,37.9985,56.0,-1306.2409276390,-103.26499221597376,24.532391985736144,-5795.0888031489,0.33219367009951384
BENR_red_86_cutoff_7.5.inp.out,201.59784748742774,-0.3250,0.0926,19.1990,54.0,-1306.9582246394,156.46332939327067,41.322405369366734,-5643.6827036373,0.31682538200038834
BENR_red_87_cutoff_7.5.inp.out,202.4644361582397,-0.3427,0.0653,26.1695,55.0,-1306.5049957981,24.992415380978176,0.38873100625230106,-5719.3119930846,0.3354550307994941
BENR_red_88_cutoff_7.5.inp.out,203.33303441928027,-0.3232,0.0879,22.1108,53.0,-1307.5212670640,71.43630130688015,1.969746820748443,-5568.2865882313,0.3157784671002446
BENR_red_89_cutoff_7.5.inp.out,203.43705281196353,-0.3302,0.0813,32.7447,52.0,-1307.6593336029,192.96713487319042,70.07985518130343,-5492.3800239626,0.32329055430000153
BENR_red_8_cutoff_7.5.inp.out,203.44067278433283,-0.3357,0.0728,27.6220,44.0,-1310.2977672938,2.628218420298788,-11.149029258997917,-4886.5316767471,0.3313461145999099
BENR_red_90_cutoff_7.5.inp.out,204.46877699143573,-0.3367,0.0725,27.8682,57.0,-1305.7845257041,11.367635792584633,31.43228275279533,-5870.6089373645,0.32885631720000674
BENR_red_91_cutoff_7.5.inp.out,204.29049470424485,-0.3299,0.0885,28.9030,54.0,-1306.8889712665,126.48942788465303,67.95597602112214,-5643.6532551519,0.3230045185000563
BENR_red_92_cutoff_7.5.inp.out,204.13561144383328,-0.3221,0.0950,26.8283,55.0,-1306.7466489006,151.95521218698693,31.995502551758825,-5719.4681094376,0.3139230562992452
BENR_red_93_cutoff_7.5.inp.out,203.9026351441851,-0.3560,0.0746,19.5079,54.0,-1306.7172550467,85.83885241765685,46.44025533588672,-5643.4426926365,0.3464155165002012
BENR_red_94_cutoff_7.5.inp.out,202.93788622126627,-0.3473,0.0754,26.7431,58.0,-1305.5005236279,14.306608519850023,59.05437657264318,-5946.349534744,0.3385419524001918
BENR_red_95_cutoff_7.5.inp.out,202.10534310715443,-0.3401,0.0781,16.6828,57.0,-1306.1599418766,22.206391160683925,33.68566696877623,-5871.0228736722,0.33292389050075144
BENR_red_96_cutoff_7.5.inp.out,201.95707507608944,-0.3352,0.0749,11.1528,53.0,-1307.3749418061,-55.95450187239864,71.16758326059902,-5568.0788802283,0.3285392111993133
BENR_red_97_cutoff_7.5.inp.out,201.12034855555584,-0.3326,0.0756,22.0695,53.0,-1307.5196846573,-103.65731100404264,-21.810604890348905,-5568.21264965,0.32438929290037777
BENR_red_98_cutoff_7.5.inp.out,200.99226683747833,-0.3316,0.0826,26.1182,57.0,-1306.5082256592,-80.7758460613466,-147.87103105147892,-5871.3790351715,0.3241259429996717
BENR_red_99_cutoff_7.5.inp.out,201.26297021627207,-0.3516,0.0567,25.2345,55.0,-1306.6190503656,-178.19772609055673,-87.17841022677857,-5719.3565758486,0.34303563150024274
BENR_red_9_cutoff_7.5.inp.out,204.5878615638742,-0.3484,0.0545,22.7941,45.0,-1310.0295947564,98.71189117704829,150.77104646548145,-4962.4012266004,0.34347276629978296
