file_name,NRE,HOMO,LUMO,Dipole_mom,Num_waters,chg_chg,elec5,elec10,delE_hf,delE_dft
BENR_red_0_cutoff_0.0.inp.out,199.57301333106074,-0.3459,0.0726,0.8816,0.0,-1325.4627260294,1.0112814367603689,-0.5795029957574128,-1556.1533134238,0.3505708901000162
BENR_red_100_cutoff_0.0.inp.out,201.7675835121232,-0.3505,0.0692,0.9507,0.0,-1326.2516838305,2.4030527329046243,7.452707448713695,-1556.9551094167,0.355886526499944
BENR_red_101_cutoff_0.0.inp.out,201.82472252240925,-0.3554,0.0541,1.1423,0.0,-1326.2232444796,0.43672341580123575,7.199798197615323,-1556.9239313977,0.3597351903999879
BENR_red_102_cutoff_0.0.inp.out,201.50686640162655,-0.3784,0.0490,1.1766,0.0,-1325.9402051236,-2.2135202221053545,-3.626983143178944,-1556.6412468663,0.3831659315999332
BENR_red_103_cutoff_0.0.inp.out,200.41107122362075,-0.3298,0.0769,0.9646,0.0,-1325.7887892153,-2.222212289607405,-2.3473534742404873,-1556.4827027927,0.33530514449989823
BENR_red_104_cutoff_0.0.inp.out,201.20686470811518,-0.3601,0.0603,0.6687,0.0,-1326.3807917643,-2.8950074446216365,-2.6953429708946306,-1557.0782289336,0.3666194414001893
BENR_red_105_cutoff_0.0.inp.out,201.00518467288776,-0.3355,0.0773,1.0995,0.0,-1325.3810621104,-1.9985264868378683,-2.4748967735715652,-1556.0788141491,0.34166515240008266
BENR_red_106_cutoff_0.0.inp.out,201.93832153694436,-0.3322,0.0796,1.0013,0.0,-1325.8671392547,-1.8673225007707197,-1.5938185626272314,-1556.5647825931,0.3377590645000055
BENR_red_107_cutoff_0.0.inp.out,200.99638919911195,-0.3297,0.0837,0.4689,0.0,-1325.8044267182,0.49851198108180583,-0.08501254579121763,-1556.5011884687,0.3365924677000294
BENR_red_108_cutoff_0.0.inp.out,201.5354687328706,-0.3289,0.0847,1.2526,0.0,-1325.6857035389,1.3930513016182102,-1.434155432455887,-1556.3894813757,0.3340445205999458
BENR_red_109_cutoff_0.0.inp.out,201.89653539040043,-0.3077,0.1057,0.4910,0.0,-1326.1744334933,-0.1083361692637668,-0.35392740700092823,-1556.8683608575,0.3128835859999981
BENR_red_10_cutoff_0.0.inp.out,205.36399997959637,-0.3368,0.0902,0.6175,0.0,-1325.9277223041,0.23915269121066562,-0.1077658433848403,-1556.6263762379,0.34040995660006956
BENR_red_110_cutoff_0.0.inp.out,201.91405700872969,-0.3458,0.0743,0.6010,0.0,-1325.8196151076,-0.23969543808900518,-1.0887268411406892,-1556.5145871661,0.3511537127999418
BENR_red_111_cutoff_0.0.inp.out,203.01463010432775,-0.3325,0.0988,1.0384,0.0,-1325.9424274692,-0.20155351657925952,-2.872495834414342,-1556.644811954,0.33612807029999203
BENR_red_112_cutoff_0.0.inp.out,202.2589408322996,-0.3521,0.0819,0.5574,0.0,-1325.8965919237,0.8122903472534572,-0.5994798858633396,-1556.6046397812,0.356493234600066
BENR_red_113_cutoff_0.0.inp.out,202.4720663653157,-0.3297,0.0874,0.6866,0.0,-1326.1088323290,2.39995929940706,5.4574172161690715,-1556.8127511062,0.3349306094999065
BENR_red_114_cutoff_0.0.inp.out,200.80446682354312,-0.3112,0.1052,1.0033,0.0,-1325.8548362371,1.0916863303406439,1.517715960155448,-1556.5530784172,0.316082387500046
BENR_red_115_cutoff_0.0.inp.out,200.79385094751578,-0.3422,0.0832,0.5041,0.0,-1325.8531675419,0.0785329700701523,0.22461003951193764,-1556.5479983401,0.347508150999829
BENR_red_116_cutoff_0.0.inp.out,200.66412657038657,-0.3107,0.1089,0.8540,0.0,-1325.7923325504,4.062171655586152,3.290949427146239,-1556.4891060598,0.3169421237998904
BENR_red_117_cutoff_0.0.inp.out,199.84809511027103,-0.3405,0.0812,1.8991,0.0,-1325.8166240646,1.587937144624587,1.9664765371431403,-1556.5085075647,0.34568650199980766
BENR_red_118_cutoff_0.0.inp.out,199.63852327512498,-0.3460,0.0683,0.8278,0.0,-1326.0553675793,-1.5304684565507802,-0.20813898879557133,-1556.7542846431,0.35209897810000257
BENR_red_119_cutoff_0.0.inp.out,199.68057700413047,-0.3495,0.0768,0.7277,0.0,-1325.7161549788,-2.518608325608018,-1.7042134270061557,-1556.4238531956,0.3550089952000235
BENR_red_11_cutoff_0.0.inp.out,205.07203884752056,-0.3613,0.0654,0.7264,0.0,-1325.4816969650,-0.8615056085656319,-0.2637202656414371,-1556.180244929,0.36581079990014587
BENR_red_120_cutoff_0.0.inp.out,201.41218910456317,-0.3265,0.0897,0.5906,0.0,-1326.1258416254,2.463217054911172,4.225114401415741,-1556.8252893252,0.3321166605999224
BENR_red_121_cutoff_0.0.inp.out,200.78659212520893,-0.3244,0.0912,0.4373,0.0,-1325.6526506293,-0.07776862238446475,-0.29463950142658946,-1556.354183257,0.3301606477000405
BENR_red_122_cutoff_0.0.inp.out,201.16343169236976,-0.3398,0.0764,1.1564,0.0,-1325.7447294018,-3.5857101914527227,-2.1908021491458207,-1556.4514829427,0.34610768530001224
BENR_red_123_cutoff_0.0.inp.out,201.17049727726646,-0.3532,0.0823,0.8692,0.0,-1325.5846992556,0.9633233542138692,0.17371365148700713,-1556.2830426875,0.35707124370014753
BENR_red_124_cutoff_0.0.inp.out,202.47217560613822,-0.3278,0.0934,0.9427,0.0,-1325.4333520845,3.3320810574662842,3.109801478880938,-1556.1367361444,0.33339567079997323
BENR_red_125_cutoff_0.0.inp.out,202.02264540992218,-0.3408,0.0661,1.1289,0.0,-1325.3639309308,-1.0095625263971668,-5.436108679183375,-1556.058251092,0.3451504424999712
BENR_red_126_cutoff_0.0.inp.out,202.0990574869129,-0.3400,0.0828,1.3242,0.0,-1325.8822071336,-1.961755778683699,-1.7376192056126392,-1556.5919494138,0.3446429920998071
BENR_red_127_cutoff_0.0.inp.out,202.1806853385485,-0.3605,0.0783,1.2530,0.0,-1325.7428525267,-3.2480358679401875,-1.291186540527992,-1556.4594535826,0.36600594159995126
BENR_red_128_cutoff_0.0.inp.out,202.34719154497915,-0.3658,0.0552,2.0136,0.0,-1325.6384393398,-11.117839084457062,-8.007552316126636,-1556.342801621,0.3702786471001218
BENR_red_129_cutoff_0.0.inp.out,202.4556384724149,-0.3457,0.0779,0.5201,0.0,-1325.7149150151,0.378118707423376,-1.3342351581447538,-1556.4138461885,0.35053337449994615
BENR_red_12_cutoff_0.0.inp.out,204.6068504119644,-0.3290,0.0932,0.6884,0.0,-1325.8006520577,-0.14110482672165295,-2.0885404086115855,-1556.4999913308,0.3348382632998437
BENR_red_130_cutoff_0.0.inp.out,199.66921868806423,-0.3455,0.0732,0.8976,0.0,-1325.4659215821,0.9439209874553846,-0.61053585414882,-1556.1577553589,0.3501915219001148
BENR_red_131_cutoff_0.0.inp.out,199.827348089201,-0.3465,0.0795,1.2172,0.0,-1325.4956714791,-2.0879335419507594,-2.1197566325785826,-1556.2044794561,0.35319253040006515
BENR_red_132_cutoff_0.0.inp.out,199.31352291282866,-0.3457,0.0743,1.0870,0.0,-1325.5773982875,-0.4853907201126362,-1.4983324021432578,-1556.2777997348,0.3503995404998932
BENR_red_133_cutoff_0.0.inp.out,200.47231017396996,-0.3376,0.0791,0.5846,0.0,-1325.0844208180,-0.05457073467459758,-1.188156404494121,-1555.7864925882,0.3436760570998558
BENR_red_134_cutoff_0.0.inp.out,201.18790738034673,-0.3243,0.0879,0.9662,0.0,-1325.8662374106,-4.255787763460127,-8.468896983292238,-1556.5637543227,0.3313301952000529
BENR_red_135_cutoff_0.0.inp.out,200.17369453448424,-0.3459,0.0879,0.9668,0.0,-1325.8748681670,0.73648943436348,-5.736760032523286,-1556.5763912725,0.349873596200041
BENR_red_136_cutoff_0.0.inp.out,201.20933348503732,-0.3302,0.0870,0.7783,0.0,-1325.4447657974,-5.132622725836988,-8.044331677926962,-1556.146697083,0.33713359169996693
BENR_red_137_cutoff_0.0.inp.out,201.38528489015138,-0.3545,0.0641,0.6737,0.0,-1325.7649198524,0.36020594291034336,-0.24322440823414407,-1556.4627023118,0.3608036481000454
BENR_red_138_cutoff_0.0.inp.out,201.25273572437402,-0.3337,0.0794,0.7241,0.0,-1325.6717176375,0.5474559607866701,0.21548740523000853,-1556.3545098357,0.33864656269997795
BENR_red_139_cutoff_0.0.inp.out,202.20402197977023,-0.3227,0.0874,0.8060,0.0,-1325.4525610736,2.72394071399293,4.437832836069545,-1556.153642804,0.3286172488999455
BENR_red_13_cutoff_0.0.inp.out,202.84283269647594,-0.3270,0.1004,1.2128,0.0,-1325.9210312315,-0.38184702469142373,-2.5072813998575065,-1556.6209231722,0.3312113167999087
BENR_red_140_cutoff_0.0.inp.out,201.45060266342196,-0.3156,0.1059,0.6433,0.0,-1325.5582984051,4.663493262455707,3.3588792904154183,-1556.2585255185,0.32145298310001635
BENR_red_141_cutoff_0.0.inp.out,202.60860688815018,-0.3442,0.0859,0.5605,0.0,-1325.0584484945,-0.879390190693074,-0.5356252665760759,-1555.7642452305,0.3490159773000414
BENR_red_142_cutoff_0.0.inp.out,203.78127268804002,-0.3160,0.1004,0.5747,0.0,-1325.4418636464,2.6803606047839965,0.21742162022519093,-1556.1458148275,0.32199934250002116
BENR_red_143_cutoff_0.0.inp.out,202.63126627309322,-0.3263,0.0798,0.8258,0.0,-1325.7698431384,-0.5146127459846576,-1.9780478152942966,-1556.4702076392,0.33134068630010916
BENR_red_144_cutoff_0.0.inp.out,203.54849785125765,-0.3174,0.1093,0.4358,0.0,-1325.4440493750,1.4062369980821274,0.9652418873658392,-1556.1404762454,0.3209864632001427
BENR_red_145_cutoff_0.0.inp.out,203.40199976905907,-0.3501,0.0763,0.5581,0.0,-1325.4273511417,-1.7478157119041076,-0.513769154279376,-1556.1331257951,0.35607496870011346
BENR_red_146_cutoff_0.0.inp.out,202.3799284709551,-0.3249,0.0999,0.8221,0.0,-1325.3657787524,0.5909100788441486,-1.665932804646685,-1556.0628248627,0.32858519589990465
BENR_red_147_cutoff_0.0.inp.out,201.83203889969087,-0.3648,0.0643,0.7213,0.0,-1325.7155312005,0.7825759005761198,0.7623525275308555,-1556.4185638361,0.3700089379999554
BENR_red_148_cutoff_0.0.inp.out,201.26513709350277,-0.3417,0.0904,0.4293,0.0,-1325.9794593967,2.2041957436055872,0.871266161090374,-1556.685921077,0.3475009656999646
BENR_red_149_cutoff_0.0.inp.out,200.91749825984968,-0.3291,0.0963,0.6401,0.0,-1325.6812495533,3.458361541044627,0.48553616688293544,-1556.3786414634,0.33436930120001307
BENR_red_14_cutoff_0.0.inp.out,201.68427047626824,-0.3287,0.0937,0.4733,0.0,-1325.6635653624,1.6430622750356139,-0.6300149823458592,-1556.3702763725,0.3358120958998825
BENR_red_150_cutoff_0.0.inp.out,201.32719571950793,-0.3546,0.0674,0.5057,0.0,-1325.8735490972,1.228870819690962,1.0953600329666828,-1556.5751448729,0.35951283849999527
BENR_red_151_cutoff_0.0.inp.out,200.5103940913514,-0.3546,0.0602,1.2726,0.0,-1325.5006137072,0.6299896970539504,1.3380255042128162,-1556.1884467275,0.3596346807998998
BENR_red_152_cutoff_0.0.inp.out,200.93666975829112,-0.3526,0.0803,1.4349,0.0,-1325.6969197712,-1.0970995079688377,-1.3113909685625895,-1556.3983816586,0.35834775419994
BENR_red_153_cutoff_0.0.inp.out,201.08769086210359,-0.3456,0.0812,0.3017,0.0,-1325.3674761100,0.3268629437089244,-1.0997483431813253,-1556.0621794225,0.34984534490013175
BENR_red_154_cutoff_0.0.inp.out,201.2315255050344,-0.3362,0.0829,0.9103,0.0,-1325.4796677271,-8.098916262306524,-8.37619222069022,-1556.1726263815,0.3403803401999994
BENR_red_155_cutoff_0.0.inp.out,201.3883488844699,-0.3530,0.0792,0.5470,0.0,-1325.5996014773,1.2778377095045772,2.1780975211213702,-1556.3066987925,0.3577303836000283
BENR_red_156_cutoff_0.0.inp.out,201.60641777722833,-0.3061,0.1060,0.6718,0.0,-1325.7233748146,-1.2991223214767469,-1.941783892124229,-1556.4294013886,0.3130896172001485
BENR_red_157_cutoff_0.0.inp.out,200.2547136170578,-0.3532,0.0784,0.6091,0.0,-1325.8184052058,0.10216419101983099,-2.125168016106018,-1556.5186584677,0.3585039646000041
BENR_red_158_cutoff_0.0.inp.out,200.11941717919333,-0.3660,0.0599,0.7806,0.0,-1326.0905693314,-0.3300217457162098,-3.0625347593616814,-1556.7984457865,0.3725279550999403
BENR_red_159_cutoff_0.0.inp.out,200.1907309872689,-0.3362,0.0815,0.6452,0.0,-1325.9884440238,3.5177190801639595,2.5725503992834855,-1556.6883440606,0.3417417865000516
BENR_red_15_cutoff_0.0.inp.out,200.9568481913158,-0.3320,0.0972,0.9188,0.0,-1325.4686014956,-1.9090062394410066,-5.862854054892587,-1556.1684608615,0.3366222912000012
BENR_red_160_cutoff_0.0.inp.out,199.6487527631102,-0.3460,0.0807,0.7758,0.0,-1325.9058460943,-10.53063392889148,-9.849107939917559,-1556.6003402676,0.3512624775000859
BENR_red_161_cutoff_0.0.inp.out,200.17112886263948,-0.3497,0.0718,1.2614,0.0,-1325.9187120872,-2.7563930594880284,-1.8586304682917258,-1556.6312991693,0.35605182039989813
BENR_red_162_cutoff_0.0.inp.out,200.3019982953126,-0.3448,0.0840,1.1885,0.0,-1325.5850874596,2.3836449793059304,4.53622484091497,-1556.3025817797,0.35166395390001526
BENR_red_163_cutoff_0.0.inp.out,200.2182839749192,-0.3436,0.0897,1.0380,0.0,-1325.6137904884,1.523594170010619,0.8937456057354628,-1556.3080102024,0.34726599779992284
BENR_red_164_cutoff_0.0.inp.out,200.31203886975712,-0.3488,0.0869,0.6591,0.0,-1325.8349738351,0.24640647900594492,-0.7285775300064661,-1556.5398029664,0.35390834960003303
BENR_red_165_cutoff_0.0.inp.out,200.82909534821033,-0.3610,0.0650,0.5064,0.0,-1326.0096061153,1.7449145699725115,0.8440327312686448,-1556.7192386049,0.36862997220009674
BENR_red_166_cutoff_0.0.inp.out,200.53730251498385,-0.3436,0.0813,0.8734,0.0,-1325.8153158521,6.103598667362347,4.944036543417571,-1556.5137200127,0.3497300387998621
BENR_red_167_cutoff_0.0.inp.out,201.91117329176453,-0.3384,0.0944,0.7565,0.0,-1325.9912623707,1.748257336154418,1.2774771177979665,-1556.7024618959,0.34427564780003195
BENR_red_168_cutoff_0.0.inp.out,202.36786238543803,-0.3349,0.0864,0.5401,0.0,-1325.8197696332,-0.0790788794690892,1.485999660335669,-1556.5202130821,0.3409786315000929
BENR_red_169_cutoff_0.0.inp.out,201.1153952397848,-0.3450,0.0858,0.5284,0.0,-1325.4748140206,-2.6102683522975276,-2.7109720987820722,-1556.1833409545,0.3503486185998099
BENR_red_16_cutoff_0.0.inp.out,201.84673515578197,-0.3515,0.0703,0.4090,0.0,-1325.7277590799,-1.328909962723865,-0.25746414278616003,-1556.4312068049,0.3586443412000335
BENR_red_170_cutoff_0.0.inp.out,200.6723042124817,-0.3361,0.0935,0.4984,0.0,-1325.8435510935,3.0725756272732534,1.1018634661300686,-1556.5451569748,0.3419233989998247
BENR_red_171_cutoff_0.0.inp.out,200.35869220862324,-0.3356,0.0881,0.2805,0.0,-1325.4736422555,-0.9319430122290097,-1.2729184115151833,-1556.1792006471,0.34244317539992153
BENR_red_172_cutoff_0.0.inp.out,200.43038618468967,-0.3390,0.0887,0.6413,0.0,-1325.9212438262,0.11319432210876298,-0.19814927514226555,-1556.6300233827,0.3451123070999529
BENR_red_173_cutoff_0.0.inp.out,200.97322129333105,-0.3440,0.0858,0.2219,0.0,-1326.2366343115,1.9791373863285109,-0.8908899681654614,-1556.9402081752,0.3489217409999128
BENR_red_174_cutoff_0.0.inp.out,200.66001586209046,-0.3255,0.0975,0.8200,0.0,-1326.0054091633,3.0935485421524955,1.6654228617539433,-1556.7094217254,0.3312663799999882
BENR_red_175_cutoff_0.0.inp.out,201.29139091104085,-0.3541,0.0712,0.8082,0.0,-1326.4571111091,-1.2054585746979805,-2.389370521784316,-1557.1548764206,0.3594139991000702
BENR_red_176_cutoff_0.0.inp.out,200.05724088958326,-0.3368,0.0757,0.9831,0.0,-1326.2285053420,-0.048399215075041024,-1.5425081426512728,-1556.9186673929,0.3424850507001338
BENR_red_177_cutoff_0.0.inp.out,200.83965459118548,-0.3363,0.0822,0.5313,0.0,-1325.9922046579,0.8855011856186934,-0.08233869719768427,-1556.6898580816,0.34218560549993526
BENR_red_178_cutoff_0.0.inp.out,201.88087675942137,-0.3542,0.0741,0.7126,0.0,-1325.5816851420,0.8827927336364734,1.333689323548794,-1556.2826649057,0.3589334774001145
BENR_red_179_cutoff_0.0.inp.out,202.64069033946126,-0.3385,0.0852,0.6512,0.0,-1325.8953127552,3.104277303812333,3.0526212638148373,-1556.5943922581,0.34409162190013376
BENR_red_17_cutoff_0.0.inp.out,202.53884672328695,-0.3320,0.0921,0.3331,0.0,-1325.6949319547,4.1371526836362005,2.3558462261402604,-1556.3959591391,0.33762606589993993
BENR_red_180_cutoff_0.0.inp.out,199.65450606153405,-0.3456,0.0730,0.8907,0.0,-1325.4745984611,1.008542999715184,-0.5221150051753305,-1556.1655911647,0.35033942170002774
BENR_red_181_cutoff_0.0.inp.out,199.83763022892495,-0.3286,0.0935,1.0334,0.0,-1325.4413655672,-0.9784370713596874,-1.4514550272247428,-1556.1433972058,0.33536366319981425
BENR_red_182_cutoff_0.0.inp.out,199.49721187480304,-0.3379,0.0798,0.6853,0.0,-1325.9488962044,-0.24119360815209273,-1.0338825311127364,-1556.6474300791,0.34434848140017493
BENR_red_183_cutoff_0.0.inp.out,199.90488191659406,-0.3509,0.0792,0.4196,0.0,-1325.8038013351,-0.8795649380225089,-2.012298625533899,-1556.506611192,0.3559162018000279
BENR_red_184_cutoff_0.0.inp.out,201.3577066862825,-0.3480,0.0711,0.6181,0.0,-1326.0037975531,-0.5608331721279877,-2.1564091651869504,-1556.7040275382,0.35448064159982096
BENR_red_185_cutoff_0.0.inp.out,201.4607593630429,-0.3509,0.0778,0.4742,0.0,-1326.1609123070,0.640972048357078,-0.3715246009007014,-1556.8626108182,0.3554967206000583
BENR_red_186_cutoff_0.0.inp.out,202.30302703808687,-0.3352,0.0677,1.1393,0.0,-1326.6334386817,2.66594282646909,2.9328658439813693,-1557.3229186292,0.34073454649978885
BENR_red_187_cutoff_0.0.inp.out,203.24201155933335,-0.3490,0.0745,0.7785,0.0,-1325.9924789008,3.640166862164437,2.4020707050928474,-1556.6925453237,0.35409611459999724
BENR_red_188_cutoff_0.0.inp.out,201.85450792701494,-0.3517,0.0796,0.5840,0.0,-1326.0701987232,-0.9338336053093099,-2.5138534382353575,-1556.7687413575,0.3569433682998806
BENR_red_189_cutoff_0.0.inp.out,202.0823210749192,-0.3614,0.0692,0.5709,0.0,-1326.2389568480,-0.707435245047171,-2.663653493729606,-1556.9364146131,0.3671975588999885
BENR_red_18_cutoff_0.0.inp.out,202.44035313658546,-0.3550,0.0745,0.5276,0.0,-1326.1240518042,-4.275740155710551,-8.216522075516975,-1556.8286523507,0.35870400189992324
BENR_red_190_cutoff_0.0.inp.out,201.36958259277725,-0.3579,0.0799,0.7782,0.0,-1325.8435557406,-2.769137580693811,-3.170866077930789,-1556.5530686416,0.36310760009996557
BENR_red_191_cutoff_0.0.inp.out,200.61773635489604,-0.3542,0.0751,0.8440,0.0,-1325.6537514843,-6.0318352444831485,-12.661911556038497,-1556.3580653289,0.35984068679999837
BENR_red_192_cutoff_0.0.inp.out,200.1635647723746,-0.3343,0.0894,1.0155,0.0,-1325.8131922116,-4.58854217027316,-6.924973701386183,-1556.5150733215,0.33947489269985454
BENR_red_193_cutoff_0.0.inp.out,199.01247313863465,-0.3325,0.0896,1.5928,0.0,-1325.8904722894,-3.04888894939151,-3.757100051192215,-1556.5884668147,0.3377485119001449
BENR_red_194_cutoff_0.0.inp.out,198.69705742501438,-0.3324,0.0807,1.0207,0.0,-1326.0197094873,1.5066825454879962,0.7934246677009114,-1556.7147882858,0.3380719853998926
BENR_red_195_cutoff_0.0.inp.out,198.68329385349674,-0.3405,0.0834,0.3397,0.0,-1326.0060589768,-0.7034451649588751,-2.3465400599464554,-1556.7106937652,0.34648019530004603
BENR_red_196_cutoff_0.0.inp.out,198.93203756183408,-0.3266,0.0946,1.3764,0.0,-1325.9422840092,-5.227509509406766,-12.89219159109452,-1556.6454841582,0.33239374959998713
BENR_red_197_cutoff_0.0.inp.out,199.61917113841218,-0.3181,0.1043,0.3675,0.0,-1326.0497692522,-0.26961870645014063,-5.390065957703453,-1556.7410290002,0.3225290497998685
BENR_red_198_cutoff_0.0.inp.out,201.3093482266835,-0.3187,0.0925,0.5761,0.0,-1325.7770919227,-3.7533933545056057,-7.070091019811395,-1556.4822512583,0.3246750097000586
BENR_red_199_cutoff_0.0.inp.out,199.86533873222731,-0.3448,0.0717,0.6351,0.0,-1326.0288829379,2.443655189194065,2.750559198169369,-1556.7200133334,0.34980762260011034
BENR_red_19_cutoff_0.0.inp.out,202.3863229742954,-0.3352,0.0724,0.9681,0.0,-1326.0858546426,6.228545703893286,5.639160005953239,-1556.7955757747,0.342489227499982
BENR_red_1_cutoff_0.0.inp.out,200.17304293178853,-0.3379,0.0792,1.2140,0.0,-1325.4972831538,-1.139521305759352,-2.6429246366425545,-1556.1972974487,0.3446753271000489
BENR_red_200_cutoff_0.0.inp.out,200.1656795175233,-0.3304,0.0885,0.7854,0.0,-1326.0987554801,0.45959851720593603,0.6589380829557878,-1556.7964319517,0.3368240129000242
BENR_red_201_cutoff_0.0.inp.out,200.07370555927335,-0.3300,0.0953,0.3640,0.0,-1326.0127715019,1.5594689241954165,2.072688413934697,-1556.7140634059,0.3358760825999525
BENR_red_202_cutoff_0.0.inp.out,200.0031353958651,-0.3175,0.1111,0.5330,0.0,-1325.7389796703,5.620963018574552,6.275807553248229,-1556.4484841891,0.3224396262000937
BENR_red_203_cutoff_0.0.inp.out,200.37484671692846,-0.3277,0.1026,0.8297,0.0,-1325.9901294936,2.5907767453127906,1.5014234002707403,-1556.6979447841,0.33467466109982524
BENR_red_204_cutoff_0.0.inp.out,199.81739998602438,-0.3336,0.0867,0.2107,0.0,-1325.6861858870,3.978752648966691,2.8368730823706936,-1556.3893341433,0.3384505303001788
BENR_red_205_cutoff_0.0.inp.out,201.62801012061308,-0.3428,0.0777,0.8571,0.0,-1325.6847257580,4.773954833781914,6.414684197867498,-1556.3947436179,0.3482089692001864
BENR_red_206_cutoff_0.0.inp.out,201.55261143492268,-0.3350,0.0791,0.4631,0.0,-1325.8072535399,-0.3483503510814301,0.6193581438334793,-1556.5025873119,0.3406228095998358
BENR_red_207_cutoff_0.0.inp.out,201.55916489124905,-0.3413,0.0862,1.1011,0.0,-1325.2172477781,2.4701739698256118,2.94672974825439,-1555.9167639035,0.3464015181000377
BENR_red_208_cutoff_0.0.inp.out,201.17085171905933,-0.3468,0.0762,1.7047,0.0,-1325.5438994877,-1.4717365298720189,2.1993181097498824,-1556.2467941499,0.353959733100055
BENR_red_209_cutoff_0.0.inp.out,201.50408978716337,-0.3351,0.0862,1.5070,0.0,-1325.5097209605,2.726918593262628,3.764978802473073,-1556.2074546996,0.3411144793999483
BENR_red_20_cutoff_0.0.inp.out,199.6242185123365,-0.3460,0.0729,0.8864,0.0,-1325.4736891735,0.9340029777041858,-0.5361752669862466,-1556.1656306381,0.35078570709993073
BENR_red_210_cutoff_0.0.inp.out,201.60420238939173,-0.3479,0.0781,1.2750,0.0,-1325.7178665642,-0.6495102790210248,0.5237151190185356,-1556.4161791598,0.3528163898999992
BENR_red_211_cutoff_0.0.inp.out,201.69950532110187,-0.3384,0.0879,0.6735,0.0,-1325.5823488197,2.1301497824125866,1.3280873691686315,-1556.2773543806,0.34312295009999616
BENR_red_212_cutoff_0.0.inp.out,200.28155572283316,-0.3302,0.0764,1.0809,0.0,-1325.5263944487,-0.48718449417528925,4.824942977021149,-1556.2109010934,0.33691584539997166
BENR_red_213_cutoff_0.0.inp.out,198.90114291899863,-0.3261,0.0722,1.0046,0.0,-1325.8441915011,-0.26888989941083496,2.0652134870331404,-1556.5270325406,0.33240932739977325
BENR_red_214_cutoff_0.0.inp.out,199.09294681177022,-0.3191,0.0850,1.0402,0.0,-1325.5708633411,4.293363562337588,4.485179354001779,-1556.2493393012,0.3276656105999791
BENR_red_215_cutoff_0.0.inp.out,198.7249753790157,-0.3092,0.1058,0.7335,0.0,-1325.6213885379,3.133358531127342,4.046415977915118,-1556.3002507043,0.3151086062000559
BENR_red_216_cutoff_0.0.inp.out,199.28889774720318,-0.3382,0.0763,0.5053,0.0,-1325.3358604784,-8.557955741945289,-7.902884536251255,-1556.0206242559,0.3435730159999366
BENR_red_217_cutoff_0.0.inp.out,199.7428638666094,-0.3463,0.0712,0.8302,0.0,-1325.6522718091,5.241347556517346,4.415641935325534,-1556.3425374942,0.3526114159001281
BENR_red_218_cutoff_0.0.inp.out,199.86447486928301,-0.3555,0.0619,0.5305,0.0,-1324.9248800314,0.4291026340694244,1.914174760794702,-1555.6189763757,0.3608396570000423
BENR_red_219_cutoff_0.0.inp.out,200.60866303498324,-0.3494,0.0554,0.8218,0.0,-1325.4160276553,5.529603581961752,12.735624145057182,-1556.1066609002,0.3551030198998433
BENR_red_21_cutoff_0.0.inp.out,200.03756956601893,-0.3410,0.0806,1.3799,0.0,-1325.5322956780,-2.6778751315874074,-3.924375788200345,-1556.2397181122,0.3477187992000381
BENR_red_220_cutoff_0.0.inp.out,201.31533980995005,-0.3388,0.0883,0.7741,0.0,-1325.3500979680,-1.7253524873913502,-2.4233440992073008,-1556.0575502081,0.3453794759000175
BENR_red_221_cutoff_0.0.inp.out,202.59592729134707,-0.3589,0.0718,0.4082,0.0,-1325.1073657344,4.304969173498725,4.193501392217592,-1555.813786828,0.36363182680020145
BENR_red_222_cutoff_0.0.inp.out,204.0221310403483,-0.3656,0.0694,0.2142,0.0,-1325.1376638612,0.6788117831957791,0.9423495655289134,-1555.8424868002,0.37082631919997766
BENR_red_223_cutoff_0.0.inp.out,204.54876005815396,-0.3578,0.0698,2.2259,0.0,-1324.9435511632,0.04932151834638848,5.283097462837451,-1555.6566972147,0.361742504599988
BENR_red_224_cutoff_0.0.inp.out,204.37717453089942,-0.3318,0.0738,0.8578,0.0,-1325.2931140842,1.1444173435354574,0.7657246837051135,-1555.9933256233,0.3367607414002123
BENR_red_225_cutoff_0.0.inp.out,203.20748728932804,-0.3691,0.0659,0.9196,0.0,-1324.8541552119,-2.4962250918546025,-2.359748790623475,-1555.5633799468,0.3739036356998895
BENR_red_226_cutoff_0.0.inp.out,201.8477747571008,-0.3589,0.0746,0.4942,0.0,-1325.1437966831,5.849371781534664,2.7468018746321077,-1555.841772106,0.36451226220015087
BENR_red_227_cutoff_0.0.inp.out,201.78220277728866,-0.3228,0.1066,0.7714,0.0,-1325.1077810517,2.1589065778475605,-1.1391916966928923,-1555.8121793629,0.3288735537998946
BENR_red_228_cutoff_0.0.inp.out,200.11354766008367,-0.3380,0.0873,0.8760,0.0,-1325.5827998028,0.07879705192227932,1.4925701722863398,-1556.2723327866,0.34331345760006116
BENR_red_229_cutoff_0.0.inp.out,200.2897030257201,-0.3312,0.0861,1.5118,0.0,-1325.2085269470,-1.4197958604500776,-0.7594111037696298,-1555.9090725511,0.3367098188998625
BENR_red_22_cutoff_0.0.inp.out,199.75822390485246,-0.3481,0.0683,0.9365,0.0,-1325.5384531416,-2.6726377065900575,-1.815932688427635,-1556.2375825898,0.35386233250005716
BENR_red_230_cutoff_0.0.inp.out,202.22806260803523,-0.3517,0.0735,1.2706,0.0,-1325.5918579136,-1.769276001675952,-1.7619131272929835,-1556.2974842648,0.3565428655999767
BENR_red_231_cutoff_0.0.inp.out,202.13658061334527,-0.3357,0.0753,0.8650,0.0,-1325.6489117288,0.4291123956132628,1.7260892810680915,-1556.3497036098,0.34163845200009746
BENR_red_232_cutoff_0.0.inp.out,201.04995289220142,-0.3263,0.1053,0.6628,0.0,-1326.0513330216,-5.4129342569936885,-5.822166292556267,-1556.7513409916,0.33110189080002783
BENR_red_233_cutoff_0.0.inp.out,202.36691996231554,-0.3398,0.0727,0.9682,0.0,-1325.8565431710,-4.785507497067199,-3.1429530567995374,-1556.5576288601,0.34504195880003863
BENR_red_234_cutoff_0.0.inp.out,201.1302948889707,-0.3539,0.0857,1.1248,0.0,-1325.7364617582,-1.9746814825593066,-2.281573409357742,-1556.4455086589,0.35785391379999965
BENR_red_235_cutoff_0.0.inp.out,200.6685770562638,-0.3479,0.0860,0.8391,0.0,-1325.2790165689,0.9970726806552895,0.8984402703699803,-1555.984547303,0.3528433880001103
BENR_red_236_cutoff_0.0.inp.out,200.43960533628342,-0.3320,0.0952,1.2092,0.0,-1325.7716409926,-0.2049775692357455,-4.137343536402958,-1556.4688533581,0.3373414406999018
BENR_red_237_cutoff_0.0.inp.out,201.16374159605576,-0.3605,0.0679,0.9427,0.0,-1324.9896737744,-5.453149050254928,-7.232689505083076,-1555.7011557755,0.3660323118999713
BENR_red_238_cutoff_0.0.inp.out,202.24948671662023,-0.3272,0.1042,0.9652,0.0,-1325.3136836771,0.7598323336629373,-8.420292044125343,-1556.0164118985,0.3324093345001984
BENR_red_239_cutoff_0.0.inp.out,201.90350044870314,-0.3576,0.0782,0.9391,0.0,-1325.7630604501,-0.24599626121460916,-1.7303970828478623,-1556.4694976419,0.3615484930999173
BENR_red_23_cutoff_0.0.inp.out,201.50338851707627,-0.3484,0.0791,0.8823,0.0,-1325.4403519476,-2.3747273285940786,-4.675875015053592,-1556.1485614464,0.35417436700004146
BENR_red_240_cutoff_0.0.inp.out,199.64451332696228,-0.3459,0.0727,0.8862,0.0,-1325.4648460752,1.0283899915904458,-0.5989873464398651,-1556.1569014552,0.35064624519986864
BENR_red_241_cutoff_0.0.inp.out,200.15847322767746,-0.3454,0.0784,1.1163,0.0,-1325.6687250982,-2.0420244684351814,-2.012623118586423,-1556.3730204772,0.35206632249992253
BENR_red_242_cutoff_0.0.inp.out,199.28367057359023,-0.3513,0.0627,1.3829,0.0,-1325.9150435466,-5.657378454942694,-5.538272312064528,-1556.6178211469,0.35805985319984757
BENR_red_243_cutoff_0.0.inp.out,199.18600746244573,-0.3574,0.0723,0.7142,0.0,-1325.5377753168,-2.398501122954052,-1.298699674976168,-1556.2403629793,0.36289509230005024
BENR_red_244_cutoff_0.0.inp.out,200.69170715524479,-0.3318,0.0900,1.2846,0.0,-1325.7261265204,-0.8514545916800208,-1.372560595296624,-1556.4291369257,0.33856142790000376
BENR_red_245_cutoff_0.0.inp.out,200.75932417595587,-0.3516,0.0799,1.0081,0.0,-1325.6318151729,1.6460635670411419,1.2815357574557238,-1556.3375072851,0.35595474130013827
BENR_red_246_cutoff_0.0.inp.out,200.45758138006232,-0.3381,0.0857,0.5499,0.0,-1325.5093338638,2.2483950835128574,1.920366613969639,-1556.2094838454,0.3436455819000912
BENR_red_247_cutoff_0.0.inp.out,201.56968388947243,-0.3311,0.0954,0.5051,0.0,-1325.7078501925,-0.7440227328318396,-2.1610295934827772,-1556.4200786877,0.33717299449995153
BENR_red_248_cutoff_0.0.inp.out,201.29517604435006,-0.3361,0.0876,0.3958,0.0,-1325.6852045868,1.9606419094725769,1.9746810778811676,-1556.3904614983,0.34057872779999343
BENR_red_249_cutoff_0.0.inp.out,202.19377567797233,-0.3484,0.0794,0.6305,0.0,-1325.6110005927,2.812931846255611,4.665822177157891,-1556.3165833811,0.3533358931001658
BENR_red_24_cutoff_0.0.inp.out,202.28979518128006,-0.3457,0.0707,0.4187,0.0,-1325.5241939814,-7.79899661653645,-8.580996917970134,-1556.222318373,0.3525070533999042
BENR_red_250_cutoff_0.0.inp.out,202.28629635694782,-0.3319,0.0945,0.5912,0.0,-1325.6386048328,1.6631448313710249,2.47973532175314,-1556.3554915685,0.33660980009995
BENR_red_251_cutoff_0.0.inp.out,202.03616726157725,-0.3472,0.0808,0.7325,0.0,-1325.5651946967,3.9425278052630506,6.7548063359694375,-1556.2626744545,0.3516387193999435
BENR_red_252_cutoff_0.0.inp.out,202.33446093127242,-0.3529,0.0750,0.8357,0.0,-1325.7250672219,-3.4422445661015098,-7.161512836544515,-1556.4300178662,0.358641561299919
BENR_red_253_cutoff_0.0.inp.out,201.66207338407236,-0.3525,0.0655,0.9372,0.0,-1325.6393537425,-2.2921196665363923,-2.756429420835932,-1556.3309192371,0.3574041404001491
BENR_red_254_cutoff_0.0.inp.out,202.2993958646825,-0.3399,0.0825,0.6731,0.0,-1325.9346764757,0.9736090491464074,0.4520810901854295,-1556.6412458382,0.34503414520008846
BENR_red_255_cutoff_0.0.inp.out,201.94940005601697,-0.3444,0.0823,0.8030,0.0,-1325.8819944460,-0.5868952304336637,-2.1378670655165806,-1556.5870604396,0.3500409061998653
BENR_red_256_cutoff_0.0.inp.out,202.40544009223748,-0.3460,0.0742,1.0992,0.0,-1325.9236741789,-2.204162088285381,-4.852944841969796,-1556.6208375556,0.3512176766000721
BENR_red_257_cutoff_0.0.inp.out,201.3623072658776,-0.3460,0.0706,1.2066,0.0,-1325.8241002641,-1.088725479312674,-5.587074322077221,-1556.5191238666,0.35150057920009203
BENR_red_258_cutoff_0.0.inp.out,201.47663802631317,-0.3431,0.0736,0.7192,0.0,-1325.8277946826,2.6102765245732136,2.5696598845909833,-1556.5314958882,0.3496426551998866
BENR_red_259_cutoff_0.0.inp.out,200.91588469422064,-0.3423,0.0847,1.0077,0.0,-1325.7196783714,9.738169376705029,10.537442660290202,-1556.4197479668,0.3480275343001722
BENR_red_25_cutoff_0.0.inp.out,202.75978001034534,-0.3372,0.0869,0.7766,0.0,-1325.7227481709,-6.468546356675588,-6.961993932798852,-1556.4295765074,0.34265550600002825
BENR_red_260_cutoff_0.0.inp.out,201.36200307307394,-0.3385,0.0691,1.3003,0.0,-1325.5479604119,7.044259309918228,6.5033638260482,-1556.2472836726,0.345040383900141
BENR_red_261_cutoff_0.0.inp.out,200.7023936733064,-0.3492,0.0764,0.7002,0.0,-1325.7645687463,1.7808336855454983,3.374008664090829,-1556.4648948179,0.35363710850015195
BENR_red_262_cutoff_0.0.inp.out,201.28899137096462,-0.3384,0.0873,0.8306,0.0,-1325.2963136782,-6.1740090841310495,-7.60896741696445,-1556.0000377315,0.343984719099808
BENR_red_263_cutoff_0.0.inp.out,202.03564901834423,-0.3296,0.0923,0.3697,0.0,-1325.4778542320,0.4808247682503664,-1.7121071020449108,-1556.1816634946,0.3356118434999189
BENR_red_264_cutoff_0.0.inp.out,200.9980503953724,-0.3378,0.0939,1.2612,0.0,-1325.7976095865,11.68767037382921,14.614155755598407,-1556.4978410337,0.34245233050000934
BENR_red_265_cutoff_0.0.inp.out,201.1069571071995,-0.3360,0.0875,1.6607,0.0,-1325.9064307080,6.646931973054957,17.36341069255098,-1556.6237790793,0.3411982826999065
BENR_red_266_cutoff_0.0.inp.out,200.85016985171805,-0.3490,0.0788,0.7995,0.0,-1325.6754050666,0.6924879232096761,6.80873125379441,-1556.3727370208,0.3551886474999719
BENR_red_267_cutoff_0.0.inp.out,200.4980879671704,-0.3470,0.0857,1.1733,0.0,-1325.7042220292,-0.425317949759502,4.691744522824967,-1556.4090476757,0.352095144399982
BENR_red_268_cutoff_0.0.inp.out,200.12469477487107,-0.3121,0.1094,0.2869,0.0,-1325.5134966963,5.671837002710736,6.993417443753478,-1556.2166486458,0.31782509639992895
BENR_red_269_cutoff_0.0.inp.out,201.1617861332413,-0.3588,0.0642,0.5632,0.0,-1325.8987459481,5.298479713340195,12.499348171234042,-1556.6085718535,0.363635799199983
BENR_red_26_cutoff_0.0.inp.out,203.60683410298572,-0.3569,0.0727,0.8076,0.0,-1325.6071612380,-6.299171992435996,-3.556847517154961,-1556.3068226524,0.3632970464000209
BENR_red_270_cutoff_0.0.inp.out,201.53815779349057,-0.3271,0.0988,0.7705,0.0,-1325.7164759667,7.219522297100092,7.270687548807468,-1556.4272002464,0.33312666350002473
BENR_red_271_cutoff_0.0.inp.out,201.26699657182618,-0.3520,0.0744,0.5387,0.0,-1325.8410044837,1.5044493356454565,2.9367313149503538,-1556.5492139441,0.3566235499999948
BENR_red_272_cutoff_0.0.inp.out,202.0218373643986,-0.3543,0.0747,0.7789,0.0,-1325.8702602962,2.6197910528645245,0.7618226933599199,-1556.5797961423,0.35927402419997634
BENR_red_273_cutoff_0.0.inp.out,202.3017935800951,-0.3359,0.0934,0.8807,0.0,-1326.1982127228,-0.6873902537468171,0.42670944830885704,-1556.9063719942,0.34045727960005934
BENR_red_274_cutoff_0.0.inp.out,201.91674885606741,-0.3320,0.0987,0.4168,0.0,-1325.7975933053,-2.411826371229604,-6.876989206800358,-1556.5074650738,0.33672451999996156
BENR_red_275_cutoff_0.0.inp.out,202.6377398740051,-0.3275,0.0825,1.1520,0.0,-1326.0683585817,-4.496824640054279,-8.059479895690165,-1556.7708545439,0.3321562994001397
BENR_red_276_cutoff_0.0.inp.out,202.3231614676036,-0.3135,0.1033,0.9718,0.0,-1325.8218669965,1.005489277555018,-1.9294769847036572,-1556.5214289416,0.31834024869999666
BENR_red_277_cutoff_0.0.inp.out,201.47773293280682,-0.3279,0.0855,1.4015,0.0,-1325.5157602700,-15.76259573424372,-18.35606797085845,-1556.2119242079,0.33261354790010955
BENR_red_278_cutoff_0.0.inp.out,203.18956724335604,-0.3440,0.0722,0.9220,0.0,-1325.7430453246,-4.217598645567304,-6.4281815917267435,-1556.4391321673,0.34862434709998524
BENR_red_279_cutoff_0.0.inp.out,202.32390649719432,-0.3280,0.0967,0.5114,0.0,-1325.5675296683,1.6683068956930267,-0.9192943588335024,-1556.2689118947,0.3324899588999415
BENR_red_27_cutoff_0.0.inp.out,203.47305384945977,-0.3615,0.0782,0.4373,0.0,-1325.8599396950,0.30617557180187027,-0.25259725091256635,-1556.5708885292,0.36606074680003076
BENR_red_280_cutoff_0.0.inp.out,203.4668605046554,-0.3610,0.0701,0.9529,0.0,-1325.4495195919,-1.9087510295662944,-3.6512362935422678,-1556.1498328557,0.36520686630001364
BENR_red_281_cutoff_0.0.inp.out,203.452971334209,-0.3409,0.0940,0.9145,0.0,-1325.5505998980,-2.1097951153238634,-1.4430182789839163,-1556.2568556806,0.3457997758998772
BENR_red_282_cutoff_0.0.inp.out,202.92557640127708,-0.3537,0.0711,1.7470,0.0,-1325.3715507761,-3.8207913342580113,-5.952409621232852,-1556.0758747063,0.357735590700031
BENR_red_283_cutoff_0.0.inp.out,202.49486845181366,-0.3649,0.0598,0.8331,0.0,-1324.9560691615,-2.1696708287844357,-3.8673437868245313,-1555.651461445,0.3699001935999604
BENR_red_284_cutoff_0.0.inp.out,201.87092740984997,-0.3447,0.0681,1.1780,0.0,-1325.4305528236,-3.4416458822070206,-5.5954119487305025,-1556.1207828887,0.3508160344999851
BENR_red_285_cutoff_0.0.inp.out,200.91763277323727,-0.3292,0.0904,0.7711,0.0,-1325.3988947847,-1.32704817035135,-2.8215202196006683,-1556.0913867286,0.33395948530005626
BENR_red_286_cutoff_0.0.inp.out,201.35494541015484,-0.3327,0.0949,0.5207,0.0,-1325.2755448447,-0.9762898046862799,-1.4179621062420504,-1555.971888447,0.3376192606001496
BENR_red_287_cutoff_0.0.inp.out,200.84049446183192,-0.3557,0.0614,0.3817,0.0,-1325.5970897390,1.1697472352970681,0.1946607548508924,-1556.2841669588,0.36154006130004746
BENR_red_288_cutoff_0.0.inp.out,200.31193656470887,-0.3224,0.0934,0.8592,0.0,-1324.7692588427,1.9607401743670132,2.904398328787622,-1555.4544078113,0.32704354690008586
BENR_red_289_cutoff_0.0.inp.out,200.63053548441206,-0.3514,0.0722,0.4246,0.0,-1325.1325952053,2.2157023509627014,2.0218887988953735,-1555.8239143992,0.3573756137998316
BENR_red_28_cutoff_0.0.inp.out,203.52805730003647,-0.3262,0.0881,0.3069,0.0,-1326.0154634185,3.4833258997027037,0.6454260561123001,-1556.7110974015,0.3302109368000856
BENR_red_290_cutoff_0.0.inp.out,199.77559526878275,-0.3457,0.0728,0.8866,0.0,-1325.4735156053,0.9146076798652512,-0.502513026471973,-1556.1654683115,0.3505268182000236
BENR_red_291_cutoff_0.0.inp.out,199.54932695763313,-0.3364,0.0879,1.1145,0.0,-1325.3884183042,-1.1853481444002358,-1.7128240191535435,-1556.0955120662,0.3428532225998424
BENR_red_292_cutoff_0.0.inp.out,198.1301455647365,-0.3462,0.0631,0.6213,0.0,-1325.6742432416,-2.59391062802754,-1.0521924398036815,-1556.3577717059,0.3528669789000105
BENR_red_293_cutoff_0.0.inp.out,198.36908554625467,-0.3398,0.0864,0.2509,0.0,-1325.5091300698,1.1323642198474257,0.6725662715700144,-1556.2006075094,0.3448067654001079
BENR_red_294_cutoff_0.0.inp.out,199.6345083534116,-0.3063,0.0977,0.3358,0.0,-1325.1998672654,-0.23086617905608792,-0.665609831455539,-1555.8835445081,0.3135518066999339
BENR_red_295_cutoff_0.0.inp.out,200.59153749744556,-0.3417,0.0774,0.8707,0.0,-1325.3107836174,-0.4344146958923155,-0.3835589905264681,-1556.0045445948,0.34697889580002084
BENR_red_296_cutoff_0.0.inp.out,201.66613791264416,-0.3500,0.0750,1.1880,0.0,-1325.1076034129,8.34587797523143,13.052218616321012,-1555.8054816298,0.3537094032001278
BENR_red_297_cutoff_0.0.inp.out,203.42816800883162,-0.3251,0.0896,0.7405,0.0,-1325.6889766142,1.7253289142638422,1.1265741862868583,-1556.390628305,0.33129307740000513
BENR_red_298_cutoff_0.0.inp.out,202.83203000693214,-0.3381,0.0728,1.1641,0.0,-1325.3833834867,-4.466815322910943,-3.691559122171464,-1556.0872546548,0.3418587193998519
BENR_red_299_cutoff_0.0.inp.out,203.1151293949658,-0.3415,0.0765,0.6329,0.0,-1325.1781237293,0.20065922223196153,-0.566947210863002,-1555.8716932047,0.3449974248999297
BENR_red_29_cutoff_0.0.inp.out,203.6724557661464,-0.3617,0.0584,1.2897,0.0,-1325.6882662844,1.3169729309078144,5.265862235756231,-1556.4023795489,0.3661397504999968
BENR_red_2_cutoff_0.0.inp.out,200.1460698657479,-0.3712,0.0546,0.5411,0.0,-1325.7474650083,-3.9375815300898167,-1.489646665415689,-1556.448727792,0.37737162449980133
BENR_red_300_cutoff_0.0.inp.out,204.2280149086066,-0.3311,0.0897,0.7387,0.0,-1325.8504711714,1.808535321114084,2.0440756168210275,-1556.5536452647,0.3365717121000671
BENR_red_301_cutoff_0.0.inp.out,203.64866508159082,-0.3545,0.0756,0.8793,0.0,-1325.4104163857,2.0390045216742667,0.9181940675391237,-1556.1095465783,0.35859508999988066
BENR_red_302_cutoff_0.0.inp.out,203.19698822882486,-0.3307,0.0904,0.9690,0.0,-1325.5740552679,-6.8209219326989015,-7.178273710455569,-1556.2771736816,0.3358369406998918
BENR_red_303_cutoff_0.0.inp.out,203.01184316071112,-0.3535,0.0781,0.5902,0.0,-1325.8593249948,-0.2168089816568417,-0.762938419256609,-1556.5618815938,0.35874429739988045
BENR_red_304_cutoff_0.0.inp.out,202.5566060998589,-0.3537,0.0695,1.2102,0.0,-1325.2993386779,-13.77791777404523,-12.094973251014594,-1556.0059320745,0.35724209770000925
BENR_red_305_cutoff_0.0.inp.out,202.33985269166453,-0.3462,0.0708,0.8084,0.0,-1325.7658895350,-0.702467157755253,-1.3949234784664934,-1556.4700361906,0.35172512539998024
BENR_red_306_cutoff_0.0.inp.out,201.59166426853872,-0.3420,0.0817,0.8159,0.0,-1325.5338360655,0.6916024902853539,-2.0648183466303567,-1556.2383858135,0.3480473390000043
BENR_red_307_cutoff_0.0.inp.out,201.36685141079272,-0.3526,0.0736,0.8062,0.0,-1325.4862228078,-1.3374054662236432,-2.5993226875644484,-1556.1845859816,0.3571315935998882
BENR_red_308_cutoff_0.0.inp.out,202.40669834632473,-0.3436,0.0829,0.6979,0.0,-1325.9188252472,-4.390101015178764,-4.943232230847519,-1556.6191735598,0.3492321126000206
BENR_red_309_cutoff_0.0.inp.out,200.78475467224868,-0.3639,0.0576,0.6707,0.0,-1325.9319858928,-2.2587365336657594,-1.3675901376079584,-1556.6299674943,0.36989960649998466
BENR_red_30_cutoff_0.0.inp.out,202.98766261096227,-0.3320,0.0915,0.8939,0.0,-1325.6927835895,0.8898555909630852,1.410259337438037,-1556.3940796287,0.3365448766001009
BENR_red_310_cutoff_0.0.inp.out,200.99860051778828,-0.3441,0.0796,1.0459,0.0,-1326.0142232195,2.6622899121497765,2.3698010918231684,-1556.7135405508,0.34905707840016476
BENR_red_311_cutoff_0.0.inp.out,201.38921136194398,-0.3434,0.0757,0.9618,0.0,-1325.7891588099,3.4212186700914002,1.587127951349926,-1556.4946832513,0.3494399583998984
BENR_red_312_cutoff_0.0.inp.out,200.92033652487476,-0.3350,0.0927,1.2538,0.0,-1325.7593172492,-6.263169822979419,-4.519735392130714,-1556.461350097,0.34033017439992364
BENR_red_313_cutoff_0.0.inp.out,201.30682399913042,-0.3270,0.0880,0.6485,0.0,-1325.6381564671,-1.1878791650799572,-2.047252629307409,-1556.333706281,0.3337418374999288
BENR_red_314_cutoff_0.0.inp.out,201.00772806225712,-0.3486,0.0823,0.8330,0.0,-1325.6674576622,0.8001619199868376,-0.048135555386836185,-1556.3582174287,0.3526791566000611
BENR_red_315_cutoff_0.0.inp.out,201.3616376537873,-0.3366,0.0896,0.9122,0.0,-1325.5507664124,-2.467104518129982,-6.124693705404004,-1556.2544576133,0.34129345500014097
BENR_red_316_cutoff_0.0.inp.out,201.9387890116235,-0.3562,0.0656,0.7449,0.0,-1325.3430025828,-2.261512638297232,-1.2124862552570908,-1556.0550491441,0.3620041305000541
BENR_red_317_cutoff_0.0.inp.out,201.66233269216576,-0.3363,0.0924,0.3602,0.0,-1325.5627099176,3.5255086487298826,3.847896567293539,-1556.2626331312,0.3406738721998863
BENR_red_318_cutoff_0.0.inp.out,202.10670080257336,-0.3548,0.0619,1.2035,0.0,-1325.6758023866,-4.441007159745689,-5.252586506671451,-1556.3796712591,0.35953667640001186
BENR_red_319_cutoff_0.0.inp.out,202.4929418467561,-0.3572,0.0754,1.1751,0.0,-1325.6515631558,0.7314633534912677,2.3772572336635593,-1556.3601479266,0.3631790623001052
BENR_red_31_cutoff_0.0.inp.out,203.37678757630363,-0.3505,0.0826,1.5076,0.0,-1325.9387349488,-13.419626598511748,-6.234314955338379,-1556.6548926742,0.3559141521998299
BENR_red_320_cutoff_0.0.inp.out,202.0158963135894,-0.3506,0.0820,0.6639,0.0,-1325.5934813508,-1.5326090793345286,2.510674276560212,-1556.3017127513,0.3549964784999702
BENR_red_321_cutoff_0.0.inp.out,203.12203972184173,-0.3396,0.0907,0.5945,0.0,-1325.7093673414,-3.3639139419643973,-2.666901657453179,-1556.418554864,0.34509539910004605
BENR_red_322_cutoff_0.0.inp.out,201.64394975421143,-0.3516,0.0745,0.6016,0.0,-1325.5722609608,-0.5436338189538588,-2.191435336864592,-1556.2771161636,0.3567739189002168
BENR_red_323_cutoff_0.0.inp.out,202.20600563433183,-0.3233,0.1041,0.9050,0.0,-1325.7767596180,8.078033190567504,6.54730817896607,-1556.4731967701,0.3274146593998921
BENR_red_324_cutoff_0.0.inp.out,201.92560541411441,-0.3355,0.0871,0.3248,0.0,-1325.8622312645,-2.389110958416412,-6.2936994352727815,-1556.5674647789,0.3417918082000142
BENR_red_325_cutoff_0.0.inp.out,201.72543080813693,-0.3562,0.0758,0.8903,0.0,-1325.4984393805,0.5681066492853704,1.2697666818137976,-1556.2053292098,0.3616490184999748
BENR_red_326_cutoff_0.0.inp.out,201.3709721789524,-0.3448,0.0820,0.1719,0.0,-1326.0862449324,-0.7279116189362564,-0.6168714009077296,-1556.7865415773,0.3501377168001909
BENR_red_327_cutoff_0.0.inp.out,201.41866314335297,-0.3479,0.0768,0.9643,0.0,-1325.3625591087,-2.8315798628070903,-0.7324226720098608,-1556.0619755682,0.35341830409993236
BENR_red_328_cutoff_0.0.inp.out,200.9255334717652,-0.3392,0.0795,1.1268,0.0,-1326.0594531851,1.6572982010630812,0.7951126632414834,-1556.751248769,0.34532424980011456
BENR_red_329_cutoff_0.0.inp.out,199.90758821139005,-0.3402,0.0876,0.2821,0.0,-1326.0631157525,2.3387217654577026,2.551143966920154,-1556.7606541797,0.3448351606000415
BENR_red_32_cutoff_0.0.inp.out,201.30132433312136,-0.3396,0.0977,0.4994,0.0,-1325.1941119606,2.292583544135689,1.9617917279684507,-1555.892468715,0.34355397429999357
BENR_red_330_cutoff_0.0.inp.out,200.05952605206727,-0.3368,0.0659,1.4027,0.0,-1325.7106453694,-2.621391156710216,-0.7030407902087079,-1556.4016531496,0.34311072860009517
BENR_red_331_cutoff_0.0.inp.out,199.25812469011768,-0.3556,0.0611,0.7810,0.0,-1326.0762167053,-0.34165441619914194,1.2670917144717864,-1556.7710599662,0.36183442149990697
BENR_red_332_cutoff_0.0.inp.out,199.62941081048496,-0.3337,0.0917,0.4077,0.0,-1325.7275929497,4.87845801585313,2.2676261083552536,-1556.4170507814,0.3385141086000658
BENR_red_333_cutoff_0.0.inp.out,200.59744521710832,-0.3527,0.0654,1.2695,0.0,-1325.9234414670,-3.7196405817959572,-1.8742046791230242,-1556.6182253192,0.35891489710002134
BENR_red_334_cutoff_0.0.inp.out,200.0891077389998,-0.3380,0.0852,0.8119,0.0,-1326.0302563515,-0.9138850639959428,-1.4738563121464605,-1556.7251346364,0.3428974242001459
BENR_red_335_cutoff_0.0.inp.out,200.1649508432942,-0.3504,0.0667,1.3013,0.0,-1325.9681317406,-0.5540301874928979,-0.5802411276956734,-1556.6566635153,0.3543879948999802
BENR_red_336_cutoff_0.0.inp.out,201.40639767883326,-0.3641,0.0712,1.0335,0.0,-1325.5946273487,3.452936649366538,4.061511344569154,-1556.2904249731,0.369851496199999
BENR_red_337_cutoff_0.0.inp.out,202.01519437472498,-0.3456,0.0800,0.3667,0.0,-1325.9939835355,3.3587013880273133,-1.2814872276955396,-1556.6888096848,0.34974421979995896
BENR_red_338_cutoff_0.0.inp.out,201.49982498461233,-0.3340,0.0887,0.9975,0.0,-1325.6315558538,-1.6186377476330458,-4.850435644183204,-1556.3194070255,0.3387459344000945
BENR_red_339_cutoff_0.0.inp.out,200.78810265092554,-0.3254,0.0917,0.8556,0.0,-1325.2043966653,-3.9044818656253586,-8.461872106826188,-1555.8835332423,0.3302130341000975
BENR_red_33_cutoff_0.0.inp.out,201.2798661111423,-0.3622,0.0732,0.6744,0.0,-1325.4562478454,-0.6477142192531402,-3.560843359827841,-1556.1643651637,0.3679018358000121
BENR_red_340_cutoff_0.0.inp.out,201.8125580324649,-0.3433,0.0810,1.1318,0.0,-1325.1422193984,-2.242865437887155,-5.761984912312553,-1555.8532313513,0.34884013889995913
BENR_red_341_cutoff_0.0.inp.out,200.97595561640324,-0.3423,0.0869,0.3045,0.0,-1325.4363802560,1.6670867051379714,0.06161063033598399,-1556.1447583739,0.34718003570014844
BENR_red_342_cutoff_0.0.inp.out,200.585906895366,-0.3234,0.0879,1.0504,0.0,-1325.3698592156,5.62621784948141,6.984718982249248,-1556.0633560886,0.3273916732998714
BENR_red_343_cutoff_0.0.inp.out,200.14912293323837,-0.3539,0.0772,0.4306,0.0,-1325.5012953584,-2.476063090031146,-0.9276948945519912,-1556.2069977369,0.35929918340002587
BENR_red_344_cutoff_0.0.inp.out,201.5631898530592,-0.3611,0.0605,0.2871,0.0,-1325.3149534086,-0.02551570863954067,0.21034286874366115,-1556.0152672961,0.36655996479998976
BENR_red_345_cutoff_0.0.inp.out,200.86255568586506,-0.3506,0.0738,1.3434,0.0,-1325.7587937387,-0.5384548495150506,-3.9966101224236086,-1556.4646872161,0.35560374040005627
BENR_red_346_cutoff_0.0.inp.out,200.70370868875565,-0.3398,0.0817,0.4117,0.0,-1325.4040241219,5.989293514183644,3.835214328258329,-1556.1049573795,0.3445323398000255
BENR_red_347_cutoff_0.0.inp.out,200.0506503826395,-0.3348,0.0807,1.2097,0.0,-1325.4966641154,-0.10353285279282676,-1.8910376029480895,-1556.1946603932,0.3409658835000755
BENR_red_348_cutoff_0.0.inp.out,200.5459449505728,-0.3298,0.0871,0.6922,0.0,-1325.6363877057,-0.21854759498852766,-1.400629575186033,-1556.3328669004,0.3348599503999594
BENR_red_349_cutoff_0.0.inp.out,200.78404143723756,-0.3249,0.0912,1.6016,0.0,-1325.6617693661,-0.41254366620229077,1.0100334844296808,-1556.369277027,0.33181913300018095
BENR_red_34_cutoff_0.0.inp.out,200.31282608570524,-0.3494,0.0763,0.5798,0.0,-1325.6535573365,-2.1844510414859206,-1.9996314232751364,-1556.3555962271,0.3545038510001177
BENR_red_350_cutoff_0.0.inp.out,199.72034193840977,-0.3457,0.0731,0.9084,0.0,-1325.4637358419,0.9515134092025412,-0.6377808368421153,-1556.1560272322,0.3503859264001221
BENR_red_351_cutoff_0.0.inp.out,200.21608436755986,-0.3295,0.0882,1.5775,0.0,-1325.4314450110,-1.2529021278610215,-2.385537300246548,-1556.1344970892,0.33563231960010853
BENR_red_352_cutoff_0.0.inp.out,199.56800625755506,-0.3353,0.0690,1.2492,0.0,-1325.8803740020,-8.645492360815165,-7.379700452011321,-1556.5787807583,0.3417532957998901
BENR_red_353_cutoff_0.0.inp.out,200.6803636290236,-0.3506,0.0763,0.9583,0.0,-1325.6745515947,-6.091848564952182,-8.353961340353575,-1556.3796427656,0.35563035790005415
BENR_red_354_cutoff_0.0.inp.out,201.41040716642405,-0.3545,0.0586,1.2323,0.0,-1325.3946987420,-6.677246989889959,-8.940703857934137,-1556.0898781401,0.3611093678000543
BENR_red_355_cutoff_0.0.inp.out,201.37986011811458,-0.3430,0.0702,0.3436,0.0,-1325.7617614331,-2.7757936165031865,-2.4245269052894978,-1556.4626378657,0.34689274390007085
BENR_red_356_cutoff_0.0.inp.out,201.16688472550373,-0.3426,0.0705,1.1033,0.0,-1325.4645658869,-3.7683428220050486,-2.9386191048316306,-1556.1695088713,0.3482859363998614
BENR_red_357_cutoff_0.0.inp.out,201.3395929681635,-0.3277,0.0882,1.1117,0.0,-1325.4381394826,-1.2025126148628138,0.7045047218560391,-1556.1459704657,0.3342239812000116
BENR_red_358_cutoff_0.0.inp.out,200.8087643975284,-0.3460,0.0762,1.2655,0.0,-1325.5643949365,-2.876195197183985,-2.007308015426812,-1556.2573598874,0.3506286401000125
BENR_red_359_cutoff_0.0.inp.out,202.2711595284188,-0.3605,0.0747,1.1234,0.0,-1325.3728001889,2.2181905033165443,1.5587920562591706,-1556.0819640733,0.36589061460017547
BENR_red_35_cutoff_0.0.inp.out,200.08834385564572,-0.3366,0.0872,0.7906,0.0,-1325.7237354926,-4.407285324765065,-3.5777393436097626,-1556.4258726547,0.34154507170001125
BENR_red_360_cutoff_0.0.inp.out,201.91464258862155,-0.3495,0.0779,0.4938,0.0,-1325.4203404266,4.183604189043582,0.9524859876678933,-1556.1251684298,0.3544170572999974
BENR_red_361_cutoff_0.0.inp.out,202.28050735378025,-0.3186,0.0969,0.8657,0.0,-1325.3456785219,0.190297649507564,-1.168187536648571,-1556.0464440318,0.32216312780019507
BENR_red_362_cutoff_0.0.inp.out,203.39632596055935,-0.3368,0.0802,0.7393,0.0,-1325.3386739997,2.3990990583702203,1.029372285497717,-1556.0328083701,0.34303640730013285
BENR_red_363_cutoff_0.0.inp.out,202.54298854649952,-0.3446,0.0876,1.4117,0.0,-1325.1033703395,2.0073173160443814,0.6771094395991255,-1555.7989923874,0.34974025020005683
BENR_red_364_cutoff_0.0.inp.out,202.2340148080502,-0.3541,0.0682,1.0846,0.0,-1325.3597030605,2.353252191770225,2.0179407661726665,-1556.0544318536,0.35864933970015045
BENR_red_365_cutoff_0.0.inp.out,202.28545809898782,-0.2949,0.1239,0.7196,0.0,-1325.3314521712,2.0991873252270588,-0.4242110010279724,-1556.0332647723,0.3010634579998168
BENR_red_366_cutoff_0.0.inp.out,201.87309264154214,-0.3373,0.0848,1.4331,0.0,-1325.2534221658,3.716703629525614,0.7285262988013228,-1555.944166049,0.3413443628001005
BENR_red_367_cutoff_0.0.inp.out,201.0855547924099,-0.3225,0.0998,0.7458,0.0,-1325.4347970022,2.4270373673266876,1.09359345734429,-1556.1349973297,0.3283823600997948
BENR_red_368_cutoff_0.0.inp.out,200.69088542347507,-0.3313,0.0888,0.6889,0.0,-1325.2243145685,3.058464222115825,1.5710342282643814,-1555.9194364768,0.3379717236000488
BENR_red_369_cutoff_0.0.inp.out,201.07919153376926,-0.3316,0.0832,0.6767,0.0,-1325.3838980625,1.107226924906498,1.0496151255084323,-1556.0783546548,0.33728554710000935
BENR_red_36_cutoff_0.0.inp.out,200.82018635472485,-0.3458,0.0786,0.4827,0.0,-1325.6034936748,0.7615554377927453,2.571306957725222,-1556.3072495888,0.3524319962998561
BENR_red_370_cutoff_0.0.inp.out,200.772587833868,-0.3487,0.0625,1.3049,0.0,-1325.2964073853,0.73407072665044,1.2110720983747207,-1555.9888732871,0.3547726131998843
BENR_red_371_cutoff_0.0.inp.out,200.7866825887902,-0.3360,0.0909,0.4341,0.0,-1325.4907281664,2.8119432199585406,2.571924879700533,-1556.1917267177,0.34135470830005943
BENR_red_372_cutoff_0.0.inp.out,201.6772324814246,-0.3079,0.0980,0.6401,0.0,-1325.5328769748,0.1445993279955773,0.09412457275641807,-1556.2256285206,0.3147991710000042
BENR_red_373_cutoff_0.0.inp.out,201.26082738529263,-0.3548,0.0613,0.8085,0.0,-1325.3006779668,1.3653985661887427,0.755307974523687,-1555.9893535796,0.3599041014999784
BENR_red_374_cutoff_0.0.inp.out,201.46976263636807,-0.3258,0.0972,0.7165,0.0,-1325.2425212069,0.41190486862430764,-0.010999651166003988,-1555.9397009587,0.330308507899872
BENR_red_375_cutoff_0.0.inp.out,202.79055405467852,-0.3217,0.0974,0.5877,0.0,-1325.6386941380,1.474738890900163,-0.3276653635739158,-1556.333748884,0.32678405089995977
BENR_red_376_cutoff_0.0.inp.out,203.36674170656786,-0.3809,0.0482,0.6456,0.0,-1325.4043785444,1.2365534072933422,0.29054455845082555,-1556.1108619598,0.3864672124000208
BENR_red_377_cutoff_0.0.inp.out,203.6639851324334,-0.3570,0.0730,0.2663,0.0,-1325.7506413903,6.3768629725234245,6.715850690576404,-1556.4437230567,0.3616682114998184
BENR_red_378_cutoff_0.0.inp.out,203.2907465760545,-0.3311,0.0827,0.6694,0.0,-1325.3091758534,0.6432815407574025,-0.426611498647736,-1556.0116084518,0.33891256710012385
BENR_red_379_cutoff_0.0.inp.out,202.15108518813676,-0.3697,0.0583,0.8201,0.0,-1325.4293260495,2.824442640070229,3.0237020143035247,-1556.1302411358,0.37301861559990357
BENR_red_37_cutoff_0.0.inp.out,200.3926652843222,-0.3421,0.0851,0.5031,0.0,-1325.8561332404,2.933800208092552,1.4132403534237483,-1556.5572907714,0.34703267759982737
BENR_red_380_cutoff_0.0.inp.out,201.97526493265,-0.3654,0.0621,0.8081,0.0,-1325.5889557320,-0.42187574534486944,0.4510025317713499,-1556.2865863369,0.3709162295999704
BENR_red_381_cutoff_0.0.inp.out,202.54479301207056,-0.3538,0.0775,0.9086,0.0,-1325.6854783863,-2.052226791858537,-1.2410165317866768,-1556.3887891197,0.35897070160012845
BENR_red_382_cutoff_0.0.inp.out,201.91688843322265,-0.3312,0.0962,0.9883,0.0,-1325.6291120219,-5.186197883168421,-1.9068237244936697,-1556.3226246999,0.3369401667000602
BENR_red_383_cutoff_0.0.inp.out,202.78940900943456,-0.3308,0.0902,1.2117,0.0,-1325.7614803535,-5.062714403565209,-3.293516513588324,-1556.4652365405,0.33750599519999014
BENR_red_384_cutoff_0.0.inp.out,202.33628672293705,-0.3338,0.1016,1.1226,0.0,-1325.4920712245,2.124396972155472,1.167785172877723,-1556.2012961036,0.3403389225998126
BENR_red_385_cutoff_0.0.inp.out,202.55259955190826,-0.3457,0.0732,0.8246,0.0,-1325.8637257863,0.3134740146774341,-2.260485336952308,-1556.5625533676,0.350951414400015
BENR_red_386_cutoff_0.0.inp.out,202.720174234723,-0.3334,0.0944,0.8493,0.0,-1325.4343228240,3.233885237011128,1.9925741287407783,-1556.136471831,0.3398005468000065
BENR_red_387_cutoff_0.0.inp.out,203.26519611156365,-0.3438,0.0850,1.0691,0.0,-1325.8994733590,2.649665265192508,1.3370324559604563,-1556.6064677125,0.35013723160000154
BENR_red_388_cutoff_0.0.inp.out,201.60652720694176,-0.3601,0.0660,1.0620,0.0,-1325.9026836876,3.813293850170066,1.7061689289319604,-1556.6013897008,0.3652568570000767
BENR_red_389_cutoff_0.0.inp.out,201.2889600065025,-0.3624,0.0699,0.7626,0.0,-1325.4277551613,4.522887921429241,4.802955799939818,-1556.1257302621,0.3680776899000193
BENR_red_38_cutoff_0.0.inp.out,200.6034233467548,-0.3574,0.0623,0.6494,0.0,-1325.9464435695,-0.3579389920246526,-1.335494385406585,-1556.6552968038,0.36364478199993755
BENR_red_390_cutoff_0.0.inp.out,199.68467987788782,-0.3249,0.0962,0.3056,0.0,-1325.6261391408,0.3787009445127741,1.6629918621967588,-1556.3165802818,0.33061649429987483
BENR_red_391_cutoff_0.0.inp.out,199.24515477710602,-0.3361,0.0856,0.7031,0.0,-1325.7244502100,-4.015675485547183,-6.089082980898869,-1556.4253826909,0.3434185530998093
BENR_red_392_cutoff_0.0.inp.out,199.32930206841024,-0.3359,0.0864,1.2949,0.0,-1325.4385809902,-5.843171592603335,-5.51838680105741,-1556.1423100589,0.34166062269991926
BENR_red_393_cutoff_0.0.inp.out,198.6187579610308,-0.3490,0.0741,1.0017,0.0,-1325.2549561671,-3.5163284871280323,-5.71811442818048,-1555.9597446322,0.3556549449999693
BENR_red_394_cutoff_0.0.inp.out,197.99451415068103,-0.3503,0.0730,0.9479,0.0,-1325.4973787083,0.42078163704143795,0.4977510052973956,-1556.1809348523,0.3560836225001367
BENR_red_395_cutoff_0.0.inp.out,198.73485362320667,-0.3541,0.0663,0.8128,0.0,-1325.4526949439,-2.7288931939827235,-3.7018052507782953,-1556.1417333595,0.3592305829001816
BENR_red_396_cutoff_0.0.inp.out,198.93300161400737,-0.3233,0.0873,1.2845,0.0,-1325.8270366453,-1.2669662396260666,-6.315453181729328,-1556.5245718088,0.3293315885998709
BENR_red_397_cutoff_0.0.inp.out,198.50490219937487,-0.3500,0.0735,1.2059,0.0,-1325.6199018808,-4.875732825827366,-4.6498245352100085,-1556.3075236135,0.3544637781999427
BENR_red_398_cutoff_0.0.inp.out,200.3612129053734,-0.3332,0.0827,1.5051,0.0,-1325.4613969182,-1.6785203827059478,-4.862878744304555,-1556.1525699947,0.33916838410004857
BENR_red_399_cutoff_0.0.inp.out,200.5078182453018,-0.3314,0.0904,0.8613,0.0,-1325.2266452476,0.9181625250473548,-0.15955796844727133,-1555.9209784547,0.33648941799992826
BENR_red_39_cutoff_0.0.inp.out,200.00678381760798,-0.3479,0.0859,0.9779,0.0,-1326.1511765900,-0.030321769157853812,-0.8349357950793627,-1556.8633285371,0.35331922000000304
BENR_red_3_cutoff_0.0.inp.out,200.84524088653603,-0.3279,0.0812,1.7865,0.0,-1325.5571514687,-6.522632554444363,-1.7537407982706457,-1556.2637348391,0.33250726100004613
BENR_red_400_cutoff_0.0.inp.out,199.7148636438375,-0.3462,0.0726,0.8982,0.0,-1325.4720226138,0.9026210917506243,-0.6563656555776991,-1556.1638310976,0.3508881883999493
BENR_red_401_cutoff_0.0.inp.out,199.8558481738391,-0.3279,0.0913,1.0603,0.0,-1325.4081011146,-1.6480116564023854,-2.1734529927373543,-1556.1095345023,0.3347655270999894
BENR_red_402_cutoff_0.0.inp.out,199.4669372378343,-0.3590,0.0636,0.9150,0.0,-1325.8371709385,-4.302559176314385,-1.5661177016128576,-1556.5418017973,0.3647032619001038
BENR_red_403_cutoff_0.0.inp.out,199.4259338752504,-0.3447,0.0807,0.5686,0.0,-1325.4480645822,-0.24737347339534327,-1.1427269661030444,-1556.1516101437,0.3513985069998853
BENR_red_404_cutoff_0.0.inp.out,200.26661531132405,-0.3412,0.0797,0.3387,0.0,-1325.5011227398,-0.28127115798311164,-0.1588768697001806,-1556.1977572569,0.3467088723998586
BENR_red_405_cutoff_0.0.inp.out,200.4738541265435,-0.3512,0.0791,0.7076,0.0,-1325.7965336791,-1.3595811519569403,0.3284669496284967,-1556.5016988795,0.3555059525001525
BENR_red_406_cutoff_0.0.inp.out,202.23074449200064,-0.3322,0.0908,0.8523,0.0,-1325.4093825395,-1.8270353496816338,-1.9198244629164585,-1556.1278537734,0.3391175757999463
BENR_red_407_cutoff_0.0.inp.out,202.7749124680546,-0.3409,0.0789,0.5177,0.0,-1325.6734801366,-0.4110194145585795,0.2110855193154943,-1556.3775786306,0.34508708040016245
BENR_red_408_cutoff_0.0.inp.out,202.8617279486919,-0.3369,0.0857,1.1394,0.0,-1325.6976347493,0.2593063778929307,-1.2657964971548237,-1556.4003927519,0.34166243089998716
BENR_red_409_cutoff_0.0.inp.out,203.74377807439947,-0.3610,0.0638,1.6762,0.0,-1325.5642602063,-3.5340477371936116,-0.23727540609966238,-1556.2719217422,0.3665901051001583
BENR_red_40_cutoff_0.0.inp.out,201.2433133852108,-0.3490,0.0773,0.3363,0.0,-1326.5690651690,-0.5552398470930776,-0.5930035943590605,-1557.2592436328,0.3532340398000997
BENR_red_410_cutoff_0.0.inp.out,203.7699631220514,-0.3604,0.0696,1.6348,0.0,-1325.7475698514,-2.7977913339210843,-1.1619480039132903,-1556.4481292898,0.36449116599987974
BENR_red_411_cutoff_0.0.inp.out,204.31606496595074,-0.3656,0.0573,1.8532,0.0,-1325.6255259984,-15.18834350855976,-6.5215943208126514,-1556.3334473709,0.37058071920000657
BENR_red_412_cutoff_0.0.inp.out,203.71812993841073,-0.3451,0.0744,1.5094,0.0,-1325.5503220327,-4.885930864687207,-2.698301640160861,-1556.2533985004,0.34985265619980055
BENR_red_413_cutoff_0.0.inp.out,203.09293540059218,-0.3655,0.0643,0.9385,0.0,-1325.5555271385,1.4176655925484334,1.0255878259829423,-1556.2591974509,0.37015994579996914
BENR_red_414_cutoff_0.0.inp.out,202.2556649785939,-0.3519,0.0667,0.9424,0.0,-1325.8330795299,0.46413118161831574,0.48106718183545527,-1556.5353614918,0.3573341553001228
BENR_red_415_cutoff_0.0.inp.out,201.17165928613124,-0.3226,0.0906,1.1422,0.0,-1325.9200847245,1.4245752696231206,-0.047350253492369015,-1556.6223820083,0.3280196829000488
BENR_red_416_cutoff_0.0.inp.out,200.73218195991177,-0.3435,0.0839,0.2469,0.0,-1325.5711606055,-0.5315603766130248,-3.574855571323598,-1556.2652170366,0.3480718388000241
BENR_red_417_cutoff_0.0.inp.out,201.23208750194527,-0.3451,0.0786,0.5190,0.0,-1325.8109827064,-0.07239967028872443,-2.710392132195286,-1556.5143994858,0.3515902632000234
BENR_red_418_cutoff_0.0.inp.out,200.2243363549181,-0.3483,0.0816,0.8592,0.0,-1325.5725968221,2.25169862228014,3.5070200844691644,-1556.2712280587,0.35384866660001535
BENR_red_419_cutoff_0.0.inp.out,201.22015762252286,-0.3546,0.0703,1.3935,0.0,-1325.2672097907,-0.16138198805666276,-1.4604971632171613,-1555.9780884068,0.36041041490011594
BENR_red_41_cutoff_0.0.inp.out,202.3864133556869,-0.3515,0.0706,0.4978,0.0,-1326.0052801206,0.07827900334397458,0.2023251172955814,-1556.6997253881,0.3566906590999679
BENR_red_420_cutoff_0.0.inp.out,201.15004905526922,-0.3435,0.0744,1.2740,0.0,-1326.0700736544,1.4898514015045232,-0.08253072881753387,-1556.7661075193,0.3475254887000574
BENR_red_421_cutoff_0.0.inp.out,201.42508856575898,-0.3467,0.0830,1.1982,0.0,-1325.8330949399,1.2334154159203086,-0.15907703537936674,-1556.5408585458,0.3512566971999149
BENR_red_422_cutoff_0.0.inp.out,201.9852727515414,-0.3414,0.0875,1.1377,0.0,-1325.9282436234,-8.296196594726371,-12.563304774144996,-1556.6372503151,0.3473714306999227
BENR_red_423_cutoff_0.0.inp.out,201.88785244765137,-0.3308,0.0934,0.8137,0.0,-1325.7218670682,0.1333453999360486,-1.6468963089896582,-1556.4277838144,0.33547176770002807
BENR_red_424_cutoff_0.0.inp.out,202.20895654850253,-0.3333,0.0872,0.9497,0.0,-1325.9344528344,-0.6329499764430191,0.6913164434486266,-1556.640529721,0.338679636400002
BENR_red_425_cutoff_0.0.inp.out,202.98357715877444,-0.3747,0.0598,0.6643,0.0,-1325.5346781256,0.5138562253870407,0.027914084828960496,-1556.2483265051,0.37864862639980856
BENR_red_426_cutoff_0.0.inp.out,202.91119482040472,-0.3377,0.0968,0.3477,0.0,-1325.7533635717,4.4732341584419,1.3445072543598824,-1556.4555056089,0.3422325688000001
BENR_red_427_cutoff_0.0.inp.out,203.19136423717674,-0.3343,0.0905,0.7694,0.0,-1325.7926890776,3.285503941528886,0.8115253892060417,-1556.4931979895,0.33883751419989494
BENR_red_428_cutoff_0.0.inp.out,203.14226646087644,-0.3566,0.0711,0.5415,0.0,-1325.9113613718,-4.266398878610786,-2.3580570997851806,-1556.6165653346,0.3608424035001008
BENR_red_429_cutoff_0.0.inp.out,203.48056190409966,-0.3393,0.0895,0.4345,0.0,-1325.9736909396,1.0750096882696885,0.622539388994009,-1556.6814726412,0.343226855399962
BENR_red_42_cutoff_0.0.inp.out,202.858481228651,-0.3056,0.1109,0.8683,0.0,-1325.9439072506,0.7088320320578911,-2.9058796108324447,-1556.639379017,0.3100475334999828
BENR_red_430_cutoff_0.0.inp.out,203.91262802208536,-0.3445,0.0761,1.2487,0.0,-1326.1164270564,-0.20571198249258138,-1.0894235255579905,-1556.8134106316,0.34828731199991125
BENR_red_431_cutoff_0.0.inp.out,203.19982572703245,-0.3452,0.0804,1.0259,0.0,-1325.8953994005,-0.459260453590917,-1.5128144720416636,-1556.5907108397,0.3497580327000378
BENR_red_432_cutoff_0.0.inp.out,202.96740133419706,-0.3497,0.0640,1.4873,0.0,-1325.6309769371,1.4155255968281437,-0.6515476745915447,-1556.3303701088,0.35450552580005024
BENR_red_433_cutoff_0.0.inp.out,202.257655855379,-0.3381,0.0866,1.2633,0.0,-1325.5886585377,-3.1793412764215416,-0.2830321932672612,-1556.2894144365,0.3423878000999139
BENR_red_434_cutoff_0.0.inp.out,201.74834105576912,-0.3302,0.0959,0.6678,0.0,-1325.0987841221,4.620167618926393,6.605948237631922,-1555.802199463,0.33491401180003777
BENR_red_435_cutoff_0.0.inp.out,202.14664044266848,-0.3527,0.0843,0.2611,0.0,-1325.4990207130,1.722557042105232,0.037631808937075906,-1556.2061408418,0.35698048660015047
BENR_red_436_cutoff_0.0.inp.out,201.63548119061176,-0.3416,0.0925,0.2639,0.0,-1325.7462239433,-0.7821171773056719,-1.763988956361191,-1556.4506750674,0.3461639111999375
BENR_red_437_cutoff_0.0.inp.out,201.63685359349637,-0.3634,0.0730,0.6644,0.0,-1325.5519886063,-1.633898310944194,-6.417354974556054,-1556.2620411333,0.3690275152000595
BENR_red_438_cutoff_0.0.inp.out,201.15665850507946,-0.3495,0.0806,0.8268,0.0,-1326.3098353710,2.126145057795581,0.5133872928733471,-1557.005776639,0.35435637029991085
BENR_red_439_cutoff_0.0.inp.out,200.5568895986082,-0.3615,0.0627,0.5083,0.0,-1325.9036686678,0.8676977457278846,-1.0360388511837222,-1556.5987988028,0.367197377499906
BENR_red_43_cutoff_0.0.inp.out,202.41595113986423,-0.3383,0.0776,1.3882,0.0,-1326.0784489041,-5.034700495962849,-3.8964250396737383,-1556.7827745281,0.3428338526000516
BENR_red_440_cutoff_0.0.inp.out,199.51809691159883,-0.3465,0.0730,0.6559,0.0,-1325.9509178340,4.920050492362619,7.464618521690351,-1556.6506259698,0.3523136363000958
BENR_red_441_cutoff_0.0.inp.out,200.10421226664332,-0.3413,0.0761,1.1267,0.0,-1325.6801242096,2.4348403287061826,6.7388692503492305,-1556.3713350545,0.3473963817000367
BENR_red_442_cutoff_0.0.inp.out,200.99669403511643,-0.3440,0.0809,0.7330,0.0,-1326.1485772115,1.296258839661368,3.085120377506765,-1556.8511021794,0.34988318659998185
BENR_red_443_cutoff_0.0.inp.out,200.8210575650503,-0.3447,0.0718,0.7785,0.0,-1325.8985232838,-1.8626716926296774,-3.1871834961326018,-1556.5892322489,0.3505358647000776
BENR_red_444_cutoff_0.0.inp.out,202.34401355585945,-0.3524,0.0677,0.5144,0.0,-1325.5554133362,2.3378414574753945,2.481569735224148,-1556.254426293,0.3571414539999296
BENR_red_445_cutoff_0.0.inp.out,202.4565557837987,-0.3441,0.0747,0.4785,0.0,-1325.6075899178,0.27750882019889633,-1.6110169538758448,-1556.30328803,0.34857558160001645
BENR_red_446_cutoff_0.0.inp.out,203.10960358059168,-0.3335,0.0773,0.7745,0.0,-1325.5628657151,0.03462179142362676,0.1861430585063505,-1556.2625982533,0.3379623852001714
BENR_red_447_cutoff_0.0.inp.out,203.27316312554663,-0.3443,0.0776,1.1777,0.0,-1325.9204800963,-1.2164942639532517,-3.4059288677502684,-1556.6284776766,0.3496195271000033
BENR_red_448_cutoff_0.0.inp.out,202.88499019071247,-0.3332,0.0895,1.6705,0.0,-1325.9537457746,-1.8460637941278437,0.16960065697157767,-1556.6610191242,0.33854842330015344
BENR_red_449_cutoff_0.0.inp.out,202.7576170030689,-0.3495,0.0812,1.2459,0.0,-1326.0527886624,0.5830432127981516,1.0288883737094268,-1556.7560290401,0.3540947207000045
BENR_red_44_cutoff_0.0.inp.out,202.49588353736587,-0.3352,0.0761,0.8684,0.0,-1325.7287801296,-0.5883830152571395,-0.9998653006120499,-1556.4242778587,0.33973116330002995
BENR_red_450_cutoff_0.0.inp.out,199.60811326462093,-0.3457,0.0726,0.9040,0.0,-1325.4600432147,0.9648319750164137,-0.6257310362153029,-1556.1516885467,0.3505675854000856
BENR_red_451_cutoff_0.0.inp.out,199.89279581221996,-0.3228,0.0981,0.9415,0.0,-1325.5582947372,-0.6746528969976182,-0.757218378356759,-1556.2646021872,0.329321423400188
BENR_red_452_cutoff_0.0.inp.out,199.0189897662883,-0.3355,0.0845,0.9047,0.0,-1326.0124186224,-5.572994663190214,-3.5443742286518165,-1556.7115670696,0.34077594869995664
BENR_red_453_cutoff_0.0.inp.out,199.28599785458266,-0.3304,0.0942,0.7118,0.0,-1325.9671647841,-2.811167375789531,-2.815076172380699,-1556.6721845928,0.33607333420013674
BENR_red_454_cutoff_0.0.inp.out,199.67781170956613,-0.3533,0.0643,1.3552,0.0,-1325.7708701029,-4.328132410029173,-2.3663905364258473,-1556.4739136349,0.3600762792000296
BENR_red_455_cutoff_0.0.inp.out,198.9320713212473,-0.3584,0.0656,1.3482,0.0,-1325.4827618623,-2.073382868844347,-0.39783475531454615,-1556.1768654726,0.3634994620999805
BENR_red_456_cutoff_0.0.inp.out,199.92207641865804,-0.3369,0.0788,1.1945,0.0,-1326.0075030808,-4.825295936750077,-3.311195234351158,-1556.7050905099,0.34328057599987005
BENR_red_457_cutoff_0.0.inp.out,198.7099137213721,-0.3595,0.0629,0.4955,0.0,-1325.9522811863,1.1532414574877792,0.5872759510946286,-1556.6420098017,0.36533448090017373
BENR_red_458_cutoff_0.0.inp.out,199.0840965138011,-0.3388,0.0889,1.0307,0.0,-1325.6106391343,2.686516842060149,2.0373099261580156,-1556.3056105908,0.34344984760014086
BENR_red_459_cutoff_0.0.inp.out,200.80167485046485,-0.3232,0.0831,1.1937,0.0,-1325.7396805099,-1.81489545726284,-1.9383223393506306,-1556.4434993485,0.32969026480009234
BENR_red_45_cutoff_0.0.inp.out,201.34536092691934,-0.3638,0.0609,0.8938,0.0,-1325.8138365227,1.4700364616333,2.3727522097239833,-1556.5114383545,0.3690190787999654
BENR_red_460_cutoff_0.0.inp.out,201.0443160136616,-0.3407,0.0866,0.4102,0.0,-1325.7214775893,0.8763042017096921,0.9918696990178346,-1556.4245830536,0.34573180270012926
BENR_red_461_cutoff_0.0.inp.out,202.82217302074446,-0.3278,0.0874,1.0942,0.0,-1325.4908365763,1.6236145043311017,2.2012246998108695,-1556.1878205776,0.3339140731000043
BENR_red_462_cutoff_0.0.inp.out,203.3137661510269,-0.3476,0.0769,0.7706,0.0,-1325.6072828395,0.8785283591274087,1.2228886378793271,-1556.3090021876,0.35217441310010145
BENR_red_463_cutoff_0.0.inp.out,204.05957773514336,-0.3487,0.0738,0.8773,0.0,-1325.6446085786,0.5966181825975027,1.5720027811780621,-1556.3422631453,0.3528700691999802
BENR_red_464_cutoff_0.0.inp.out,204.20796670345862,-0.3173,0.0742,0.9453,0.0,-1325.5664494987,-0.3979789855854934,2.18124764704697,-1556.25950744,0.3231108131999463
BENR_red_465_cutoff_0.0.inp.out,204.14607753253458,-0.3411,0.0784,0.4968,0.0,-1325.4599690395,4.482280101218387,2.9214646809143763,-1556.1528397407,0.3457851415000732
BENR_red_466_cutoff_0.0.inp.out,203.44348952942306,-0.3568,0.0737,0.7886,0.0,-1325.5558571679,1.746631853025594,1.6458959533955664,-1556.2543731002,0.3610728457999812
BENR_red_467_cutoff_0.0.inp.out,202.76452638644622,-0.3677,0.0643,1.1154,0.0,-1325.8342312819,-3.612418290370684,-4.823649796020916,-1556.5343266794,0.3718867424997825
BENR_red_468_cutoff_0.0.inp.out,202.6485366969467,-0.3406,0.0817,0.4723,0.0,-1325.5973539201,2.7608346005014175,-0.1490366347712811,-1556.2989997934,0.3456727025998134
BENR_red_469_cutoff_0.0.inp.out,201.94579435339767,-0.3209,0.0988,0.8919,0.0,-1325.9818586118,-0.449792107417437,-0.18924591317866074,-1556.6842020359,0.3265618615000676
BENR_red_46_cutoff_0.0.inp.out,200.01195903103107,-0.3287,0.0976,0.9012,0.0,-1326.1564003084,3.087790073768785,3.5678436088467205,-1556.8539850183,0.3334281536999697
BENR_red_470_cutoff_0.0.inp.out,202.25572089698179,-0.3269,0.0881,0.8567,0.0,-1326.1000941743,2.1890891807610875,-0.1253370498252514,-1556.7990263268,0.3333846757000174
BENR_red_471_cutoff_0.0.inp.out,201.39960233815412,-0.3390,0.0869,0.9004,0.0,-1326.0838977172,-0.017055453228838613,1.8579863152233518,-1556.7830531366,0.3442717231998813
BENR_red_472_cutoff_0.0.inp.out,201.39702740460575,-0.3436,0.0770,1.2412,0.0,-1326.0504776324,1.4347959534056172,1.4803489778751722,-1556.7541385897,0.3493954143998508
BENR_red_473_cutoff_0.0.inp.out,201.50245901229758,-0.3409,0.0843,1.1785,0.0,-1325.9937328556,4.900727782262874,7.359105265200386,-1556.6940549613,0.34550603560001036
BENR_red_474_cutoff_0.0.inp.out,200.7992222239913,-0.3341,0.0814,0.4896,0.0,-1326.1056036454,0.7254239429602243,2.9095040038521196,-1556.8013109682,0.3399656584999775
BENR_red_475_cutoff_0.0.inp.out,201.49857913958493,-0.3497,0.0610,0.7810,0.0,-1325.9484764114,-0.44714628674258183,-1.3125376242248405,-1556.639043971,0.3540233169999283
BENR_red_476_cutoff_0.0.inp.out,202.6103994408592,-0.3380,0.0765,0.7800,0.0,-1325.6266823918,1.6900150594544932,-1.5565980387067122,-1556.3239339617,0.34270650110011047
BENR_red_477_cutoff_0.0.inp.out,202.53116214866543,-0.3302,0.0873,0.8596,0.0,-1326.2932637260,3.620017356807508,2.511438363618655,-1556.9919911746,0.3353213738998875
BENR_red_478_cutoff_0.0.inp.out,202.05222055551482,-0.3450,0.0800,0.8249,0.0,-1325.8474247296,1.2719363967522157,0.22693725924300268,-1556.5495547426,0.3504041788999075
BENR_red_479_cutoff_0.0.inp.out,202.6565448847089,-0.3570,0.0690,0.5515,0.0,-1325.8952660635,1.6569397405698936,4.67206294839343,-1556.6011931735,0.36132968719994096
BENR_red_47_cutoff_0.0.inp.out,199.6710901937793,-0.3390,0.0780,0.7097,0.0,-1325.8959524441,0.17283072764175966,-0.5391561385426089,-1556.5894108489,0.34467914249989917
BENR_red_480_cutoff_0.0.inp.out,202.15254569734503,-0.3385,0.0821,0.8966,0.0,-1325.8770191073,0.3954566277194559,-2.3045258629950482,-1556.5841176749,0.3443452646999958
BENR_red_481_cutoff_0.0.inp.out,202.2186401210987,-0.3503,0.0790,1.4815,0.0,-1326.3267420440,-4.524771753238895,-5.73830611204336,-1557.0342440309,0.3558049839000432
BENR_red_482_cutoff_0.0.inp.out,202.53902843319102,-0.3426,0.0913,0.9283,0.0,-1325.7059751966,-0.06357951672333467,-5.273716011846832,-1556.4136813155,0.34710585679999895
BENR_red_483_cutoff_0.0.inp.out,203.00031060932923,-0.3472,0.0742,1.0323,0.0,-1325.7123907415,4.804920837949778,4.637782595665553,-1556.4118479658,0.3520395371001541
BENR_red_484_cutoff_0.0.inp.out,203.85817353611293,-0.3464,0.0739,0.9360,0.0,-1325.7888336836,7.015870832847506,4.780043870655626,-1556.4986426578,0.3518269649000558
BENR_red_485_cutoff_0.0.inp.out,204.3507533428958,-0.3620,0.0661,0.3164,0.0,-1326.2454228150,-0.33190470891053725,-1.5937406277103183,-1556.9435904312,0.36613955689995237
BENR_red_486_cutoff_0.0.inp.out,203.06655331750258,-0.3414,0.0853,0.8879,0.0,-1326.1927279606,-0.04197015682868377,1.253804941993638,-1556.8913473759,0.3456715647000692
BENR_red_487_cutoff_0.0.inp.out,203.39557737421265,-0.3401,0.0871,0.9902,0.0,-1325.9902465092,1.970315668980686,0.5967800345452657,-1556.6976693961,0.345686526100053
BENR_red_488_cutoff_0.0.inp.out,201.49781615593025,-0.3477,0.0785,1.2260,0.0,-1325.8832071957,-2.658671222649258,-5.584233192344797,-1556.5770126271,0.3538059014999817
BENR_red_489_cutoff_0.0.inp.out,202.13316548850764,-0.3360,0.0944,0.8433,0.0,-1325.8700082243,-2.694174015289848,-5.024503676300493,-1556.5760382132,0.3408520999000757
BENR_red_48_cutoff_0.0.inp.out,199.40135183456687,-0.3444,0.0758,0.7421,0.0,-1326.0705638394,2.104469093900404,0.3429893092721029,-1556.7667579655,0.34913269200001196
BENR_red_490_cutoff_0.0.inp.out,201.98617967931983,-0.3637,0.0506,1.1836,0.0,-1325.7555281513,-5.721218528105665,-4.563140026635852,-1556.4464924431,0.3695008325000799
BENR_red_491_cutoff_0.0.inp.out,201.1399126149702,-0.3482,0.0795,0.6074,0.0,-1325.4911378899,1.9966718250644009,1.8702239196251496,-1556.1976011983,0.3541279962000772
BENR_red_492_cutoff_0.0.inp.out,201.4832190534926,-0.3526,0.0756,0.5754,0.0,-1325.6241871708,-2.5544426782270873,-1.4315113907407855,-1556.3255084767,0.3577437144999749
BENR_red_493_cutoff_0.0.inp.out,201.84821698605953,-0.3557,0.0753,0.2289,0.0,-1325.5826316101,4.994482203668227,8.692256658177698,-1556.2895658789,0.36181776559988066
BENR_red_494_cutoff_0.0.inp.out,201.4692627640578,-0.3571,0.0717,0.8971,0.0,-1325.9794235160,-0.7097469775092078,0.8660558224116537,-1556.6798639156,0.3619788869000331
BENR_red_495_cutoff_0.0.inp.out,200.5270338305995,-0.3407,0.0883,0.2218,0.0,-1325.4976998588,4.060337445886873,3.6537584978050335,-1556.1935228681,0.3462206900999263
BENR_red_496_cutoff_0.0.inp.out,200.98946475967944,-0.3435,0.0770,0.5723,0.0,-1326.1165215520,-0.8662276721928831,-1.9119477014353135,-1556.819750624,0.34871883529990555
BENR_red_497_cutoff_0.0.inp.out,200.48827168582963,-0.3388,0.0786,0.2697,0.0,-1325.6672809341,-5.251511294874299,-11.145338213739416,-1556.3717656381,0.3434448345999499
BENR_red_498_cutoff_0.0.inp.out,201.0603997075536,-0.3361,0.0860,0.2349,0.0,-1326.0397667937,-3.8746165891281064,-2.348225961433174,-1556.7450650497,0.3414405446001183
BENR_red_499_cutoff_0.0.inp.out,200.56775360080235,-0.3298,0.0962,0.7054,0.0,-1325.9231794630,-0.6102897306008856,-1.8378202404730855,-1556.6158123688,0.33443000140005097
BENR_red_49_cutoff_0.0.inp.out,199.6071076139406,-0.3578,0.0668,0.9936,0.0,-1326.2757677327,-0.6064867285545603,0.318626445804153,-1556.966432043,0.36127165159996366
BENR_red_4_cutoff_0.0.inp.out,201.04105858869178,-0.3277,0.0874,0.7533,0.0,-1325.6555292530,-2.1539565020501263,-0.8486381935583714,-1556.3575725134,0.33504920449991005
BENR_red_50_cutoff_0.0.inp.out,200.38713776132906,-0.3505,0.0609,0.7835,0.0,-1325.7474901141,-4.4343792554027575,-0.9838146347569272,-1556.4390734603,0.3570859144001588
BENR_red_51_cutoff_0.0.inp.out,200.26527582478204,-0.3424,0.0787,0.4339,0.0,-1325.9095786589,-1.020018545237783,-1.0898269258805402,-1556.6048436943,0.34726566699987416
BENR_red_52_cutoff_0.0.inp.out,201.7679788045453,-0.3215,0.0836,0.4154,0.0,-1325.6997156820,0.11936687916047814,1.2653324951611487,-1556.3929060654,0.3250586333999763
BENR_red_53_cutoff_0.0.inp.out,203.4111349059853,-0.3312,0.0722,0.9089,0.0,-1325.9584883106,-1.4912133063367259,-1.1213024103233356,-1556.6578973833,0.33603894320003747
BENR_red_54_cutoff_0.0.inp.out,203.43325252815504,-0.3425,0.0793,0.9703,0.0,-1325.9964817714,1.9655581652533272,-0.3777327684437246,-1556.6967773824,0.347495426200112
BENR_red_55_cutoff_0.0.inp.out,203.9699943225433,-0.3494,0.0772,0.6925,0.0,-1326.1840420349,0.9334741463005702,-0.9555061459842982,-1556.8855628257,0.3544863534000342
BENR_red_56_cutoff_0.0.inp.out,204.5136809319398,-0.3593,0.0713,0.6407,0.0,-1326.5357258468,5.317078230876382,2.6124430005538826,-1557.2378384151,0.3630440618001103
BENR_red_57_cutoff_0.0.inp.out,203.78645904385166,-0.3099,0.1057,0.6466,0.0,-1326.4175094608,-1.6895684959456978,-1.2020327570507254,-1557.1131437582,0.31474519560015324
BENR_red_58_cutoff_0.0.inp.out,203.01085536937717,-0.3264,0.0935,0.4056,0.0,-1326.1466696995,-1.7983534554482916,-4.745585544866631,-1556.8468080514,0.3327091066000776
BENR_red_59_cutoff_0.0.inp.out,201.62992812487104,-0.3174,0.1044,0.7367,0.0,-1326.2569634218,4.60106130778725,0.6073826328674052,-1556.9489172551,0.32192305200010196
BENR_red_5_cutoff_0.0.inp.out,199.7407114705025,-0.3269,0.0947,1.1907,0.0,-1326.0553058262,-2.732547402037155,-5.915572157628121,-1556.7581090042,0.33278130519988736
BENR_red_60_cutoff_0.0.inp.out,202.01087577443354,-0.3304,0.0916,0.9974,0.0,-1326.7236182168,1.4048660264169768,1.5060216867804288,-1557.4190716786,0.3354219620000549
BENR_red_61_cutoff_0.0.inp.out,200.33224759526746,-0.3353,0.0894,0.5338,0.0,-1326.3255253646,0.6341888712146426,0.4808122175008313,-1557.0235104937,0.34064829389990336
BENR_red_62_cutoff_0.0.inp.out,199.94018963194705,-0.3314,0.0943,0.4989,0.0,-1326.4136778250,3.3054828614812766,2.889416034006952,-1557.1148606094,0.3369184895000217
BENR_red_63_cutoff_0.0.inp.out,199.55027482438723,-0.3473,0.0805,1.1647,0.0,-1326.1362897718,0.4353945411319008,-0.630153695018854,-1556.841982155,0.3532483023000168
BENR_red_64_cutoff_0.0.inp.out,198.73735706140064,-0.3457,0.0775,1.0417,0.0,-1326.3128176052,-1.1286534458117705,-2.375159440544754,-1557.0123629576,0.3513038925998444
BENR_red_65_cutoff_0.0.inp.out,198.2574803548067,-0.3262,0.0843,1.1370,0.0,-1325.9678530290,-5.840504453072545,-6.123107927321747,-1556.6576676196,0.3336122308000995
BENR_red_66_cutoff_0.0.inp.out,199.24648479609712,-0.3382,0.0809,0.4338,0.0,-1326.0302534908,-1.9401854863889625,-2.4547980224166355,-1556.71412673,0.34462190499993994
BENR_red_67_cutoff_0.0.inp.out,198.486771767263,-0.3266,0.0990,0.8866,0.0,-1326.0262492453,3.9382803245777045,2.0700335853513643,-1556.7081861115,0.3320789279998735
BENR_red_68_cutoff_0.0.inp.out,200.54354050407764,-0.3260,0.0958,0.4689,0.0,-1326.0681437515,4.542100495552635,5.022372141685375,-1556.7563079247,0.3314742821000891
BENR_red_69_cutoff_0.0.inp.out,201.2438627322856,-0.3392,0.0810,0.7863,0.0,-1326.0982312684,-1.437077767655038,-3.8818184327100953,-1556.7940679165,0.3437604585999452
BENR_red_6_cutoff_0.0.inp.out,200.94133884430684,-0.3416,0.0715,0.5947,0.0,-1325.3206421809,1.542185397979643,2.0104204285068654,-1556.0212126729,0.34734381269981895
BENR_red_70_cutoff_0.0.inp.out,199.66189298571928,-0.3456,0.0732,0.8919,0.0,-1325.4698643913,1.0567262782636029,-0.6077058290687511,-1556.1613630051,0.35033764900003916
BENR_red_71_cutoff_0.0.inp.out,199.96075185961715,-0.3332,0.0876,1.3037,0.0,-1325.5254753813,-1.643387622742176,-2.4952466444848,-1556.2278694611,0.3393483152999579
BENR_red_72_cutoff_0.0.inp.out,199.60440678117868,-0.3383,0.0753,1.2072,0.0,-1325.5024093699,-2.528981319870537,-2.8646543460413385,-1556.209791087,0.34545842989996345
BENR_red_73_cutoff_0.0.inp.out,199.92497565176805,-0.3478,0.0659,0.8453,0.0,-1325.6160343736,-4.810053569541218,-7.359000834166283,-1556.3219518483,0.3533461335998709
BENR_red_74_cutoff_0.0.inp.out,199.53231146903167,-0.3343,0.0862,1.4143,0.0,-1325.1859845129,-1.1029496209121628,0.6830517217953638,-1555.8814105399,0.3407358172999011
BENR_red_75_cutoff_0.0.inp.out,200.97769273312656,-0.3402,0.0747,0.8360,0.0,-1325.9547100701,-0.7719023948552506,-0.25669384351679136,-1556.659432524,0.3456249058999674
BENR_red_76_cutoff_0.0.inp.out,201.36188082122933,-0.3437,0.0715,0.3348,0.0,-1325.4835859894,2.9317020522168638,1.4393521820853508,-1556.177763722,0.3483862200000658
BENR_red_77_cutoff_0.0.inp.out,202.48965131230966,-0.3278,0.0928,0.5713,0.0,-1325.5546761926,2.8705441800648894,0.6492906102415279,-1556.2574454073,0.3329650133000541
BENR_red_78_cutoff_0.0.inp.out,202.6792376466356,-0.3279,0.0966,0.3659,0.0,-1325.9827359775,1.7381017588422305,6.569742935753929,-1556.6729313655,0.3328010691000145
BENR_red_79_cutoff_0.0.inp.out,202.78067524818502,-0.3307,0.0984,0.4647,0.0,-1325.6476329203,-0.9995130391248004,-0.4867500949533322,-1556.3553660545,0.3359488360999876
BENR_red_7_cutoff_0.0.inp.out,203.04374802733162,-0.3476,0.0809,0.7722,0.0,-1325.6361140388,-0.46969289418059934,0.8764563075797035,-1556.3399857726,0.3521368116000758
BENR_red_80_cutoff_0.0.inp.out,203.3012901755892,-0.3295,0.0758,0.7848,0.0,-1325.5966413378,-3.113588205264121,-3.3892613570381793,-1556.2953339298,0.3349015236001378
BENR_red_81_cutoff_0.0.inp.out,203.08631881329774,-0.3457,0.0797,0.8356,0.0,-1325.5304991693,2.1437339322449542,1.677139707840948,-1556.2370755557,0.3510774548999507
BENR_red_82_cutoff_0.0.inp.out,202.68363970353786,-0.3562,0.0752,0.7056,0.0,-1325.6583139360,1.2234641255879193,2.1343862486031915,-1556.3603265112,0.36125413889999436
BENR_red_83_cutoff_0.0.inp.out,201.83343172002387,-0.3714,0.0656,0.3787,0.0,-1325.5382906620,-0.9880651795749934,0.3725933732871612,-1556.2418733255,0.37721769380004844
BENR_red_84_cutoff_0.0.inp.out,202.75116438289453,-0.3389,0.0809,0.9672,0.0,-1325.2190432790,-0.8196242755226824,1.6530498572060044,-1555.919736908,0.344889376699939
BENR_red_85_cutoff_0.0.inp.out,202.03538623986233,-0.3507,0.0711,0.8275,0.0,-1325.6828412473,-0.5583208475141186,-1.862106278413993,-1556.3760069723,0.3558298827999806
BENR_red_86_cutoff_0.0.inp.out,201.59784748742774,-0.3307,0.0950,1.2693,0.0,-1325.6727092363,0.8590444882296744,-0.997486965871386,-1556.3695051248,0.3354607309997846
BENR_red_87_cutoff_0.0.inp.out,202.4644361582397,-0.3499,0.0651,0.8367,0.0,-1325.5769148979,0.7658998063897047,1.3852117626169367,-1556.2854060757,0.35596465899993746
BENR_red_88_cutoff_0.0.inp.out,203.33303441928027,-0.3278,0.1038,0.6231,0.0,-1325.9229498057,-0.1692941944032213,1.1600864734458485,-1556.6306486131,0.33272382340010154
BENR_red_89_cutoff_0.0.inp.out,203.43705281196353,-0.3361,0.0821,0.8250,0.0,-1325.6941168110,-3.3501673580467837,-3.436867548156078,-1556.3961673385,0.3408877129998018
BENR_red_8_cutoff_0.0.inp.out,203.44067278433283,-0.3396,0.0760,0.5369,0.0,-1325.4680793326,0.2327190324147766,0.07215234808439791,-1556.1623849209,0.3456442343001527
BENR_red_90_cutoff_0.0.inp.out,204.46877699143573,-0.3407,0.0939,0.7464,0.0,-1325.5011046694,-1.1722448232630613,-0.7730289505720519,-1556.2131869018,0.3448176120000426
BENR_red_91_cutoff_0.0.inp.out,204.29049470424485,-0.3301,0.1011,0.4733,0.0,-1325.6138067897,1.9697691763552378,3.382677680830699,-1556.3183585416,0.33573387489991546
BENR_red_92_cutoff_0.0.inp.out,204.13561144383328,-0.3255,0.1054,1.3840,0.0,-1325.7752079062,3.160954744052155,-0.2602006585637331,-1556.4810430412,0.32938992990011684
BENR_red_93_cutoff_0.0.inp.out,203.9026351441851,-0.3640,0.0632,0.7020,0.0,-1325.4178128323,-3.9733753867528305,-2.1261792451184975,-1556.1209668984,0.3689872792999722
BENR_red_94_cutoff_0.0.inp.out,202.93788622126627,-0.3471,0.0782,1.1929,0.0,-1325.5517443450,-0.5675528471360928,0.5137578695257401,-1556.2559213503,0.3518549759000962
BENR_red_95_cutoff_0.0.inp.out,202.10534310715443,-0.3423,0.0861,0.8604,0.0,-1325.9164163529,-1.4449975441391592,-0.5891385481071263,-1556.6184622993,0.34730143820002013
BENR_red_96_cutoff_0.0.inp.out,201.95707507608944,-0.3446,0.0756,0.5208,0.0,-1325.7369882649,-0.9496927886463362,-1.9958242398405597,-1556.4380975456,0.35121186559990747
BENR_red_97_cutoff_0.0.inp.out,201.12034855555584,-0.3363,0.0914,0.5610,0.0,-1325.9084894228,-0.6536796438475163,3.0661640799431162,-1556.6129633044,0.3405262574999597
BENR_red_98_cutoff_0.0.inp.out,200.99226683747833,-0.3307,0.0901,0.2873,0.0,-1326.3080434797,-1.694421153576448,-2.6881620436982825,-1557.0143336174,0.3358566896999946
BENR_red_99_cutoff_0.0.inp.out,201.26297021627207,-0.3578,0.0610,1.0744,0.0,-1325.6331984423,3.1786833684925795,8.681018357228004,-1556.3415865332,0.363283154400051
BENR_red_9_cutoff_0.0.inp.out,204.5878615638742,-0.3482,0.0655,0.6728,0.0,-1325.5708211025,3.6811104275572872,5.623924486704155,-1556.2665952669,0.3525976614000683
