file_name,NRE,HOMO,LUMO,Dipole_mom,Num_waters,chg_chg,elec5,elec10,SCF_E,delE_dft
INDI_red_0_cutoff_7.5.inp.out,395.3599500633678,-0.1073,0.3117,32.5945,57.0,-1305.3109979187,44.69617235220176,-24.85331022455073,-5969.7276233375,0.1175861056999565
INDI_red_100_cutoff_7.5.inp.out,395.062972183188,-0.1204,0.2878,35.9774,51.0,-1307.4551943124,-16.906791053090547,-85.00311674071736,-5518.664180747,0.1371521278997534
INDI_red_101_cutoff_7.5.inp.out,398.1736722747861,-0.1096,0.3008,35.6199,48.0,-1308.6136108161,-49.91638278476752,-39.362457634930976,-5293.2282949056,0.1276046414004668
INDI_red_102_cutoff_7.5.inp.out,398.5394147521698,-0.1398,0.2867,35.2314,49.0,-1308.1219704701,-15.010653293246586,-51.767273718184825,-5368.2602405326,0.148709738299658
INDI_red_103_cutoff_7.5.inp.out,397.07936789292864,-0.1347,0.2925,38.1914,51.0,-1307.5221453601,-20.713863117761733,-59.454609697135865,-5518.7158234052,0.1439794581992828
INDI_red_104_cutoff_7.5.inp.out,399.974492254102,-0.1165,0.2971,35.9596,51.0,-1307.4295356077,-9.726165731328258,-9.518580035860134,-5518.6051814244,0.1301348909992157
INDI_red_105_cutoff_7.5.inp.out,396.41134792160983,-0.1327,0.2871,33.0032,51.0,-1307.0555558765,3.8675145674166456,8.919109529919306,-5518.3108321455,0.1418726225001592
INDI_red_106_cutoff_7.5.inp.out,400.2203878196785,-0.1246,0.3039,39.1792,50.0,-1307.6670858578,-34.8030762780434,82.05697624811651,-5443.3386385164,0.1338810320003176
INDI_red_107_cutoff_7.5.inp.out,396.571678752676,-0.0982,0.3077,30.3737,51.0,-1306.9740487355,21.316289782572337,-21.205111081625073,-5518.2281982931,0.1142753400999936
INDI_red_108_cutoff_7.5.inp.out,394.58587765405065,-0.0995,0.3069,28.1741,54.0,-1306.1383949437,3.5512411540933675,2.0065143856030394,-5743.9800110161,0.1223334153000905
INDI_red_109_cutoff_7.5.inp.out,397.81181058785614,-0.1181,0.2977,29.344,56.0,-1305.6203718338,-25.92606706843656,-67.19042280881277,-5894.4811603193,0.1326178213994353
INDI_red_10_cutoff_7.5.inp.out,396.22673938937226,-0.1109,0.2906,43.2982,53.0,-1307.126748483,-19.868934467057535,-20.223545170727423,-5669.4654720945,0.1304514564999408
INDI_red_110_cutoff_7.5.inp.out,399.1604582808021,-0.1435,0.2818,35.7077,56.0,-1305.5467706822,-110.09218225447329,-119.88744921048747,-5894.3426462049,0.1530985724002675
INDI_red_111_cutoff_7.5.inp.out,395.90042723405605,-0.1036,0.3148,41.1415,55.0,-1306.2395997906,25.568607334539095,-73.78802774562726,-5819.4877255412,0.1221820505998039
INDI_red_112_cutoff_7.5.inp.out,397.00389353367274,-0.1445,0.2807,39.1211,52.0,-1306.8578828615,76.85617322820515,-18.123145614389404,-5593.5110236209,0.1524414397999862
INDI_red_113_cutoff_7.5.inp.out,397.09647091001534,-0.1105,0.3028,46.5338,55.0,-1306.1521940719,118.17250170330053,23.34852622123264,-5819.5004222003,0.1250412095005231
INDI_red_114_cutoff_7.5.inp.out,397.04322334671616,-0.0878,0.3302,35.8334,51.0,-1307.2493467254,-12.736887668870915,30.3479041401188,-5518.4233296404,0.1038217187997361
INDI_red_115_cutoff_7.5.inp.out,395.7237709068316,-0.1044,0.3093,29.0738,50.0,-1307.4768736955,103.59770964490497,42.986257446842785,-5443.1828078793,0.1196752674004528
INDI_red_116_cutoff_7.5.inp.out,397.4224505929427,-0.1165,0.3054,33.8421,52.0,-1306.9227168728,29.387055632137727,97.32443037385202,-5593.7154795736,0.132322011099859
INDI_red_117_cutoff_7.5.inp.out,396.159294984881,-0.1298,0.2846,19.1221,52.0,-1307.0122154109,63.40813246405136,11.822782872781646,-5593.7396322099,0.1423468919992956
INDI_red_118_cutoff_7.5.inp.out,399.3779856634441,-0.1293,0.2943,28.009,51.0,-1307.4225037896,9.548857459888662,-6.7549883624060225,-5518.6307456984,0.1421911341003578
INDI_red_119_cutoff_7.5.inp.out,397.0829026343364,-0.1459,0.288,27.1352,46.0,-1308.9691426714,23.72812313067463,27.705781494715023,-5142.5031718747,0.1515722163003374
INDI_red_11_cutoff_7.5.inp.out,397.25837373979414,-0.1235,0.2898,40.3099,54.0,-1306.906648346,-1.4182022586984544,15.574646660852038,-5744.8323639328,0.135561299100118
INDI_red_120_cutoff_7.5.inp.out,394.5324953115437,-0.1225,0.2796,29.4736,55.0,-1305.8925398365,-1.963802418021436,28.61244563568012,-5819.2773250204,0.1410367311991649
INDI_red_121_cutoff_7.5.inp.out,398.7305184836456,-0.1504,0.2733,27.5261,59.0,-1304.8122744829,71.49059873178186,87.97095589482888,-6120.3138502808,0.1600976284998978
INDI_red_122_cutoff_7.5.inp.out,391.4006650533939,-0.1278,0.282,33.5862,58.0,-1305.2574615033,92.7561714152228,98.3026044388343,-6045.2048800576,0.1442642459996932
INDI_red_123_cutoff_7.5.inp.out,394.8410110515007,-0.0946,0.2947,35.2875,59.0,-1304.6743577531,114.7279009367096,160.5614548746042,-6120.1612441071,0.1186488708999604
INDI_red_124_cutoff_7.5.inp.out,398.1432928919222,-0.144,0.2682,23.9094,53.0,-1306.9454097507,107.78558232593218,152.32791088773496,-5669.2853079233,0.1580112361998544
INDI_red_125_cutoff_7.5.inp.out,394.1788183317979,-0.1339,0.2925,24.4734,51.0,-1307.164075848,104.815247133416,134.84592741762395,-5518.4673343924,0.147170178500346
INDI_red_126_cutoff_7.5.inp.out,396.26780205756313,-0.1138,0.2883,23.7436,48.0,-1308.8391230502,95.6658155767666,137.97454519310418,-5293.4364740733,0.1335992790000091
INDI_red_127_cutoff_7.5.inp.out,397.18674376454464,-0.1228,0.2904,20.7961,49.0,-1308.2662633079,66.65780001102979,115.57654666663942,-5368.4298812218,0.1368780341999809
INDI_red_128_cutoff_7.5.inp.out,397.99867818450053,-0.1465,0.2917,29.4244,47.0,-1308.7145046743,63.0992773468419,140.6967400625904,-5217.8454068352,0.1526007267002569
INDI_red_129_cutoff_7.5.inp.out,395.06495216722834,-0.1379,0.2642,35.2255,51.0,-1307.4392964874,81.79984561763432,109.7240636981546,-5518.6995274375,0.153767274099664
INDI_red_12_cutoff_7.5.inp.out,398.2023963542375,-0.1504,0.2856,32.6148,53.0,-1307.0789322695,25.354253757465493,31.453598611624233,-5669.4462029593,0.15960762279974
INDI_red_130_cutoff_7.5.inp.out,395.3599500633678,-0.1073,0.3117,32.5945,57.0,-1305.31106546,44.69537616385766,-24.85387483516937,-5969.727688647,0.1175866985995526
INDI_red_131_cutoff_7.5.inp.out,398.5760621670376,-0.1125,0.3157,34.8328,61.0,-1303.9651321147,2.452100043049684,77.40730395987626,-6270.5578415964,0.1270439222998902
INDI_red_132_cutoff_7.5.inp.out,395.5938560078084,-0.1073,0.3091,26.6908,56.0,-1305.3907516974,64.21889757041441,13.03109688622587,-5894.2898554521,0.1220715521994861
INDI_red_133_cutoff_7.5.inp.out,399.2433483859179,-0.1082,0.3052,29.4604,54.0,-1306.6323401477,53.27556750280629,23.57309735454792,-5744.4732406956,0.1271810365005876
INDI_red_134_cutoff_7.5.inp.out,394.511406762262,-0.1361,0.286,24.8799,54.0,-1306.4099710506,12.40120324634326,29.208218286337083,-5744.2271715325,0.1424642274996586
INDI_red_135_cutoff_7.5.inp.out,397.9693627914302,-0.1412,0.2777,27.8122,51.0,-1307.2557123684,-71.5791963062631,-12.606173186913445,-5518.5303834997,0.1543657889005771
INDI_red_136_cutoff_7.5.inp.out,396.1139515502437,-0.1009,0.2939,27.8557,54.0,-1306.6075708294,64.21914534617734,49.334536123862925,-5744.4176488439,0.1178953296002873
INDI_red_137_cutoff_7.5.inp.out,394.47215687242465,-0.1261,0.2814,42.6142,53.0,-1306.9123777768,-54.46491726820209,72.40194777507729,-5669.2073346731,0.1434594175998427
INDI_red_138_cutoff_7.5.inp.out,395.8058202748739,-0.1356,0.2914,30.5009,54.0,-1306.5876986106,-9.849660365299046,29.299571667255464,-5744.4407208471,0.1459238293000453
INDI_red_139_cutoff_7.5.inp.out,397.25942737092447,-0.1278,0.275,39.4747,52.0,-1307.4415826534,13.71027088784526,54.280646643520406,-5594.1907883671,0.144693865499903
INDI_red_13_cutoff_7.5.inp.out,392.79789113030586,-0.1297,0.2695,34.9606,55.0,-1306.4121465062,43.84729513441384,40.15154690804098,-5819.76919539,0.1436888629004897
INDI_red_140_cutoff_7.5.inp.out,393.8800989868495,-0.1305,0.2663,33.9169,51.0,-1307.5286049862,20.67563454225459,10.90177673957954,-5518.8035205306,0.1502830433000781
INDI_red_141_cutoff_7.5.inp.out,391.77649228068265,-0.1167,0.2933,32.4001,54.0,-1306.6875244471,-0.3025708410879676,5.48573881260166,-5744.5692948208,0.1385279715996148
INDI_red_142_cutoff_7.5.inp.out,399.93408407311,-0.118,0.2942,35.6531,56.0,-1305.9767305011,24.459913642635897,68.51675391309317,-5894.8870306258,0.1318087305999142
INDI_red_143_cutoff_7.5.inp.out,395.2358731259325,-0.113,0.3134,31.1042,54.0,-1306.4487641465,37.12751069532323,4.478564868851263,-5744.2333298884,0.1247331853001014
INDI_red_144_cutoff_7.5.inp.out,399.8365982128477,-0.118,0.3006,23.4202,52.0,-1307.1371255094,41.25987273954126,62.2506476296004,-5593.8697575311,0.1313955258001442
INDI_red_145_cutoff_7.5.inp.out,393.4031548343538,-0.1381,0.2725,23.1234,51.0,-1307.654572557,23.229545708735166,20.93502547736452,-5518.9192274369,0.1515283794997231
INDI_red_146_cutoff_7.5.inp.out,392.57375541147286,-0.1463,0.2778,22.572,52.0,-1307.3775281881,-15.319454521356525,-14.518432895655623,-5594.2370189437,0.1593196154999532
INDI_red_147_cutoff_7.5.inp.out,396.66666748980833,-0.1399,0.2798,25.9095,55.0,-1306.5180534301,-83.05222242426674,-0.964027167326247,-5819.9389731779,0.1547493276002569
INDI_red_148_cutoff_7.5.inp.out,397.45383803681614,-0.1406,0.2772,30.4271,56.0,-1305.9900245126,-4.0478305347397185,-22.738097716434492,-5894.8985021929,0.1558928028998707
INDI_red_149_cutoff_7.5.inp.out,399.0424463178736,-0.1182,0.3145,31.7176,54.0,-1306.9853168983,-50.66396700695233,2.6400092688447465,-5744.8017753944,0.131501504800326
INDI_red_14_cutoff_7.5.inp.out,397.9618918917563,-0.117,0.3048,31.797,52.0,-1307.4005062761,21.84176646684129,-13.22294458337838,-5594.1536679663,0.1294481707991508
INDI_red_150_cutoff_7.5.inp.out,398.406477291688,-0.1327,0.2968,30.2242,57.0,-1305.5725899379,-45.16286009881107,-20.8552872436464,-5969.9151269861,0.1432590490003349
INDI_red_151_cutoff_7.5.inp.out,393.49474564033295,-0.1175,0.3034,28.344,55.0,-1306.3111196548,-97.77108806597796,-31.51690238012136,-5819.6536116305,0.1366506296999432
INDI_red_152_cutoff_7.5.inp.out,394.4156115769326,-0.1111,0.3039,29.8154,53.0,-1306.9196997821,-55.73158001302964,-25.884484219776805,-5669.2158251137,0.1306924587997855
INDI_red_153_cutoff_7.5.inp.out,400.57837624902794,-0.1285,0.3078,35.3285,56.0,-1305.5763076027,16.76842815256324,9.220030857188952,-5894.4930451017,0.1443804769996859
INDI_red_154_cutoff_7.5.inp.out,396.475335123812,-0.1199,0.3024,33.9466,56.0,-1306.0868243948,4.6825222760047165,26.91773143534076,-5894.9989695459,0.1333912153004348
INDI_red_155_cutoff_7.5.inp.out,394.6951189687577,-0.1183,0.2832,23.684,55.0,-1306.1116238635,-133.32472052539313,-8.237596015375205,-5819.4277397628,0.1356331078995936
INDI_red_156_cutoff_7.5.inp.out,398.8661498559615,-0.122,0.3022,21.7757,55.0,-1306.4606044427,-14.41677384642405,-42.150932652975264,-5819.8566811447,0.1360585308993904
INDI_red_157_cutoff_7.5.inp.out,397.0138696091468,-0.1409,0.2797,23.283,55.0,-1306.3537849128,-117.42781643085809,-1.4467724579369734,-5819.7536115685,0.1520325002002209
INDI_red_158_cutoff_7.5.inp.out,396.99633970233293,-0.0914,0.3059,20.3425,56.0,-1305.9033711631,-19.04891818101316,11.821031748704783,-5894.8680761718,0.115218816399647
INDI_red_159_cutoff_7.5.inp.out,391.56416228200465,-0.1304,0.2706,18.0268,54.0,-1306.5628429252,-36.95545755263889,12.989091031668147,-5744.3766484555,0.1453905343996666
INDI_red_15_cutoff_7.5.inp.out,395.4252174179989,-0.1387,0.2864,38.38,52.0,-1307.1092186179,9.988169510141685,-24.645465796288985,-5593.8558856188,0.1464229401999546
INDI_red_160_cutoff_7.5.inp.out,397.96159597657424,-0.1184,0.3092,15.9802,51.0,-1307.6252896283,-140.30250700402337,-50.3981602496976,-5518.842512648,0.1381638223001573
INDI_red_161_cutoff_7.5.inp.out,399.00684356677453,-0.125,0.3003,16.0067,54.0,-1306.3934331016,-89.89787945734064,-69.18695304687199,-5744.1953085993,0.1391337715995177
INDI_red_162_cutoff_7.5.inp.out,394.6209453325012,-0.0965,0.3153,23.0913,55.0,-1305.6881499462,-35.123370948614216,-51.14077758728553,-5819.0642181534,0.1152983195997876
INDI_red_163_cutoff_7.5.inp.out,394.98767815750693,-0.1316,0.2812,21.4655,52.0,-1307.1334690898,-7.947681737890257,-21.528562707432013,-5593.8556266168,0.1443310430995552
INDI_red_164_cutoff_7.5.inp.out,397.1466952240472,-0.1205,0.3056,19.2646,53.0,-1306.9528008167,-68.10383897909766,-54.90795731777204,-5669.2751572502,0.1331065234999187
INDI_red_165_cutoff_7.5.inp.out,400.6415736040335,-0.1189,0.3097,27.2011,53.0,-1307.164531097,-36.53656658110269,-70.26019598291872,-5669.4457095526,0.1331176216999665
INDI_red_166_cutoff_7.5.inp.out,395.3632875737072,-0.1243,0.2757,13.4623,50.0,-1308.3032858241,-60.83827551569957,-32.00939055718058,-5443.9948017984,0.1418624555999486
INDI_red_167_cutoff_7.5.inp.out,393.0137669791187,-0.1055,0.2887,14.7846,54.0,-1307.1767051077,-59.21333896964762,-11.060608278442473,-5744.954875881,0.1240698327992504
INDI_red_168_cutoff_7.5.inp.out,398.5546140987571,-0.0985,0.3005,11.8452,56.0,-1305.9985859466,-7.878557248058104,-33.54815013227011,-5894.8128497191,0.1176255685995784
INDI_red_169_cutoff_7.5.inp.out,393.76714053836565,-0.1275,0.284,11.4834,55.0,-1306.5369774446,-29.469708903139423,-48.304309702935385,-5819.916699471,0.1417673902005845
INDI_red_16_cutoff_7.5.inp.out,397.4166647569292,-0.117,0.2923,38.952,51.0,-1307.5781656019,-46.84494145295088,-40.81570912247533,-5518.8770036465,0.1323037211004702
INDI_red_170_cutoff_7.5.inp.out,402.8253984593553,-0.1078,0.3189,11.0258,56.0,-1305.9821910618,11.912216440988486,-25.67677139551934,-5894.8597545834,0.1221710646996143
INDI_red_171_cutoff_7.5.inp.out,397.1728056939481,-0.1112,0.2945,19.9127,56.0,-1305.8838851287,-19.514922867524295,-9.954587461758177,-5894.7828526278,0.1282364132994189
INDI_red_172_cutoff_7.5.inp.out,396.23751172089305,-0.1142,0.2943,13.3275,56.0,-1305.4342660071,-2.955442369909151,-55.84627320882253,-5894.2852717815,0.1327844627003287
INDI_red_173_cutoff_7.5.inp.out,397.68366375381896,-0.1213,0.3068,7.7592,56.0,-1305.7850474138,29.062030330156684,-8.006971000441547,-5894.7102732953,0.1345047510003496
INDI_red_174_cutoff_7.5.inp.out,395.73867170311496,-0.1018,0.2997,10.5291,56.0,-1305.6696264587,37.18615679551739,-28.732716192316488,-5894.5797812193,0.1170924133994049
INDI_red_175_cutoff_7.5.inp.out,396.0574732606782,-0.1073,0.2986,7.718,53.0,-1306.9077868991,6.488061001127294,-48.30005344143757,-5669.2296134769,0.1273200271998575
INDI_red_176_cutoff_7.5.inp.out,398.3276981510026,-0.1199,0.2978,15.6126,50.0,-1307.5428099768,-7.992417937395454,-33.60811730656575,-5443.2683068197,0.1326765560997955
INDI_red_177_cutoff_7.5.inp.out,395.8636668000857,-0.0935,0.299,13.1073,47.0,-1308.9251613083,-2.3319166387981847,-53.004466094616305,-5218.0057695839,0.1154301127999133
INDI_red_178_cutoff_7.5.inp.out,395.91403390187617,-0.1283,0.2756,20.1409,51.0,-1307.6642071096,31.491012551132336,-41.238940841457314,-5518.8918040841,0.1471547896007905
INDI_red_179_cutoff_7.5.inp.out,397.5093359145931,-0.1312,0.2906,22.0474,53.0,-1306.5972485424,11.103076411855383,-48.10583255823404,-5668.8976050825,0.1416483412995148
INDI_red_17_cutoff_7.5.inp.out,395.21334636718393,-0.1051,0.301,36.7624,53.0,-1307.1243917115,33.82468056257235,91.53652766915064,-5669.4434023431,0.1267786711005101
INDI_red_180_cutoff_7.5.inp.out,395.3599500633678,-0.1073,0.3117,32.5945,57.0,-1305.3110552557,44.6956590111737,-24.85379999400087,-5969.7276783597,0.1175866717003373
INDI_red_181_cutoff_7.5.inp.out,399.1736797781988,-0.1127,0.316,38.2018,60.0,-1304.3212474277,-8.360099700780808,72.53467487384299,-6195.4007080949,0.1268447233996994
INDI_red_182_cutoff_7.5.inp.out,396.18803215065407,-0.1265,0.2863,30.676,57.0,-1305.037842078,-27.820378152744368,1.0250825799098655,-5969.4880866221,0.1392897431005622
INDI_red_183_cutoff_7.5.inp.out,398.65781766266304,-0.1096,0.3068,30.9408,55.0,-1305.884161831,-13.075882648683104,19.18811801166556,-5819.2902114879,0.1250426052001785
INDI_red_184_cutoff_7.5.inp.out,397.7202951325919,-0.1268,0.2963,28.339,52.0,-1307.1048116762,17.353962533766047,15.384290558638776,-5593.7880624437,0.1374062304994368
INDI_red_185_cutoff_7.5.inp.out,395.8836217554583,-0.1208,0.2902,21.9221,51.0,-1307.6094345825,127.13900111806936,-8.477472866073633,-5518.8655876327,0.138244467199911
INDI_red_186_cutoff_7.5.inp.out,392.5185875769924,-0.1554,0.2486,22.4693,51.0,-1307.4868503722,-5.988662983700759,12.544247660291704,-5518.7340601823,0.1676666861003468
INDI_red_187_cutoff_7.5.inp.out,395.5050665476228,-0.1432,0.2541,27.8485,55.0,-1306.0423878091,-78.5196442781297,97.33615083884024,-5819.4089732947,0.1594059717999698
INDI_red_188_cutoff_7.5.inp.out,397.8376691309054,-0.1174,0.2976,22.1201,55.0,-1305.6486681062,-16.516679835414973,40.720921063097016,-5818.9728785689,0.1334595611997429
INDI_red_189_cutoff_7.5.inp.out,397.2013468977285,-0.1239,0.2917,25.3177,58.0,-1304.595048374,-2.0959803071923853,43.49261176725483,-6044.5481211098,0.1358236592004686
INDI_red_18_cutoff_7.5.inp.out,392.3591463337754,-0.1042,0.306,33.495,55.0,-1306.4041725333,76.86430189992957,42.5265760176927,-5819.7183578307,0.1187985721999211
INDI_red_190_cutoff_7.5.inp.out,396.2025024912369,-0.1008,0.3178,34.9262,57.0,-1305.1343489958,28.76861112949215,84.34692157241497,-5969.514507552,0.1158076340998377
INDI_red_191_cutoff_7.5.inp.out,396.9628950894896,-0.1274,0.2854,37.0066,57.0,-1304.7363040362,93.14130044521627,117.49689728349736,-5969.2154619736,0.1403690617999018
INDI_red_192_cutoff_7.5.inp.out,398.1279883349072,-0.0957,0.3158,31.9286,53.0,-1306.7947081866,142.0424375368948,126.51529014534798,-5669.135564805,0.1138147443998605
INDI_red_193_cutoff_7.5.inp.out,398.21472342231783,-0.1422,0.2867,32.258,58.0,-1304.5181636416,-79.6342331655462,57.46584123433566,-6044.5252229941,0.1503087235005296
INDI_red_194_cutoff_7.5.inp.out,395.4474319449347,-0.1175,0.2986,29.6675,56.0,-1305.6376190522,-57.046283597841054,108.70877728303196,-5894.5885439978,0.1320258035993902
INDI_red_195_cutoff_7.5.inp.out,395.03859569588894,-0.1096,0.3063,21.1816,50.0,-1307.6283118255,-137.28739500382795,-31.369735093731155,-5443.348635315,0.1278932770992469
INDI_red_196_cutoff_7.5.inp.out,399.44657516665023,-0.1221,0.3054,22.0645,55.0,-1305.9653744006,-70.97068347063137,-5.632944705594863,-5819.3221071954,0.1300271418003831
INDI_red_197_cutoff_7.5.inp.out,399.65709046980766,-0.1166,0.3019,22.1965,53.0,-1306.6834127264,-16.962751805455163,-50.20556148597936,-5668.9181214998,0.1289695222003501
INDI_red_198_cutoff_7.5.inp.out,393.121329969578,-0.1185,0.292,29.2243,55.0,-1306.5717105662,-81.4483633560728,-86.74193666473074,-5819.9273823749,0.1339424479001536
INDI_red_199_cutoff_7.5.inp.out,394.0105148168331,-0.1188,0.2984,15.3727,56.0,-1305.8701288161,-34.787076519395775,-78.20118150750679,-5894.7428571414,0.1315198286001759
INDI_red_19_cutoff_7.5.inp.out,396.11983525734735,-0.0996,0.2914,26.5744,56.0,-1305.400999523,6.054250760271064,10.158521573681348,-5894.2338935386,0.1213762115994541
INDI_red_1_cutoff_7.5.inp.out,399.2004276328298,-0.1118,0.3158,37.4043,60.0,-1304.3025756713,7.152555382900476,73.8346860011181,-6195.3781072313,0.1257547285995315
INDI_red_200_cutoff_7.5.inp.out,400.26525045615693,-0.1272,0.2923,15.8679,54.0,-1306.382103356,-74.90934378225396,-20.88686846647325,-5744.1394689419,0.1392469791999246
INDI_red_201_cutoff_7.5.inp.out,394.55601095142265,-0.1281,0.2839,14.8976,52.0,-1306.9536324399,-38.19726226699773,7.960851961397575,-5593.7068437892,0.1451508411000759
INDI_red_202_cutoff_7.5.inp.out,398.20862203272486,-0.1205,0.2867,11.04,53.0,-1306.8296894734,15.990647985940544,45.30133427435463,-5669.0800451432,0.1351032400998519
INDI_red_203_cutoff_7.5.inp.out,393.79360331700434,-0.1222,0.2829,16.6561,53.0,-1306.6679684912,36.65749146593006,54.097815997933886,-5668.9254630012,0.1408335962996716
INDI_red_204_cutoff_7.5.inp.out,402.2461752365922,-0.1116,0.2983,27.6024,51.0,-1307.6821773663,-42.17510147938315,-0.6228241765035434,-5518.8905518387,0.1270795667996935
INDI_red_205_cutoff_7.5.inp.out,396.7894449391911,-0.1228,0.3111,20.8363,50.0,-1307.7456679958,104.9153698036888,141.45796458393127,-5443.4045454797,0.1370162037001137
INDI_red_206_cutoff_7.5.inp.out,397.4893411756777,-0.1133,0.2883,17.1928,52.0,-1307.2272783554,-73.82547336537557,121.35736361613804,-5593.9109509719,0.1334676349997607
INDI_red_207_cutoff_7.5.inp.out,398.1212224311536,-0.1394,0.2967,11.1881,56.0,-1305.6953660437,-101.4356256665885,36.24447615577283,-5894.517385764,0.149427783199826
INDI_red_208_cutoff_7.5.inp.out,396.1444952865606,-0.1149,0.3166,15.4976,56.0,-1305.1888821518,-27.164439012801076,124.7369574533734,-5894.0099510967,0.1332298508996245
INDI_red_209_cutoff_7.5.inp.out,397.4143946128184,-0.1079,0.288,25.2559,57.0,-1305.2238780984,109.8870762723757,182.2396323899885,-5969.6414219568,0.1284809648996088
INDI_red_20_cutoff_7.5.inp.out,395.3599500633678,-0.1073,0.3117,32.5945,57.0,-1305.3110431444,44.69553338060484,-24.853712740934824,-5969.7276663378,0.1175866867997683
INDI_red_210_cutoff_7.5.inp.out,395.0806424528206,-0.1297,0.2884,25.8529,58.0,-1304.5677165368,33.7103086257729,153.19491766523592,-6044.5125271594,0.1487329830997623
INDI_red_211_cutoff_7.5.inp.out,399.555548984566,-0.1351,0.2796,19.7646,54.0,-1306.0952471498,76.99157783979778,90.73913008486564,-5743.9073834362,0.147160462800457
INDI_red_212_cutoff_7.5.inp.out,397.2611639854298,-0.1286,0.2797,18.2721,56.0,-1305.3188043333,-25.4502006038771,25.79156459794341,-5894.2018934032,0.1417475626003579
INDI_red_213_cutoff_7.5.inp.out,396.186017084133,-0.1462,0.2935,16.9457,58.0,-1304.9824512119,17.50740395346339,21.270482731892393,-6044.909208703,0.1520165024994639
INDI_red_214_cutoff_7.5.inp.out,398.617864273482,-0.1327,0.281,11.7902,57.0,-1305.2837439437,-62.26472078532183,21.276934161501657,-5969.7425130913,0.1496468507002646
INDI_red_215_cutoff_7.5.inp.out,399.86830052848046,-0.1364,0.2876,17.2683,55.0,-1305.6882374596,-36.42945398615983,18.449485069482463,-5819.0087137674,0.1477627601007043
INDI_red_216_cutoff_7.5.inp.out,397.76478545932224,-0.1269,0.3049,24.0376,59.0,-1304.1014956006,46.72870393303069,3.2877718991238343,-6119.5670191222,0.1376713066001684
INDI_red_217_cutoff_7.5.inp.out,396.919052441496,-0.1095,0.2873,19.7859,60.0,-1304.1927610263,58.76733144704318,67.01106009482868,-6195.1520969364,0.1305941775999599
INDI_red_218_cutoff_7.5.inp.out,394.8714856618589,-0.1473,0.2706,34.1552,58.0,-1304.6425532767,48.75478043067379,15.747700482484792,-6044.5725440225,0.1577583140997376
INDI_red_219_cutoff_7.5.inp.out,397.17637399197906,-0.1282,0.3012,23.5506,57.0,-1305.3238484955,-130.68999940843725,-41.24886970482055,-5969.7055642683,0.1453714708995903
INDI_red_21_cutoff_7.5.inp.out,398.84982695613377,-0.1201,0.3099,37.7059,60.0,-1304.2984572224,16.29870556617636,82.07653432744218,-6195.3785947643,0.1339071235006486
INDI_red_220_cutoff_7.5.inp.out,397.15008529888246,-0.1176,0.2924,16.3092,54.0,-1306.0692954603,-43.333974224040425,-14.09523063596454,-5743.9242259747,0.1368807437993382
INDI_red_221_cutoff_7.5.inp.out,398.44904414500326,-0.1293,0.2979,16.1094,55.0,-1305.9150659718,33.64722022367222,-11.471771204427714,-5819.2490828516,0.1409311600991714
INDI_red_222_cutoff_7.5.inp.out,397.99262582620634,-0.1209,0.3087,18.1976,55.0,-1305.9122219293,-64.371192492993,-11.680353229473743,-5819.2916575101,0.137918640099997
INDI_red_223_cutoff_7.5.inp.out,398.0077553948514,-0.1012,0.2974,17.7035,55.0,-1306.3024308068,35.767144854462884,-0.2593673360149711,-5819.6491689979,0.1212919093995879
INDI_red_224_cutoff_7.5.inp.out,394.6907730798794,-0.1635,0.2649,21.3104,51.0,-1307.3151101958,-92.5196063619403,-16.094164732433704,-5518.5573647222,0.1709972139005913
INDI_red_225_cutoff_7.5.inp.out,397.00941258191585,-0.1039,0.3039,24.6657,49.0,-1307.8321881763,-26.86188761180504,3.6177726308885583,-5367.9529828671,0.1229320607999397
INDI_red_226_cutoff_7.5.inp.out,398.24359299167867,-0.1231,0.2814,30.7224,54.0,-1306.6055475152,17.696055189663834,52.26130643022204,-5744.3839500147,0.1363134148996323
INDI_red_227_cutoff_7.5.inp.out,392.855114430815,-0.1126,0.3003,8.714,51.0,-1307.5002073713,1.191159961310586,22.091588506296866,-5518.6919699148,0.1258010994006326
INDI_red_228_cutoff_7.5.inp.out,399.1358816348277,-0.1248,0.2886,14.1206,52.0,-1307.0304545643,41.86440409839266,34.31842023596416,-5593.754042829,0.1399922512000557
INDI_red_229_cutoff_7.5.inp.out,396.23868007281175,-0.1365,0.2847,8.3246,53.0,-1307.3198543296,36.791724175597984,-3.4159536059618723,-5669.6288310305,0.1483957673008262
INDI_red_22_cutoff_7.5.inp.out,397.5116046327141,-0.1188,0.2943,31.2427,54.0,-1305.9021238306,14.390620050586596,-26.688017011370462,-5743.7947670626,0.1315383776000089
INDI_red_230_cutoff_7.5.inp.out,395.5182978260903,-0.1306,0.2807,39.1653,52.0,-1307.1271040004,98.21208988359854,173.27905937158005,-5593.8775229183,0.1432772274993112
INDI_red_231_cutoff_7.5.inp.out,399.9443600987657,-0.1197,0.3009,39.0032,50.0,-1307.3859045295,15.38710752892846,47.86918127802775,-5443.1166481641,0.1300504201999501
INDI_red_232_cutoff_7.5.inp.out,394.6615050830941,-0.128,0.2941,42.3707,52.0,-1306.8613276156,16.22134519855332,24.923276669888843,-5593.658201365,0.1420490869995774
INDI_red_233_cutoff_7.5.inp.out,400.883999433138,-0.1087,0.3035,40.3107,55.0,-1306.0587463593,59.91427538594238,9.127346232179786,-5819.4593580267,0.125816750800368
INDI_red_234_cutoff_7.5.inp.out,394.2043959839798,-0.1231,0.301,32.1759,54.0,-1306.6127444688,65.77346315061824,112.834632905531,-5744.4266919996,0.1337088453001342
INDI_red_235_cutoff_7.5.inp.out,395.7691518435332,-0.119,0.298,35.1249,53.0,-1306.7969012621,78.0785417385963,181.778290908694,-5669.1294316107,0.1339676560000953
INDI_red_236_cutoff_7.5.inp.out,398.45300516488714,-0.1031,0.3197,44.0684,57.0,-1304.7524788519,106.49570777337368,37.564201339819085,-5969.160296197,0.116642014700119
INDI_red_237_cutoff_7.5.inp.out,401.0198871485972,-0.1294,0.2828,60.4987,61.0,-1303.6667064771,124.47364049220174,213.04770729172608,-6270.2094347975,0.1399936121006249
INDI_red_238_cutoff_7.5.inp.out,393.8215050797706,-0.1387,0.2749,53.8891,60.0,-1303.8803083219,88.24930288265628,133.81837120691344,-6194.9075764192,0.1513377666997257
INDI_red_239_cutoff_7.5.inp.out,393.53456971478374,-0.1233,0.2746,46.8047,59.0,-1304.3308635678,-8.890592100134976,39.554868346480355,-6119.8401750136,0.1445890826998948
INDI_red_23_cutoff_7.5.inp.out,396.6977439885299,-0.1041,0.3098,39.7736,53.0,-1306.8881435916,55.08984532332052,72.3654201744575,-5669.1715739975,0.1173219883003184
INDI_red_240_cutoff_7.5.inp.out,395.3599500633678,-0.1073,0.3117,32.5945,57.0,-1305.3111029128,44.69584821771269,-24.853981708964785,-5969.7277261428,0.1175864412998635
INDI_red_241_cutoff_7.5.inp.out,399.2984272417949,-0.1127,0.3173,35.1701,59.0,-1304.6452746908,3.3832107471788824,62.8895880599911,-6120.1926599811,0.1269511722002789
INDI_red_242_cutoff_7.5.inp.out,394.5609554282809,-0.1143,0.2999,29.6413,55.0,-1305.8368323885,37.428709493431455,3.2145134316274877,-5819.2447635496,0.1286217350998413
INDI_red_243_cutoff_7.5.inp.out,398.9010589672348,-0.0871,0.3215,29.4278,53.0,-1306.691278535,27.24184224571945,95.24138387035065,-5669.0109531365,0.1076039402005335
INDI_red_244_cutoff_7.5.inp.out,398.2723587243179,-0.1382,0.295,27.7653,54.0,-1306.8648010471,-69.88063792767159,44.19006483678243,-5744.7153541346,0.1491907704994446
INDI_red_245_cutoff_7.5.inp.out,396.71105066852385,-0.0871,0.3304,28.2706,54.0,-1306.6218107871,6.1330399843242915,17.96417936150455,-5744.427960864,0.1061323889007326
INDI_red_246_cutoff_7.5.inp.out,392.5256367917312,-0.1122,0.2894,19.1093,58.0,-1305.4663873853,-141.83155620764902,19.593767309364782,-6045.3742294849,0.1295215824993647
INDI_red_247_cutoff_7.5.inp.out,398.9517163106204,-0.1277,0.3017,19.8309,56.0,-1305.6956208271,8.395793776878026,19.935470625853146,-5894.5514282292,0.1385869960995478
INDI_red_248_cutoff_7.5.inp.out,400.94853639094913,-0.1289,0.2877,18.5345,56.0,-1305.9431534394,-25.868369031982187,46.06828789545344,-5894.786511062,0.1403437538001526
INDI_red_249_cutoff_7.5.inp.out,392.4404354674879,-0.1057,0.3033,20.8506,57.0,-1305.4443999574,14.949377648848024,51.83362203236464,-5969.7968140201,0.1237423964994377
INDI_red_24_cutoff_7.5.inp.out,398.2734966752541,-0.1706,0.2659,26.9418,55.0,-1306.3697154993,-295.0770834773133,58.30631664923352,-5819.7369714889,0.1756397908993676
INDI_red_250_cutoff_7.5.inp.out,393.59355457280714,-0.1247,0.2865,25.7812,55.0,-1306.1190840934,11.68737676281143,56.267852284780346,-5819.4476074126,0.1379990302002625
INDI_red_251_cutoff_7.5.inp.out,394.26622417157495,-0.1247,0.3016,18.0207,57.0,-1305.2501926723,-47.5667064255938,1.8029665140864113,-5969.6887098312,0.1350698360001843
INDI_red_252_cutoff_7.5.inp.out,402.4259362674432,-0.1174,0.3188,16.4229,56.0,-1305.3756497283,-0.1529161823903958,17.078594760813605,-5894.294118013,0.1309240365999358
INDI_red_253_cutoff_7.5.inp.out,396.4943190027459,-0.129,0.2875,16.7994,55.0,-1305.7256969213,-66.31304846034429,-13.0730704316267,-5819.1501036188,0.1401889729995673
INDI_red_254_cutoff_7.5.inp.out,392.6353379494009,-0.1329,0.2828,24.2812,53.0,-1306.3264542112,21.662074638740155,14.57865771313666,-5668.6754257641,0.1489517083000464
INDI_red_255_cutoff_7.5.inp.out,395.5814278039478,-0.147,0.2849,23.2852,57.0,-1304.5780783971,-21.061844048809903,13.642854424390444,-5969.0296572086,0.1573468895003316
INDI_red_256_cutoff_7.5.inp.out,400.6160723286119,-0.1375,0.2929,20.5248,56.0,-1305.1287759471,-44.64832581169231,-36.52383276483637,-5893.9918870173,0.1471658457003286
INDI_red_257_cutoff_7.5.inp.out,397.4477994919117,-0.1261,0.289,28.2022,54.0,-1305.9455117013,-21.936602533157764,35.11793420103882,-5743.8314301626,0.1402601522004261
INDI_red_258_cutoff_7.5.inp.out,394.4628604087586,-0.0987,0.3036,22.4873,58.0,-1304.7491733758,12.849885710054476,21.497776439465504,-6044.6695512411,0.1196822294996309
INDI_red_259_cutoff_7.5.inp.out,397.8595649887578,-0.1198,0.3138,19.7533,53.0,-1306.3927935393,-38.8178644639799,-23.448063151119342,-5668.7348379131,0.1311166991999925
INDI_red_25_cutoff_7.5.inp.out,399.9446831531278,-0.1099,0.301,37.9867,55.0,-1306.2894881991,-23.860527813061516,125.99135590378852,-5819.653091004,0.1299149742999361
INDI_red_260_cutoff_7.5.inp.out,398.5180383435158,-0.1161,0.3001,35.9042,56.0,-1305.0320940259,-45.267302820989066,-7.834253765694749,-5893.9411153533,0.1326644681003017
INDI_red_261_cutoff_7.5.inp.out,398.96596150747155,-0.1255,0.2833,26.1189,55.0,-1305.328223001,-36.273626021095275,-20.671767024409903,-5818.7582313104,0.137812513400604
INDI_red_262_cutoff_7.5.inp.out,401.0552427125724,-0.1164,0.3054,30.0183,57.0,-1305.1466438166,89.98270233797076,16.670901239278823,-5969.6000596131,0.1334174124003766
INDI_red_263_cutoff_7.5.inp.out,392.6346053531097,-0.1278,0.2829,20.1326,56.0,-1305.0796726815,18.35252217886173,-2.806070955116431,-5893.9475064239,0.1453546746997744
INDI_red_264_cutoff_7.5.inp.out,396.45938072128496,-0.1019,0.2996,14.0623,54.0,-1306.334441765,78.8167492814925,7.117864164067973,-5744.1312515751,0.1202121831993281
INDI_red_265_cutoff_7.5.inp.out,399.4092088710585,-0.1302,0.2819,19.5729,52.0,-1306.5695655701,-4.677081046693967,-15.735231679789432,-5593.3254596802,0.1427326913999422
INDI_red_266_cutoff_7.5.inp.out,397.31701625569326,-0.1338,0.2704,16.046,51.0,-1307.0860049152,-28.23768606136012,-8.430597546931011,-5518.3223833916,0.1497988464998343
INDI_red_267_cutoff_7.5.inp.out,395.69726145375427,-0.1198,0.2887,15.5049,50.0,-1307.4992050309,-32.83731435371528,-19.66527307603625,-5443.1808386605,0.1374898651001785
INDI_red_268_cutoff_7.5.inp.out,396.34120493352833,-0.1212,0.3006,17.3078,52.0,-1306.6972105443,-19.876349482192893,-22.76380227674478,-5593.5051463357,0.1327385495997077
INDI_red_269_cutoff_7.5.inp.out,400.1263785006725,-0.1165,0.2937,12.0452,55.0,-1305.8316513611,-30.059801471368058,11.762098974317292,-5819.1514171269,0.1310563635006474
INDI_red_26_cutoff_7.5.inp.out,396.2334550814436,-0.1149,0.2924,43.4049,58.0,-1304.8095431808,79.68883667889223,156.41850151810266,-6044.7775471201,0.131097969100665
INDI_red_270_cutoff_7.5.inp.out,396.6284428744128,-0.1287,0.3024,10.2648,54.0,-1306.5741008268,34.78416015539031,11.457157514994064,-5744.3912634459,0.1372647114003484
INDI_red_271_cutoff_7.5.inp.out,398.0594733185581,-0.129,0.2911,15.8512,50.0,-1307.718485854,-5.882287605314217,-6.398747196076193,-5443.421294412,0.1420862991999456
INDI_red_272_cutoff_7.5.inp.out,399.75473781284035,-0.1286,0.2851,14.042,52.0,-1306.7862126585,3.7310182705391246,-10.064503188724002,-5593.5887977629,0.1391395113996623
INDI_red_273_cutoff_7.5.inp.out,399.2706912980916,-0.0863,0.3379,20.8584,53.0,-1306.364885357,87.13777138437618,3.60806026708329,-5668.6621087618,0.1051893268004278
INDI_red_274_cutoff_7.5.inp.out,394.84592644586934,-0.0845,0.3279,12.4191,53.0,-1306.5337977776,-2.6945097862907765,18.031109118438955,-5668.7758068096,0.1035245069006123
INDI_red_275_cutoff_7.5.inp.out,398.9484394347908,-0.0977,0.3066,18.3913,51.0,-1307.0244444143,-2.1963233861453246,-11.78570181266958,-5518.2533347711,0.1154990521008585
INDI_red_276_cutoff_7.5.inp.out,396.7434483037974,-0.124,0.3004,16.057,51.0,-1307.2683369233,-20.60604519768371,-23.246695906767467,-5518.5438498059,0.134111313399444
INDI_red_277_cutoff_7.5.inp.out,397.2036407659295,-0.1256,0.2923,16.491,54.0,-1306.3222792586,59.329740374995914,1.771232837137986,-5744.152229844,0.140845099600483
INDI_red_278_cutoff_7.5.inp.out,399.9631787430742,-0.1137,0.2991,18.1158,52.0,-1306.5743937309,-2.2664381369666566,-25.197689275530085,-5593.3231337654,0.1250253443004112
INDI_red_279_cutoff_7.5.inp.out,397.7316767531686,-0.1141,0.3169,16.1021,50.0,-1307.5289608764,23.857273950248107,-44.858177256865275,-5443.1886302803,0.1231471030005195
INDI_red_27_cutoff_7.5.inp.out,396.7048787110155,-0.1126,0.2835,41.3914,54.0,-1306.4144820513,-31.52091235140576,79.69983647855814,-5744.2561530661,0.1290826256999935
INDI_red_280_cutoff_7.5.inp.out,397.60401681224727,-0.0944,0.3196,8.664,53.0,-1306.3754524662,57.33366446168541,-10.760752784622108,-5668.6097270313,0.1124267106997649
INDI_red_281_cutoff_7.5.inp.out,399.0303164097768,-0.0941,0.3151,19.8512,53.0,-1306.1067694303,93.40749000924234,-31.591607662568485,-5668.333417384,0.110125053000047
INDI_red_282_cutoff_7.5.inp.out,393.9357491208433,-0.1036,0.306,24.5981,54.0,-1306.001466031,35.31945755293298,-5.226332385756831,-5743.8489056778,0.1239595973001996
INDI_red_283_cutoff_7.5.inp.out,399.2511028575452,-0.1009,0.3186,23.6602,55.0,-1305.8930226484,143.30307327101173,-31.768544973422916,-5819.299922253,0.1146951638993414
INDI_red_284_cutoff_7.5.inp.out,399.7676310288123,-0.1317,0.3043,16.5171,52.0,-1306.8751104863,-51.32554304240075,-71.08406311682337,-5593.6714494604,0.1389837731003353
INDI_red_285_cutoff_7.5.inp.out,396.2239927688572,-0.1321,0.2864,28.1966,52.0,-1307.1065502703,39.45340085639867,16.81411788697964,-5593.9078151157,0.1422573777999787
INDI_red_286_cutoff_7.5.inp.out,397.8456779251447,-0.1061,0.3152,22.2105,54.0,-1306.2975415318,38.508717996294315,18.422368323887465,-5744.1396229344,0.1179418595002061
INDI_red_287_cutoff_7.5.inp.out,394.92876790768986,-0.1224,0.3069,18.0109,51.0,-1307.5050482179,5.460306728906118,26.1534149321042,-5518.8044593613,0.1325691286001529
INDI_red_288_cutoff_7.5.inp.out,397.1961817072693,-0.1002,0.3043,14.8872,52.0,-1307.0133258667,82.71047508406687,35.99897494995706,-5593.8686260605,0.1164593823004906
INDI_red_289_cutoff_7.5.inp.out,398.92473654941784,-0.1168,0.3037,7.2778,55.0,-1306.0573752792,68.15298434445302,3.059545533630322,-5819.4099272671,0.130537812699913
INDI_red_28_cutoff_7.5.inp.out,397.3679755453394,-0.1199,0.2891,27.6312,52.0,-1306.9838527482,-84.75516986249359,79.20350635035444,-5593.714438636,0.1356181356995875
INDI_red_290_cutoff_7.5.inp.out,395.3599500633678,-0.1073,0.3117,32.5945,57.0,-1305.3110477116,44.69536256033332,-24.853809063091024,-5969.7276707318,0.1175868831996922
INDI_red_291_cutoff_7.5.inp.out,398.66101931969706,-0.1164,0.314,37.7931,59.0,-1304.6949248009,13.355551747423108,70.14392905402029,-6120.2542507322,0.1300385024005663
INDI_red_292_cutoff_7.5.inp.out,397.5611848621124,-0.1274,0.2872,28.3743,57.0,-1304.6866024934,-9.9941428470178,20.04879165733701,-5969.1287907023,0.1401916377999441
INDI_red_293_cutoff_7.5.inp.out,398.4830380048839,-0.116,0.2874,29.6946,56.0,-1305.2796648874,0.0602402638728577,13.503293878831068,-5894.1716352765,0.1303050476999487
INDI_red_294_cutoff_7.5.inp.out,393.95000898836633,-0.1361,0.2951,31.6978,54.0,-1306.0972403145,-66.01992414799035,-5.148559846545877,-5743.9198846271,0.1472652060001564
INDI_red_295_cutoff_7.5.inp.out,399.3592186380536,-0.119,0.2987,35.6471,54.0,-1305.9428251289,5.0385122047115765,61.51759534701471,-5743.7626941412,0.1296470946999761
INDI_red_296_cutoff_7.5.inp.out,397.71744773541326,-0.1426,0.2667,33.498,55.0,-1305.9161455608,-40.228815392212674,94.31583380587531,-5819.1987930222,0.1566657149996899
INDI_red_297_cutoff_7.5.inp.out,398.31876568177904,-0.1188,0.2916,28.9345,54.0,-1306.3541706279,8.935214739834262,126.44455604803618,-5744.1631204105,0.1364112078999824
INDI_red_298_cutoff_7.5.inp.out,396.48276812908426,-0.1245,0.2972,26.8045,53.0,-1306.8295163907,5.522521981408682,62.229014279440904,-5669.1396187046,0.1386977148004007
INDI_red_299_cutoff_7.5.inp.out,394.0072154539234,-0.1524,0.2742,36.3379,57.0,-1305.2043810432,43.048358592599506,133.8781327769379,-5969.6430923045,0.1603733510000893
INDI_red_29_cutoff_7.5.inp.out,394.0441225550588,-0.1199,0.2895,39.7469,55.0,-1305.9841617577,-26.065954878959555,48.35262174727695,-5819.4261472159,0.1377670878000572
INDI_red_2_cutoff_7.5.inp.out,394.1516989618235,-0.1181,0.2906,26.8144,55.0,-1305.7082597742,94.18924711997428,10.69437010945761,-5819.070303682,0.1324312415999884
INDI_red_300_cutoff_7.5.inp.out,401.0996386563861,-0.1271,0.3012,33.9078,52.0,-1306.9551288295,14.085852216505662,74.79731686644462,-5593.8016842531,0.1389108601997577
INDI_red_301_cutoff_7.5.inp.out,398.3195773679315,-0.1138,0.2927,19.8213,49.0,-1308.2433077133,16.59594415134478,35.28613574282352,-5368.4192703557,0.1312254029999167
INDI_red_302_cutoff_7.5.inp.out,397.3182877035324,-0.1237,0.2789,11.0537,54.0,-1306.4690726151,61.91495194445613,35.10691425450838,-5744.2692733533,0.1415276945999721
INDI_red_303_cutoff_7.5.inp.out,393.0906598164949,-0.1278,0.2815,25.8373,56.0,-1305.7612753719,87.27538619287117,63.43188946346616,-5894.6684819041,0.1404145461001462
INDI_red_304_cutoff_7.5.inp.out,399.9501316324308,-0.1274,0.2804,24.6874,54.0,-1306.4246206797,-41.709644163779785,69.66387568887487,-5744.1616393593,0.1414735458993163
INDI_red_305_cutoff_7.5.inp.out,397.38193928052465,-0.1325,0.2683,31.2618,57.0,-1305.530267627,133.04701640224215,138.37326581587655,-5969.9138899684,0.1445054608002465
INDI_red_306_cutoff_7.5.inp.out,396.51827156676296,-0.1315,0.2896,22.7532,51.0,-1307.1190121496,-15.381679536701116,34.02869911882204,-5518.3275105339,0.1441392094002367
INDI_red_307_cutoff_7.5.inp.out,396.2933882989184,-0.1164,0.2916,36.8194,52.0,-1307.3484008512,68.55436574730821,125.1382723815934,-5594.1313658145,0.133141329600221
INDI_red_308_cutoff_7.5.inp.out,393.41619283826145,-0.094,0.3141,37.8299,55.0,-1306.390103898,41.216935529974506,76.87047004521493,-5819.7571579803,0.1169028936992617
INDI_red_309_cutoff_7.5.inp.out,395.4911866660271,-0.1056,0.2888,27.5902,57.0,-1305.2632574059,59.80624248667638,62.92981311030393,-5969.7160193989,0.1263607676000901
INDI_red_30_cutoff_7.5.inp.out,396.1297846138815,-0.1311,0.2924,44.2573,57.0,-1304.9549280488,2.0579095538168746,35.323352661680524,-5969.5352263106,0.1443952343997807
INDI_red_310_cutoff_7.5.inp.out,399.5241115244093,-0.1256,0.3074,23.8912,53.0,-1306.9008944718,182.0389965823371,106.86106412519256,-5669.2292776175,0.1380671039996741
INDI_red_311_cutoff_7.5.inp.out,397.7114488778232,-0.1342,0.3009,20.7584,55.0,-1306.2477230353,45.94363107886938,29.10330430949396,-5819.6811197117,0.141947516500295
INDI_red_312_cutoff_7.5.inp.out,397.0831288321638,-0.1355,0.2776,30.0763,53.0,-1306.8071447938,59.02115798364565,26.366013280437784,-5669.1968099661,0.1491253861004224
INDI_red_313_cutoff_7.5.inp.out,395.885679174463,-0.1244,0.2741,26.3291,53.0,-1306.5955270745,-28.722509165365356,-49.41794312672357,-5668.8917456331,0.1399844915995345
INDI_red_314_cutoff_7.5.inp.out,402.3816398625196,-0.1343,0.2978,34.4892,52.0,-1307.218802531,47.16647962656795,-12.611199803176524,-5594.0379439679,0.1434590273001958
INDI_red_315_cutoff_7.5.inp.out,396.6910779369611,-0.1441,0.2749,25.123,53.0,-1306.4418786998,-59.072217971520445,-33.08892524220707,-5668.7370663223,0.1548257906997605
INDI_red_316_cutoff_7.5.inp.out,392.3522584133814,-0.1312,0.2651,20.4002,55.0,-1306.2386845366,11.348593657594948,-6.63335087034644,-5819.6026776503,0.1467048394997618
INDI_red_317_cutoff_7.5.inp.out,399.32397192241626,-0.1466,0.2881,33.3933,57.0,-1305.3728012053,-3.0895212801428467,-60.11082156188709,-5969.8201513924,0.1537194975007878
INDI_red_318_cutoff_7.5.inp.out,398.5357450350105,-0.1018,0.307,24.6522,54.0,-1306.520112323,348.3048580156743,-84.76328349727306,-5744.3608350585,0.1185069063994888
INDI_red_319_cutoff_7.5.inp.out,396.6053950421477,-0.1151,0.297,38.5334,58.0,-1304.5953385541,35.63559717215614,-129.79609016176988,-6044.5426905867,0.130071564300124
INDI_red_31_cutoff_7.5.inp.out,400.0419712183787,-0.1309,0.3018,36.6366,56.0,-1305.6309624691,-15.735967365275902,8.083022241618213,-5894.5883388638,0.1396148274998268
INDI_red_320_cutoff_7.5.inp.out,398.1128873606108,-0.1222,0.298,42.2228,56.0,-1305.9606390416,-54.20447240672541,-130.58698545591378,-5894.8238837546,0.1372139860995957
INDI_red_321_cutoff_7.5.inp.out,398.3205754899821,-0.0957,0.3191,38.2644,55.0,-1305.6649184171,15.043328266848295,-90.69356766254096,-5819.0388707254,0.1127161829999749
INDI_red_322_cutoff_7.5.inp.out,399.3937982740269,-0.1312,0.2886,34.2237,53.0,-1306.4315375467,-10.92318248643178,-46.449314707719154,-5668.7525938374,0.1425392201999784
INDI_red_323_cutoff_7.5.inp.out,396.2779979492212,-0.1188,0.3158,26.5159,57.0,-1305.6393956014,40.44414670422712,-12.803689427558009,-5970.1052829264,0.1370306752996839
INDI_red_324_cutoff_7.5.inp.out,393.4954182322626,-0.135,0.2688,28.7125,54.0,-1306.7284246817,70.14626331707743,30.55412083111186,-5744.6507292778,0.1508741804000237
INDI_red_325_cutoff_7.5.inp.out,396.9029977025144,-0.0946,0.3174,33.4232,51.0,-1307.556621961,-12.52025045064754,-11.550830848002478,-5518.8248633882,0.113458738999725
INDI_red_326_cutoff_7.5.inp.out,397.0193891972935,-0.1046,0.3044,36.1844,51.0,-1307.2307942928,38.280132880551214,55.51433085011174,-5518.5048633619,0.1204214102999685
INDI_red_327_cutoff_7.5.inp.out,395.1781987044312,-0.1279,0.2918,42.0112,53.0,-1307.1157640002,0.0052183175958659,38.851864984641765,-5669.4984824434,0.1410147967999364
INDI_red_328_cutoff_7.5.inp.out,397.996808870181,-0.1554,0.2714,34.4705,57.0,-1305.4873324651,8.324846822790201,84.36673873404807,-5970.0273943236,0.1600797917999443
INDI_red_329_cutoff_7.5.inp.out,396.71452968831176,-0.1068,0.3049,47.8477,55.0,-1305.9980779835,79.07847745346126,164.82320731552605,-5819.415709154,0.1248991657002989
INDI_red_32_cutoff_7.5.inp.out,400.2229378753971,-0.1302,0.3039,43.7211,57.0,-1304.8216466237,75.3861240068668,40.84523876603613,-5969.2477765901,0.1348616344002948
INDI_red_330_cutoff_7.5.inp.out,395.3115064528916,-0.114,0.299,32.8587,53.0,-1306.9317757035,97.4747501627492,74.83578084311843,-5669.3180326945,0.1255723917001887
INDI_red_331_cutoff_7.5.inp.out,396.5088704950171,-0.1287,0.3041,31.6864,55.0,-1306.102436322,132.38709025658486,151.01894601988468,-5819.5186134227,0.1371738304997052
INDI_red_332_cutoff_7.5.inp.out,399.6445691983881,-0.107,0.3129,19.9347,53.0,-1307.1365255358,31.433627781494415,50.73554399754281,-5669.406079371,0.1254842475000259
INDI_red_333_cutoff_7.5.inp.out,394.95473029573446,-0.1227,0.2847,12.9821,56.0,-1306.2988196203,-6.6762804409604675,2.330099518970424,-5895.1916314193,0.1393282251001437
INDI_red_334_cutoff_7.5.inp.out,394.78675387953143,-0.1235,0.299,27.3899,54.0,-1306.4614316972,26.78941024532979,34.270864639939504,-5744.3101477118,0.1394628996995379
INDI_red_335_cutoff_7.5.inp.out,396.7724158533244,-0.1276,0.2824,26.1605,53.0,-1306.6475054924,50.292791631363585,57.0859422615762,-5668.9690590922,0.141599776199655
INDI_red_336_cutoff_7.5.inp.out,399.34846733704615,-0.1151,0.3062,25.781,52.0,-1307.1370803557,20.505423564076995,-25.679746529220957,-5593.9233396981,0.1283328886993331
INDI_red_337_cutoff_7.5.inp.out,396.23762137356226,-0.1474,0.2688,36.3207,54.0,-1306.3795678937,14.265723528962482,-23.432646694059965,-5744.2747700041,0.1589842628000042
INDI_red_338_cutoff_7.5.inp.out,395.1180806238648,-0.1293,0.2843,19.827,50.0,-1307.9063115846,-10.583610047086172,-49.616137168123295,-5443.588322145,0.1443968744997619
INDI_red_339_cutoff_7.5.inp.out,393.7542145706389,-0.0878,0.3165,29.6919,52.0,-1307.2248247657,24.71921335416301,-30.76232796686732,-5594.0324065377,0.1088093593998564
INDI_red_33_cutoff_7.5.inp.out,394.3649288774541,-0.0913,0.3043,39.3106,55.0,-1305.8235723113,88.98160664364825,58.21391855466808,-5819.1691003439,0.1105185641999924
INDI_red_340_cutoff_7.5.inp.out,399.2532569573241,-0.117,0.301,51.1704,57.0,-1304.9436611429,57.71883101371119,24.34871343803551,-5969.3429410737,0.133358779300579
INDI_red_341_cutoff_7.5.inp.out,399.51580535679,-0.1282,0.2864,31.8795,51.0,-1307.021051646,49.77533906363628,105.04885060345322,-5518.2829471838,0.1433842359001573
INDI_red_342_cutoff_7.5.inp.out,397.89216261425463,-0.1036,0.3109,35.5562,53.0,-1306.0943620205,29.10577573333,80.67583420402234,-5668.4160222304,0.1258299753999381
INDI_red_343_cutoff_7.5.inp.out,395.4024049860774,-0.1208,0.3058,38.9231,52.0,-1306.7467820058,34.16796674650689,111.6845153889912,-5593.5385093432,0.131462994299909
INDI_red_344_cutoff_7.5.inp.out,396.6943119126266,-0.0978,0.3166,36.7469,54.0,-1306.4448860602,99.83622705504816,108.26762523257432,-5744.2210752022,0.112727600200742
INDI_red_345_cutoff_7.5.inp.out,400.06414124794713,-0.146,0.2824,35.8953,52.0,-1307.1623423141,-107.37059172891034,126.96991412045942,-5593.9718170376,0.152567437899961
INDI_red_346_cutoff_7.5.inp.out,397.87553027342943,-0.1505,0.2986,43.5594,49.0,-1308.1411252732,3.171037265198099,167.02539636786526,-5368.3373096234,0.1529575698004919
INDI_red_347_cutoff_7.5.inp.out,395.7410377974249,-0.1344,0.2769,45.2178,52.0,-1307.1005123889,5.843639533012421,124.81007676041362,-5593.9376771676,0.1464399424994553
INDI_red_348_cutoff_7.5.inp.out,395.8356728662324,-0.1125,0.2981,37.2961,51.0,-1307.290915075,68.26422710785916,119.47891120102268,-5518.5518943603,0.1315494106993355
INDI_red_349_cutoff_7.5.inp.out,396.9712628650441,-0.1281,0.2957,44.2508,55.0,-1305.9231563282,-38.21072704651336,85.00946813305106,-5819.3191692101,0.1436444291002772
INDI_red_34_cutoff_7.5.inp.out,398.5380454398906,-0.1036,0.3122,35.8072,53.0,-1306.3023460209,73.5301663463438,61.490706785178354,-5668.6133226535,0.1183778033000635
INDI_red_350_cutoff_7.5.inp.out,395.3599500633678,-0.1073,0.3117,32.5945,57.0,-1305.3110791607,44.69542363348989,-24.85384275995918,-5969.7277022464,0.1175869010003225
INDI_red_351_cutoff_7.5.inp.out,399.210831143232,-0.1174,0.3113,38.0035,60.0,-1304.3072501805,5.656993675363161,78.876399869542,-6195.3889789154,0.1311437455005943
INDI_red_352_cutoff_7.5.inp.out,395.1704739388436,-0.1233,0.2913,27.316,56.0,-1305.1796804522,-32.359052873017866,-35.9738069092151,-5894.1367132991,0.1364909812000405
INDI_red_353_cutoff_7.5.inp.out,399.1305542765549,-0.105,0.3037,36.305,56.0,-1305.6084573975,38.30470631780436,49.615234713802,-5894.5721581025,0.1181310154997845
INDI_red_354_cutoff_7.5.inp.out,396.967428937579,-0.1399,0.3091,41.4593,55.0,-1306.1167451376,-53.39151305442367,17.75166608368206,-5819.4708824182,0.1459072500001639
INDI_red_355_cutoff_7.5.inp.out,398.0031600271461,-0.1181,0.3048,27.6726,56.0,-1305.4356493597,25.32262071351876,22.338631737115104,-5894.3723440291,0.1276210738997178
INDI_red_356_cutoff_7.5.inp.out,397.4746245704686,-0.1237,0.2769,25.2752,56.0,-1306.0913392258,61.43031241923682,43.67019423054377,-5894.9789865003,0.1393858871006159
INDI_red_357_cutoff_7.5.inp.out,393.8597000876873,-0.1187,0.285,29.0968,55.0,-1306.0625701568,98.87778989169152,57.77440312100999,-5819.4013796749,0.1364893763993677
INDI_red_358_cutoff_7.5.inp.out,400.664231599216,-0.1242,0.3117,24.8164,53.0,-1306.9914017381,-8.581149702215612,3.760134221954168,-5669.2507540921,0.1391433954995591
INDI_red_359_cutoff_7.5.inp.out,397.58557988855216,-0.1087,0.3049,19.0349,53.0,-1306.9960357051,49.28541078377838,12.203955540225554,-5669.2379957185,0.1245264101999055
INDI_red_35_cutoff_7.5.inp.out,398.8205526689832,-0.1167,0.3039,33.4907,56.0,-1305.6266094217,50.291510664451614,18.29233750557242,-5894.5306884452,0.1298292028004652
INDI_red_360_cutoff_7.5.inp.out,396.1032001054148,-0.1147,0.2959,25.9425,52.0,-1307.3635845975,44.21246525704011,-18.752965233486968,-5594.0617833485,0.1309211430998402
INDI_red_361_cutoff_7.5.inp.out,398.08365114706993,-0.1217,0.2984,23.2932,57.0,-1306.0121691274,-70.72509782944007,33.95561770393399,-5970.3366134434,0.1354961860997718
INDI_red_362_cutoff_7.5.inp.out,397.1486594549717,-0.1194,0.2936,29.0024,55.0,-1306.4242646255,109.61491226890683,150.48917577837537,-5819.668673056,0.1336021752995293
INDI_red_363_cutoff_7.5.inp.out,396.3517693147499,-0.14,0.2817,26.4855,57.0,-1305.9655113433,45.5101952535317,96.62185902562682,-5970.3567404121,0.1531699823999588
INDI_red_364_cutoff_7.5.inp.out,396.42742820915333,-0.126,0.3055,31.5342,58.0,-1305.3023359445,93.92535231239827,70.08516549761451,-6045.2108392079,0.1393010695001066
INDI_red_365_cutoff_7.5.inp.out,400.6886103653864,-0.0931,0.3164,31.9175,57.0,-1305.9229596961,92.0896331742601,45.59408352102114,-5970.2935949032,0.1110102870998162
INDI_red_366_cutoff_7.5.inp.out,398.801493241993,-0.092,0.3323,32.2573,58.0,-1304.9779689562,86.7852520775998,45.74647212652983,-6044.8856193266,0.1088506995001807
INDI_red_367_cutoff_7.5.inp.out,394.8272195929886,-0.0994,0.3079,34.503,55.0,-1306.2597522717,16.78386198523536,46.774774056187645,-5819.5711607686,0.1161967535999792
INDI_red_368_cutoff_7.5.inp.out,395.33706780078006,-0.1387,0.274,24.1077,54.0,-1306.4497701476,21.086499367749475,-18.25695204656361,-5744.2840694562,0.1499203445000603
INDI_red_369_cutoff_7.5.inp.out,398.1885957848392,-0.0997,0.3114,24.6807,54.0,-1306.7661734411,28.407599660549952,-22.52502726892839,-5744.6492423929,0.1168276516000332
INDI_red_36_cutoff_7.5.inp.out,394.5689987259158,-0.1064,0.2869,34.9623,55.0,-1305.6887646304,62.62518342400145,91.12786994215902,-5819.0244674242,0.1243019767998703
INDI_red_370_cutoff_7.5.inp.out,397.5214383970015,-0.1178,0.2824,30.5311,56.0,-1305.698574753,7.374061867593346,-4.081646013360419,-5894.5996272583,0.1334798425996268
INDI_red_371_cutoff_7.5.inp.out,393.1009034126058,-0.1047,0.2928,31.6189,56.0,-1305.7749166308,48.18872582193115,-58.802202769557866,-5894.6443993071,0.1230171883998991
INDI_red_372_cutoff_7.5.inp.out,392.4624024278086,-0.1161,0.2998,34.8767,51.0,-1307.5707152049,9.335842688921115,-19.09732375898656,-5518.8145292398,0.1342620303003059
INDI_red_373_cutoff_7.5.inp.out,400.1570220937651,-0.125,0.2839,35.8929,55.0,-1306.3444889486,8.600930735192449,-58.91793757744168,-5819.7341937628,0.1381716405003317
INDI_red_374_cutoff_7.5.inp.out,401.6623809264316,-0.1324,0.2951,28.2324,54.0,-1306.5540109865,-48.81390312808693,-29.26718615287883,-5744.3735033659,0.1424651195002297
INDI_red_375_cutoff_7.5.inp.out,395.1697014160179,-0.1302,0.2949,30.8341,53.0,-1306.6358024208,15.22257523009386,-15.28536078749873,-5668.9214050441,0.1458472502999939
INDI_red_376_cutoff_7.5.inp.out,392.5819709323542,-0.1303,0.2793,26.1181,52.0,-1307.3973774058,-13.321627433117126,-10.4613506230852,-5594.1317124911,0.1453074273995298
INDI_red_377_cutoff_7.5.inp.out,400.2835616061753,-0.1191,0.2975,26.9824,51.0,-1307.6301822547,-37.5078618523198,-12.095701424383131,-5518.8022789258,0.1363174745993092
INDI_red_378_cutoff_7.5.inp.out,396.7594390344933,-0.1134,0.2964,28.3121,49.0,-1307.965266403,-32.29940039771439,-53.97925070252043,-5368.12380774,0.1330161216992564
INDI_red_379_cutoff_7.5.inp.out,396.7551417741985,-0.1037,0.2882,23.3143,51.0,-1307.8834256522,-26.962949276915932,-24.785938475926255,-5519.0243835025,0.1262787758996637
INDI_red_37_cutoff_7.5.inp.out,399.606192988038,-0.1186,0.3055,33.8693,54.0,-1306.5527164845,55.90992348162159,96.83896526967,-5744.4220730422,0.1325585958993542
INDI_red_380_cutoff_7.5.inp.out,395.7452983676412,-0.1305,0.2989,25.3018,48.0,-1308.6993173216,22.379163676006662,43.90128033412577,-5293.273574548,0.1423992513000485
INDI_red_381_cutoff_7.5.inp.out,393.2313973236992,-0.1331,0.2984,32.9877,52.0,-1307.1868950053,34.873599066239194,63.106776129791434,-5593.8729611496,0.1515103300998816
INDI_red_382_cutoff_7.5.inp.out,396.6177507256303,-0.1247,0.2714,26.7954,50.0,-1307.6840847362,-9.12537259017306,19.982276892224444,-5443.2815918043,0.1418510917992534
INDI_red_383_cutoff_7.5.inp.out,397.9953580478018,-0.1238,0.2963,26.6928,51.0,-1307.4809428116,98.35278041059118,154.4989846881747,-5518.6180189052,0.1360503133000747
INDI_red_384_cutoff_7.5.inp.out,397.77298311225894,-0.1161,0.3154,23.8089,49.0,-1308.2358907974,115.57532951953856,139.995700606949,-5368.38950228,0.1256685404005111
INDI_red_385_cutoff_7.5.inp.out,395.4043237263826,-0.108,0.3,24.5741,51.0,-1307.1132216416,50.60403251474621,91.42524548350454,-5518.3244114239,0.1241637257999173
INDI_red_386_cutoff_7.5.inp.out,399.314680741498,-0.1168,0.3069,22.0062,51.0,-1307.682078246,170.81272075803005,152.03846943716323,-5518.8952311898,0.1276207315004285
INDI_red_387_cutoff_7.5.inp.out,395.3563782453338,-0.1301,0.2885,27.8459,50.0,-1307.9700293206,59.578172492008925,110.67719951009568,-5443.6555420911,0.1426038719000644
INDI_red_388_cutoff_7.5.inp.out,396.87615608448056,-0.1261,0.2854,29.7451,55.0,-1306.0963765527,-1.0728633597308637,57.18895186987895,-5819.4005444762,0.1432961628997873
INDI_red_389_cutoff_7.5.inp.out,394.6013770622672,-0.1444,0.2676,30.2622,53.0,-1307.1221939063,127.61695375507053,142.19736153179815,-5669.3804205557,0.1560805928002082
INDI_red_38_cutoff_7.5.inp.out,396.9902579985604,-0.1446,0.2795,32.3749,55.0,-1306.0171350126,15.305545103040396,65.66453954469465,-5819.4494022766,0.1581753424006819
INDI_red_390_cutoff_7.5.inp.out,396.2671617762653,-0.1439,0.2701,28.181,54.0,-1306.4355094146,-34.71018052823091,131.9395511021105,-5744.2549799096,0.1564898175993221
INDI_red_391_cutoff_7.5.inp.out,395.96763562730615,-0.1354,0.2694,25.7083,53.0,-1306.6745143634,-14.969123827693116,84.04789208660085,-5668.9581153347,0.1555771951007045
INDI_red_392_cutoff_7.5.inp.out,395.55834938880935,-0.1445,0.2793,31.9693,49.0,-1307.8831710982,14.182354694691195,63.243401405095376,-5368.0089979561,0.1561410900994815
INDI_red_393_cutoff_7.5.inp.out,395.1350359896047,-0.0987,0.297,32.0099,49.0,-1308.5148396561,-70.63633021986595,101.41069777719557,-5368.6472475388,0.1183563381000567
INDI_red_394_cutoff_7.5.inp.out,392.54717847868466,-0.1304,0.2689,27.6384,51.0,-1307.5546057357,-9.169771159479348,33.499302321154794,-5518.7131434103,0.1466724993006209
INDI_red_395_cutoff_7.5.inp.out,400.475373435924,-0.1186,0.3057,35.3496,53.0,-1306.663260278,-4.801088027836744,50.894716700196675,-5668.8684336454,0.1271398044000307
INDI_red_396_cutoff_7.5.inp.out,397.8214357314006,-0.1214,0.2953,30.6708,48.0,-1308.5834302579,13.726649136151398,85.31688133192513,-5293.1957049517,0.1378706739005792
INDI_red_397_cutoff_7.5.inp.out,392.9687831628084,-0.1101,0.2943,19.3501,50.0,-1307.831001263,-9.917784501071932,32.197856118171075,-5443.4378843408,0.12886023630017
INDI_red_398_cutoff_7.5.inp.out,394.24524750334547,-0.1176,0.2999,26.8281,49.0,-1307.8047281534,-3.449826414445123,-16.229170524007607,-5367.9786461993,0.1285447017999104
INDI_red_399_cutoff_7.5.inp.out,397.5907611091747,-0.1086,0.3036,28.2974,49.0,-1308.0825442224,-2.07063896295609,31.303975875823724,-5368.1621384504,0.130240472600235
INDI_red_39_cutoff_7.5.inp.out,397.8178021467372,-0.1022,0.2973,36.5714,54.0,-1306.2703236336,94.40033608463018,73.2856202235184,-5744.0883999232,0.1210047156992004
INDI_red_3_cutoff_7.5.inp.out,400.6675137123474,-0.0929,0.3238,28.9202,53.0,-1306.7398552235,45.04162886477627,40.76025599822636,-5669.01804493,0.1104805494996981
INDI_red_400_cutoff_7.5.inp.out,395.3599500633678,-0.1073,0.3117,32.5945,57.0,-1305.3111062541,44.69539684491228,-24.853746554955404,-5969.7277294912,0.1175864336000813
INDI_red_401_cutoff_7.5.inp.out,399.2828819724119,-0.1129,0.3161,37.2621,60.0,-1304.26547894,10.8045128865393,62.99884247711634,-6195.3385152331,0.1273312805997193
INDI_red_402_cutoff_7.5.inp.out,394.6275482892249,-0.1119,0.2968,33.0399,59.0,-1304.3508880124,50.71179250882431,-2.2727695877638334,-6119.8392928581,0.124643718399966
INDI_red_403_cutoff_7.5.inp.out,397.69992172634903,-0.1073,0.3097,28.7318,56.0,-1305.7589145696,46.109135054219166,64.77639959951345,-5894.6024399937,0.1209855349006829
INDI_red_404_cutoff_7.5.inp.out,396.87655589004424,-0.1142,0.3187,37.9146,53.0,-1306.6052152511,5.3140636554763745,17.280868933292314,-5668.8858241875,0.1242391249998036
INDI_red_405_cutoff_7.5.inp.out,397.6809788090508,-0.1086,0.2934,29.3012,55.0,-1306.0239416996,9.78641547840051,48.254834051399186,-5819.3581418459,0.1278357772998788
INDI_red_406_cutoff_7.5.inp.out,395.0884131892687,-0.1199,0.2919,35.2065,58.0,-1304.969188693,13.501570851596169,13.731265480740388,-6044.9513099564,0.134954817700418
INDI_red_407_cutoff_7.5.inp.out,391.45122394840394,-0.1079,0.2981,37.8791,61.0,-1304.1218139902,35.26076662895954,99.79140461382096,-6270.6087239783,0.1288016173994037
INDI_red_408_cutoff_7.5.inp.out,401.129800009916,-0.1269,0.2894,35.0254,61.0,-1304.2597644283,7.560247553306945,7.2100662660935795,-6270.8425380242,0.1405369108006198
INDI_red_409_cutoff_7.5.inp.out,396.9555344107449,-0.1329,0.2858,30.9484,56.0,-1305.7082488668,17.507108936129104,-19.687784387282036,-5894.5892038953,0.1464742635998845
INDI_red_40_cutoff_7.5.inp.out,392.7664291866393,-0.12,0.287,30.4768,54.0,-1306.2905181775,1.6551192469394649,11.937761799151938,-5744.128863164,0.1392886871999508
INDI_red_410_cutoff_7.5.inp.out,396.94329420023706,-0.1344,0.2818,35.2699,53.0,-1306.7083098176,-32.162281485049334,8.651835154846198,-5669.0692803183,0.152264878999631
INDI_red_411_cutoff_7.5.inp.out,394.7994600105126,-0.1169,0.2858,39.7334,55.0,-1306.00662028,-43.3283886791956,42.351441146349785,-5819.4167450306,0.1327335184996627
INDI_red_412_cutoff_7.5.inp.out,401.8449682810928,-0.1202,0.3067,27.4016,55.0,-1305.9329357342,-57.52720373817783,-1.008090569054168,-5819.3464428399,0.1379057594003825
INDI_red_413_cutoff_7.5.inp.out,396.7043732865714,-0.0992,0.3136,29.4192,56.0,-1305.8699090141,-1.7009219624132428,-16.958675407317994,-5894.7762448552,0.1213376649993733
INDI_red_414_cutoff_7.5.inp.out,394.7803767937344,-0.1064,0.296,31.38,57.0,-1305.2203172695,13.54949636693706,-7.186065020493858,-5969.6501028912,0.1221968753006876
INDI_red_415_cutoff_7.5.inp.out,399.8449020002332,-0.1354,0.2968,30.3821,57.0,-1305.2415381783,-38.04978292179388,59.2382006008233,-5969.690181043,0.1466015276000689
INDI_red_416_cutoff_7.5.inp.out,398.2088959823547,-0.1106,0.3126,25.285,62.0,-1303.7113416649,54.01536825122084,72.71522375612223,-6345.7585014146,0.1279536629008362
INDI_red_417_cutoff_7.5.inp.out,400.5875880214964,-0.1341,0.2874,18.2233,57.0,-1305.732314823,26.32959655590783,45.13181098353621,-5970.1627898615,0.1438880404002702
INDI_red_418_cutoff_7.5.inp.out,393.2589919514267,-0.1294,0.2917,17.0482,57.0,-1306.0237793552,-17.192927627651112,20.101653544746412,-5970.4943733579,0.1436692972001765
INDI_red_419_cutoff_7.5.inp.out,394.7952613507751,-0.1221,0.2915,17.738,59.0,-1304.868651675,27.71505820479118,10.018942248277591,-6120.385209899,0.1383930818001317
INDI_red_41_cutoff_7.5.inp.out,399.310063218143,-0.1171,0.2816,29.1352,52.0,-1307.3785951472,70.5104493994294,69.98051148394764,-5594.152011426,0.133193501000278
INDI_red_420_cutoff_7.5.inp.out,401.8638205226656,-0.111,0.3087,21.2341,54.0,-1306.5223173135,27.15426146280498,22.36400313054363,-5744.3721043853,0.1226657004999651
INDI_red_421_cutoff_7.5.inp.out,394.4874922686191,-0.1375,0.2764,28.9791,58.0,-1305.5552471103,-28.425159708179567,45.024672057387015,-6045.5673462663,0.1511716137993062
INDI_red_422_cutoff_7.5.inp.out,396.7249370307229,-0.1088,0.3034,31.0878,57.0,-1305.1681656588,-6.808631448005696,-36.006484761735656,-5969.6467805284,0.1263874887999918
INDI_red_423_cutoff_7.5.inp.out,400.1215604803412,-0.1336,0.283,35.9401,59.0,-1304.6185689609,-73.4003065441162,14.290700549842176,-6120.1472240376,0.1424918692000574
INDI_red_424_cutoff_7.5.inp.out,397.7802664771075,-0.1317,0.2809,26.1341,58.0,-1305.1537216494,-101.216889327725,-27.6179142651889,-6045.1415548483,0.146725071599576
INDI_red_425_cutoff_7.5.inp.out,396.68996233826545,-0.1095,0.2931,27.3888,60.0,-1304.1760384022,-36.540098689591254,-3.236965156435887,-6195.2088241816,0.1293108922000101
INDI_red_426_cutoff_7.5.inp.out,395.75390762431994,-0.1249,0.2804,18.0165,55.0,-1306.4524061562,-58.68770002606721,-9.31468793144878,-5819.8241657464,0.1421129258005748
INDI_red_427_cutoff_7.5.inp.out,401.7686372987709,-0.1249,0.299,13.1343,56.0,-1305.4912590794,-2.630851219243439,-3.1094086397814165,-5894.4193196267,0.139746764800293
INDI_red_428_cutoff_7.5.inp.out,396.1880589578335,-0.1144,0.2959,23.002,53.0,-1306.6675808413,6.014027026007216,19.745137753363736,-5669.013415202,0.1308561938994898
INDI_red_429_cutoff_7.5.inp.out,397.1417443175488,-0.127,0.2881,31.3324,53.0,-1306.5885598151,79.71730698633083,115.96546440938091,-5668.949499778,0.1409440277002431
INDI_red_42_cutoff_7.5.inp.out,397.32981928828906,-0.1006,0.3145,39.7083,53.0,-1307.3060282372,206.99550989957325,217.4982851603376,-5669.5809137376,0.1158315308002784
INDI_red_430_cutoff_7.5.inp.out,398.19937190912736,-0.1201,0.2997,30.6193,52.0,-1307.1184440257,27.116531946180583,85.83065986850217,-5593.9357708309,0.1319153264994383
INDI_red_431_cutoff_7.5.inp.out,396.31335205853287,-0.1023,0.2997,30.3979,54.0,-1306.4363933172,39.34802452238024,150.67827122675055,-5744.2044444748,0.1221150272003797
INDI_red_432_cutoff_7.5.inp.out,397.9719597955805,-0.1167,0.2995,26.3356,56.0,-1305.2741332565,20.536629626955932,109.44498396660023,-5894.1527874777,0.1328749989997959
INDI_red_433_cutoff_7.5.inp.out,399.2125590851786,-0.1196,0.3019,19.5312,55.0,-1305.4326896898,-4.115661457259931,-1.539984224904505,-5818.763394177,0.1275209593004547
INDI_red_434_cutoff_7.5.inp.out,393.8571588224552,-0.1244,0.3009,34.1535,50.0,-1307.4727031558,89.88853680411441,78.31007530514191,-5443.192498792,0.1383762814002693
INDI_red_435_cutoff_7.5.inp.out,398.8901878113282,-0.1167,0.2988,26.8252,50.0,-1307.2250009204,15.226031388718116,26.023327196635776,-5442.9625571518,0.1312145389001671
INDI_red_436_cutoff_7.5.inp.out,395.9773255871062,-0.0894,0.3191,20.7862,50.0,-1307.3956299491,65.5963868790375,59.78323927716974,-5443.0637805487,0.110680405500716
INDI_red_437_cutoff_7.5.inp.out,396.95097711337905,-0.1192,0.3,14.3223,53.0,-1306.0129202226,-23.558699406808145,-17.192633282068627,-5668.3007382437,0.1344013601001279
INDI_red_438_cutoff_7.5.inp.out,400.1597494902312,-0.1172,0.3058,27.1236,55.0,-1305.5420432977,64.86957844927608,-20.046435020908024,-5818.925650376,0.1265807374002179
INDI_red_439_cutoff_7.5.inp.out,396.3706967394027,-0.1065,0.3185,26.6906,54.0,-1306.0439983696,63.28730251024922,-43.12803586178265,-5743.8840824213,0.1196872149994305
INDI_red_43_cutoff_7.5.inp.out,396.93165240814824,-0.126,0.2857,33.6535,54.0,-1306.5488678556,59.261328512960795,146.86004599545754,-5744.3526638231,0.1371551205002106
INDI_red_440_cutoff_7.5.inp.out,396.95482327261254,-0.1051,0.3153,28.5514,54.0,-1305.7492265914,16.667847551078005,-34.567533675971134,-5743.6035897307,0.1191191683992656
INDI_red_441_cutoff_7.5.inp.out,397.5042653051568,-0.1046,0.3087,20.537,51.0,-1306.7851569515,48.79287478187376,45.3756471236345,-5518.0268271512,0.1243511696002315
INDI_red_442_cutoff_7.5.inp.out,396.4143095666701,-0.1193,0.2859,26.8459,51.0,-1306.9261937447,100.57886940457205,102.29426741839453,-5518.1858685692,0.1404618521000884
INDI_red_443_cutoff_7.5.inp.out,394.77745997503786,-0.1378,0.2881,27.3796,50.0,-1307.5867416483,35.47771141682718,59.78069834360451,-5443.3164102551,0.1469674941999983
INDI_red_444_cutoff_7.5.inp.out,392.68634967739064,-0.1145,0.2825,19.0681,53.0,-1306.1696418066,-88.042738919318,36.94327352500773,-5668.4594737714,0.1328483063007297
INDI_red_445_cutoff_7.5.inp.out,399.38025253683816,-0.118,0.2895,29.0437,55.0,-1306.0242600468,-1.3010486156336472,-53.257728922663325,-5819.3694209206,0.129243180600497
INDI_red_446_cutoff_7.5.inp.out,398.5118456039671,-0.1401,0.289,25.4237,53.0,-1306.555699255,32.547961640067875,13.215583030001678,-5668.8326151745,0.1494780481998532
INDI_red_447_cutoff_7.5.inp.out,395.7442588351681,-0.1512,0.2693,16.8844,52.0,-1307.0467313938,15.249625782163111,-17.17608761177433,-5593.8258389842,0.1614375126000595
INDI_red_448_cutoff_7.5.inp.out,399.45690263241784,-0.1291,0.2892,19.6348,49.0,-1307.6233855562,-4.668731119770356,11.040697590314377,-5367.8581319701,0.1386033158005375
INDI_red_449_cutoff_7.5.inp.out,397.50511882826777,-0.1176,0.2953,16.3487,50.0,-1307.0799423999,-4.157889173138728,6.641810259549415,-5442.7892293777,0.1348686576993714
INDI_red_44_cutoff_7.5.inp.out,395.2719615733609,-0.0968,0.3088,36.5193,56.0,-1306.2077493525,130.02729391117234,97.78350293804088,-5895.0306117727,0.1102917725002043
INDI_red_450_cutoff_7.5.inp.out,395.3599500633678,-0.1073,0.3117,32.5945,57.0,-1305.3109424927,44.69542506261877,-24.853905946377072,-5969.7275655945,0.1175868018999608
INDI_red_451_cutoff_7.5.inp.out,399.2121978973064,-0.1114,0.3181,37.8549,60.0,-1304.3169471247,7.909145730393018,66.40118666123558,-6195.3933462081,0.1257481532993551
INDI_red_452_cutoff_7.5.inp.out,396.091208649449,-0.1181,0.3024,29.0582,57.0,-1305.1563995156,0.5944704963913274,-5.49825916784281,-5969.5993469405,0.1325713883998105
INDI_red_453_cutoff_7.5.inp.out,396.64576248248994,-0.1072,0.2993,35.7318,58.0,-1305.2846568305,43.12432325419041,85.55536966747424,-6045.2336635628,0.1265600712004015
INDI_red_454_cutoff_7.5.inp.out,397.1948796933219,-0.1366,0.2827,37.7488,51.0,-1307.6696400481,3.744540659277107,55.280812141008994,-5518.8984970644,0.1473005746993294
INDI_red_455_cutoff_7.5.inp.out,395.94214757284703,-0.1231,0.2984,38.6328,52.0,-1307.1964738605,16.378558258855534,83.23104288717555,-5593.9820780908,0.1392319152000709
INDI_red_456_cutoff_7.5.inp.out,394.8526091865714,-0.1171,0.2915,44.2739,55.0,-1306.1246135468,0.5146499155624042,190.29609047973776,-5819.4551901688,0.1353480234993185
INDI_red_457_cutoff_7.5.inp.out,398.2986106906347,-0.113,0.2996,42.8007,53.0,-1306.8602666244,43.953960557326816,187.95750345317555,-5669.1029705142,0.1299971627004197
INDI_red_458_cutoff_7.5.inp.out,400.3973333827591,-0.1106,0.3058,42.5008,57.0,-1305.000968474,-24.21585208787352,118.06151103218384,-5969.3959021255,0.1261907347006854
INDI_red_459_cutoff_7.5.inp.out,398.2178560727409,-0.1044,0.3027,34.3352,55.0,-1305.9778325137,32.46805626321246,49.52843612697424,-5819.2293709024,0.1205587095000737
INDI_red_45_cutoff_7.5.inp.out,395.15605428592744,-0.1215,0.2857,31.4045,54.0,-1306.3400386498,88.07268971183854,110.43619965787416,-5744.1035604423,0.1370684465000522
INDI_red_460_cutoff_7.5.inp.out,395.30043412692623,-0.1408,0.2831,34.9136,55.0,-1306.403006324,6.495275832916138,28.103262844134377,-5819.7377591353,0.1553673358994274
INDI_red_461_cutoff_7.5.inp.out,400.2691301572937,-0.131,0.2878,26.875,56.0,-1305.6563661745,-82.46949472278712,40.437808073470755,-5894.5506240043,0.1419623916999626
INDI_red_462_cutoff_7.5.inp.out,398.4031593950808,-0.1314,0.3038,30.1889,54.0,-1306.2920673801,-78.71830690975705,-19.28151083625446,-5744.0976927223,0.1421031564996155
INDI_red_463_cutoff_7.5.inp.out,396.375067775673,-0.1127,0.2895,18.5668,54.0,-1306.5352116296,-54.290430835184374,-35.378954575575584,-5744.3482634635,0.1243788409001354
INDI_red_464_cutoff_7.5.inp.out,394.0570734359811,-0.1024,0.3034,21.4936,54.0,-1306.2771189631,-78.02021639441523,-30.573358687692412,-5744.068734203,0.1235647898001843
INDI_red_465_cutoff_7.5.inp.out,397.5979835627777,-0.1077,0.315,20.2861,56.0,-1305.887984454,-7.073622301959807,-0.5894858136272763,-5894.7947239557,0.122776963700744
INDI_red_466_cutoff_7.5.inp.out,398.6020475674203,-0.1427,0.2771,30.4249,57.0,-1305.2781302849,-30.86889136194738,38.9551951650471,-5969.6983061154,0.1500859085999764
INDI_red_467_cutoff_7.5.inp.out,397.9401712632812,-0.117,0.3029,39.6549,57.0,-1305.2890391712,-52.6246270483282,65.77233912405335,-5969.7579206702,0.1274967566996565
INDI_red_468_cutoff_7.5.inp.out,396.6729236519763,-0.1129,0.2901,36.2878,57.0,-1305.6061173781,-13.53106714963417,86.88383223931578,-5970.0584266103,0.1309979456000292
INDI_red_469_cutoff_7.5.inp.out,400.3694741937753,-0.127,0.2878,29.4551,53.0,-1306.5223822623,15.96937441248645,32.52788001922254,-5668.7660918466,0.139858325300338
INDI_red_46_cutoff_7.5.inp.out,401.0672372403581,-0.1219,0.318,35.003,56.0,-1306.1051144433,158.47365186654585,81.05320707144304,-5894.9286129626,0.1338415599002473
INDI_red_470_cutoff_7.5.inp.out,394.5610713610516,-0.1209,0.2772,37.8807,54.0,-1306.3263875556,-13.371133271460646,53.729072532434095,-5744.1562563774,0.1354762216997187
INDI_red_471_cutoff_7.5.inp.out,394.06904498288173,-0.115,0.2907,40.3844,54.0,-1306.6799257503,-84.57524595355693,11.643131750765358,-5744.5194657262,0.13478788159955
INDI_red_472_cutoff_7.5.inp.out,400.88813023531475,-0.1398,0.2733,39.3411,55.0,-1305.8846662867,20.103755477698993,96.55570318242292,-5819.2794499139,0.1528903601001729
INDI_red_473_cutoff_7.5.inp.out,395.0625710572641,-0.1365,0.2857,39.1338,52.0,-1307.044493453,0.2423804192832404,101.29126729832154,-5593.8104231691,0.1494943705993137
INDI_red_474_cutoff_7.5.inp.out,399.8958759583723,-0.1196,0.3003,52.2502,56.0,-1305.7936755582,0.5846419530425302,56.565965290752985,-5894.6858144869,0.1355685814996832
INDI_red_475_cutoff_7.5.inp.out,395.31275669662034,-0.1104,0.3024,54.51,56.0,-1305.1755728663,25.971725881532368,181.78115445692217,-5894.0871854884,0.1310320948996377
INDI_red_476_cutoff_7.5.inp.out,396.72578497157144,-0.1188,0.2924,43.6687,55.0,-1305.9125216843,-7.201314078318022,55.917636746233605,-5819.2919055591,0.1326096018992757
INDI_red_477_cutoff_7.5.inp.out,399.50541326870064,-0.1181,0.3047,42.0056,54.0,-1306.2611826093,-22.55225328122105,40.17781904959873,-5744.0416470289,0.1297938552997948
INDI_red_478_cutoff_7.5.inp.out,395.2394174497111,-0.1118,0.3185,41.3216,52.0,-1306.8814371726,1.6838971740125313,31.734283542726143,-5593.6664484625,0.1266016652998587
INDI_red_479_cutoff_7.5.inp.out,397.824327507726,-0.1082,0.2893,47.2833,56.0,-1305.8036756168,-46.12286978364879,21.70300562227079,-5894.6845613512,0.1245578583002497
INDI_red_47_cutoff_7.5.inp.out,397.70148396452805,-0.1194,0.304,24.9569,55.0,-1306.215099741,103.10822794239849,33.32604286076112,-5819.522343695,0.1296968339001978
INDI_red_480_cutoff_7.5.inp.out,390.78389309018377,-0.128,0.2791,44.4058,54.0,-1306.6783406644,51.68026106534413,29.37704371424671,-5744.4921273145,0.146397409700512
INDI_red_481_cutoff_7.5.inp.out,397.2951858266187,-0.1131,0.2943,46.8847,53.0,-1306.8046354579,31.440855184634025,16.79939645405072,-5669.0938378914,0.1289909588003865
INDI_red_482_cutoff_7.5.inp.out,397.0047611395853,-0.1054,0.3082,51.0031,53.0,-1306.8125230573,13.298582225786884,-6.157571736010823,-5669.0770401377,0.1233800013005748
INDI_red_483_cutoff_7.5.inp.out,399.0474083747647,-0.114,0.3124,50.2741,57.0,-1305.2461654406,-108.489790932759,13.617833892708582,-5969.6627258845,0.1288377249002223
INDI_red_484_cutoff_7.5.inp.out,395.31498400573105,-0.1133,0.2912,41.5693,54.0,-1306.5953106489,-13.355232377520666,-4.187615510419977,-5744.394323606,0.1331273176992908
INDI_red_485_cutoff_7.5.inp.out,398.2272619404275,-0.1362,0.2827,36.3205,53.0,-1306.7865848962,-2.9321828464673008,15.828414025616931,-5669.0900997665,0.1493586970000251
INDI_red_486_cutoff_7.5.inp.out,397.1895080297413,-0.1331,0.3057,39.8963,54.0,-1306.3365790136,-20.542499892354115,-8.178452690992188,-5744.1442370368,0.1437312951002241
INDI_red_487_cutoff_7.5.inp.out,396.368026613553,-0.1128,0.3012,36.977,53.0,-1306.6545830661,-8.982092311322152,-74.04028953560895,-5668.9619195735,0.128243068199481
INDI_red_488_cutoff_7.5.inp.out,396.94898600330487,-0.1292,0.2926,42.431,53.0,-1306.5914223977,-22.185616522815373,34.38986475388177,-5668.9681880276,0.1408372140995197
INDI_red_489_cutoff_7.5.inp.out,394.8006074404057,-0.1306,0.2911,42.0719,51.0,-1307.4244845759,-45.21791333495388,19.820219569063656,-5518.7002898637,0.1427047671995751
INDI_red_48_cutoff_7.5.inp.out,394.1606683297781,-0.124,0.2831,31.9526,57.0,-1305.580978982,20.702981261917156,13.44923526604647,-5969.9550325226,0.1401817820005817
INDI_red_490_cutoff_7.5.inp.out,400.3835718540577,-0.1336,0.2848,44.1508,50.0,-1307.6446349308,-69.24738381586269,27.49944874231089,-5443.3781559169,0.144433836000644
INDI_red_491_cutoff_7.5.inp.out,395.00084736381626,-0.1251,0.3077,50.1584,54.0,-1306.3095604573,49.470099467120896,115.60667004460228,-5744.1538271823,0.1366764368003714
INDI_red_492_cutoff_7.5.inp.out,394.1521147035831,-0.1228,0.2945,57.4893,55.0,-1305.9844964557,58.69114705188461,116.27071384763822,-5819.3113677601,0.1361046105002969
INDI_red_493_cutoff_7.5.inp.out,399.6371776799692,-0.1288,0.2873,54.9978,55.0,-1306.3583706371,-39.84988871234173,65.40502278908458,-5819.7466310923,0.1413654978996419
INDI_red_494_cutoff_7.5.inp.out,398.8752798056035,-0.1161,0.3228,54.4461,55.0,-1306.405965532,102.09951412656036,146.78282536343212,-5819.7683034643,0.1296888596998542
INDI_red_495_cutoff_7.5.inp.out,398.8569930490864,-0.1356,0.2936,42.7989,53.0,-1306.7202937484,34.97506662853978,88.79687770041804,-5669.0946855503,0.1401645861997167
INDI_red_496_cutoff_7.5.inp.out,393.4325408816489,-0.0957,0.3,41.6598,52.0,-1307.2072290942,33.83264572821088,88.70158867868345,-5593.8940826345,0.1179590305991951
INDI_red_497_cutoff_7.5.inp.out,394.6446581547645,-0.1208,0.2797,39.2265,49.0,-1308.1105012199,-5.97304374255129,21.821678196788973,-5368.2941295655,0.1390991586995369
INDI_red_498_cutoff_7.5.inp.out,397.58575706076226,-0.1226,0.2885,54.7367,51.0,-1307.0377951655,-42.85282419634897,37.04603704425213,-5518.2463532451,0.1405643598000097
INDI_red_499_cutoff_7.5.inp.out,399.10973764493536,-0.1396,0.2704,54.7156,53.0,-1306.565193529,0.8459917931997576,61.160271292163074,-5668.7962582147,0.1506676100998447
INDI_red_49_cutoff_7.5.inp.out,397.3925122444494,-0.123,0.2833,38.7359,58.0,-1305.4986672006,70.64687070774448,81.59731497372327,-6045.4250289475,0.1388631686004373
INDI_red_4_cutoff_7.5.inp.out,397.1973066039433,-0.1472,0.2864,30.8921,54.0,-1306.5822122476,-72.23786556737615,-7.51815090891105,-5744.4305188815,0.1530325740995977
INDI_red_50_cutoff_7.5.inp.out,398.54926211051526,-0.1263,0.2879,21.2871,58.0,-1305.246427021,0.1430465493516708,10.335065430692216,-6045.1810263332,0.1418685409998943
INDI_red_51_cutoff_7.5.inp.out,399.71787428883863,-0.1187,0.3104,19.8944,56.0,-1306.0205649422,82.13041713941617,65.54347732058966,-5894.9398207087,0.1289759359997333
INDI_red_52_cutoff_7.5.inp.out,395.52759923383496,-0.1265,0.2662,16.9192,55.0,-1306.2962407338,0.7044873862875775,35.135998007256774,-5819.6404457147,0.1454359598001247
INDI_red_53_cutoff_7.5.inp.out,395.3197056466388,-0.1086,0.2956,21.3202,57.0,-1305.4429591034,2.2740767946932445,58.37270170498337,-5969.8569733055,0.1259903447999022
INDI_red_54_cutoff_7.5.inp.out,395.8845314059857,-0.1319,0.2864,24.9487,57.0,-1305.2643910337,-25.61450528791332,-55.45528061652466,-5969.6755696227,0.1453474185000232
INDI_red_55_cutoff_7.5.inp.out,401.286526561666,-0.1396,0.2731,26.5475,58.0,-1304.646711713,1.4713723730791786,-54.98453174567378,-6044.6272035191,0.1486412295998889
INDI_red_56_cutoff_7.5.inp.out,395.5617546936815,-0.1312,0.2958,23.9811,56.0,-1305.4419027156,-37.46781588694455,-54.22591034808926,-5894.3338820936,0.1384839722995821
INDI_red_57_cutoff_7.5.inp.out,397.2119211224864,-0.1329,0.2823,16.3764,54.0,-1306.0403531905,23.37029715868229,28.951550322535812,-5743.8636790955,0.1462034113992558
INDI_red_58_cutoff_7.5.inp.out,399.560088117807,-0.1489,0.2679,24.0391,55.0,-1306.1373381693,-82.07905411149311,5.739634930666817,-5819.5391367989,0.1627599603998533
INDI_red_59_cutoff_7.5.inp.out,398.2081321906204,-0.1343,0.3029,21.3391,55.0,-1306.4523809303,42.74789775600581,31.757168531558733,-5819.8868200162,0.1450232188999507
INDI_red_5_cutoff_7.5.inp.out,395.23244248829855,-0.1303,0.2847,39.8596,54.0,-1306.6018001986,30.09523327583184,40.402762685420115,-5744.3944182604,0.1469609870991917
INDI_red_60_cutoff_7.5.inp.out,400.1435406131354,-0.1252,0.3041,24.7168,58.0,-1305.1110017497,11.301487716257238,11.499081777102049,-6045.0981523104,0.1365857158007202
INDI_red_61_cutoff_7.5.inp.out,396.1400393280453,-0.1264,0.2961,28.2892,59.0,-1304.4569931319,46.9570383643522,21.89058494934496,-6119.9665874607,0.1363475504995221
INDI_red_62_cutoff_7.5.inp.out,397.3430846293906,-0.1216,0.3007,17.5671,59.0,-1304.6243385841,-100.0441458113903,-0.5227639326855207,-6120.1778680616,0.1358225682006377
INDI_red_63_cutoff_7.5.inp.out,400.0270515826089,-0.1119,0.3057,19.2457,57.0,-1305.136449027,13.383772720124965,-27.27014989739659,-5969.5813802897,0.1224755527000525
INDI_red_64_cutoff_7.5.inp.out,395.112695050912,-0.1339,0.2864,21.901,54.0,-1306.2291255417,23.685179478090376,-32.22212915333974,-5744.0811126385,0.1451637009004116
INDI_red_65_cutoff_7.5.inp.out,399.06179046157456,-0.1108,0.315,22.3073,55.0,-1306.20578066,6.0036915035416305,13.494586727607308,-5819.572565287,0.1223144013001729
INDI_red_66_cutoff_7.5.inp.out,400.8702744427676,-0.1227,0.2944,16.2273,50.0,-1307.8839330346,52.5704463666701,5.718938538801596,-5443.5240668604,0.1336704241994084
INDI_red_67_cutoff_7.5.inp.out,394.831737592767,-0.1382,0.2927,16.9536,49.0,-1308.2691525133,26.810761459764063,22.610372702856232,-5368.4853594201,0.1467188367996641
INDI_red_68_cutoff_7.5.inp.out,396.55756040466855,-0.1069,0.3049,15.3148,49.0,-1308.1089924089,9.30936636080114,36.66618709244688,-5368.2979333379,0.1246107854994988
INDI_red_69_cutoff_7.5.inp.out,397.9683378575379,-0.1208,0.2954,15.8165,49.0,-1308.2784137332,67.68683278880714,5.123251273862327,-5368.4158503901,0.1320720263001931
INDI_red_6_cutoff_7.5.inp.out,397.4270501861712,-0.1075,0.3028,38.1897,51.0,-1307.8630772971,15.361146118924774,3.737221238204801,-5519.0984509455,0.1218309385003522
INDI_red_70_cutoff_7.5.inp.out,395.3599500633678,-0.1073,0.3117,32.5945,57.0,-1305.3110843095,44.69562398568446,-24.85388962182114,-5969.7277076553,0.1175862975997006
INDI_red_71_cutoff_7.5.inp.out,399.00316224925143,-0.1143,0.3148,35.2619,59.0,-1304.6189091731,-8.845705451635107,65.53879525319742,-6120.1661568964,0.128536615199664
INDI_red_72_cutoff_7.5.inp.out,395.2703571846844,-0.1252,0.291,35.0995,58.0,-1304.6138160717,-15.939662330717688,-7.72748081991858,-6044.5979646609,0.1393999623996933
INDI_red_73_cutoff_7.5.inp.out,400.47064353669566,-0.1024,0.3211,36.3615,54.0,-1306.0997678579,39.37389587602605,36.343494891432265,-5743.9271543176,0.1160416522998275
INDI_red_74_cutoff_7.5.inp.out,395.57275642750307,-0.1244,0.299,38.5364,55.0,-1305.8919447083,55.12480111992702,39.062749548349,-5819.2398269817,0.136188806899554
INDI_red_75_cutoff_7.5.inp.out,395.64123764991245,-0.1202,0.2858,35.9108,53.0,-1306.5259262282,17.112281116733367,6.6908413865240846,-5668.7974020595,0.1373211563995937
INDI_red_76_cutoff_7.5.inp.out,398.25491888268834,-0.1344,0.2854,32.8945,52.0,-1306.9033325687,-25.15961624421841,11.120241297489782,-5593.6833793875,0.1379817675997401
INDI_red_77_cutoff_7.5.inp.out,396.19644335249376,-0.1144,0.2931,23.8289,52.0,-1306.9251569441,-28.678952807922983,-13.84072321223803,-5593.7531506446,0.1324807030005104
INDI_red_78_cutoff_7.5.inp.out,395.03307185590546,-0.113,0.2929,33.547,52.0,-1306.9033059505,72.22779033748454,27.060415166516425,-5593.6877489745,0.1326006521994713
INDI_red_79_cutoff_7.5.inp.out,395.8373166499724,-0.1228,0.2919,39.5916,51.0,-1307.278926791,109.2300878204317,162.65568089317864,-5518.5270813452,0.1331633672998577
INDI_red_7_cutoff_7.5.inp.out,396.7937535725619,-0.1162,0.3024,38.8273,53.0,-1307.0840397319,31.51385484040632,24.22695331321212,-5669.4448530472,0.1301302236006449
INDI_red_80_cutoff_7.5.inp.out,396.86800472521867,-0.1149,0.3083,26.8442,48.0,-1308.4307071148,63.454881047161045,74.58561954041984,-5293.0455284938,0.1263203978005549
INDI_red_81_cutoff_7.5.inp.out,397.8643316206804,-0.1167,0.2911,27.1006,48.0,-1308.5958164516,-46.25039535713045,39.19699343846799,-5293.2405406209,0.1337079313998401
INDI_red_82_cutoff_7.5.inp.out,397.1191540223449,-0.1142,0.2948,26.5551,51.0,-1307.3393761476,35.59048104238111,93.90873242377803,-5518.5163569285,0.1286640593998527
INDI_red_83_cutoff_7.5.inp.out,389.87003192571217,-0.0972,0.3036,26.7574,53.0,-1306.7461875975,77.39302488247765,82.26544727537686,-5668.9431985533,0.1179006135998861
INDI_red_84_cutoff_7.5.inp.out,397.70973012431585,-0.131,0.2837,21.7914,49.0,-1308.0342319678,37.74710979231609,76.01065173896438,-5368.151679744,0.1443703313998412
INDI_red_85_cutoff_7.5.inp.out,396.8647056526248,-0.1255,0.2893,22.2161,50.0,-1307.4362194022,62.93005306577603,44.11895064794768,-5443.1358176321,0.1373935077999704
INDI_red_86_cutoff_7.5.inp.out,394.67633939116814,-0.1129,0.2961,23.2539,50.0,-1307.8312046589,80.46812368250659,27.28232805748565,-5443.4805607606,0.1306143366000469
INDI_red_87_cutoff_7.5.inp.out,399.5322977295427,-0.1367,0.2874,34.4562,55.0,-1306.3594399704,60.132784755877374,62.6272059720511,-5819.6572014096,0.1428450419998626
INDI_red_88_cutoff_7.5.inp.out,401.48327721276786,-0.131,0.2875,37.9511,55.0,-1306.3991344503,-3.68251490963252,-13.179259385906056,-5819.6975945874,0.138918165999712
INDI_red_89_cutoff_7.5.inp.out,395.7635608555084,-0.1459,0.2702,47.1326,51.0,-1307.5998283201,-19.255912690674023,92.48621644411992,-5518.8848765753,0.1534865594994698
INDI_red_8_cutoff_7.5.inp.out,394.59981783078337,-0.1016,0.3163,37.7054,53.0,-1307.0312506015,11.75093605010065,108.5366644590725,-5669.3184838762,0.118079226300324
INDI_red_90_cutoff_7.5.inp.out,394.3349491653115,-0.1064,0.3099,36.7835,54.0,-1306.2859715676,25.278004276132897,63.773900726198875,-5744.1014202634,0.121003104400188
INDI_red_91_cutoff_7.5.inp.out,395.43220750794467,-0.1194,0.2881,46.8916,53.0,-1307.0503346344,104.24489077789195,142.0133563783145,-5669.3470247618,0.1347984850999637
INDI_red_92_cutoff_7.5.inp.out,401.4371184535632,-0.1253,0.3115,47.0061,53.0,-1306.9577390201,56.54350645542635,86.75838718448578,-5669.2395867487,0.1344532585999331
INDI_red_93_cutoff_7.5.inp.out,396.91039127414984,-0.1438,0.2844,44.4512,50.0,-1307.9441782547,-21.37662824813501,-0.953086232635956,-5443.6940933701,0.1519590445996073
INDI_red_94_cutoff_7.5.inp.out,396.9904371827722,-0.1196,0.2967,47.5372,55.0,-1306.1461580881,-53.97964289555888,21.26458021017903,-5819.4814707632,0.1313484134998361
INDI_red_95_cutoff_7.5.inp.out,396.604989838133,-0.127,0.291,51.4002,52.0,-1307.1399925503,11.550746461724229,174.2028156588726,-5593.948946102,0.1359055743996577
INDI_red_96_cutoff_7.5.inp.out,398.7235661033813,-0.1299,0.2972,38.3045,50.0,-1307.6466528472,91.79847532573164,170.54094381038814,-5443.4119557546,0.1403446464000808
INDI_red_97_cutoff_7.5.inp.out,398.5105001926802,-0.1245,0.288,29.2351,50.0,-1307.9538554885,48.35309855777588,92.19231831617564,-5443.6801850636,0.1335824166999373
INDI_red_98_cutoff_7.5.inp.out,393.4727422270081,-0.1426,0.2775,31.1047,50.0,-1307.8077741949,-2.890106182212391,16.29387491613436,-5443.4948593029,0.1550206489000629
INDI_red_99_cutoff_7.5.inp.out,398.3057355604853,-0.0932,0.3086,39.4452,51.0,-1307.1449716275,54.804226938679584,-8.441284857158024,-5518.397136702,0.1117892893998941
INDI_red_9_cutoff_7.5.inp.out,397.6197955239403,-0.1325,0.2981,46.7419,55.0,-1306.4521399245,-34.030120206078195,40.22009685754751,-5819.8480401065,0.1433233611996911
