file_name,NRE,HOMO,LUMO,Dipole_mom,Num_waters,chg_chg,elec5,elec10,SCF_E,delE_dft
INDI_red_0_cutoff_0.0.inp.out,395.3599500633678,-0.1068,0.3131,4.0168,0.0,-1325.0367746261,-7.245802387083028,-0.5751524900731432,-1684.144427009,0.1175861056999565
INDI_red_100_cutoff_0.0.inp.out,395.062972183188,-0.1264,0.2828,3.1921,0.0,-1325.0774610231,2.5556565828723756,0.6593533380016461,-1684.1657663045,0.1371521278997534
INDI_red_101_cutoff_0.0.inp.out,398.1736722747861,-0.1129,0.2977,3.3664,0.0,-1325.1735336059,3.3552416589987835,0.2012327277379951,-1684.2728888865,0.1276046414004668
INDI_red_102_cutoff_0.0.inp.out,398.5394147521698,-0.1464,0.281,3.5041,0.0,-1325.0821778234,2.042687283315592,-3.8024692785951824,-1684.1938745383,0.148709738299658
INDI_red_103_cutoff_0.0.inp.out,397.07936789292864,-0.1354,0.2935,3.4403,0.0,-1325.1219980897,9.31567744487767,5.224046248325518,-1684.2323589214,0.1439794581992828
INDI_red_104_cutoff_0.0.inp.out,399.974492254102,-0.1154,0.3,3.8811,0.0,-1325.0057276145,3.201578939584726,5.636939067468605,-1684.1141633754,0.1301348909992157
INDI_red_105_cutoff_0.0.inp.out,396.41134792160983,-0.137,0.285,3.4888,0.0,-1324.6907594448,4.345731565619417,3.725427302583971,-1683.807229753,0.1418726225001592
INDI_red_106_cutoff_0.0.inp.out,400.2203878196785,-0.127,0.3032,3.5429,0.0,-1324.8815657529,6.762801843236865,6.2629797226327515,-1683.9945377083,0.1338810320003176
INDI_red_107_cutoff_0.0.inp.out,396.571678752676,-0.1019,0.305,4.3454,0.0,-1324.6099075838,4.836907180690841,13.24404858191559,-1683.7252184915,0.1142753400999936
INDI_red_108_cutoff_0.0.inp.out,394.58587765405065,-0.1031,0.3048,4.225,0.0,-1324.81379775,-4.8289205190005875,-8.237355923354732,-1683.9128120181,0.1223334153000905
INDI_red_109_cutoff_0.0.inp.out,397.81181058785614,-0.1215,0.2956,3.6418,0.0,-1324.9562247473,-3.1608257748194535,-1.126547295215918,-1684.0671669484,0.1326178213994353
INDI_red_10_cutoff_0.0.inp.out,396.22673938937226,-0.1123,0.2898,3.6004,0.0,-1325.5631965012,3.1209223365542247,1.129995022202977,-1684.6396756776,0.1304514564999408
INDI_red_110_cutoff_0.0.inp.out,399.1604582808021,-0.145,0.2815,2.7362,0.0,-1324.8060265458,2.1649874487548253,2.00341450520714,-1683.9219854374,0.1530985724002675
INDI_red_111_cutoff_0.0.inp.out,395.90042723405605,-0.1067,0.313,3.7786,0.0,-1325.1634375381,3.974766923200891,3.3923815117602283,-1684.2702840554,0.1221820505998039
INDI_red_112_cutoff_0.0.inp.out,397.00389353367274,-0.1438,0.2818,4.2189,0.0,-1324.7115518817,-3.314499521362552,0.3770671378304786,-1683.8315046372,0.1524414397999862
INDI_red_113_cutoff_0.0.inp.out,397.09647091001534,-0.1095,0.3061,2.77,0.0,-1325.1199688017,3.3458524418667865,1.224891685667756,-1684.2289042583,0.1250412095005231
INDI_red_114_cutoff_0.0.inp.out,397.04322334671616,-0.0911,0.329,3.9777,0.0,-1324.8143828756,0.8768671166398783,2.559578987738807,-1683.9288159765,0.1038217187997361
INDI_red_115_cutoff_0.0.inp.out,395.7237709068316,-0.1053,0.3101,3.4444,0.0,-1324.7655016292,1.7711716905151076,4.710164106975184,-1683.8601371085,0.1196752674004528
INDI_red_116_cutoff_0.0.inp.out,397.4224505929427,-0.1191,0.3042,3.7003,0.0,-1324.9227800025,-4.311361734414678,-0.0456927064631482,-1684.036329057,0.132322011099859
INDI_red_117_cutoff_0.0.inp.out,396.159294984881,-0.1306,0.284,3.1358,0.0,-1324.952821765,-0.3792188786828979,4.411481046457534,-1684.0466831753,0.1423468919992956
INDI_red_118_cutoff_0.0.inp.out,399.3779856634441,-0.1335,0.2913,3.4271,0.0,-1325.0248232075,1.1484391337967854,0.4760843828197998,-1684.1414204627,0.1421911341003578
INDI_red_119_cutoff_0.0.inp.out,397.0829026343364,-0.1492,0.2862,3.641,0.0,-1324.8016286252,-3.766936386050699,-3.138496101317723,-1683.9283767712,0.1515722163003374
INDI_red_11_cutoff_0.0.inp.out,397.25837373979414,-0.1265,0.2872,4.1056,0.0,-1325.6742083927,-1.3246277435887075,-0.066338423862461,-1684.769568332,0.135561299100118
INDI_red_120_cutoff_0.0.inp.out,394.5324953115437,-0.1225,0.2796,3.095,0.0,-1324.950116859,3.3722960145235414,2.2448140895057564,-1684.0321432042,0.1410367311991649
INDI_red_121_cutoff_0.0.inp.out,398.7305184836456,-0.1481,0.2772,2.4526,0.0,-1325.2389159514,0.7113874157549297,-1.5608324748704174,-1684.346596072,0.1600976284998978
INDI_red_122_cutoff_0.0.inp.out,391.4006650533939,-0.1303,0.2806,2.0783,0.0,-1325.3254753492,0.994242996845078,0.2969242745625047,-1684.4191506378,0.1442642459996932
INDI_red_123_cutoff_0.0.inp.out,394.8410110515007,-0.0995,0.2913,3.7215,0.0,-1325.1231369132,-4.329874958930397,-7.889296685422028,-1684.2205256746,0.1186488708999604
INDI_red_124_cutoff_0.0.inp.out,398.1432928919222,-0.1399,0.2738,3.4746,0.0,-1325.3247610582,-12.848459985438136,-12.939070645497932,-1684.4318400563,0.1580112361998544
INDI_red_125_cutoff_0.0.inp.out,394.1788183317979,-0.1382,0.2901,3.3704,0.0,-1324.864048558,-17.573045303075173,-21.251322744886377,-1683.9760520495,0.147170178500346
INDI_red_126_cutoff_0.0.inp.out,396.26780205756313,-0.1157,0.2875,4.1784,0.0,-1325.4034128332,-19.31388967396469,-22.21096300256451,-1684.5010936763,0.1335992790000091
INDI_red_127_cutoff_0.0.inp.out,397.18674376454464,-0.1294,0.2854,4.0263,0.0,-1325.2142185813,-15.937036328164426,-21.63735032703059,-1684.3210879349,0.1368780341999809
INDI_red_128_cutoff_0.0.inp.out,397.99867818450053,-0.1463,0.2929,3.0564,0.0,-1324.9952134407,-6.2638244474126745,-10.222124385032751,-1684.109469977,0.1526007267002569
INDI_red_129_cutoff_0.0.inp.out,395.06495216722834,-0.1407,0.2633,3.1986,0.0,-1325.1173060509,-3.5427854993697507,-4.89590654776721,-1684.2035125743,0.153767274099664
INDI_red_12_cutoff_0.0.inp.out,398.2023963542375,-0.1585,0.2782,2.8358,0.0,-1325.4718595559,-3.3101663516884936,-5.386762526283382,-1684.5872703761,0.15960762279974
INDI_red_130_cutoff_0.0.inp.out,395.3599500633678,-0.1068,0.3131,4.0168,0.0,-1325.0368400514,-7.24572086788304,-0.5750506693927585,-1684.144492326,0.1175866985995526
INDI_red_131_cutoff_0.0.inp.out,398.5760621670376,-0.116,0.3131,3.356,0.0,-1325.1512286678,-0.881212121894075,1.7734556277073903,-1684.2563822176,0.1270439222998902
INDI_red_132_cutoff_0.0.inp.out,395.5938560078084,-0.1118,0.3057,3.6277,0.0,-1324.8042982249,-2.915613003944019,-2.0795431709801746,-1683.8976638219,0.1220715521994861
INDI_red_133_cutoff_0.0.inp.out,399.2433483859179,-0.1127,0.3025,3.7714,0.0,-1325.3119926331,-3.5424028517052992,-2.3178030984738043,-1684.4281874533,0.1271810365005876
INDI_red_134_cutoff_0.0.inp.out,394.511406762262,-0.1351,0.2887,2.8654,0.0,-1325.047954162,0.4833673395375935,0.794098388059306,-1684.160604672,0.1424642274996586
INDI_red_135_cutoff_0.0.inp.out,397.9693627914302,-0.1456,0.2742,3.2558,0.0,-1324.9491688121,-4.225642220604793,-2.726945195570828,-1684.053072451,0.1543657889005771
INDI_red_136_cutoff_0.0.inp.out,396.1139515502437,-0.1054,0.2893,4.2603,0.0,-1325.2805658974,-6.268918233107601,-2.1055868387091485,-1684.383820283,0.1178953296002873
INDI_red_137_cutoff_0.0.inp.out,394.47215687242465,-0.1259,0.2825,3.3374,0.0,-1325.2394472916,-1.707548715399133,0.3520926727307755,-1684.347739888,0.1434594175998427
INDI_red_138_cutoff_0.0.inp.out,395.8058202748739,-0.1382,0.2896,3.5598,0.0,-1325.2729237192,-5.91296774815854,-3.690979614142314,-1684.3822683518,0.1459238293000453
INDI_red_139_cutoff_0.0.inp.out,397.25942737092447,-0.1297,0.2745,3.4129,0.0,-1325.416573322,-5.680782477747195,-2.8421886804107963,-1684.5153556635,0.144693865499903
INDI_red_13_cutoff_0.0.inp.out,392.79789113030586,-0.1315,0.2685,3.2776,0.0,-1325.4647230457,-0.9979410927243758,-2.775201474776345,-1684.5420611225,0.1436888629004897
INDI_red_140_cutoff_0.0.inp.out,393.8800989868495,-0.1252,0.273,3.6124,0.0,-1325.2065118492,-1.8672600517453228,-1.2550172325825275,-1684.2932199408,0.1502830433000781
INDI_red_141_cutoff_0.0.inp.out,391.77649228068265,-0.1165,0.2952,3.2969,0.0,-1325.409902578,2.27921083368191,6.837274817259968,-1684.5125943419,0.1385279715996148
INDI_red_142_cutoff_0.0.inp.out,399.93408407311,-0.1167,0.2955,3.7719,0.0,-1325.3756268079,-0.1359343142046702,4.264376566305695,-1684.4819764408,0.1318087305999142
INDI_red_143_cutoff_0.0.inp.out,395.2358731259325,-0.1153,0.3128,3.3987,0.0,-1325.1118202981,1.0036319240125102,0.7960460158410974,-1684.2071388589,0.1247331853001014
INDI_red_144_cutoff_0.0.inp.out,399.8365982128477,-0.1197,0.2998,2.706,0.0,-1325.0859485525,3.162854745500984,3.651314707175178,-1684.185690968,0.1313955258001442
INDI_red_145_cutoff_0.0.inp.out,393.4031548343538,-0.1369,0.2749,2.7942,0.0,-1325.3143290679,-1.7153911574474168,0.2619660417521854,-1684.4174879994,0.1515283794997231
INDI_red_146_cutoff_0.0.inp.out,392.57375541147286,-0.1513,0.2735,3.5042,0.0,-1325.4572652464,6.657822863271917,8.809110079377117,-1684.5505200764,0.1593196154999532
INDI_red_147_cutoff_0.0.inp.out,396.66666748980833,-0.1436,0.2776,3.4845,0.0,-1325.5888131907,6.781581448371776,8.115872030769184,-1684.7103146844,0.1547493276002569
INDI_red_148_cutoff_0.0.inp.out,397.45383803681614,-0.1404,0.2783,3.9757,0.0,-1325.3593248179,9.423396525979737,11.15241638544722,-1684.4643366704,0.1558928028998707
INDI_red_149_cutoff_0.0.inp.out,399.0424463178736,-0.1154,0.3174,3.284,0.0,-1325.6334722053,9.19860539026939,6.698614248189715,-1684.7370018201,0.131501504800326
INDI_red_14_cutoff_0.0.inp.out,397.9618918917563,-0.1174,0.3059,3.5687,0.0,-1325.3849463391,-6.529982068021096,-3.0869490483208364,-1684.4898296409,0.1294481707991508
INDI_red_150_cutoff_0.0.inp.out,398.406477291688,-0.1304,0.3,3.8368,0.0,-1325.2205220104,-0.7241507113374519,-0.3779757382149224,-1684.3287001582,0.1432590490003349
INDI_red_151_cutoff_0.0.inp.out,393.49474564033295,-0.1193,0.3023,3.5166,0.0,-1325.3070237928,-0.5090252533231627,1.1657857358907104,-1684.4050336599,0.1366506296999432
INDI_red_152_cutoff_0.0.inp.out,394.4156115769326,-0.1159,0.3008,3.2831,0.0,-1325.251869648,2.9272568500300182,-0.9969245714100514,-1684.357826354,0.1306924587997855
INDI_red_153_cutoff_0.0.inp.out,400.57837624902794,-0.136,0.3025,2.6951,0.0,-1324.9748662215,6.473979789076796,2.753181514005079,-1684.0801566044,0.1443804769996859
INDI_red_154_cutoff_0.0.inp.out,396.475335123812,-0.1224,0.3018,2.553,0.0,-1325.4908773793,3.134564352259902,2.010326608276107,-1684.5866158011,0.1333912153004348
INDI_red_155_cutoff_0.0.inp.out,394.6951189687577,-0.12,0.2825,2.6121,0.0,-1325.1205688572,6.689111705629339,3.0362818915903125,-1684.2022896215,0.1356331078995936
INDI_red_156_cutoff_0.0.inp.out,398.8661498559615,-0.1243,0.3015,2.9313,0.0,-1325.506383658,0.1536873495762771,-2.0081021383509663,-1684.6153950756,0.1360585308993904
INDI_red_157_cutoff_0.0.inp.out,397.0138696091468,-0.1444,0.2773,2.4914,0.0,-1325.4308792407,2.14313151100367,-0.0323130388319833,-1684.5334844779,0.1520325002002209
INDI_red_158_cutoff_0.0.inp.out,396.99633970233293,-0.0926,0.3058,3.5921,0.0,-1325.3252377096,1.6849543845752957,-0.588672871313519,-1684.4082961167,0.115218816399647
INDI_red_159_cutoff_0.0.inp.out,391.56416228200465,-0.1336,0.2694,3.5373,0.0,-1325.2436643196,-1.7300162199206204,0.16535286974083,-1684.3352883824,0.1453905343996666
INDI_red_15_cutoff_0.0.inp.out,395.4252174179989,-0.1412,0.2846,3.1875,0.0,-1325.0991060785,-0.272371477448273,-3.3686055471689,-1684.2031849092,0.1464229401999546
INDI_red_160_cutoff_0.0.inp.out,397.96159597657424,-0.1209,0.3077,3.6945,0.0,-1325.2501158827,-4.303962047371509,-4.6061990308197975,-1684.3668468114,0.1381638223001573
INDI_red_161_cutoff_0.0.inp.out,399.00684356677453,-0.1234,0.3024,3.5189,0.0,-1325.0280550058,-2.0289142454669853,-1.069287573707104,-1684.1426177774,0.1391337715995177
INDI_red_162_cutoff_0.0.inp.out,394.6209453325012,-0.0944,0.32,3.3175,0.0,-1324.7290694545,3.32366938881633,-0.130108340008814,-1683.8357720667,0.1152983195997876
INDI_red_163_cutoff_0.0.inp.out,394.98767815750693,-0.1324,0.2835,2.6269,0.0,-1325.1255688908,8.516515595378495,7.0087178286315694,-1684.2182444302,0.1443310430995552
INDI_red_164_cutoff_0.0.inp.out,397.1466952240472,-0.122,0.3055,2.232,0.0,-1325.2995435648,5.637307620117334,3.3995808309137545,-1684.4018164863,0.1331065234999187
INDI_red_165_cutoff_0.0.inp.out,400.6415736040335,-0.1271,0.3033,2.7004,0.0,-1325.5014289368,5.003225421015955,2.194102265630174,-1684.6127480242,0.1331176216999665
INDI_red_166_cutoff_0.0.inp.out,395.3632875737072,-0.1302,0.2718,3.0378,0.0,-1325.5956338351,6.558945733788123,5.847222586298155,-1684.6842214481,0.1418624555999486
INDI_red_167_cutoff_0.0.inp.out,393.0137669791187,-0.1153,0.2818,4.534,0.0,-1325.7943564526,-1.2878187131682093,2.5184491690139534,-1684.8969571124,0.1240698327992504
INDI_red_168_cutoff_0.0.inp.out,398.5546140987571,-0.1004,0.3004,3.984,0.0,-1325.2777413166,-0.6036120712059982,-0.3406086302578869,-1684.3847810352,0.1176255685995784
INDI_red_169_cutoff_0.0.inp.out,393.76714053836565,-0.1271,0.2858,3.6076,0.0,-1325.5683044079,3.4368060494252397,3.1371081126918825,-1684.6645125544,0.1417673902005845
INDI_red_16_cutoff_0.0.inp.out,397.4166647569292,-0.1181,0.2915,2.9024,0.0,-1325.2756611716,3.5253139857402576,0.1472874048923223,-1684.3702476284,0.1323037211004702
INDI_red_170_cutoff_0.0.inp.out,402.8253984593553,-0.1115,0.3166,2.9891,0.0,-1325.3331406766,0.1881003533239885,0.2898572329058374,-1684.4376778525,0.1221710646996143
INDI_red_171_cutoff_0.0.inp.out,397.1728056939481,-0.1171,0.2911,3.2129,0.0,-1325.2565952507,4.625699913828094,1.3043048751349504,-1684.3588810283,0.1282364132994189
INDI_red_172_cutoff_0.0.inp.out,396.23751172089305,-0.1144,0.2962,3.9507,0.0,-1324.7831997003,-2.6460696676803788,-0.2630572688314058,-1683.8877208817,0.1327844627003287
INDI_red_173_cutoff_0.0.inp.out,397.68366375381896,-0.125,0.3056,3.9237,0.0,-1325.1613362308,1.385228399525008,3.6915612201381505,-1684.2720072017,0.1345047510003496
INDI_red_174_cutoff_0.0.inp.out,395.73867170311496,-0.1076,0.2963,3.434,0.0,-1325.0716664522,2.194017141800698,1.5093424385866072,-1684.1598787892,0.1170924133994049
INDI_red_175_cutoff_0.0.inp.out,396.0574732606782,-0.1101,0.2968,3.8692,0.0,-1325.2671561066,-0.1613791456192628,5.247468009850369,-1684.3629258297,0.1273200271998575
INDI_red_176_cutoff_0.0.inp.out,398.3276981510026,-0.1239,0.2952,2.8548,0.0,-1324.8556404079,2.222060089136334,2.930102042668871,-1683.9495045855,0.1326765560997955
INDI_red_177_cutoff_0.0.inp.out,395.8636668000857,-0.0973,0.2963,3.7592,0.0,-1325.1859594484,5.03228408103531,10.176460681476875,-1684.2712004285,0.1154301127999133
INDI_red_178_cutoff_0.0.inp.out,395.91403390187617,-0.1319,0.2725,3.262,0.0,-1325.303735337,-1.4663326393465232,2.746560649661686,-1684.3950480878,0.1471547896007905
INDI_red_179_cutoff_0.0.inp.out,397.5093359145931,-0.1339,0.2891,2.8862,0.0,-1324.9372883661,4.733112739141866,3.565051216185228,-1684.0411385468,0.1416483412995148
INDI_red_17_cutoff_0.0.inp.out,395.21334636718393,-0.108,0.2985,3.4551,0.0,-1325.5066048848,2.082838069212637,3.5377818742511455,-1684.5978014269,0.1267786711005101
INDI_red_180_cutoff_0.0.inp.out,395.3599500633678,-0.1068,0.3131,4.0168,0.0,-1325.0368297811,-7.245657928353983,-0.5750186279916977,-1684.1444820278,0.1175866717003373
INDI_red_181_cutoff_0.0.inp.out,399.1736797781988,-0.1159,0.3139,3.385,0.0,-1325.1735220158,-0.9339490154493176,1.6806631017373046,-1684.2801624173,0.1268447233996994
INDI_red_182_cutoff_0.0.inp.out,396.18803215065407,-0.1271,0.286,3.6998,0.0,-1324.8202699117,-7.71541320401669,-7.052944531279277,-1683.9128883308,0.1392897431005622
INDI_red_183_cutoff_0.0.inp.out,398.65781766266304,-0.1093,0.3072,2.4684,0.0,-1324.9679135231,2.6919709854435308,2.783116674372029,-1684.064013851,0.1250426052001785
INDI_red_184_cutoff_0.0.inp.out,397.7202951325919,-0.1308,0.2946,3.2909,0.0,-1325.0191590749,-7.803827946970346,-6.842084553143202,-1684.1183029475,0.1374062304994368
INDI_red_185_cutoff_0.0.inp.out,395.8836217554583,-0.1232,0.2889,3.9365,0.0,-1325.2847488465,-6.697038999326418,-4.7173124385027565,-1684.3943509733,0.138244467199911
INDI_red_186_cutoff_0.0.inp.out,392.5185875769924,-0.1552,0.2498,3.9429,0.0,-1325.1314567906,-2.1315725861616825,-2.21042190462512,-1684.2337608649,0.1676666861003468
INDI_red_187_cutoff_0.0.inp.out,395.5050665476228,-0.1456,0.253,3.423,0.0,-1325.0836760757,-1.0995377276746954,-2.8575371686169455,-1684.1707263756,0.1594059717999698
INDI_red_188_cutoff_0.0.inp.out,397.8376691309054,-0.1209,0.295,3.1751,0.0,-1324.6342602886,3.598071657186547,-0.803278744743687,-1683.7333829443,0.1334595611997429
INDI_red_189_cutoff_0.0.inp.out,397.2013468977285,-0.1295,0.2876,3.176,0.0,-1324.6699444001,-2.292255483015137,-1.4139385270078784,-1683.7737218228,0.1358236592004686
INDI_red_18_cutoff_0.0.inp.out,392.3591463337754,-0.105,0.3057,3.6458,0.0,-1325.3960986807,-2.9032181632342384,1.2347290653585612,-1684.4931118078,0.1187985721999211
INDI_red_190_cutoff_0.0.inp.out,396.2025024912369,-0.1052,0.314,3.2176,0.0,-1324.7759432532,-2.23391223612365,-1.3437097651060974,-1683.8880767511,0.1158076340998377
INDI_red_191_cutoff_0.0.inp.out,396.9628950894896,-0.1274,0.2867,3.4856,0.0,-1324.5165095503,-2.556634773781851,1.8198081384592877,-1683.6185113105,0.1403690617999018
INDI_red_192_cutoff_0.0.inp.out,398.1279883349072,-0.1016,0.3121,4.2254,0.0,-1325.1442342445,-8.048712897147931,0.8839895804912505,-1684.2601517393,0.1138147443998605
INDI_red_193_cutoff_0.0.inp.out,398.21472342231783,-0.1466,0.2849,3.845,0.0,-1324.6023086227,-4.708088460698247,-5.452297240349483,-1683.7386024841,0.1503087235005296
INDI_red_194_cutoff_0.0.inp.out,395.4474319449347,-0.1258,0.2926,3.7335,0.0,-1325.089350605,-1.9151817507665392,-3.9558299068394582,-1684.2027610925,0.1320258035993902
INDI_red_195_cutoff_0.0.inp.out,395.03859569588894,-0.1141,0.3037,3.998,0.0,-1324.9502565774,-7.360736069280275,-6.277059322187252,-1684.0581340624,0.1278932770992469
INDI_red_196_cutoff_0.0.inp.out,399.44657516665023,-0.1229,0.3057,3.0318,0.0,-1324.9774796297,1.8016984525787576,1.1827599857849973,-1684.0871895517,0.1300271418003831
INDI_red_197_cutoff_0.0.inp.out,399.65709046980766,-0.1152,0.3063,2.8338,0.0,-1324.9761648029,3.6117829117526834,1.08172214196053,-1684.0746590946,0.1289695222003501
INDI_red_198_cutoff_0.0.inp.out,393.121329969578,-0.1136,0.299,2.906,0.0,-1325.6007665356,-0.2963062120306581,-4.641848447010324,-1684.7080560573,0.1339424479001536
INDI_red_199_cutoff_0.0.inp.out,394.0105148168331,-0.1101,0.3074,3.393,0.0,-1325.2046260207,-0.2426636866876526,-2.593294881888101,-1684.3002632651,0.1315198286001759
INDI_red_19_cutoff_0.0.inp.out,396.11983525734735,-0.1032,0.289,3.494,0.0,-1324.721497963,2.4883052029095554,4.810174088781852,-1683.8014177824,0.1213762115994541
INDI_red_1_cutoff_0.0.inp.out,399.2004276328298,-0.1144,0.3143,3.4207,0.0,-1325.1517760205,-0.568125119144303,1.812260499186114,-1684.2580819717,0.1257547285995315
INDI_red_200_cutoff_0.0.inp.out,400.26525045615693,-0.1266,0.2947,3.7921,0.0,-1325.0116647312,0.2860886392294341,2.941452671502022,-1684.1268809741,0.1392469791999246
INDI_red_201_cutoff_0.0.inp.out,394.55601095142265,-0.1317,0.2833,3.5848,0.0,-1324.9065129038,1.7079390504697272,-1.1126323395862894,-1684.0192467624,0.1451508411000759
INDI_red_202_cutoff_0.0.inp.out,398.20862203272486,-0.1228,0.2876,3.9493,0.0,-1325.0982837571,5.423389115840353,0.74210652651881,-1684.2038306936,0.1351032400998519
INDI_red_203_cutoff_0.0.inp.out,393.79360331700434,-0.1285,0.2789,4.0011,0.0,-1324.9923520189,-1.0273955532896597,-3.4949324521128715,-1684.099490776,0.1408335962996716
INDI_red_204_cutoff_0.0.inp.out,402.2461752365922,-0.1101,0.3011,4.3801,0.0,-1325.2925144946,-9.826160130782842,-8.666414630636762,-1684.40006566,0.1270795667996935
INDI_red_205_cutoff_0.0.inp.out,396.7894449391911,-0.1291,0.3069,3.7885,0.0,-1324.9955963288,-5.667033071261051,-5.685406547321208,-1684.1120300831,0.1370162037001137
INDI_red_206_cutoff_0.0.inp.out,397.4893411756777,-0.1168,0.2851,3.9848,0.0,-1325.1308515687,9.16229217281314,17.354704637768304,-1684.2354684282,0.1334676349997607
INDI_red_207_cutoff_0.0.inp.out,398.1212224311536,-0.1403,0.2968,3.1856,0.0,-1324.9699858785,-8.230503380251266,-7.613348109000589,-1684.0925560066,0.149427783199826
INDI_red_208_cutoff_0.0.inp.out,396.1444952865606,-0.1163,0.3163,2.8975,0.0,-1324.5503121924,-3.357355800752112,-8.208272115454573,-1683.6564327107,0.1332298508996245
INDI_red_209_cutoff_0.0.inp.out,397.4143946128184,-0.1047,0.2915,3.6078,0.0,-1324.9518463519,-1.1233641121232454,-2.0581313199554874,-1684.0422898662,0.1284809648996088
INDI_red_20_cutoff_0.0.inp.out,395.3599500633678,-0.1068,0.3131,4.0168,0.0,-1325.0368177295,-7.24568406499396,-0.5750320743374512,-1684.144470007,0.1175866867997683
INDI_red_210_cutoff_0.0.inp.out,395.0806424528206,-0.1317,0.2871,3.1164,0.0,-1324.6190593047,1.4836038424750142,-2.254887354657006,-1683.7227109396,0.1487329830997623
INDI_red_211_cutoff_0.0.inp.out,399.555548984566,-0.1363,0.279,3.6812,0.0,-1324.7401758138,1.1148482391071002,-4.876420177691207,-1683.8468339649,0.147160462800457
INDI_red_212_cutoff_0.0.inp.out,397.2611639854298,-0.1291,0.2805,3.3755,0.0,-1324.7204100765,-1.0928060176133163,-5.557632629004835,-1683.8261992172,0.1417475626003579
INDI_red_213_cutoff_0.0.inp.out,396.186017084133,-0.1487,0.2922,3.0565,0.0,-1325.0326961884,2.940228408267381,-1.42461508593937,-1684.1445382443,0.1520165024994639
INDI_red_214_cutoff_0.0.inp.out,398.617864273482,-0.1366,0.2785,3.636,0.0,-1324.9909604316,1.188921451725299,2.926700397005721,-1684.0995221828,0.1496468507002646
INDI_red_215_cutoff_0.0.inp.out,399.86830052848046,-0.143,0.2815,3.2669,0.0,-1324.6563991215,0.2267068052971353,-2.022888731048662,-1683.7724358755,0.1477627601007043
INDI_red_216_cutoff_0.0.inp.out,397.76478545932224,-0.1282,0.3046,3.8608,0.0,-1324.467910806,0.1063751657554327,4.03798021508673,-1683.5870294232,0.1376713066001684
INDI_red_217_cutoff_0.0.inp.out,396.919052441496,-0.1105,0.2876,4.7266,0.0,-1324.8653304099,10.270106995472409,14.213070536074582,-1683.9580312673,0.1305941775999599
INDI_red_218_cutoff_0.0.inp.out,394.8714856618589,-0.1486,0.2716,4.1882,0.0,-1324.6801254671,5.003388555186316,8.980579455396237,-1683.7878554261,0.1577583140997376
INDI_red_219_cutoff_0.0.inp.out,397.17637399197906,-0.1312,0.2994,3.8948,0.0,-1325.0150005045,11.310639315883291,13.719042023964958,-1684.1370758845,0.1453714708995903
INDI_red_21_cutoff_0.0.inp.out,398.84982695613377,-0.1229,0.3079,3.15,0.0,-1325.1495418969,-0.4558133293999046,1.8212611230009064,-1684.2530421035,0.1339071235006486
INDI_red_220_cutoff_0.0.inp.out,397.15008529888246,-0.1214,0.29,4.0037,0.0,-1324.7550950699,7.909108320032155,8.449725016524123,-1683.8597828425,0.1368807437993382
INDI_red_221_cutoff_0.0.inp.out,398.44904414500326,-0.1337,0.2952,3.4013,0.0,-1324.90526912,1.9517752571320992,5.454281091637289,-1684.0267619029,0.1409311600991714
INDI_red_222_cutoff_0.0.inp.out,397.99262582620634,-0.119,0.3118,3.3948,0.0,-1324.9307776454,1.6751454309450349,0.8228941384779573,-1684.0511160412,0.137918640099997
INDI_red_223_cutoff_0.0.inp.out,398.0077553948514,-0.1044,0.2956,4.25,0.0,-1325.3205189715,-9.4287905634119,-7.325090855241386,-1684.4183543777,0.1212919093995879
INDI_red_224_cutoff_0.0.inp.out,394.6907730798794,-0.1653,0.2646,4.1226,0.0,-1324.9493384961,-3.941062721809543,-2.669742304019987,-1684.0734491026,0.1709972139005913
INDI_red_225_cutoff_0.0.inp.out,397.00941258191585,-0.1065,0.3031,3.5228,0.0,-1324.759182876,-1.6860292723742107,-2.173790040272978,-1683.8691170733,0.1229320607999397
INDI_red_226_cutoff_0.0.inp.out,398.24359299167867,-0.1229,0.2833,3.8553,0.0,-1325.2399017937,-4.307585041852907,-7.394186156063218,-1684.3496003977,0.1363134148996323
INDI_red_227_cutoff_0.0.inp.out,392.855114430815,-0.1182,0.2967,3.8493,0.0,-1325.120268128,-4.059561676205393,-5.843726411379651,-1684.2127639978,0.1258010994006326
INDI_red_228_cutoff_0.0.inp.out,399.1358816348277,-0.1271,0.2868,3.6889,0.0,-1324.9699287462,-11.7642885099005,-10.91030810436708,-1684.0866173742,0.1399922512000557
INDI_red_229_cutoff_0.0.inp.out,396.23868007281175,-0.1355,0.2866,3.588,0.0,-1325.6485392481,-4.118629717562127,-9.413308899023974,-1684.7623864841,0.1483957673008262
INDI_red_22_cutoff_0.0.inp.out,397.5116046327141,-0.1182,0.2959,3.5658,0.0,-1324.662566557,-2.2898749921528307,-1.4687319310813052,-1683.755418579,0.1315383776000089
INDI_red_230_cutoff_0.0.inp.out,395.5182978260903,-0.1324,0.2792,3.4794,0.0,-1325.1509238589,-3.0276725137593923,-2.6920547763392544,-1684.2434922599,0.1432772274993112
INDI_red_231_cutoff_0.0.inp.out,399.9443600987657,-0.121,0.2996,3.1365,0.0,-1324.770875403,-0.5665246246423762,-1.886509706079549,-1683.8598850354,0.1300504201999501
INDI_red_232_cutoff_0.0.inp.out,394.6615050830941,-0.1321,0.2905,3.0318,0.0,-1324.8919116553,-0.5672103565895751,-2.4030055802691517,-1683.9863035628,0.1420490869995774
INDI_red_233_cutoff_0.0.inp.out,400.883999433138,-0.1055,0.3074,4.0907,0.0,-1325.1337646906,0.0240441596476852,0.4376083459581028,-1684.2263813704,0.125816750800368
INDI_red_234_cutoff_0.0.inp.out,394.2043959839798,-0.1258,0.3017,3.2696,0.0,-1325.3095878183,0.4413178023240731,-2.013512100470883,-1684.4106436529,0.1337088453001342
INDI_red_235_cutoff_0.0.inp.out,395.7691518435332,-0.1278,0.2913,3.1969,0.0,-1325.1539197447,-6.508346044169886,-2.639163519319958,-1684.2625715013,0.1339676560000953
INDI_red_236_cutoff_0.0.inp.out,398.45300516488714,-0.1044,0.3195,3.6233,0.0,-1324.4727373778,-1.9396096051614475,0.5008838640897441,-1683.5639314066,0.116642014700119
INDI_red_237_cutoff_0.0.inp.out,401.0198871485972,-0.1311,0.2837,4.3741,0.0,-1324.7805027933,-5.940245023859326,-2.7193303862223557,-1683.891273998,0.1399936121006249
INDI_red_238_cutoff_0.0.inp.out,393.8215050797706,-0.138,0.2798,3.3288,0.0,-1324.6645050517,-3.1211977978636605,0.072987153378878,-1683.7500459321,0.1513377666997257
INDI_red_239_cutoff_0.0.inp.out,393.53456971478374,-0.1291,0.2711,3.2434,0.0,-1324.767195324,0.2862963800305789,4.309992881130561,-1683.8642250717,0.1445890826998948
INDI_red_23_cutoff_0.0.inp.out,396.6977439885299,-0.1051,0.3106,2.9201,0.0,-1325.2105561203,-1.8322178417598045,0.0599356940653377,-1684.3131561084,0.1173219883003184
INDI_red_240_cutoff_0.0.inp.out,395.3599500633678,-0.1068,0.3131,4.0168,0.0,-1325.0368775608,-7.245700635878816,-0.5750695309416662,-1684.1445297961,0.1175864412998635
INDI_red_241_cutoff_0.0.inp.out,399.2984272417949,-0.1156,0.3156,3.4427,0.0,-1325.1563257478,-0.9624711338153936,1.56561021654952,-1684.2650228505,0.1269511722002789
INDI_red_242_cutoff_0.0.inp.out,394.5609554282809,-0.1184,0.2965,3.5461,0.0,-1324.9399982147,-3.0662415082375296,-3.1744516118871604,-1684.0270268684,0.1286217350998413
INDI_red_243_cutoff_0.0.inp.out,398.9010589672348,-0.093,0.3163,3.23,0.0,-1325.0361476946,-1.5396658902936555,-2.0375347473875305,-1684.1372790739,0.1076039402005335
INDI_red_244_cutoff_0.0.inp.out,398.2723587243179,-0.141,0.2931,3.1567,0.0,-1325.5737337535,-1.748555534222293,0.1483546401994085,-1684.6810915805,0.1491907704994446
INDI_red_245_cutoff_0.0.inp.out,396.71105066852385,-0.0935,0.3241,3.3373,0.0,-1325.2626205427,0.273543188588815,0.6475038752802421,-1684.3646237068,0.1061323889007326
INDI_red_246_cutoff_0.0.inp.out,392.5256367917312,-0.1169,0.2859,4.2795,0.0,-1325.4851840188,-3.329993257339417,-2.6871394362864227,-1684.5823741662,0.1295215824993647
INDI_red_247_cutoff_0.0.inp.out,398.9517163106204,-0.1304,0.3009,3.7748,0.0,-1325.0033335674,-6.187064512605641,-4.641457987470555,-1684.13290395,0.1385869960995478
INDI_red_248_cutoff_0.0.inp.out,400.94853639094913,-0.1309,0.287,3.2753,0.0,-1325.2782310915,1.2182968945759414,1.0963511305528288,-1684.3796171915,0.1403437538001526
INDI_red_249_cutoff_0.0.inp.out,392.4404354674879,-0.1053,0.3048,3.6127,0.0,-1325.0930855587,-7.659079330095341,-6.4480763435847415,-1684.1908158449,0.1237423964994377
INDI_red_24_cutoff_0.0.inp.out,398.2734966752541,-0.1756,0.2629,3.3427,0.0,-1325.3854040855,0.5504183145094761,0.8833714398459875,-1684.51383428,0.1756397908993676
INDI_red_250_cutoff_0.0.inp.out,393.59355457280714,-0.1265,0.2885,3.4624,0.0,-1325.1447623152,-2.9842957064407383,3.2429230986210404,-1684.2421984849,0.1379990302002625
INDI_red_251_cutoff_0.0.inp.out,394.26622417157495,-0.1313,0.2957,2.891,0.0,-1325.0028382654,1.760479917758369,2.7255475163494625,-1684.1007943362,0.1350698360001843
INDI_red_252_cutoff_0.0.inp.out,402.4259362674432,-0.1194,0.3172,3.5864,0.0,-1324.8195198168,-1.1248241028181891,-0.2992892404949412,-1683.9238744761,0.1309240365999358
INDI_red_253_cutoff_0.0.inp.out,396.4943190027459,-0.1329,0.2839,3.7193,0.0,-1324.8240061645,-1.6196770735067196,1.7530629394065425,-1683.9248435867,0.1401889729995673
INDI_red_254_cutoff_0.0.inp.out,392.6353379494009,-0.1345,0.282,3.3584,0.0,-1324.7165067314,1.7180487781579237,4.448555411130416,-1683.8132999933,0.1489517083000464
INDI_red_255_cutoff_0.0.inp.out,395.5814278039478,-0.1513,0.2825,3.0848,0.0,-1324.3085180084,-0.2493666537039961,0.4732218690596483,-1683.425240349,0.1573468895003316
INDI_red_256_cutoff_0.0.inp.out,400.6160723286119,-0.1404,0.2907,3.1094,0.0,-1324.5162985025,-2.8892808573743345,0.6430455040034193,-1683.618675475,0.1471658457003286
INDI_red_257_cutoff_0.0.inp.out,397.4477994919117,-0.1284,0.2874,3.3759,0.0,-1324.6641325928,8.220382674412406,7.866725070423,-1683.7665387202,0.1402601522004261
INDI_red_258_cutoff_0.0.inp.out,394.4628604087586,-0.1128,0.2917,3.3556,0.0,-1324.8520386223,3.390523616615049,3.506500047135228,-1683.9452979236,0.1196822294996309
INDI_red_259_cutoff_0.0.inp.out,397.8595649887578,-0.1176,0.3188,2.4848,0.0,-1324.7378420005,0.3625271487258815,2.3602973905826277,-1683.8605739774,0.1311166991999925
INDI_red_25_cutoff_0.0.inp.out,399.9446831531278,-0.1062,0.3058,3.8367,0.0,-1325.30972026,-2.899972257623741,-4.438116925520088,-1684.4080143876,0.1299149742999361
INDI_red_260_cutoff_0.0.inp.out,398.5180383435158,-0.1181,0.2998,3.3297,0.0,-1324.390943226,-0.1683852190099876,-0.2995060762552689,-1683.4889512647,0.1326644681003017
INDI_red_261_cutoff_0.0.inp.out,398.96596150747155,-0.1344,0.2756,2.884,0.0,-1324.4388697097,3.866470192374671,1.2651975130913509,-1683.5353581064,0.137812513400604
INDI_red_262_cutoff_0.0.inp.out,401.0552427125724,-0.1223,0.3017,3.7981,0.0,-1324.9361300597,-2.156529274356056,-2.655910953699138,-1684.0516696228,0.1334174124003766
INDI_red_263_cutoff_0.0.inp.out,392.6346053531097,-0.1317,0.2799,3.8804,0.0,-1324.4209687673,-0.7360581069905477,1.4458542519042732,-1683.5340323709,0.1453546746997744
INDI_red_264_cutoff_0.0.inp.out,396.45938072128496,-0.1041,0.299,3.5817,0.0,-1324.9892796081,-3.1845976920836487,1.5202750600753534,-1684.0756984764,0.1202121831993281
INDI_red_265_cutoff_0.0.inp.out,399.4092088710585,-0.1337,0.2791,3.7603,0.0,-1324.5493895091,4.17901428264563,0.9219273568355956,-1683.6442422518,0.1427326913999422
INDI_red_266_cutoff_0.0.inp.out,397.31701625569326,-0.1369,0.2687,3.8213,0.0,-1324.7555386463,0.2360724500970307,3.9749640130192945,-1683.8419105284,0.1497988464998343
INDI_red_267_cutoff_0.0.inp.out,395.69726145375427,-0.1227,0.2878,3.4713,0.0,-1324.770106617,9.05191143778696,6.572005463639425,-1683.8693578482,0.1374898651001785
INDI_red_268_cutoff_0.0.inp.out,396.34120493352833,-0.1245,0.2989,2.8443,0.0,-1324.7200712577,6.206204344329479,9.11840860647854,-1683.8297443998,0.1327385495997077
INDI_red_269_cutoff_0.0.inp.out,400.1263785006725,-0.1254,0.2859,3.8929,0.0,-1324.8793474448,2.2663013531524676,9.071357477518676,-1683.9892675125,0.1310563635006474
INDI_red_26_cutoff_0.0.inp.out,396.2334550814436,-0.114,0.2942,2.9736,0.0,-1324.9129694952,7.355353544791298,2.9289674665859873,-1684.0078381953,0.131097969100665
INDI_red_270_cutoff_0.0.inp.out,396.6284428744128,-0.1306,0.3013,3.0489,0.0,-1325.2394624345,2.7486942315722662,2.5940390720104154,-1684.3344530475,0.1372647114003484
INDI_red_271_cutoff_0.0.inp.out,398.0594733185581,-0.1315,0.2908,4.356,0.0,-1324.9828106716,-2.478054168199818,5.521036409823008,-1684.0905020575,0.1420862991999456
INDI_red_272_cutoff_0.0.inp.out,399.75473781284035,-0.1331,0.2814,3.402,0.0,-1324.7941756683,0.1828645079203531,0.9114385240004196,-1683.9094642483,0.1391395113996623
INDI_red_273_cutoff_0.0.inp.out,399.2706912980916,-0.0942,0.331,4.3668,0.0,-1324.7015665542,-3.466714638551195,2.3088703474189844,-1683.8118369727,0.1051893268004278
INDI_red_274_cutoff_0.0.inp.out,394.84592644586934,-0.092,0.3216,3.9818,0.0,-1324.8353620389,-4.9376989756974154,-0.3351662675809199,-1683.9458953923,0.1035245069006123
INDI_red_275_cutoff_0.0.inp.out,398.9484394347908,-0.0986,0.3069,3.4024,0.0,-1324.672275307,-5.627018920681434,-3.630593065250978,-1683.7582742379,0.1154990521008585
INDI_red_276_cutoff_0.0.inp.out,396.7434483037974,-0.1314,0.2943,3.918,0.0,-1324.9400911909,-1.333851605553196,2.608608436620734,-1684.0529472074,0.134111313399444
INDI_red_277_cutoff_0.0.inp.out,397.2036407659295,-0.1323,0.2868,3.7849,0.0,-1325.0073765743,-6.596764134189037,-2.551799198641259,-1684.1119258787,0.140845099600483
INDI_red_278_cutoff_0.0.inp.out,399.9631787430742,-0.1171,0.2981,3.7608,0.0,-1324.5500001607,-6.86503537428982,-1.2072179842435415,-1683.666851424,0.1250253443004112
INDI_red_279_cutoff_0.0.inp.out,397.7316767531686,-0.1212,0.3113,3.554,0.0,-1324.7820565105,-3.846081466865415,2.194294283158878,-1683.8975853015,0.1231471030005195
INDI_red_27_cutoff_0.0.inp.out,396.7048787110155,-0.1146,0.2822,3.5902,0.0,-1325.091805221,-4.646494820133823,-6.185879846993267,-1684.1900145053,0.1290826256999935
INDI_red_280_cutoff_0.0.inp.out,397.60401681224727,-0.1,0.3155,3.7352,0.0,-1324.6401149945,-2.5789879369960538,-1.1412647819478348,-1683.7588181367,0.1124267106997649
INDI_red_281_cutoff_0.0.inp.out,399.0303164097768,-0.1009,0.3098,3.7228,0.0,-1324.3901807311,-5.732229844557253,0.8635812858717015,-1683.5072854955,0.110125053000047
INDI_red_282_cutoff_0.0.inp.out,393.9357491208433,-0.1126,0.2978,3.8137,0.0,-1324.72553559,-0.3243755450741162,2.0877585393659106,-1683.836760195,0.1239595973001996
INDI_red_283_cutoff_0.0.inp.out,399.2511028575452,-0.1057,0.3141,3.5189,0.0,-1324.9413334768,-7.501261898384135,-4.519198213478735,-1684.049556631,0.1146951638993414
INDI_red_284_cutoff_0.0.inp.out,399.7676310288123,-0.1339,0.3025,3.3876,0.0,-1324.8620546047,-10.565712448572262,-3.493051237248596,-1683.9910367672,0.1389837731003353
INDI_red_285_cutoff_0.0.inp.out,396.2239927688572,-0.1339,0.2864,3.3422,0.0,-1325.1117873244,-7.688638733313935,-5.226189668472163,-1684.2302961467,0.1422573777999787
INDI_red_286_cutoff_0.0.inp.out,397.8456779251447,-0.1109,0.3114,3.1703,0.0,-1324.9836189434,-4.056902699175184,-3.449717022984618,-1684.0858359513,0.1179418595002061
INDI_red_287_cutoff_0.0.inp.out,394.92876790768986,-0.1281,0.3021,3.697,0.0,-1325.1916596554,-0.9569129006314432,-2.436561385480529,-1684.3137353301,0.1325691286001529
INDI_red_288_cutoff_0.0.inp.out,397.1961817072693,-0.1006,0.3046,3.9077,0.0,-1325.0803281757,-5.938113389368356,-5.9511757469907405,-1684.1837771448,0.1164593823004906
INDI_red_289_cutoff_0.0.inp.out,398.92473654941784,-0.1207,0.3004,4.6314,0.0,-1325.0618277242,-11.4306714910101,-3.906208652560779,-1684.170938222,0.130537812699913
INDI_red_28_cutoff_0.0.inp.out,397.3679755453394,-0.122,0.2881,3.344,0.0,-1324.9441808859,2.60176739301527,3.042151179991923,-1684.0415894252,0.1356181356995875
INDI_red_290_cutoff_0.0.inp.out,395.3599500633678,-0.1068,0.3131,4.0168,0.0,-1325.036822166,-7.245662331117368,-0.5750171134097443,-1684.144474408,0.1175868831996922
INDI_red_291_cutoff_0.0.inp.out,398.66101931969706,-0.1197,0.3115,3.1764,0.0,-1325.2089000958,0.0628207768286722,2.6157138104614996,-1684.3124669146,0.1300385024005663
INDI_red_292_cutoff_0.0.inp.out,397.5611848621124,-0.1257,0.2894,3.5611,0.0,-1324.4475421001,-0.405673480270319,-2.908463750522407,-1683.5358315832,0.1401916377999441
INDI_red_293_cutoff_0.0.inp.out,398.4830380048839,-0.1131,0.2918,3.2622,0.0,-1324.646667258,-1.158412587367874,-1.943722610727044,-1683.7397696965,0.1303050476999487
INDI_red_294_cutoff_0.0.inp.out,393.95000898836633,-0.1413,0.2931,2.7276,0.0,-1324.7580254888,2.6972310145095397,3.2079241543582,-1683.8666208563,0.1472652060001564
INDI_red_295_cutoff_0.0.inp.out,399.3592186380536,-0.1224,0.2971,4.0669,0.0,-1324.6220478785,-1.0305371395287126,2.928269285093405,-1683.7262888596,0.1296470946999761
INDI_red_296_cutoff_0.0.inp.out,397.71744773541326,-0.1456,0.2655,3.7833,0.0,-1324.8606494602,-7.39134640741177,-3.5155654162690007,-1683.9655499033,0.1566657149996899
INDI_red_297_cutoff_0.0.inp.out,398.31876568177904,-0.1217,0.291,3.8213,0.0,-1325.0155048157,1.8665699785145968,5.051556209332116,-1684.1302772376,0.1364112078999824
INDI_red_298_cutoff_0.0.inp.out,396.48276812908426,-0.1246,0.2984,3.9071,0.0,-1325.1552071416,-3.4685589134325068,-3.248299302733728,-1684.271038826,0.1386977148004007
INDI_red_299_cutoff_0.0.inp.out,394.0072154539234,-0.1501,0.2782,3.529,0.0,-1324.9165341652,-1.250335881861402,-0.4405850663538608,-1684.0403006388,0.1603733510000893
INDI_red_29_cutoff_0.0.inp.out,394.0441225550588,-0.1242,0.2875,3.3975,0.0,-1325.0696850483,-1.6513680440186838,-2.055925339679344,-1684.1815304169,0.1377670878000572
INDI_red_2_cutoff_0.0.inp.out,394.1516989618235,-0.1196,0.2904,3.8397,0.0,-1324.7624978551,-8.45818922032952,-6.173230623257411,-1683.8469023033,0.1324312415999884
INDI_red_300_cutoff_0.0.inp.out,401.0996386563861,-0.126,0.3044,3.5145,0.0,-1324.9926695384,0.2790419404344311,-0.4374703547229013,-1684.1005937958,0.1389108601997577
INDI_red_301_cutoff_0.0.inp.out,398.3195773679315,-0.118,0.2918,3.5786,0.0,-1325.19800136,0.8977992879951567,1.6803457210492063,-1684.3134410331,0.1312254029999167
INDI_red_302_cutoff_0.0.inp.out,397.3182877035324,-0.1224,0.2821,3.0325,0.0,-1325.1096434529,1.2024888901613364,2.3700983293841076,-1684.2061698061,0.1415276945999721
INDI_red_303_cutoff_0.0.inp.out,393.0906598164949,-0.1311,0.2805,2.9046,0.0,-1325.1416473237,-0.9348843506043673,-0.3188833010769591,-1684.2413424514,0.1404145461001462
INDI_red_304_cutoff_0.0.inp.out,399.9501316324308,-0.1298,0.2803,3.3364,0.0,-1325.0307716012,2.052495686994759,1.8807567850107396,-1684.1296236614,0.1414735458993163
INDI_red_305_cutoff_0.0.inp.out,397.38193928052465,-0.1322,0.2694,3.677,0.0,-1325.2349196785,0.8081319248387143,2.600508917491461,-1684.3209314979,0.1445054608002465
INDI_red_306_cutoff_0.0.inp.out,396.51827156676296,-0.1295,0.2934,3.1616,0.0,-1324.7670072892,1.2145923457488963,1.5424145139005097,-1683.8452760816,0.1441392094002367
INDI_red_307_cutoff_0.0.inp.out,396.2933882989184,-0.12,0.2888,3.3852,0.0,-1325.3435018058,2.233444187244471,1.7284940675457516,-1684.4506188891,0.133141329600221
INDI_red_308_cutoff_0.0.inp.out,393.41619283826145,-0.0986,0.31,3.0694,0.0,-1325.4271142899,4.997625570751802,0.8106164164012967,-1684.5208953896,0.1169028936992617
INDI_red_309_cutoff_0.0.inp.out,395.4911866660271,-0.1127,0.2829,2.7705,0.0,-1325.0316545013,0.3860359129628789,-2.457683068009419,-1684.1265664622,0.1263607676000901
INDI_red_30_cutoff_0.0.inp.out,396.1297846138815,-0.1355,0.2899,3.4008,0.0,-1324.8078956221,2.6810455553640145,2.3456451216041594,-1683.9262565194,0.1443952343997807
INDI_red_310_cutoff_0.0.inp.out,399.5241115244093,-0.1278,0.3062,2.366,0.0,-1325.2565482531,-0.3447486917900158,-3.3520412378208935,-1684.3649172803,0.1380671039996741
INDI_red_311_cutoff_0.0.inp.out,397.7114488778232,-0.1425,0.2942,2.9984,0.0,-1325.3342022591,-4.921217878135615,-0.4095697320170615,-1684.4473516734,0.141947516500295
INDI_red_312_cutoff_0.0.inp.out,397.0831288321638,-0.1354,0.2793,3.3323,0.0,-1325.2120786718,-8.785488781942128,-4.656598185703706,-1684.3103065695,0.1491253861004224
INDI_red_313_cutoff_0.0.inp.out,395.885679174463,-0.1269,0.2734,3.4688,0.0,-1324.9472551583,-5.717778899191545,-5.993460165518051,-1684.029504277,0.1399844915995345
INDI_red_314_cutoff_0.0.inp.out,402.3816398625196,-0.1344,0.2999,3.4225,0.0,-1325.2299860617,-7.549673497620881,-8.909579638989804,-1684.3406018551,0.1434590273001958
INDI_red_315_cutoff_0.0.inp.out,396.6910779369611,-0.1497,0.2734,3.6706,0.0,-1324.7744039992,-3.1980462624619084,-1.6249505497783687,-1683.8768579706,0.1548257906997605
INDI_red_316_cutoff_0.0.inp.out,392.3522584133814,-0.1325,0.2654,3.575,0.0,-1325.3088036275,-1.6812742500931843,-1.745126737001742,-1684.4016409919,0.1467048394997618
INDI_red_317_cutoff_0.0.inp.out,399.32397192241626,-0.1529,0.2837,3.4226,0.0,-1325.0974926574,0.6400973184524013,2.7478438952524047,-1684.2093828204,0.1537194975007878
INDI_red_318_cutoff_0.0.inp.out,398.5357450350105,-0.1024,0.3079,3.3842,0.0,-1325.1907875456,-0.7376123077048563,2.0709322230467677,-1684.2869810922,0.1185069063994888
INDI_red_319_cutoff_0.0.inp.out,396.6053950421477,-0.1171,0.2963,3.7012,0.0,-1324.6710021273,1.880851790233594,2.8123966000496416,-1683.7635577792,0.130071564300124
INDI_red_31_cutoff_0.0.inp.out,400.0419712183787,-0.1327,0.302,2.8567,0.0,-1325.0507589646,1.3122580888207598,-0.1347957285913241,-1684.1537746152,0.1396148274998268
INDI_red_320_cutoff_0.0.inp.out,398.1128873606108,-0.1285,0.294,4.3438,0.0,-1325.3437784928,3.738344710980823,6.865070880922972,-1684.4504039441,0.1372139860995957
INDI_red_321_cutoff_0.0.inp.out,398.3205754899821,-0.1002,0.3157,3.0515,0.0,-1324.7402560998,5.993157962296417,6.264871564494378,-1683.834827508,0.1127161829999749
INDI_red_322_cutoff_0.0.inp.out,399.3937982740269,-0.1374,0.2837,3.7257,0.0,-1324.8090735392,0.7177174286197411,-1.0486561362945757,-1683.922422994,0.1425392201999784
INDI_red_323_cutoff_0.0.inp.out,396.2779979492212,-0.1205,0.3153,3.2874,0.0,-1325.3723988573,1.2670865959389306,1.8249437846479968,-1684.485831128,0.1370306752996839
INDI_red_324_cutoff_0.0.inp.out,393.4954182322626,-0.1462,0.2587,3.831,0.0,-1325.4638457743,-7.850139851945163,-4.864418494161514,-1684.5714013734,0.1508741804000237
INDI_red_325_cutoff_0.0.inp.out,396.9029977025144,-0.0999,0.3132,3.5531,0.0,-1325.2253763558,2.74615179232703,1.1178244348645532,-1684.3312640445,0.113458738999725
INDI_red_326_cutoff_0.0.inp.out,397.0193891972935,-0.1139,0.2967,4.2073,0.0,-1324.9480127422,1.024311498653379,0.7154437885574885,-1684.0520059358,0.1204214102999685
INDI_red_327_cutoff_0.0.inp.out,395.1781987044312,-0.1375,0.2844,3.0485,0.0,-1325.5385578354,0.7887028353872412,0.6960965210591952,-1684.6444275482,0.1410147967999364
INDI_red_328_cutoff_0.0.inp.out,397.996808870181,-0.1568,0.2715,3.482,0.0,-1325.2854223033,-2.4395223165806796,-1.1540773379599722,-1684.4094353222,0.1600797917999443
INDI_red_329_cutoff_0.0.inp.out,396.71452968831176,-0.1104,0.3033,2.9823,0.0,-1325.0743781715,-0.6259805145459609,-2.535304360771393,-1684.1789829166,0.1248991657002989
INDI_red_32_cutoff_0.0.inp.out,400.2229378753971,-0.1285,0.307,3.1465,0.0,-1324.5361737521,-4.120732584567591,-2.2287867730698445,-1683.6559355593,0.1348616344002948
INDI_red_330_cutoff_0.0.inp.out,395.3115064528916,-0.1223,0.2928,2.2472,0.0,-1325.331342701,-0.5913716816885018,0.0641673362851589,-1684.4341765762,0.1255723917001887
INDI_red_331_cutoff_0.0.inp.out,396.5088704950171,-0.1322,0.3027,2.8126,0.0,-1325.1504051387,0.4186433402802389,0.7465482524458775,-1684.2740649179,0.1371738304997052
INDI_red_332_cutoff_0.0.inp.out,399.6445691983881,-0.1136,0.3075,3.7593,0.0,-1325.46023939,-2.074757926613241,0.9810544743633012,-1684.5753407578,0.1254842475000259
INDI_red_333_cutoff_0.0.inp.out,394.95473029573446,-0.127,0.2817,3.6594,0.0,-1325.6591404883,-0.2380437312976859,5.2715398620304645,-1684.7786742068,0.1393282251001437
INDI_red_334_cutoff_0.0.inp.out,394.78675387953143,-0.1231,0.3016,3.1603,0.0,-1325.1668575477,-1.4780261474352283,1.0784672523323426,-1684.2725570221,0.1394628996995379
INDI_red_335_cutoff_0.0.inp.out,396.7724158533244,-0.126,0.2855,2.8805,0.0,-1324.9940221636,2.788857100655687,5.761159878695558,-1684.0879945804,0.141599776199655
INDI_red_336_cutoff_0.0.inp.out,399.34846733704615,-0.1167,0.3052,3.2161,0.0,-1325.1607753923,6.226647623414472,7.554328812152829,-1684.2647208754,0.1283328886993331
INDI_red_337_cutoff_0.0.inp.out,396.23762137356226,-0.1448,0.2732,3.0997,0.0,-1325.1243220002,3.094009834424202,4.484027807117033,-1684.227536136,0.1589842628000042
INDI_red_338_cutoff_0.0.inp.out,395.1180806238648,-0.126,0.2889,2.9925,0.0,-1325.1592787997,5.591072720019952,4.339504534471463,-1684.2683283709,0.1443968744997619
INDI_red_339_cutoff_0.0.inp.out,393.7542145706389,-0.0942,0.3119,3.6621,0.0,-1325.2486685228,0.460508930547759,5.756441976322572,-1684.3532394,0.1088093593998564
INDI_red_33_cutoff_0.0.inp.out,394.3649288774541,-0.0977,0.3018,3.7966,0.0,-1324.85783661,-6.154316694598489,-2.371375129262026,-1683.9476923332,0.1105185641999924
INDI_red_340_cutoff_0.0.inp.out,399.2532569573241,-0.1244,0.294,3.3598,0.0,-1324.6606212282,-0.3908808134759933,1.517827955852839,-1683.7475525951,0.133358779300579
INDI_red_341_cutoff_0.0.inp.out,399.51580535679,-0.1325,0.2839,2.85,0.0,-1324.6767871093,0.9106366078081916,-1.0465767120655902,-1683.7733819021,0.1433842359001573
INDI_red_342_cutoff_0.0.inp.out,397.89216261425463,-0.1102,0.3059,3.7776,0.0,-1324.4998792908,0.3395807718434506,-0.7005441067144103,-1683.5970675705,0.1258299753999381
INDI_red_343_cutoff_0.0.inp.out,395.4024049860774,-0.1257,0.3021,3.1886,0.0,-1324.7716877933,6.7777036381691325,8.97851585383222,-1683.8857306559,0.131462994299909
INDI_red_344_cutoff_0.0.inp.out,396.6943119126266,-0.1057,0.3104,3.8068,0.0,-1325.0934060873,-5.467266951650542,-2.658251734785517,-1684.1998203111,0.112727600200742
INDI_red_345_cutoff_0.0.inp.out,400.06414124794713,-0.1447,0.2844,3.3118,0.0,-1325.1860463147,-5.009918542955559,-2.5143479097891315,-1684.2911937404,0.152567437899961
INDI_red_346_cutoff_0.0.inp.out,397.87553027342943,-0.1542,0.297,2.744,0.0,-1325.1129443323,-2.958841810776177,-5.5379873801860136,-1684.2219719109,0.1529575698004919
INDI_red_347_cutoff_0.0.inp.out,395.7410377974249,-0.1348,0.2774,1.797,0.0,-1325.2055465206,-0.3594786586206803,-1.906710934724059,-1684.2925567764,0.1464399424994553
INDI_red_348_cutoff_0.0.inp.out,395.8356728662324,-0.1142,0.2982,3.3773,0.0,-1324.9471874637,3.6269074381013104,7.181704929773481,-1684.0370501872,0.1315494106993355
INDI_red_349_cutoff_0.0.inp.out,396.9712628650441,-0.131,0.2942,2.7834,0.0,-1324.992474754,1.9918971282175264,2.1268252662890688,-1684.0911478585,0.1436444291002772
INDI_red_34_cutoff_0.0.inp.out,398.5380454398906,-0.1047,0.3122,3.647,0.0,-1324.651596197,-1.5250287337039894,1.6003217742598437,-1683.7652792038,0.1183778033000635
INDI_red_350_cutoff_0.0.inp.out,395.3599500633678,-0.1068,0.3131,4.0168,0.0,-1325.0368536759,-7.245638362275226,-0.5750004644808796,-1684.1445059175,0.1175869010003225
INDI_red_351_cutoff_0.0.inp.out,399.210831143232,-0.1207,0.3088,3.1366,0.0,-1325.1651381416,-1.0043108821338171,1.185355593048982,-1684.2655820019,0.1311437455005943
INDI_red_352_cutoff_0.0.inp.out,395.1704739388436,-0.1239,0.2915,3.745,0.0,-1324.647426713,-3.9042981573170183,-3.896584901115501,-1683.7441123879,0.1364909812000405
INDI_red_353_cutoff_0.0.inp.out,399.1305542765549,-0.1034,0.306,2.8805,0.0,-1325.0417655173,-1.708323915534394,-1.1207433865245446,-1684.1426752875,0.1181310154997845
INDI_red_354_cutoff_0.0.inp.out,396.967428937579,-0.138,0.3123,3.2035,0.0,-1325.1517073314,-7.1364397706948,-3.650171801048673,-1684.2665539743,0.1459072500001639
INDI_red_355_cutoff_0.0.inp.out,398.0031600271461,-0.1178,0.3067,2.8451,0.0,-1324.8720444408,0.5115288881680655,-0.6656549992201537,-1683.9711787556,0.1276210738997178
INDI_red_356_cutoff_0.0.inp.out,397.4746245704686,-0.1194,0.2819,3.3614,0.0,-1325.4395919335,-1.329497189006108,-1.9017974819552403,-1684.5319668131,0.1393858871006159
INDI_red_357_cutoff_0.0.inp.out,393.8597000876873,-0.1163,0.2883,2.8662,0.0,-1325.0774674178,3.0840205437768344,1.136351859640187,-1684.1684169899,0.1364893763993677
INDI_red_358_cutoff_0.0.inp.out,400.664231599216,-0.1231,0.3136,3.2455,0.0,-1325.304056901,-0.2522710188229031,1.6748147532470106,-1684.4042922696,0.1391433954995591
INDI_red_359_cutoff_0.0.inp.out,397.58557988855216,-0.109,0.3055,3.1028,0.0,-1325.2774161713,-3.3271324483895666,-2.272622699106108,-1684.3845252642,0.1245264101999055
INDI_red_35_cutoff_0.0.inp.out,398.8205526689832,-0.1206,0.3028,4.0378,0.0,-1324.9712084437,-5.775714572218107,0.3266580354657672,-1684.0758051674,0.1298292028004652
INDI_red_360_cutoff_0.0.inp.out,396.1032001054148,-0.1175,0.2939,4.123,0.0,-1325.2960336422,0.9848666583540692,3.206827644217569,-1684.3945744909,0.1309211430998402
INDI_red_361_cutoff_0.0.inp.out,398.08365114706993,-0.1262,0.2945,3.4787,0.0,-1325.623897054,-0.6822602210119065,-2.868790219211678,-1684.7244632864,0.1354961860997718
INDI_red_362_cutoff_0.0.inp.out,397.1486594549717,-0.12,0.2933,3.8689,0.0,-1325.365860868,-5.980151414056324,-5.274118005896913,-1684.4662349378,0.1336021752995293
INDI_red_363_cutoff_0.0.inp.out,396.3517693147499,-0.1416,0.2805,3.5857,0.0,-1325.6681612078,-0.0352481165644682,-0.5791220209360058,-1684.7791853128,0.1531699823999588
INDI_red_364_cutoff_0.0.inp.out,396.42742820915333,-0.1276,0.3045,3.3549,0.0,-1325.3228888308,2.33147659666708,2.734172067858641,-1684.4382466361,0.1393010695001066
INDI_red_365_cutoff_0.0.inp.out,400.6886103653864,-0.0969,0.3138,4.3653,0.0,-1325.5794821641,2.287045729224072,3.2769401616091725,-1684.6827592098,0.1110102870998162
INDI_red_366_cutoff_0.0.inp.out,398.801493241993,-0.0987,0.327,4.4094,0.0,-1325.0153241972,-2.0907161195208963,-1.852275235874921,-1684.1081189459,0.1088506995001807
INDI_red_367_cutoff_0.0.inp.out,394.8272195929886,-0.1041,0.305,3.9431,0.0,-1325.2838990673,-8.008656105024784,-10.411614502049234,-1684.3689894215,0.1161967535999792
INDI_red_368_cutoff_0.0.inp.out,395.33706780078006,-0.1397,0.2735,3.3855,0.0,-1325.134210766,-6.076771070291027,-6.005294184522974,-1684.2380436438,0.1499203445000603
INDI_red_369_cutoff_0.0.inp.out,398.1885957848392,-0.1059,0.3055,4.5335,0.0,-1325.4847580845,-3.3682666650099704,1.9756830923096775,-1684.5932684429,0.1168276516000332
INDI_red_36_cutoff_0.0.inp.out,394.5689987259158,-0.1091,0.2878,3.8645,0.0,-1324.6962924952,-0.1294955586395914,-0.3409335170269603,-1683.7930377241,0.1243019767998703
INDI_red_370_cutoff_0.0.inp.out,397.5214383970015,-0.1227,0.2781,3.9209,0.0,-1325.0701440862,-0.0229994585690271,-0.516784905606729,-1684.1684752504,0.1334798425996268
INDI_red_371_cutoff_0.0.inp.out,393.1009034126058,-0.1088,0.289,4.0918,0.0,-1325.1561597628,4.619719425435955,5.212451689217263,-1684.2524571155,0.1230171883998991
INDI_red_372_cutoff_0.0.inp.out,392.4624024278086,-0.119,0.298,3.5945,0.0,-1325.2177311184,4.7212923580724455,4.77841629771319,-1684.3237676041,0.1342620303003059
INDI_red_373_cutoff_0.0.inp.out,400.1570220937651,-0.1235,0.2865,3.4374,0.0,-1325.3820954836,0.6452332391357254,3.1386594246858075,-1684.4906256474,0.1381716405003317
INDI_red_374_cutoff_0.0.inp.out,401.6623809264316,-0.1338,0.2944,3.5465,0.0,-1325.2259087472,0.512472535347597,1.3532746378040124,-1684.3345667382,0.1424651195002297
INDI_red_375_cutoff_0.0.inp.out,395.1697014160179,-0.1327,0.2931,3.9669,0.0,-1324.961009488,-3.563044775116135,-1.864549618816724,-1684.0697620302,0.1458472502999939
INDI_red_376_cutoff_0.0.inp.out,392.5819709323542,-0.1332,0.2769,3.0466,0.0,-1325.369807604,0.9693927907978982,2.9757943446390573,-1684.4684702533,0.1453074273995298
INDI_red_377_cutoff_0.0.inp.out,400.2835616061753,-0.1191,0.2981,3.8953,0.0,-1325.2095257495,-5.780560482121458,-2.56771316424368,-1684.3222836996,0.1363174745993092
INDI_red_378_cutoff_0.0.inp.out,396.7594390344933,-0.1197,0.2908,4.7249,0.0,-1324.901194388,-8.619820220203838,-3.9614509900284567,-1683.9969158066,0.1330161216992564
INDI_red_379_cutoff_0.0.inp.out,396.7551417741985,-0.1089,0.2836,3.8224,0.0,-1325.4741871695,-0.3017999188134062,1.142756545097843,-1684.5652807872,0.1262787758996637
INDI_red_37_cutoff_0.0.inp.out,399.606192988038,-0.1221,0.3039,3.4145,0.0,-1325.2555981613,-1.5537449295119252,-2.181598652903469,-1684.37887686,0.1325585958993542
INDI_red_380_cutoff_0.0.inp.out,395.7452983676412,-0.1383,0.2918,3.2784,0.0,-1325.2393685757,-0.8130657316316555,4.180449797353633,-1684.3530304172,0.1423992513000485
INDI_red_381_cutoff_0.0.inp.out,393.2313973236992,-0.1351,0.297,2.8509,0.0,-1325.0917637862,2.7929877932309,2.685093435043778,-1684.2010380871,0.1515103300998816
INDI_red_382_cutoff_0.0.inp.out,396.6177507256303,-0.122,0.2753,3.8369,0.0,-1324.8543931279,-2.362041278437098,0.6593546880345293,-1683.9438240217,0.1418510917992534
INDI_red_383_cutoff_0.0.inp.out,397.9953580478018,-0.1261,0.295,3.1566,0.0,-1325.0128729408,10.666495220420495,12.280278447057691,-1684.1150914302,0.1360503133000747
INDI_red_384_cutoff_0.0.inp.out,397.77298311225894,-0.1208,0.3125,3.3938,0.0,-1325.1438291492,12.660985311355022,14.57561875120873,-1684.2632955341,0.1256685404005111
INDI_red_385_cutoff_0.0.inp.out,395.4043237263826,-0.1093,0.2996,2.5984,0.0,-1324.7444445291,1.3707129263458218,1.5126082549259643,-1683.8324386048,0.1241637257999173
INDI_red_386_cutoff_0.0.inp.out,399.314680741498,-0.1201,0.3049,3.5882,0.0,-1325.3024860393,4.333523029420942,8.895068925498064,-1684.4127706865,0.1276207315004285
INDI_red_387_cutoff_0.0.inp.out,395.3563782453338,-0.1296,0.289,2.5347,0.0,-1325.2440054487,2.487564405917181,5.30284649290692,-1684.3418013559,0.1426038719000644
INDI_red_388_cutoff_0.0.inp.out,396.87615608448056,-0.1234,0.2877,3.3296,0.0,-1325.0902728214,1.4278163975010794,5.875869853605213,-1684.1783256058,0.1432961628997873
INDI_red_389_cutoff_0.0.inp.out,394.6013770622672,-0.1436,0.269,3.0481,0.0,-1325.4035075863,6.47109310241914,6.833660305171358,-1684.5072728992,0.1560805928002082
INDI_red_38_cutoff_0.0.inp.out,396.9902579985604,-0.1496,0.2764,3.1146,0.0,-1325.1263688748,-0.2337193720196054,-3.616939646151591,-1684.235736623,0.1581753424006819
INDI_red_390_cutoff_0.0.inp.out,396.2671617762653,-0.1531,0.2634,3.1026,0.0,-1325.0888513647,13.556093548025435,11.681905007000134,-1684.1907930771,0.1564898175993221
INDI_red_391_cutoff_0.0.inp.out,395.96763562730615,-0.1357,0.27,3.3182,0.0,-1324.9840568265,3.158970500501194,4.248931364086667,-1684.0846367481,0.1555771951007045
INDI_red_392_cutoff_0.0.inp.out,395.55834938880935,-0.1491,0.2752,3.6887,0.0,-1324.7588145288,2.425263891881646,2.0256424772722177,-1683.8675854142,0.1561410900994815
INDI_red_393_cutoff_0.0.inp.out,395.1350359896047,-0.1051,0.2933,3.6569,0.0,-1325.4253912224,-1.4619809412537592,1.7192300871482424,-1684.5093394376,0.1183563381000567
INDI_red_394_cutoff_0.0.inp.out,392.54717847868466,-0.1301,0.2703,3.4336,0.0,-1325.1206775969,-2.0600923064361605,-3.0603439734320386,-1684.2095282491,0.1466724993006209
INDI_red_395_cutoff_0.0.inp.out,400.475373435924,-0.1231,0.3035,4.1686,0.0,-1324.9063322592,-3.052701596470717,-1.463170981868836,-1684.0125201253,0.1271398044000307
INDI_red_396_cutoff_0.0.inp.out,397.8214357314006,-0.122,0.2964,3.844,0.0,-1325.166324313,-6.593854868228754,-0.8079390243858566,-1684.2763106215,0.1378706739005792
INDI_red_397_cutoff_0.0.inp.out,392.9687831628084,-0.1122,0.2936,4.1832,0.0,-1325.0515242038,-11.07329851313034,-5.274996771664484,-1684.1545361906,0.12886023630017
INDI_red_398_cutoff_0.0.inp.out,394.24524750334547,-0.1166,0.3025,3.049,0.0,-1324.7204100278,0.7749347167947602,1.189942602941506,-1683.8242331302,0.1285447017999104
INDI_red_399_cutoff_0.0.inp.out,397.5907611091747,-0.1137,0.2998,3.2626,0.0,-1324.9703303984,2.635332694260548,1.837156910246071,-1684.0711524476,0.130240472600235
INDI_red_39_cutoff_0.0.inp.out,397.8178021467372,-0.1027,0.2988,3.8625,0.0,-1324.9124377225,-7.994918193096733,-6.33689257564945,-1684.0173354908,0.1210047156992004
INDI_red_3_cutoff_0.0.inp.out,400.6675137123474,-0.1003,0.3181,2.9413,0.0,-1325.0682360042,4.024014385700973,3.2122150103042912,-1684.1629205381,0.1104805494996981
INDI_red_400_cutoff_0.0.inp.out,395.3599500633678,-0.1068,0.3131,4.0168,0.0,-1325.0368807075,-7.245688976787425,-0.5750379504315064,-1684.1445330131,0.1175864336000813
INDI_red_401_cutoff_0.0.inp.out,399.2828819724119,-0.1161,0.3139,3.4466,0.0,-1325.1125997581,-0.6781515903307824,1.7319197466899938,-1684.2198035958,0.1273312805997193
INDI_red_402_cutoff_0.0.inp.out,394.6275482892249,-0.1127,0.2974,4.0449,0.0,-1324.8022324777,-8.10590941298938,-7.706410608920263,-1683.8888513766,0.124643718399966
INDI_red_403_cutoff_0.0.inp.out,397.69992172634903,-0.1096,0.3094,3.4657,0.0,-1325.0713036982,-4.736271431940795,-2.641876978844043,-1684.1781091872,0.1209855349006829
INDI_red_404_cutoff_0.0.inp.out,396.87655589004424,-0.1177,0.3172,3.3015,0.0,-1324.9192704239,-3.8659389586972632,0.410612958245333,-1684.0460246877,0.1242391249998036
INDI_red_405_cutoff_0.0.inp.out,397.6809788090508,-0.1119,0.2913,3.7962,0.0,-1325.0115361451,-5.100383835169317,-2.034026915091244,-1684.1147014831,0.1278357772998788
INDI_red_406_cutoff_0.0.inp.out,395.0884131892687,-0.1226,0.2924,3.5895,0.0,-1325.0708816288,-2.219689947916924,-5.720687619547928,-1684.1735406262,0.134954817700418
INDI_red_407_cutoff_0.0.inp.out,391.45122394840394,-0.1093,0.2971,3.3993,0.0,-1325.1507630255,0.2807825177943593,-1.3436491414286422,-1684.2521533722,0.1288016173994037
INDI_red_408_cutoff_0.0.inp.out,401.129800009916,-0.1229,0.2954,3.2448,0.0,-1325.4044391457,-2.323333911957439,-1.848221614601968,-1684.5198472791,0.1405369108006198
INDI_red_409_cutoff_0.0.inp.out,396.9555344107449,-0.1302,0.2906,3.257,0.0,-1325.0737110344,-2.2308474802180775,-2.2565680604834166,-1684.1735021999,0.1464742635998845
INDI_red_40_cutoff_0.0.inp.out,392.7664291866393,-0.1229,0.2859,3.7789,0.0,-1324.9666949704,-0.9960372267160916,-3.1008668858598463,-1684.0706884326,0.1392886871999508
INDI_red_410_cutoff_0.0.inp.out,396.94329420023706,-0.1308,0.2859,3.949,0.0,-1325.0872384268,-7.251963268804474,-5.666043662374401,-1684.1925233647,0.152264878999631
INDI_red_411_cutoff_0.0.inp.out,394.7994600105126,-0.1137,0.2896,3.4792,0.0,-1325.1028152076,-9.325216397936744,-10.52868509572816,-1684.2135447614,0.1327335184996627
INDI_red_412_cutoff_0.0.inp.out,401.8449682810928,-0.1204,0.3072,3.6017,0.0,-1324.9820556323,-6.036618134568336,-4.520105560134198,-1684.0974482011,0.1379057594003825
INDI_red_413_cutoff_0.0.inp.out,396.7043732865714,-0.1016,0.3121,3.3269,0.0,-1325.233206703,-2.679352062034915,-2.6562551631721214,-1684.3427534316,0.1213376649993733
INDI_red_414_cutoff_0.0.inp.out,394.7803767937344,-0.1083,0.2954,2.7918,0.0,-1324.9498643119,-0.5755842154249922,-1.660519321374822,-1684.0484389332,0.1221968753006876
INDI_red_415_cutoff_0.0.inp.out,399.8449020002332,-0.1377,0.2964,3.3108,0.0,-1325.012401621,2.238657133381026,1.546694510140494,-1684.1347823437,0.1466015276000689
INDI_red_416_cutoff_0.0.inp.out,398.2088959823547,-0.1158,0.3094,4.3335,0.0,-1325.0824145399,-8.751537965985511,-7.553947964169533,-1684.1981890398,0.1279536629008362
INDI_red_417_cutoff_0.0.inp.out,400.5875880214964,-0.1387,0.2838,3.2613,0.0,-1325.4281607142,-4.153285425614553,-10.295108424233732,-1684.5480354462,0.1438880404002702
INDI_red_418_cutoff_0.0.inp.out,393.2589919514267,-0.1385,0.2835,3.208,0.0,-1325.7869330698,-6.768763014536289,-9.358292576078345,-1684.9066449936,0.1436692972001765
INDI_red_419_cutoff_0.0.inp.out,394.7952613507751,-0.1281,0.286,4.4971,0.0,-1325.3049776252,-8.861322556141848,-11.491806836180924,-1684.4227022438,0.1383930818001317
INDI_red_41_cutoff_0.0.inp.out,399.310063218143,-0.1195,0.2812,4.5717,0.0,-1325.3271620137,-9.480591555083311,1.2957691683006507,-1684.4471651492,0.133193501000278
INDI_red_420_cutoff_0.0.inp.out,401.8638205226656,-0.1149,0.3057,4.2924,0.0,-1325.2161475846,-12.542757109305942,-11.637810819245102,-1684.3402821292,0.1226657004999651
INDI_red_421_cutoff_0.0.inp.out,394.4874922686191,-0.1456,0.2701,4.0849,0.0,-1325.6521695511,-16.89683229435847,-11.75552254466476,-1684.7757092642,0.1511716137993062
INDI_red_422_cutoff_0.0.inp.out,396.7249370307229,-0.1157,0.2972,3.9279,0.0,-1324.9376325913,-18.59589168313852,-20.47427276823075,-1684.0524463473,0.1263874887999918
INDI_red_423_cutoff_0.0.inp.out,400.1215604803412,-0.1418,0.277,4.1556,0.0,-1325.0432938323,-8.631380501203036,-7.110644235768919,-1684.1695860147,0.1424918692000574
INDI_red_424_cutoff_0.0.inp.out,397.7802664771075,-0.1358,0.2784,4.2208,0.0,-1325.2462950723,-5.47122205191143,-8.482747910697356,-1684.3728280677,0.146725071599576
INDI_red_425_cutoff_0.0.inp.out,396.68996233826545,-0.1137,0.2902,3.7218,0.0,-1324.9330276656,-3.344604627748771,-7.218437063615096,-1684.0358796901,0.1293108922000101
INDI_red_426_cutoff_0.0.inp.out,395.75390762431994,-0.1273,0.2791,3.4745,0.0,-1325.4945047121,-12.163661476359389,-11.296839868503673,-1684.6027422176,0.1421129258005748
INDI_red_427_cutoff_0.0.inp.out,401.7686372987709,-0.1273,0.2977,4.1387,0.0,-1324.8875906968,-16.87143062070237,-9.03469089798063,-1684.0019520543,0.139746764800293
INDI_red_428_cutoff_0.0.inp.out,396.1880589578335,-0.1152,0.2963,3.9223,0.0,-1325.0377323379,-11.76348306387972,-10.823879856792306,-1684.1433846647,0.1308561938994898
INDI_red_429_cutoff_0.0.inp.out,397.1417443175488,-0.1366,0.281,4.1659,0.0,-1324.9733945635,-7.456624257816754,-4.326488290669012,-1684.0986761715,0.1409440277002431
INDI_red_42_cutoff_0.0.inp.out,397.32981928828906,-0.101,0.316,3.61,0.0,-1325.5944561706,-12.850666111449996,-11.394515476656652,-1684.7061524288,0.1158315308002784
INDI_red_430_cutoff_0.0.inp.out,398.19937190912736,-0.125,0.2964,4.4613,0.0,-1325.1517702942,-4.877899853121712,-0.8711096260629342,-1684.2766872486,0.1319153264994383
INDI_red_431_cutoff_0.0.inp.out,396.31335205853287,-0.1054,0.2981,4.2714,0.0,-1325.0506750998,-7.731372150997698,-8.261476401134313,-1684.1644653061,0.1221150272003797
INDI_red_432_cutoff_0.0.inp.out,397.9719597955805,-0.1227,0.2957,2.9475,0.0,-1324.6563833017,-1.2435522425653671,-0.3645738270255231,-1683.7715903889,0.1328749989997959
INDI_red_433_cutoff_0.0.inp.out,399.2125590851786,-0.1234,0.2992,2.3949,0.0,-1324.4180623403,0.1679571993221742,0.4304611690600836,-1683.5283616293,0.1275209593004547
INDI_red_434_cutoff_0.0.inp.out,393.8571588224552,-0.1292,0.2973,2.9159,0.0,-1324.7744795759,-1.3321570180182565,-1.17409754274588,-1683.8868855646,0.1383762814002693
INDI_red_435_cutoff_0.0.inp.out,398.8901878113282,-0.1129,0.3034,2.5384,0.0,-1324.5369730545,-3.230139682227962,-5.412711549340255,-1683.6365033902,0.1312145389001671
INDI_red_436_cutoff_0.0.inp.out,395.9773255871062,-0.0913,0.318,3.6058,0.0,-1324.6331237321,-4.62933953230411,-3.650634089040961,-1683.74295533,0.110680405500716
INDI_red_437_cutoff_0.0.inp.out,396.95097711337905,-0.1222,0.2987,3.4396,0.0,-1324.3294990839,-5.5994252757470315,-9.99344041117265,-1683.4466128323,0.1344013601001279
INDI_red_438_cutoff_0.0.inp.out,400.1597494902312,-0.1191,0.3049,3.1183,0.0,-1324.5737318862,-2.787298881594142,-4.395881632283055,-1683.6914826295,0.1265807374002179
INDI_red_439_cutoff_0.0.inp.out,396.3706967394027,-0.1139,0.3131,3.1596,0.0,-1324.7249402902,-1.391566446512158,-2.0184164945822394,-1683.8370729457,0.1196872149994305
INDI_red_43_cutoff_0.0.inp.out,396.93165240814824,-0.1333,0.2803,4.3963,0.0,-1325.2517958351,-8.495966814267517,-7.505462682609681,-1684.3709721838,0.1371551205002106
INDI_red_440_cutoff_0.0.inp.out,396.95482327261254,-0.1127,0.3094,2.6896,0.0,-1324.4405861723,-1.8985185590012432,-4.5152499631851555,-1683.5570040046,0.1191191683992656
INDI_red_441_cutoff_0.0.inp.out,397.5042653051568,-0.1109,0.3032,3.2435,0.0,-1324.4264797658,-1.459937578776942,-4.973877947934843,-1683.5401296642,0.1243511696002315
INDI_red_442_cutoff_0.0.inp.out,396.4143095666701,-0.1234,0.2823,3.5033,0.0,-1324.6037068156,-6.3590099842101955,-4.4558712389583786,-1683.7047485896,0.1404618521000884
INDI_red_443_cutoff_0.0.inp.out,394.77745997503786,-0.1423,0.2847,3.0263,0.0,-1324.9270371367,-5.926231976951013,-5.376679781645733,-1684.0293790362,0.1469674941999983
INDI_red_444_cutoff_0.0.inp.out,392.68634967739064,-0.1151,0.2833,3.798,0.0,-1324.5072878514,-7.515177386383831,-4.891452817173066,-1683.6088693254,0.1328483063007297
INDI_red_445_cutoff_0.0.inp.out,399.38025253683816,-0.1191,0.2909,3.7461,0.0,-1325.0496172813,-6.181495115055993,-1.2783565928222125,-1684.1569188892,0.129243180600497
INDI_red_446_cutoff_0.0.inp.out,398.5118456039671,-0.1407,0.2903,3.3506,0.0,-1324.8482571715,-3.170564403714714,-1.813422935231321,-1683.9651125572,0.1494780481998532
INDI_red_447_cutoff_0.0.inp.out,395.7442588351681,-0.1523,0.2695,3.1115,0.0,-1325.0217397701,-2.8559311787441923,-2.1951846639885684,-1684.1294125948,0.1614375126000595
INDI_red_448_cutoff_0.0.inp.out,399.45690263241784,-0.1347,0.2856,3.5875,0.0,-1324.6537078434,0.6036950376210972,1.36782450501504,-1683.774936894,0.1386033158005375
INDI_red_449_cutoff_0.0.inp.out,397.50511882826777,-0.1201,0.2943,3.7995,0.0,-1324.3762709262,-10.435128304668238,-6.7414727946422595,-1683.5004887447,0.1348686576993714
INDI_red_44_cutoff_0.0.inp.out,395.2719615733609,-0.0965,0.3132,3.5573,0.0,-1325.5432534501,-4.280029544749459,-4.885763495909387,-1684.6531975559,0.1102917725002043
INDI_red_450_cutoff_0.0.inp.out,395.3599500633678,-0.1068,0.3131,4.0168,0.0,-1325.0367170027,-7.245660847674608,-0.5750179688376487,-1684.1443692704,0.1175868018999608
INDI_red_451_cutoff_0.0.inp.out,399.2121978973064,-0.1141,0.3164,3.3842,0.0,-1325.1651798014,0.1373853285181162,1.7854430220393658,-1684.2719622873,0.1257481532993551
INDI_red_452_cutoff_0.0.inp.out,396.091208649449,-0.1189,0.3024,4.1732,0.0,-1324.907927436,-7.593878460721847,-7.482527379768907,-1684.0065278963,0.1325713883998105
INDI_red_453_cutoff_0.0.inp.out,396.64576248248994,-0.1105,0.297,3.1287,0.0,-1325.3621503383,0.2372520337911487,-0.4541483027863083,-1684.4581890297,0.1265600712004015
INDI_red_454_cutoff_0.0.inp.out,397.1948796933219,-0.1379,0.2842,3.2146,0.0,-1325.2926552342,-2.0150392709235265,-3.792815386657124,-1684.4060992013,0.1473005746993294
INDI_red_455_cutoff_0.0.inp.out,395.94214757284703,-0.1313,0.2922,3.6588,0.0,-1325.2234197552,2.2665551484069684,-0.6240691686599082,-1684.3374551743,0.1392319152000709
INDI_red_456_cutoff_0.0.inp.out,394.8526091865714,-0.1254,0.2861,3.5156,0.0,-1325.1450268179,-6.854507568386269,-5.448778744237383,-1684.2437720558,0.1353480234993185
INDI_red_457_cutoff_0.0.inp.out,398.2986106906347,-0.1193,0.2962,3.9645,0.0,-1325.1309256757,-7.0852726099785315,-3.939615640975315,-1684.2468900514,0.1299971627004197
INDI_red_458_cutoff_0.0.inp.out,400.3973333827591,-0.1198,0.2975,4.1589,0.0,-1324.700039253,-6.577864960889249,-3.3410384483345936,-1683.8041912059,0.1261907347006854
INDI_red_459_cutoff_0.0.inp.out,398.2178560727409,-0.1092,0.2995,3.7106,0.0,-1324.9059167779,-1.492719901848976,-3.684401974093172,-1684.0023261865,0.1205587095000737
INDI_red_45_cutoff_0.0.inp.out,395.15605428592744,-0.1215,0.2892,4.1866,0.0,-1324.9399177631,-10.746686523312375,-10.348025357164277,-1684.0610397641,0.1370684465000522
INDI_red_460_cutoff_0.0.inp.out,395.30043412692623,-0.1444,0.2818,3.3963,0.0,-1325.3854744966,0.4454875402994297,-2.8162250133512488,-1684.4928436972,0.1553673358994274
INDI_red_461_cutoff_0.0.inp.out,400.2691301572937,-0.132,0.288,3.2463,0.0,-1325.0487294218,0.3521754315496733,-1.072326960732264,-1684.1508756686,0.1419623916999626
INDI_red_462_cutoff_0.0.inp.out,398.4031593950808,-0.1341,0.3024,3.0238,0.0,-1324.9431884341,1.1081237907122774,3.444355921753861,-1684.0582495277,0.1421031564996155
INDI_red_463_cutoff_0.0.inp.out,396.375067775673,-0.1122,0.2898,3.5076,0.0,-1325.2148425875,3.6046219018485273,4.370713829815925,-1684.3010414678,0.1243788409001354
INDI_red_464_cutoff_0.0.inp.out,394.0570734359811,-0.1057,0.301,2.6274,0.0,-1324.9321616148,5.613084020316681,5.497624812253617,-1684.0120032019,0.1235647898001843
INDI_red_465_cutoff_0.0.inp.out,397.5979835627777,-0.1138,0.3098,4.0396,0.0,-1325.2757666341,-5.450352048028594,-2.097785163541863,-1684.3879536452,0.122776963700744
INDI_red_466_cutoff_0.0.inp.out,398.6020475674203,-0.143,0.2775,2.9212,0.0,-1325.0394134973,-1.3725642222921095,0.065634828867107,-1684.1355114536,0.1500859085999764
INDI_red_467_cutoff_0.0.inp.out,397.9401712632812,-0.1181,0.3031,3.6021,0.0,-1325.0766384448,2.050664601200267,0.8172155601216704,-1684.1629250981,0.1274967566996565
INDI_red_468_cutoff_0.0.inp.out,396.6729236519763,-0.1138,0.2904,4.1327,0.0,-1325.3656484383,-6.982078117211695,-9.17771463369233,-1684.4527616912,0.1309979456000292
INDI_red_469_cutoff_0.0.inp.out,400.3694741937753,-0.1306,0.2866,3.6042,0.0,-1324.8256503817,3.038100898568908,2.762318399224369,-1683.9223494767,0.139858325300338
INDI_red_46_cutoff_0.0.inp.out,401.0672372403581,-0.1217,0.3203,3.7509,0.0,-1325.3963832983,-5.128760278730915,-2.64647969447949,-1684.5281952326,0.1338415599002473
INDI_red_470_cutoff_0.0.inp.out,394.5610713610516,-0.1214,0.2785,3.761,0.0,-1325.0094787143,-1.5658687662508823,2.9279462404771803,-1684.1087093938,0.1354762216997187
INDI_red_471_cutoff_0.0.inp.out,394.06904498288173,-0.1167,0.2908,2.7178,0.0,-1325.3879211515,1.0877267854887425,1.9600943888309987,-1684.4709001098,0.13478788159955
INDI_red_472_cutoff_0.0.inp.out,400.88813023531475,-0.1359,0.2777,3.44,0.0,-1324.9493736116,-0.4819003326064909,-1.6018370230327346,-1684.0410549131,0.1528903601001729
INDI_red_473_cutoff_0.0.inp.out,395.0625710572641,-0.133,0.2901,3.2316,0.0,-1325.0116604114,1.8946878168588583,-1.0253118080646193,-1684.1054075709,0.1494943705993137
INDI_red_474_cutoff_0.0.inp.out,399.8958759583723,-0.1191,0.3016,3.8126,0.0,-1325.1747364823,-2.7719846001408848,-1.460937877038413,-1684.2847624379,0.1355685814996832
INDI_red_475_cutoff_0.0.inp.out,395.31275669662034,-0.1129,0.3016,3.8325,0.0,-1324.5629663364,-0.0445141288852011,3.0842556596182793,-1683.6716762493,0.1310320948996377
INDI_red_476_cutoff_0.0.inp.out,396.72578497157144,-0.1199,0.2923,3.7605,0.0,-1324.9686683578,2.311241900585587,1.506649121353472,-1684.0704715706,0.1326096018992757
INDI_red_477_cutoff_0.0.inp.out,399.50541326870064,-0.1211,0.3033,3.2534,0.0,-1324.9006324348,-0.975882008841031,-0.8012086058335689,-1684.0189838769,0.1297938552997948
INDI_red_478_cutoff_0.0.inp.out,395.2394174497111,-0.1137,0.3175,3.1591,0.0,-1324.8992139563,0.7019373779547681,0.8987781922212763,-1683.9954137979,0.1266016652998587
INDI_red_479_cutoff_0.0.inp.out,397.824327507726,-0.1089,0.2895,3.2376,0.0,-1325.1995870153,-2.381278912777081,-1.8296289415957148,-1684.3038402878,0.1245578583002497
INDI_red_47_cutoff_0.0.inp.out,397.70148396452805,-0.1213,0.3037,3.3305,0.0,-1325.1647674221,-6.225637596063899,-5.042135215520336,-1684.285436932,0.1296968339001978
INDI_red_480_cutoff_0.0.inp.out,390.78389309018377,-0.131,0.2767,3.1985,0.0,-1325.3532651329,-1.2384128267361638,0.5871462961358423,-1684.4354057544,0.146397409700512
INDI_red_481_cutoff_0.0.inp.out,397.2951858266187,-0.1162,0.2917,2.7169,0.0,-1325.1465139595,-2.314344747987243,-4.197602865375865,-1684.2379774815,0.1289909588003865
INDI_red_482_cutoff_0.0.inp.out,397.0047611395853,-0.1064,0.3081,2.7644,0.0,-1325.1234923276,2.839408654749465,0.5494107384245811,-1684.2191672802,0.1233800013005748
INDI_red_483_cutoff_0.0.inp.out,399.0474083747647,-0.1193,0.3098,3.8131,0.0,-1324.9668776186,-3.4364354284991094,-1.815882614655702,-1684.0888325756,0.1288377249002223
INDI_red_484_cutoff_0.0.inp.out,395.31498400573105,-0.1135,0.2922,3.1752,0.0,-1325.2431836425,2.948901445107272,1.891871642681856,-1684.3475143798,0.1331273176992908
INDI_red_485_cutoff_0.0.inp.out,398.2272619404275,-0.1386,0.2811,3.3534,0.0,-1325.1131552454,1.3286552807658885,0.9428296069127998,-1684.234300271,0.1493586970000251
INDI_red_486_cutoff_0.0.inp.out,397.1895080297413,-0.1342,0.3062,2.6504,0.0,-1324.9714961726,0.400626157827276,-0.2025636672121283,-1684.0813550261,0.1437312951002241
INDI_red_487_cutoff_0.0.inp.out,396.368026613553,-0.1161,0.2998,3.8191,0.0,-1325.0143163702,7.4724946435791475,2.9713835189449873,-1684.1149160722,0.128243068199481
INDI_red_488_cutoff_0.0.inp.out,396.94898600330487,-0.1316,0.2908,3.3968,0.0,-1324.9677813519,6.937954322765055,12.12018129025171,-1684.082685505,0.1408372140995197
INDI_red_489_cutoff_0.0.inp.out,394.8006074404057,-0.1299,0.2927,3.3403,0.0,-1325.102475957,5.716704873447973,9.664924020570458,-1684.208428969,0.1427047671995751
INDI_red_48_cutoff_0.0.inp.out,394.1606683297781,-0.129,0.2815,4.2572,0.0,-1325.2490379323,-4.049544223323697,0.3980644384834755,-1684.3675230981,0.1401817820005817
INDI_red_490_cutoff_0.0.inp.out,400.3835718540577,-0.1379,0.2812,3.1347,0.0,-1324.9691352625,1.5437622678604586,5.949764857809436,-1684.0736066944,0.144433836000644
INDI_red_491_cutoff_0.0.inp.out,395.00084736381626,-0.1298,0.3032,2.9282,0.0,-1325.0276197056,5.663457911672672,9.268358475026538,-1684.1385633803,0.1366764368003714
INDI_red_492_cutoff_0.0.inp.out,394.1521147035831,-0.1282,0.2898,3.0902,0.0,-1325.0064620529,5.359104434464582,11.343001810305536,-1684.1124192163,0.1361046105002969
INDI_red_493_cutoff_0.0.inp.out,399.6371776799692,-0.1387,0.2787,3.5453,0.0,-1325.3921989655,2.2782055967703476,3.8845861937085338,-1684.4984812343,0.1413654978996419
INDI_red_494_cutoff_0.0.inp.out,398.8752798056035,-0.1163,0.3236,3.3108,0.0,-1325.4411665135,8.723624884231967,13.984180578055424,-1684.539255098,0.1296888596998542
INDI_red_495_cutoff_0.0.inp.out,398.8569930490864,-0.14,0.2909,3.1125,0.0,-1325.1048672591,3.5541743770845384,6.470778242159266,-1684.2188251421,0.1401645861997167
INDI_red_496_cutoff_0.0.inp.out,393.4325408816489,-0.1017,0.2959,4.446,0.0,-1325.1883659525,5.062052038186062,14.111846714772817,-1684.2798525934,0.1179590305991951
INDI_red_497_cutoff_0.0.inp.out,394.6446581547645,-0.1213,0.2814,4.0969,0.0,-1325.0808856768,2.9249994622255473,5.455350743390776,-1684.183151117,0.1390991586995369
INDI_red_498_cutoff_0.0.inp.out,397.58575706076226,-0.1233,0.2895,3.0673,0.0,-1324.6623029992,5.351985330475055,5.925763594924935,-1683.7580808204,0.1405643598000097
INDI_red_499_cutoff_0.0.inp.out,399.10973764493536,-0.1377,0.2734,3.6104,0.0,-1324.8240920697,10.553626444692222,12.471729523580514,-1683.938090719,0.1506676100998447
INDI_red_49_cutoff_0.0.inp.out,397.3925122444494,-0.1314,0.2784,4.3606,0.0,-1325.5493974911,-9.527386359014873,-4.112378426988739,-1684.6622955927,0.1388631686004373
INDI_red_4_cutoff_0.0.inp.out,397.1973066039433,-0.1519,0.2832,3.0224,0.0,-1325.2615031632,0.3824618033035839,-0.4923948294823675,-1684.3809021632,0.1530325740995977
INDI_red_50_cutoff_0.0.inp.out,398.54926211051526,-0.1346,0.2822,3.6116,0.0,-1325.2752040294,3.850787024526964,3.784235629996823,-1684.3843590857,0.1418685409998943
INDI_red_51_cutoff_0.0.inp.out,399.71787428883863,-0.1246,0.3068,3.9494,0.0,-1325.4048489155,-2.563684647225824,3.736706442999772,-1684.5239346776,0.1289759359997333
INDI_red_52_cutoff_0.0.inp.out,395.52759923383496,-0.1363,0.2581,4.261,0.0,-1325.328153003,-3.1457262387106435,-0.2779710637658482,-1684.432638104,0.1454359598001247
INDI_red_53_cutoff_0.0.inp.out,395.3197056466388,-0.1108,0.2946,3.9885,0.0,-1325.1359645922,0.0903727645956011,-2.558557340059359,-1684.2433940324,0.1259903447999022
INDI_red_54_cutoff_0.0.inp.out,395.8845314059857,-0.1373,0.2823,3.1621,0.0,-1324.998844327,4.416157430363259,6.909295799229896,-1684.1092955924,0.1453474185000232
INDI_red_55_cutoff_0.0.inp.out,401.286526561666,-0.1445,0.2699,3.3735,0.0,-1324.7469698412,2.576517066616845,5.2040918074584726,-1683.84887792,0.1486412295998889
INDI_red_56_cutoff_0.0.inp.out,395.5617546936815,-0.1329,0.295,3.0916,0.0,-1324.7957697524,2.258964135960431,3.977135999320816,-1683.9017757348,0.1384839722995821
INDI_red_57_cutoff_0.0.inp.out,397.2119211224864,-0.1396,0.2778,3.8045,0.0,-1324.7094082278,1.762700542100674,2.5671948311454447,-1683.829323846,0.1462034113992558
INDI_red_58_cutoff_0.0.inp.out,399.560088117807,-0.1496,0.2685,3.3982,0.0,-1325.1940114308,3.679251607155683,3.0669583805446257,-1684.2924520828,0.1627599603998533
INDI_red_59_cutoff_0.0.inp.out,398.2081321906204,-0.1421,0.2962,3.4454,0.0,-1325.546680279,-0.5769192491545999,-2.1861017108831713,-1684.6664823669,0.1450232188999507
INDI_red_5_cutoff_0.0.inp.out,395.23244248829855,-0.134,0.282,3.29,0.0,-1325.2570061798,1.0375562078582563,-2.648913621091768,-1684.3641056944,0.1469609870991917
INDI_red_60_cutoff_0.0.inp.out,400.1435406131354,-0.1299,0.3015,3.208,0.0,-1325.181546342,3.116407566400666,4.2010817578955235,-1684.3056033642,0.1365857158007202
INDI_red_61_cutoff_0.0.inp.out,396.1400393280453,-0.134,0.2913,3.9228,0.0,-1324.8892004368,-0.1062247485636086,6.530730901796237,-1684.0123327015,0.1363475504995221
INDI_red_62_cutoff_0.0.inp.out,397.3430846293906,-0.1305,0.2949,3.5395,0.0,-1325.1201881413,7.394045414627939,8.859899422784935,-1684.2292014293,0.1358225682006377
INDI_red_63_cutoff_0.0.inp.out,400.0270515826089,-0.1206,0.2994,3.1262,0.0,-1324.8927536291,2.6604048065962553,5.1279817424053675,-1683.9978798561,0.1224755527000525
INDI_red_64_cutoff_0.0.inp.out,395.112695050912,-0.135,0.2883,2.4999,0.0,-1324.9699099605,5.115505735139655,4.262677890996016,-1684.0657504559,0.1451637009004116
INDI_red_65_cutoff_0.0.inp.out,399.06179046157456,-0.1114,0.3161,3.3195,0.0,-1325.2415593169,1.6341118471265432,2.812784900197686,-1684.350777955,0.1223144013001729
INDI_red_66_cutoff_0.0.inp.out,400.8702744427676,-0.1281,0.2906,2.633,0.0,-1325.1634242481,3.236325342598253,0.4919098018904178,-1684.2588365181,0.1336704241994084
INDI_red_67_cutoff_0.0.inp.out,394.831737592767,-0.1375,0.2935,2.485,0.0,-1325.2557415087,0.0816565931495951,0.1692729295474698,-1684.3541256572,0.1467188367996641
INDI_red_68_cutoff_0.0.inp.out,396.55756040466855,-0.104,0.3082,3.3045,0.0,-1325.0446271784,9.565066509220763,10.609287269235155,-1684.1525519705,0.1246107854994988
INDI_red_69_cutoff_0.0.inp.out,397.9683378575379,-0.1185,0.2983,3.4407,0.0,-1325.2063150923,-3.7212728592546234,-3.924413025396378,-1684.2872184324,0.1320720263001931
INDI_red_6_cutoff_0.0.inp.out,397.4270501861712,-0.114,0.2991,3.6334,0.0,-1325.5155057918,-1.994984857412771,1.5435856842878175,-1684.6290605524,0.1218309385003522
INDI_red_70_cutoff_0.0.inp.out,395.3599500633678,-0.1068,0.3131,4.0168,0.0,-1325.0368590614,-7.245753869958082,-0.5751547532974792,-1684.1445113009,0.1175862975997006
INDI_red_71_cutoff_0.0.inp.out,399.00316224925143,-0.1172,0.313,3.3996,0.0,-1325.1289367135,-1.5426821160783617,1.5996480582196024,-1684.2368797184,0.128536615199664
INDI_red_72_cutoff_0.0.inp.out,395.2703571846844,-0.1277,0.2891,3.7187,0.0,-1324.7176005718,-3.2145170424898333,-4.333657921800873,-1683.8152059279,0.1393999623996933
INDI_red_73_cutoff_0.0.inp.out,400.47064353669566,-0.1047,0.3194,3.2656,0.0,-1324.7785519209,0.1326570293415841,0.5547593153939913,-1683.8886487676,0.1160416522998275
INDI_red_74_cutoff_0.0.inp.out,395.57275642750307,-0.1274,0.2983,3.173,0.0,-1324.896715552,-4.768954647662995,-4.718013346036141,-1684.0068103688,0.136188806899554
INDI_red_75_cutoff_0.0.inp.out,395.64123764991245,-0.1254,0.2817,3.8743,0.0,-1324.8635324263,-3.491468618300055,-3.054505075753178,-1683.9589149439,0.1373211563995937
INDI_red_76_cutoff_0.0.inp.out,398.25491888268834,-0.1415,0.2807,3.1498,0.0,-1324.9445791531,-1.5433989076844583,-2.3290791791598724,-1684.047400955,0.1379817675997401
INDI_red_77_cutoff_0.0.inp.out,396.19644335249376,-0.1198,0.2889,3.8741,0.0,-1324.9877403764,-5.186939706652617,-6.218600858836177,-1684.094107214,0.1324807030005104
INDI_red_78_cutoff_0.0.inp.out,395.03307185590546,-0.1159,0.2909,3.0429,0.0,-1324.9245958771,3.489794915872377,3.044666306606973,-1684.0134577287,0.1326006521994713
INDI_red_79_cutoff_0.0.inp.out,395.8373166499724,-0.1258,0.2898,2.7898,0.0,-1324.9456554552,3.499794935633778,2.3774424580454445,-1684.0509358896,0.1331633672998577
INDI_red_7_cutoff_0.0.inp.out,396.7937535725619,-0.1234,0.2965,3.9674,0.0,-1325.4645701177,-3.610716477823885,-2.797224035690099,-1684.5848707713,0.1301302236006449
INDI_red_80_cutoff_0.0.inp.out,396.86800472521867,-0.113,0.3108,2.8904,0.0,-1324.9695199128,0.6209859883400848,2.3891791328688248,-1684.0847867257,0.1263203978005549
INDI_red_81_cutoff_0.0.inp.out,397.8643316206804,-0.1185,0.2889,3.1833,0.0,-1325.2115976597,2.1761511440887293,2.962840176602969,-1684.3054300633,0.1337079313998401
INDI_red_82_cutoff_0.0.inp.out,397.1191540223449,-0.1132,0.2961,3.3496,0.0,-1324.9524964882,3.568886588278989,1.5330777663424784,-1684.0541648735,0.1286640593998527
INDI_red_83_cutoff_0.0.inp.out,389.87003192571217,-0.0981,0.3046,3.6716,0.0,-1325.0109101622,6.240286889701641,7.078359964042576,-1684.0834711573,0.1179006135998861
INDI_red_84_cutoff_0.0.inp.out,397.70973012431585,-0.1315,0.2848,3.1636,0.0,-1324.9307497916,6.494139932537323,4.782839422103894,-1684.0266702998,0.1443703313998412
INDI_red_85_cutoff_0.0.inp.out,396.8647056526248,-0.1287,0.287,4.3076,0.0,-1324.7071898667,1.945577446999848,6.093917341285649,-1683.8042736138,0.1373935077999704
INDI_red_86_cutoff_0.0.inp.out,394.67633939116814,-0.1121,0.2975,3.4665,0.0,-1325.0713290527,-1.333048928162822,-0.7409284079716807,-1684.1685688115,0.1306143366000469
INDI_red_87_cutoff_0.0.inp.out,399.5322977295427,-0.1396,0.2861,3.6775,0.0,-1325.3407221529,-1.4520098902206016,0.2992570193348355,-1684.4536486241,0.1428450419998626
INDI_red_88_cutoff_0.0.inp.out,401.48327721276786,-0.13,0.2896,3.4045,0.0,-1325.3653207934,2.2466470930946523,3.5892593458195936,-1684.4557396746,0.138918165999712
INDI_red_89_cutoff_0.0.inp.out,395.7635608555084,-0.1431,0.2735,3.1225,0.0,-1325.2555758951,-3.7707669677535858,-2.8509092111260452,-1684.3680504431,0.1534865594994698
INDI_red_8_cutoff_0.0.inp.out,394.59981783078337,-0.0998,0.3183,2.9096,0.0,-1325.3836642752,-0.3457350335625738,0.0113364739227346,-1684.473119493,0.118079226300324
INDI_red_90_cutoff_0.0.inp.out,394.3349491653115,-0.1031,0.3137,3.9049,0.0,-1324.9376373576,-6.808805907642313,-4.274601609794817,-1684.0431951349,0.121003104400188
INDI_red_91_cutoff_0.0.inp.out,395.43220750794467,-0.1141,0.2942,3.1818,0.0,-1325.3764780122,-11.090777651197184,-11.255679331704991,-1684.4651864377,0.1347984850999637
INDI_red_92_cutoff_0.0.inp.out,401.4371184535632,-0.1237,0.3132,3.2628,0.0,-1325.2619803772,-6.22145993196345,-5.956364542526817,-1684.3719506141,0.1344532585999331
INDI_red_93_cutoff_0.0.inp.out,396.91039127414984,-0.1439,0.2855,3.317,0.0,-1325.2717729079,-7.868145215715633,-10.272334654185928,-1684.3895666408,0.1519590445996073
INDI_red_94_cutoff_0.0.inp.out,396.9904371827722,-0.1199,0.2973,3.6515,0.0,-1325.1504749776,-6.145576509917905,-11.38487563158122,-1684.2629701668,0.1313484134998361
INDI_red_95_cutoff_0.0.inp.out,396.604989838133,-0.1325,0.2884,3.0877,0.0,-1325.1743641326,-7.480089916103694,-10.570522703679174,-1684.2896694022,0.1359055743996577
INDI_red_96_cutoff_0.0.inp.out,398.7235661033813,-0.1324,0.2964,2.9153,0.0,-1324.9783166406,-3.004612776481092,-5.725587134446908,-1684.0924714275,0.1403446464000808
INDI_red_97_cutoff_0.0.inp.out,398.5105001926802,-0.1281,0.2858,3.2035,0.0,-1325.2417098524,-5.475023987886111,-6.611552676942306,-1684.3485002036,0.1335824166999373
INDI_red_98_cutoff_0.0.inp.out,393.4727422270081,-0.1455,0.2762,3.6101,0.0,-1325.0763398404,-1.644030245272992,-11.43364859964798,-1684.1847441191,0.1550206489000629
INDI_red_99_cutoff_0.0.inp.out,398.3057355604853,-0.0981,0.3063,3.9904,0.0,-1324.7939591403,9.336639108383537,0.2368012742830922,-1683.8794433381,0.1117892893998941
INDI_red_9_cutoff_0.0.inp.out,397.6197955239403,-0.1392,0.2922,2.7655,0.0,-1325.5300970058,-1.406791301327447,-2.578685148582808,-1684.6427335329,0.1433233611996911
