file_name,NRE,HOMO,LUMO,Dipole_mom,Num_waters,chg_chg,elec5,elec10,delE_hf,delE_dft
INDI_red_0_cutoff_0.0.inp.out,395.3599500633678,-0.1112,0.1945,5.1595,0.0,-1325.0367746261,-9.800404380501002,-0.8418082069969633,-1686.5038600863,0.11484138890000395
INDI_red_100_cutoff_0.0.inp.out,395.06297218318804,-0.1340,0.1884,3.9612,0.0,-1325.0774610231,15.622924473214173,13.956621124156527,-1686.5212058625,0.13904051510007776
INDI_red_101_cutoff_0.0.inp.out,398.17367227478604,-0.1189,0.1868,3.4899,0.0,-1325.1735336059,32.77152091775182,33.179327492776096,-1686.629576997,0.12686112560004403
INDI_red_102_cutoff_0.0.inp.out,398.5394147521698,-0.1500,0.1754,4.4338,0.0,-1325.0821778234,18.172103321131065,17.913815125615724,-1686.5487273463,0.15471007010000903
INDI_red_103_cutoff_0.0.inp.out,397.07936789292864,-0.1367,0.1903,3.6451,0.0,-1325.1219980897,11.525931764150165,6.972305427583245,-1686.5873460207,0.14070156210004825
INDI_red_104_cutoff_0.0.inp.out,399.974492254102,-0.1216,0.1879,4.9282,0.0,-1325.0057276145,10.441170530107545,16.485355892889533,-1686.4727811213,0.1264622370001689
INDI_red_105_cutoff_0.0.inp.out,396.41134792160983,-0.1408,0.1824,3.9380,0.0,-1324.6907594448,11.277010449415743,12.870021880079705,-1686.1612098038,0.14472654769997462
INDI_red_106_cutoff_0.0.inp.out,400.2203878196785,-0.1300,0.1826,4.3115,0.0,-1324.8815657529,12.125589011195265,12.470524069567333,-1686.3524658392,0.13567876670003898
INDI_red_107_cutoff_0.0.inp.out,396.571678752676,-0.1087,0.1959,5.5073,0.0,-1324.6099075838,13.22148492970747,36.68541639600943,-1686.0833567529,0.11359989190009401
INDI_red_108_cutoff_0.0.inp.out,394.58587765405065,-0.1139,0.1871,4.9456,0.0,-1324.8137977500,15.073326072187557,26.40558586284465,-1686.2727886753,0.11837619760012785
INDI_red_109_cutoff_0.0.inp.out,397.81181058785614,-0.1287,0.1896,4.0816,0.0,-1324.9562247473,17.47174903178149,37.9496023746669,-1686.4241988759,0.1334239592999893
INDI_red_10_cutoff_0.0.inp.out,396.22673938937226,-0.1205,0.1906,4.2256,0.0,-1325.5631965012,7.922229153738948,2.486736547441681,-1687.001363856,0.12789800929999728
INDI_red_110_cutoff_0.0.inp.out,399.1604582808021,-0.1486,0.1731,2.9436,0.0,-1324.8060265458,14.804541453266033,18.281312370820455,-1686.2772301359,0.1524641337000503
INDI_red_111_cutoff_0.0.inp.out,395.90042723405605,-0.1134,0.2090,4.4574,0.0,-1325.1634375381,23.322394469349202,23.14686614500217,-1686.6319318508,0.11958489040011955
INDI_red_112_cutoff_0.0.inp.out,397.00389353367274,-0.1488,0.1900,5.0796,0.0,-1324.7115518817,30.50227764164705,39.510077684148115,-1686.1932690382,0.1526420896000218
INDI_red_113_cutoff_0.0.inp.out,397.09647091001534,-0.1150,0.2072,3.3798,0.0,-1325.1199688017,24.897171378985675,28.529974328883,-1686.5886614657,0.12053803689991582
INDI_red_114_cutoff_0.0.inp.out,397.04322334671616,-0.0938,0.2184,4.3714,0.0,-1324.8143828756,19.426813419664533,38.613269235909534,-1686.2837079502,0.10124003410010118
INDI_red_115_cutoff_0.0.inp.out,395.7237709068316,-0.1119,0.2165,4.1075,0.0,-1324.7655016292,5.787405134380884,18.47363645657774,-1686.2152795105,0.11610285109986762
INDI_red_116_cutoff_0.0.inp.out,397.4224505929427,-0.1221,0.1912,4.3869,0.0,-1324.9227800025,8.097938054597648,25.95423383637152,-1686.3961844021,0.12905461030004517
INDI_red_117_cutoff_0.0.inp.out,396.159294984881,-0.1347,0.1891,3.4587,0.0,-1324.9528217650,9.259337874870148,28.693563712190738,-1686.4048864092,0.14000169270002516
INDI_red_118_cutoff_0.0.inp.out,399.3779856634441,-0.1377,0.1905,3.9610,0.0,-1325.0248232075,16.677035017835987,16.37392302133949,-1686.4987919126,0.14296665450001456
INDI_red_119_cutoff_0.0.inp.out,397.0829026343364,-0.1514,0.1884,4.3568,0.0,-1324.8016286252,6.873342217185708,11.56417574850717,-1686.2853276409,0.15429290420001962
INDI_red_11_cutoff_0.0.inp.out,397.25837373979414,-0.1312,0.1833,4.6868,0.0,-1325.6742083927,-7.974989229893315,-2.4616762246276136,-1687.1262006658,0.13679461210017507
INDI_red_120_cutoff_0.0.inp.out,394.53249531154364,-0.1325,0.1830,3.3331,0.0,-1324.9501168590,11.82082194918839,19.350803008243812,-1686.3914820432,0.13990953329994227
INDI_red_121_cutoff_0.0.inp.out,398.7305184836456,-0.1506,0.1794,2.4302,0.0,-1325.2389159514,7.893423376118339,13.189945300473806,-1686.7023963885,0.1546682719999808
INDI_red_122_cutoff_0.0.inp.out,391.4006650533939,-0.1377,0.1842,2.2130,0.0,-1325.3254753492,22.230734146130654,30.15022909596796,-1686.7708343674,0.1440770409999459
INDI_red_123_cutoff_0.0.inp.out,394.8410110515007,-0.1079,0.2033,3.9204,0.0,-1325.1231369132,15.7941498676363,16.856562871941883,-1686.5813733384,0.11723014929998499
INDI_red_124_cutoff_0.0.inp.out,398.1432928919222,-0.1448,0.1868,4.2985,0.0,-1325.3247610582,1.337780114132196,4.6800455572178175,-1686.7943666112,0.1498176873999455
INDI_red_125_cutoff_0.0.inp.out,394.1788183317979,-0.1464,0.1974,3.8836,0.0,-1324.8640485580,15.116959455255941,18.567078371870988,-1686.3301629735,0.14826919439997255
INDI_red_126_cutoff_0.0.inp.out,396.26780205756313,-0.1209,0.1716,4.8911,0.0,-1325.4034128332,-6.6922740660146545,-7.304979025696529,-1686.8575186916,0.12898986429991055
INDI_red_127_cutoff_0.0.inp.out,397.18674376454464,-0.1369,0.1892,4.6691,0.0,-1325.2142185813,30.803037776193364,20.509564969988002,-1686.6780242216,0.14125034829999095
INDI_red_128_cutoff_0.0.inp.out,397.99867818450053,-0.1458,0.1792,3.2680,0.0,-1324.9952134407,38.78368394990491,34.738026187776384,-1686.4640248768,0.15115587080003934
INDI_red_129_cutoff_0.0.inp.out,395.06495216722834,-0.1517,0.1693,3.5763,0.0,-1325.1173060509,1.23946568441696,-0.535958061462474,-1686.5601375296,0.15467759009993642
INDI_red_12_cutoff_0.0.inp.out,398.2023963542375,-0.1618,0.1639,3.2471,0.0,-1325.4718595559,3.3372726076316006,4.106779598827486,-1686.9395116834,0.16637840969997342
INDI_red_130_cutoff_0.0.inp.out,395.3599500633678,-0.1112,0.1945,5.1595,0.0,-1325.0368400514,-9.800182616892457,-0.8416389546648467,-1686.5039253677,0.11484193160003997
INDI_red_131_cutoff_0.0.inp.out,398.5760621670376,-0.1203,0.2057,4.1566,0.0,-1325.1512286678,-3.0396265933731357,-2.503233298316721,-1686.6159466409,0.125072643699923
INDI_red_132_cutoff_0.0.inp.out,395.59385600780837,-0.1155,0.2018,4.0774,0.0,-1324.8042982249,1.92396443686984,-7.097427265510113,-1686.2535165681,0.12187307839985806
INDI_red_133_cutoff_0.0.inp.out,399.2433483859179,-0.1184,0.2038,4.3053,0.0,-1325.3119926331,-10.188578317996756,-10.07496653015161,-1686.7878174433,0.1250285229000383
INDI_red_134_cutoff_0.0.inp.out,394.51140676226197,-0.1408,0.1995,3.5000,0.0,-1325.0479541620,-2.2325349986398537,-0.5904571032659119,-1686.5146974914,0.14222688430004382
INDI_red_135_cutoff_0.0.inp.out,397.9693627914302,-0.1513,0.1758,3.7389,0.0,-1324.9491688121,-6.490520431630138,-4.938220617165591,-1686.4089507182,0.15621305390004636
INDI_red_136_cutoff_0.0.inp.out,396.1139515502437,-0.1123,0.2039,4.9563,0.0,-1325.2805658974,-18.895933628824885,-17.225105506780665,-1686.7452588355,0.11996314029988753
INDI_red_137_cutoff_0.0.inp.out,394.47215687242465,-0.1343,0.1893,4.1886,0.0,-1325.2394472916,-19.626675845677962,-20.03125688168861,-1686.7040595492,0.13853397750017393
INDI_red_138_cutoff_0.0.inp.out,395.8058202748739,-0.1418,0.1951,4.2088,0.0,-1325.2729237192,-14.125791716880393,-13.570154579998581,-1686.7400602334,0.14653562119997332
INDI_red_139_cutoff_0.0.inp.out,397.25942737092447,-0.1377,0.1937,4.3720,0.0,-1325.4165733220,-8.123524023465949,-5.405921691760356,-1686.8746592838,0.1415737965999142
INDI_red_13_cutoff_0.0.inp.out,392.79789113030586,-0.1401,0.1829,3.5381,0.0,-1325.4647230457,8.245364500458853,7.836138812992586,-1686.8990447584,0.14703284770007485
INDI_red_140_cutoff_0.0.inp.out,393.8800989868495,-0.1333,0.1925,4.1820,0.0,-1325.2065118492,-9.209602021120984,-17.55977228171499,-1686.6592709812,0.14094117660010852
INDI_red_141_cutoff_0.0.inp.out,391.77649228068265,-0.1266,0.1927,4.0730,0.0,-1325.4099025780,-14.396170819699488,-15.696920483508357,-1686.8722910218,0.1312850130998413
INDI_red_142_cutoff_0.0.inp.out,399.93408407311,-0.1217,0.1975,4.6926,0.0,-1325.3756268079,-0.6352401300432307,-0.6852276655200491,-1686.8413297617,0.127621722800086
INDI_red_143_cutoff_0.0.inp.out,395.2358731259325,-0.1224,0.2064,3.8326,0.0,-1325.1118202981,1.6196401104837062,-0.5258150777886957,-1686.5632341542,0.12500908190008886
INDI_red_144_cutoff_0.0.inp.out,399.8365982128477,-0.1232,0.2000,2.9316,0.0,-1325.0859485525,-6.201910498597463,-0.9317013948845833,-1686.5441380673,0.12718315279994385
INDI_red_145_cutoff_0.0.inp.out,393.40315483435387,-0.1441,0.1790,3.0437,0.0,-1325.3143290679,21.780148971148716,21.32073276839658,-1686.7727497895,0.14814061649985888
INDI_red_146_cutoff_0.0.inp.out,392.57375541147286,-0.1590,0.1797,4.1432,0.0,-1325.4572652464,15.967672317274168,17.603177255702406,-1686.9088689953,0.16067710099991928
INDI_red_147_cutoff_0.0.inp.out,396.66666748980833,-0.1492,0.1802,4.0153,0.0,-1325.5888131907,14.055278225801132,12.680581481117104,-1687.0660929817,0.15275043309998182
INDI_red_148_cutoff_0.0.inp.out,397.45383803681614,-0.1479,0.1790,4.5594,0.0,-1325.3593248179,17.40824485215935,23.901608307140954,-1686.8259954311,0.15264614090006035
INDI_red_149_cutoff_0.0.inp.out,399.0424463178736,-0.1161,0.1957,4.2869,0.0,-1325.6334722053,17.723183977784423,11.057756581177127,-1687.0979685381,0.12084335110012034
INDI_red_14_cutoff_0.0.inp.out,397.96189189175635,-0.1224,0.2006,4.3292,0.0,-1325.3849463391,-7.776890510267959,-0.42397000367999194,-1686.8454970281,0.125403704099881
INDI_red_150_cutoff_0.0.inp.out,398.40647729168796,-0.1332,0.1891,4.1037,0.0,-1325.2205220104,15.47441941503547,12.803623748168404,-1686.6826944044,0.13884659609993832
INDI_red_151_cutoff_0.0.inp.out,393.49474564033295,-0.1268,0.1897,4.4515,0.0,-1325.3070237928,1.6665546807731193,12.438702058568833,-1686.7641660098,0.13305051160000403
INDI_red_152_cutoff_0.0.inp.out,394.4156115769326,-0.1228,0.1895,3.3927,0.0,-1325.2518696480,8.488362515142914,5.3416575196217435,-1686.7148801436,0.1282596523999473
INDI_red_153_cutoff_0.0.inp.out,400.57837624902794,-0.1409,0.1755,3.2068,0.0,-1324.9748662215,3.9113764491106116,6.080480392137369,-1686.4380711864,0.14435726350006917
INDI_red_154_cutoff_0.0.inp.out,396.475335123812,-0.1267,0.1991,2.7654,0.0,-1325.4908773793,2.495692074173133,-0.500376965238896,-1686.9411938539,0.13077242090002983
INDI_red_155_cutoff_0.0.inp.out,394.6951189687577,-0.1265,0.1769,2.9006,0.0,-1325.1205688572,8.218714139978358,8.182373755486042,-1686.5589606094,0.13223031450002054
INDI_red_156_cutoff_0.0.inp.out,398.8661498559615,-0.1276,0.1875,3.1885,0.0,-1325.5063836580,7.724577958623342,9.069077478701878,-1686.9711782246,0.13267697209994367
INDI_red_157_cutoff_0.0.inp.out,397.0138696091468,-0.1478,0.1721,2.9258,0.0,-1325.4308792407,11.175362111264883,10.47272531344799,-1686.8850398678,0.15189596710001751
INDI_red_158_cutoff_0.0.inp.out,396.99633970233293,-0.1012,0.1917,3.7806,0.0,-1325.3252377096,2.3541351887794817,1.1762655738119532,-1686.7642882347,0.10826505439990797
INDI_red_159_cutoff_0.0.inp.out,391.56416228200465,-0.1416,0.1783,4.2074,0.0,-1325.2436643196,8.555863051610666,10.06288935420329,-1686.6872073184,0.14665250099983496
INDI_red_15_cutoff_0.0.inp.out,395.4252174179989,-0.1440,0.2002,3.6806,0.0,-1325.0991060785,1.3645245779506792,-0.5150539955880936,-1686.5593873129,0.147911613000133
INDI_red_160_cutoff_0.0.inp.out,397.96159597657424,-0.1254,0.1987,4.1242,0.0,-1325.2501158827,7.934929048798269,5.188109641464731,-1686.7235134373,0.13140961730005074
INDI_red_161_cutoff_0.0.inp.out,399.00684356677453,-0.1252,0.1907,4.2250,0.0,-1325.0280550058,6.1951930514140745,12.858616625970791,-1686.4976281518,0.13179613970009996
INDI_red_162_cutoff_0.0.inp.out,394.6209453325012,-0.1008,0.2141,3.6663,0.0,-1324.7290694545,14.679930588545766,6.078537404341786,-1686.1895165904,0.10607718289998047
INDI_red_163_cutoff_0.0.inp.out,394.98767815750693,-0.1388,0.1729,2.8875,0.0,-1325.1255688908,19.69103970491554,23.184813211941727,-1686.5706745131,0.143838346900111
INDI_red_164_cutoff_0.0.inp.out,397.1466952240472,-0.1223,0.1846,2.4031,0.0,-1325.2995435648,29.029730101680755,23.27502091858443,-1686.7561697834,0.12643114060006155
INDI_red_165_cutoff_0.0.inp.out,400.6415736040335,-0.1299,0.1816,2.6432,0.0,-1325.5014289368,34.074010541613745,25.241348955295212,-1686.9658089813,0.13521603920003145
INDI_red_166_cutoff_0.0.inp.out,395.3632875737072,-0.1389,0.1706,3.4145,0.0,-1325.5956338351,10.49218059124434,8.239845138864922,-1687.0415451691,0.14637710009992588
INDI_red_167_cutoff_0.0.inp.out,393.0137669791187,-0.1243,0.1764,5.3929,0.0,-1325.7943564526,-6.349248383594591,2.8935063754581476,-1687.2538998653,0.1299851446001412
INDI_red_168_cutoff_0.0.inp.out,398.55461409875716,-0.1072,0.2105,4.3441,0.0,-1325.2777413166,6.236030543743161,11.8452808047589,-1686.7428403823,0.11447047260003274
INDI_red_169_cutoff_0.0.inp.out,393.76714053836565,-0.1358,0.1905,4.0836,0.0,-1325.5683044079,5.853052420341875,5.201596651897589,-1687.0187752512,0.14102608140001394
INDI_red_16_cutoff_0.0.inp.out,397.4166647569292,-0.1261,0.1973,3.3056,0.0,-1325.2756611716,4.819639882440692,1.4712666855569756,-1686.7260986749,0.13190855340008056
INDI_red_170_cutoff_0.0.inp.out,402.8253984593553,-0.1120,0.1949,3.4435,0.0,-1325.3331406766,5.320273006431908,2.4682435247767764,-1686.7930425722,0.1172910699001477
INDI_red_171_cutoff_0.0.inp.out,397.1728056939481,-0.1239,0.1838,3.4052,0.0,-1325.2565952507,6.019124900357432,-0.833883550840594,-1686.7166587465,0.12996888900011072
INDI_red_172_cutoff_0.0.inp.out,396.23751172089305,-0.1204,0.1896,4.5742,0.0,-1324.7831997003,-3.740792408374042,-2.3825076931752576,-1686.248307982,0.12587505679994138
INDI_red_173_cutoff_0.0.inp.out,397.68366375381896,-0.1311,0.1828,4.5800,0.0,-1325.1613362308,-0.8402090243081253,5.556372676626894,-1686.6273971331,0.13433501989993601
INDI_red_174_cutoff_0.0.inp.out,395.73867170311496,-0.1139,0.2088,3.9108,0.0,-1325.0716664522,-9.485383691089687,-5.045814130544023,-1686.5178753791,0.11896221310007604
INDI_red_175_cutoff_0.0.inp.out,396.0574732606782,-0.1195,0.1888,4.7324,0.0,-1325.2671561066,0.4764206702970667,-18.72205130061017,-1686.7191352717,0.1252052427998933
INDI_red_176_cutoff_0.0.inp.out,398.3276981510026,-0.1292,0.1946,3.2137,0.0,-1324.8556404079,-1.4999227274024047,-1.6381696554948062,-1686.3038968795,0.13361380069977713
INDI_red_177_cutoff_0.0.inp.out,395.8636668000857,-0.1050,0.2000,4.1334,0.0,-1325.1859594484,8.79139074730724,5.886369874425569,-1686.6305247177,0.11304596429999947
INDI_red_178_cutoff_0.0.inp.out,395.91403390187617,-0.1409,0.1649,3.7969,0.0,-1325.3037353370,13.814026248986538,12.666839021365647,-1686.7523843429,0.14753545400003532
INDI_red_179_cutoff_0.0.inp.out,397.5093359145931,-0.1346,0.1930,3.2661,0.0,-1324.9372883661,20.60908966797426,24.257287462783417,-1686.3986282495,0.1393785586001286
INDI_red_17_cutoff_0.0.inp.out,395.21334636718393,-0.1197,0.2047,3.7375,0.0,-1325.5066048848,12.184981185473308,20.25118674434786,-1686.9541788953,0.12528213840005265
INDI_red_180_cutoff_0.0.inp.out,395.3599500633678,-0.1112,0.1945,5.1595,0.0,-1325.0368297811,-9.80016967108702,-0.8416602075176535,-1686.5039150637,0.1148419044000093
INDI_red_181_cutoff_0.0.inp.out,399.1736797781988,-0.1198,0.2068,4.1835,0.0,-1325.1735220158,-2.9050784850094833,-4.717557664052257,-1686.6399333233,0.12482067380005901
INDI_red_182_cutoff_0.0.inp.out,396.18803215065407,-0.1314,0.1881,4.1317,0.0,-1324.8202699117,-12.442206892923815,-14.683612547028705,-1686.2706263446,0.13836034039991318
INDI_red_183_cutoff_0.0.inp.out,398.65781766266304,-0.1112,0.2122,3.1280,0.0,-1324.9679135231,-0.9669252477576281,-1.115337441202229,-1686.4235755457,0.11746028720017421
INDI_red_184_cutoff_0.0.inp.out,397.7202951325919,-0.1365,0.1932,3.9598,0.0,-1325.0191590749,-14.74090329681142,-12.475127331668379,-1686.473128595,0.13838766749995557
INDI_red_185_cutoff_0.0.inp.out,395.8836217554583,-0.1312,0.1836,4.4959,0.0,-1325.2847488465,-3.71197835692076,-7.404824079626658,-1686.7518734661,0.13742322660004902
INDI_red_186_cutoff_0.0.inp.out,392.5185875769924,-0.1623,0.1426,4.8054,0.0,-1325.1314567906,-6.06933397051544,9.601174895664775,-1686.5899535348,0.16755167340011212
INDI_red_187_cutoff_0.0.inp.out,395.5050665476228,-0.1531,0.1665,4.2012,0.0,-1325.0836760757,-5.36321053021188,-4.353691367633933,-1686.5307985222,0.15942598519995954
INDI_red_188_cutoff_0.0.inp.out,397.8376691309054,-0.1239,0.1886,4.0654,0.0,-1324.6342602886,-11.529334943020105,-2.6184732642589896,-1686.090402133,0.13021212730018306
INDI_red_189_cutoff_0.0.inp.out,397.2013468977285,-0.1345,0.1841,3.8394,0.0,-1324.6699444001,-8.798864100874628,0.6525874227904322,-1686.1330846521,0.13936555460009004
INDI_red_18_cutoff_0.0.inp.out,392.35914633377547,-0.1114,0.2092,4.4241,0.0,-1325.3960986807,12.765946901725334,15.878008735036742,-1686.8486014844,0.11702144490004684
INDI_red_190_cutoff_0.0.inp.out,396.2025024912369,-0.1086,0.1954,3.7463,0.0,-1324.7759432532,-3.2354962439598807,-0.1583188737620307,-1686.2435224718,0.11471174949997476
INDI_red_191_cutoff_0.0.inp.out,396.96289508948956,-0.1298,0.1991,4.0267,0.0,-1324.5165095503,-7.873670978265781,-0.6581054732430376,-1685.9802836277,0.13725204270008362
INDI_red_192_cutoff_0.0.inp.out,398.12798833490723,-0.1083,0.1869,5.1697,0.0,-1325.1442342445,1.4959266152305952,14.964780496794408,-1686.6211470719,0.1123236977000488
INDI_red_193_cutoff_0.0.inp.out,398.21472342231783,-0.1475,0.2019,4.4862,0.0,-1324.6023086227,4.599385961810179,6.304164661697691,-1686.0964131546,0.15283485000009023
INDI_red_194_cutoff_0.0.inp.out,395.4474319449347,-0.1326,0.1928,4.3319,0.0,-1325.0893506050,-0.09721953649257292,0.3453177713566977,-1686.5579700473,0.13629627850014003
INDI_red_195_cutoff_0.0.inp.out,395.03859569588894,-0.1219,0.1921,4.8321,0.0,-1324.9502565774,-3.641278581380783,15.820984014959812,-1686.412429408,0.1258476441998937
INDI_red_196_cutoff_0.0.inp.out,399.44657516665023,-0.1239,0.1964,3.3268,0.0,-1324.9774796297,14.92868370710118,18.136235644251773,-1686.442639518,0.12857171409996226
INDI_red_197_cutoff_0.0.inp.out,399.65709046980766,-0.1200,0.2041,3.6262,0.0,-1324.9761648029,25.60451254786309,31.79502764574769,-1686.4342291107,0.12405618499997217
INDI_red_198_cutoff_0.0.inp.out,393.121329969578,-0.1192,0.1918,3.1975,0.0,-1325.6007665356,16.046537398260803,16.529272883854535,-1687.0640810462,0.12359496520002722
INDI_red_199_cutoff_0.0.inp.out,394.0105148168331,-0.1159,0.1959,4.3593,0.0,-1325.2046260207,48.14704719253512,78.14773084522068,-1686.65313942,0.1193270168998879
INDI_red_19_cutoff_0.0.inp.out,396.11983525734735,-0.1139,0.1899,3.8868,0.0,-1324.7214979630,17.270345903120035,11.597794502222397,-1686.1616832713,0.12152071469995462
INDI_red_1_cutoff_0.0.inp.out,399.20042763282987,-0.1191,0.2090,4.1469,0.0,-1325.1517760205,-2.3728910976083712,-3.0021643058818817,-1686.6168761662,0.12334936669981289
INDI_red_200_cutoff_0.0.inp.out,400.26525045615693,-0.1291,0.2103,4.3547,0.0,-1325.0116647312,9.165948247080065,33.90208186599292,-1686.4830736908,0.13358404680002423
INDI_red_201_cutoff_0.0.inp.out,394.55601095142265,-0.1391,0.1853,3.8873,0.0,-1324.9065129038,48.357691989332956,59.221064001491925,-1686.3733183136,0.14331491200005075
INDI_red_202_cutoff_0.0.inp.out,398.20862203272486,-0.1286,0.1956,4.7583,0.0,-1325.0982837571,53.16894967316613,55.71746284238754,-1686.5608022923,0.13277217830000154
INDI_red_203_cutoff_0.0.inp.out,393.79360331700434,-0.1375,0.1811,4.2525,0.0,-1324.9923520189,48.038275582712046,37.82558657874341,-1686.4581390112,0.1427760787000807
INDI_red_204_cutoff_0.0.inp.out,402.2461752365922,-0.1142,0.1901,5.4466,0.0,-1325.2925144946,-8.748918066801386,-2.7419712014890956,-1686.7615002485,0.12140981739980816
INDI_red_205_cutoff_0.0.inp.out,396.7894449391911,-0.1311,0.1978,4.5373,0.0,-1324.9955963288,-4.717998403298795,-4.0299525700247845,-1686.4703504259,0.13532553749996623
INDI_red_206_cutoff_0.0.inp.out,397.4893411756777,-0.1259,0.1834,4.7075,0.0,-1325.1308515687,53.123229396481285,75.35389841475507,-1686.5935450398,0.13312998850005897
INDI_red_207_cutoff_0.0.inp.out,398.12122243115357,-0.1424,0.1821,3.8024,0.0,-1324.9699858785,24.71525834627603,21.219192038232883,-1686.4493504767,0.14780837159992188
INDI_red_208_cutoff_0.0.inp.out,396.1444952865606,-0.1215,0.2028,3.3478,0.0,-1324.5503121924,44.487840381096454,43.689973877290136,-1686.0109600494,0.12703378599985626
INDI_red_209_cutoff_0.0.inp.out,397.4143946128184,-0.1113,0.1832,3.7185,0.0,-1324.9518463519,16.352586807465197,17.67048391207027,-1686.3974354754,0.12026594590020068
INDI_red_20_cutoff_0.0.inp.out,395.3599500633678,-0.1112,0.1945,5.1595,0.0,-1325.0368177295,-9.80022759063095,-0.8417182613684039,-1686.5039030488,0.11484192700004314
INDI_red_210_cutoff_0.0.inp.out,395.0806424528206,-0.1384,0.1775,3.4611,0.0,-1324.6190593047,40.137840491673,49.06519572743168,-1686.0751420605,0.14357100160009395
INDI_red_211_cutoff_0.0.inp.out,399.555548984566,-0.1403,0.1676,4.1122,0.0,-1324.7401758138,68.2863762601144,55.39450669524997,-1686.2044763824,0.14697571100009554
INDI_red_212_cutoff_0.0.inp.out,397.2611639854298,-0.1349,0.1859,4.1652,0.0,-1324.7204100765,18.903491481645435,24.472206961345606,-1686.1826057424,0.13905533169986484
INDI_red_213_cutoff_0.0.inp.out,396.186017084133,-0.1525,0.1802,3.3841,0.0,-1325.0326961884,8.06576847337069,7.467297573118888,-1686.4953026513,0.1544467292999343
INDI_red_214_cutoff_0.0.inp.out,398.617864273482,-0.1438,0.1592,4.4014,0.0,-1324.9909604316,20.57536885869018,15.734159488286744,-1686.4569455399,0.14757193729997198
INDI_red_215_cutoff_0.0.inp.out,399.86830052848046,-0.1446,0.1787,3.6955,0.0,-1324.6563991215,3.7008817321580487,2.065341067158839,-1686.1294459421,0.14992172889992617
INDI_red_216_cutoff_0.0.inp.out,397.76478545932224,-0.1319,0.1852,4.5917,0.0,-1324.4679108060,18.404144092305852,29.845952781520243,-1685.9412982462,0.1371347913000136
INDI_red_217_cutoff_0.0.inp.out,396.919052441496,-0.1202,0.1712,5.7708,0.0,-1324.8653304099,33.96216562837269,39.155985706291126,-1686.3152443767,0.1274843523999607
INDI_red_218_cutoff_0.0.inp.out,394.8714856618589,-0.1532,0.1684,5.1061,0.0,-1324.6801254671,24.152635124541188,31.074145707362053,-1686.1430284234,0.15672068449998733
INDI_red_219_cutoff_0.0.inp.out,397.17637399197906,-0.1367,0.1816,4.5489,0.0,-1325.0150005045,21.53540304339347,23.199406019050812,-1686.4954330486,0.14185139199980767
INDI_red_21_cutoff_0.0.inp.out,398.84982695613377,-0.1265,0.2039,3.8038,0.0,-1325.1495418969,-1.8930469325539874,-0.960359089451919,-1686.6121712304,0.1310592990000714
INDI_red_220_cutoff_0.0.inp.out,397.15008529888246,-0.1306,0.1722,4.5092,0.0,-1324.7550950699,15.489351201497293,18.15341454866034,-1686.2149446044,0.13610979120016964
INDI_red_221_cutoff_0.0.inp.out,398.44904414500326,-0.1367,0.1851,3.9712,0.0,-1324.9052691200,1.8193486584399619,2.6903381331217036,-1686.3804147919,0.14065369069999178
INDI_red_222_cutoff_0.0.inp.out,397.99262582620634,-0.1247,0.2037,3.6638,0.0,-1324.9307776454,3.5157118651658563,3.589114940747009,-1686.4093782497,0.12926253060004456
INDI_red_223_cutoff_0.0.inp.out,398.0077553948514,-0.1135,0.1936,5.2773,0.0,-1325.3205189715,-11.8573912094151,-9.657184868893058,-1686.7772294222,0.11920499619986913
INDI_red_224_cutoff_0.0.inp.out,394.6907730798794,-0.1674,0.1554,4.7404,0.0,-1324.9493384961,2.942489855186925,4.8470834943155845,-1686.4292789225,0.17241889530009757
INDI_red_225_cutoff_0.0.inp.out,397.00941258191585,-0.1134,0.1924,4.1642,0.0,-1324.7591828760,5.435246778001208,2.8874253564998194,-1686.2282206537,0.11952613850007765
INDI_red_226_cutoff_0.0.inp.out,398.24359299167867,-0.1274,0.2028,4.5928,0.0,-1325.2399017937,-7.110107891272882,-13.689675993322748,-1686.7066583487,0.1337708899000063
INDI_red_227_cutoff_0.0.inp.out,392.855114430815,-0.1252,0.1880,4.4759,0.0,-1325.1202681280,-9.779325391260778,-4.619287129321302,-1686.5693528227,0.13016265619990008
INDI_red_228_cutoff_0.0.inp.out,399.1358816348277,-0.1306,0.1907,4.2434,0.0,-1324.9699287462,-4.821803725270823,-4.3957295173126445,-1686.4416685921,0.13801078519986731
INDI_red_229_cutoff_0.0.inp.out,396.23868007281175,-0.1424,0.1820,4.1646,0.0,-1325.6485392481,1.8691243414678635,-5.5814548854661306,-1687.1168238596,0.14563886500013723
INDI_red_22_cutoff_0.0.inp.out,397.5116046327141,-0.1229,0.1905,3.9137,0.0,-1324.6625665570,-6.471652108115757,-9.096728261382268,-1686.1122099366,0.12938105359990004
INDI_red_230_cutoff_0.0.inp.out,395.5182978260903,-0.1380,0.1794,3.8204,0.0,-1325.1509238589,15.846621936324665,30.238712472864727,-1686.5989614112,0.14461494319994017
INDI_red_231_cutoff_0.0.inp.out,399.9443600987657,-0.1250,0.2019,3.2410,0.0,-1324.7708754030,16.854777375467023,24.82685625784145,-1686.2158626317,0.13077624269999433
INDI_red_232_cutoff_0.0.inp.out,394.6615050830941,-0.1392,0.1827,3.3569,0.0,-1324.8919116553,0.7662348401573054,-0.7404767951436684,-1686.3396314009,0.1428526234999481
INDI_red_233_cutoff_0.0.inp.out,400.883999433138,-0.1129,0.2007,4.7158,0.0,-1325.1337646906,5.527999797250461,5.655390627178123,-1686.5861067621,0.11788322529992001
INDI_red_234_cutoff_0.0.inp.out,394.2043959839798,-0.1289,0.1992,3.8261,0.0,-1325.3095878183,-2.172341878746724,-5.6204428079557465,-1686.7653676887,0.12931008110012954
INDI_red_235_cutoff_0.0.inp.out,395.76915184353317,-0.1335,0.1925,3.7965,0.0,-1325.1539197447,-9.895980421574091,0.5334063122392826,-1686.6158903225,0.13708964929992362
INDI_red_236_cutoff_0.0.inp.out,398.45300516488714,-0.1124,0.2099,4.0385,0.0,-1324.4727373778,-4.206716587859195,2.9363108274105807,-1685.9221064681,0.1158575682998162
INDI_red_237_cutoff_0.0.inp.out,401.0198871485972,-0.1367,0.1861,5.5827,0.0,-1324.7805027933,-4.819318822068959,4.949268268905478,-1686.2529533081,0.13935844520005958
INDI_red_238_cutoff_0.0.inp.out,393.8215050797706,-0.1467,0.1847,3.4172,0.0,-1324.6645050517,-2.093780714598573,7.501628933123157,-1686.1111995885,0.14786185960019793
INDI_red_239_cutoff_0.0.inp.out,393.53456971478374,-0.1390,0.1817,3.6714,0.0,-1324.7671953240,5.5247872885154194,5.25693461773396,-1686.2214727702,0.14306389280000076
INDI_red_23_cutoff_0.0.inp.out,396.69774398852996,-0.1085,0.2183,3.3103,0.0,-1325.2105561203,-8.624138251337063,-7.612356865460265,-1686.6703832039,0.1148051797001699
INDI_red_240_cutoff_0.0.inp.out,395.3599500633678,-0.1112,0.1945,5.1595,0.0,-1325.0368775608,-9.800251725472645,-0.8417675795060588,-1686.5039628299,0.11484167239996168
INDI_red_241_cutoff_0.0.inp.out,399.2984272417949,-0.1200,0.2086,4.2260,0.0,-1325.1563257478,-2.9133144354657072,-3.9916034544577053,-1686.6234604542,0.12410276730020087
INDI_red_242_cutoff_0.0.inp.out,394.5609554282809,-0.1228,0.1936,3.8411,0.0,-1324.9399982147,-6.862201703724663,-4.344268248729792,-1686.3819263572,0.12965466309992735
INDI_red_243_cutoff_0.0.inp.out,398.9010589672348,-0.0973,0.2276,3.6639,0.0,-1325.0361476946,-4.508009239904536,-1.2464501995625252,-1686.498564749,0.10396151820009436
INDI_red_244_cutoff_0.0.inp.out,398.2723587243179,-0.1445,0.1913,3.8049,0.0,-1325.5737337535,-7.558251474004501,-4.958530592434521,-1687.0341935265,0.14726350130013088
INDI_red_245_cutoff_0.0.inp.out,396.71105066852385,-0.0993,0.2163,3.6576,0.0,-1325.2626205427,-3.2345372707049274,-2.214109581704217,-1686.7184426761,0.10510680960010177
INDI_red_246_cutoff_0.0.inp.out,392.52563679173124,-0.1261,0.1772,5.2684,0.0,-1325.4851840188,-6.088004216294694,-4.858150245632169,-1686.9422432676,0.1303808764000678
INDI_red_247_cutoff_0.0.inp.out,398.9517163106204,-0.1338,0.1980,4.7766,0.0,-1325.0033335674,-14.20034925951521,-14.810348263887912,-1686.4910847974,0.13815023289998862
INDI_red_248_cutoff_0.0.inp.out,400.94853639094913,-0.1352,0.1861,3.6775,0.0,-1325.2782310915,-6.800743785124066,0.7390695688632073,-1686.7388208029,0.14100167609990422
INDI_red_249_cutoff_0.0.inp.out,392.4404354674879,-0.1129,0.2055,4.3660,0.0,-1325.0930855587,-10.011758503109968,-0.5562228611060849,-1686.5486940057,0.1187141661998794
INDI_red_24_cutoff_0.0.inp.out,398.2734966752541,-0.1757,0.1641,3.9050,0.0,-1325.3854040855,-10.323193101468293,-9.551838266335078,-1686.8693968172,0.17779531389987824
INDI_red_250_cutoff_0.0.inp.out,393.59355457280714,-0.1334,0.2010,4.3173,0.0,-1325.1447623152,1.3351648254770705,6.7245674503051225,-1686.6000109038,0.13513785810005174
INDI_red_251_cutoff_0.0.inp.out,394.26622417157495,-0.1320,0.1891,3.0966,0.0,-1325.0028382654,9.336252181871375,18.155653642702866,-1686.4561159618,0.13771588500003418
INDI_red_252_cutoff_0.0.inp.out,402.4259362674432,-0.1233,0.2011,4.3372,0.0,-1324.8195198168,12.387457796068094,10.127325161244732,-1686.283197996,0.1283688751000227
INDI_red_253_cutoff_0.0.inp.out,396.4943190027459,-0.1358,0.1899,4.3638,0.0,-1324.8240061645,-3.38918478481154,2.690358580193581,-1686.2824118221,0.14039611629982574
INDI_red_254_cutoff_0.0.inp.out,392.6353379494009,-0.1407,0.1874,3.8293,0.0,-1324.7165067314,7.604265377578708,5.497587881654317,-1686.1699592545,0.14717241779999313
INDI_red_255_cutoff_0.0.inp.out,395.5814278039478,-0.1543,0.1796,3.2760,0.0,-1324.3085180084,1.36691215368282,-1.3162707500097137,-1685.7811845059,0.15937218289991506
INDI_red_256_cutoff_0.0.inp.out,400.61607232861195,-0.1464,0.1864,3.6577,0.0,-1324.5162985025,-17.22399603523073,-16.421606217011135,-1685.9746557645,0.14887594859987985
INDI_red_257_cutoff_0.0.inp.out,397.4477994919117,-0.1340,0.1864,3.8832,0.0,-1324.6641325928,6.9024302997633935,9.821374290551981,-1686.1245781095,0.1388908634000927
INDI_red_258_cutoff_0.0.inp.out,394.4628604087586,-0.1206,0.2007,3.6233,0.0,-1324.8520386223,7.39807695744918,7.382151751602677,-1686.3007819501,0.1246801508000317
INDI_red_259_cutoff_0.0.inp.out,397.8595649887578,-0.1216,0.2071,2.9086,0.0,-1324.7378420005,-7.256825176313488,-1.784929314865307,-1686.2170746632,0.12410551359994315
INDI_red_25_cutoff_0.0.inp.out,399.94468315312787,-0.1131,0.2009,4.5412,0.0,-1325.3097202600,-11.996023163416123,-22.448111790710595,-1686.7650046476,0.11944029349979246
INDI_red_260_cutoff_0.0.inp.out,398.5180383435158,-0.1239,0.1897,3.6924,0.0,-1324.3909432260,1.5948422531028958,2.0376919015054797,-1685.8444335029,0.12935431760001848
INDI_red_261_cutoff_0.0.inp.out,398.96596150747155,-0.1383,0.1699,3.1206,0.0,-1324.4388697097,16.154625234670604,12.640152822967874,-1685.8913497112,0.14383565949992771
INDI_red_262_cutoff_0.0.inp.out,401.0552427125724,-0.1266,0.1998,4.3569,0.0,-1324.9361300597,-2.535819473308745,-1.836760934184296,-1686.4075185749,0.1313048986000922
INDI_red_263_cutoff_0.0.inp.out,392.6346053531097,-0.1368,0.1950,4.2957,0.0,-1324.4209687673,0.012098422546612846,4.369060678478631,-1685.887978358,0.14346772359999704
INDI_red_264_cutoff_0.0.inp.out,396.45938072128496,-0.1143,0.2005,4.3696,0.0,-1324.9892796081,8.108272772769878,14.503304939317895,-1686.4327449854,0.11864124699991407
INDI_red_265_cutoff_0.0.inp.out,399.4092088710585,-0.1368,0.1852,4.1800,0.0,-1324.5493895091,2.490939497423707,-2.3886643939796564,-1686.0033040045,0.14238740459995824
INDI_red_266_cutoff_0.0.inp.out,397.31701625569326,-0.1458,0.1662,4.3895,0.0,-1324.7555386463,5.99380306229005,13.849597669523915,-1686.1987530678,0.15040675630007172
INDI_red_267_cutoff_0.0.inp.out,395.69726145375427,-0.1315,0.1770,3.5927,0.0,-1324.7701066170,8.980670356628973,10.402579572572755,-1686.2257382413,0.13558751579989803
INDI_red_268_cutoff_0.0.inp.out,396.34120493352833,-0.1297,0.1891,3.2735,0.0,-1324.7200712577,10.677800900289082,17.114377314944562,-1686.1842668006,0.13408970160003264
INDI_red_269_cutoff_0.0.inp.out,400.1263785006725,-0.1305,0.1849,4.5329,0.0,-1324.8793474448,5.473107540538451,16.943710114429145,-1686.3484980075,0.1360208096000406
INDI_red_26_cutoff_0.0.inp.out,396.2334550814436,-0.1213,0.1866,3.2060,0.0,-1324.9129694952,1.9669860246579942,-1.9772265453968694,-1686.3637517666,0.126242255599891
INDI_red_270_cutoff_0.0.inp.out,396.62844287441277,-0.1365,0.1738,3.4568,0.0,-1325.2394624345,7.713662095917126,11.95559329452062,-1686.6883762089,0.13938506879981105
INDI_red_271_cutoff_0.0.inp.out,398.05947331855805,-0.1386,0.1807,4.9210,0.0,-1324.9828106716,1.9377301634391715,13.878989992013823,-1686.4472521527,0.14183658279989686
INDI_red_272_cutoff_0.0.inp.out,399.75473781284035,-0.1355,0.1878,3.8927,0.0,-1324.7941756683,-0.8689019760031166,3.0941232899913262,-1686.2657120874,0.14174041720002606
INDI_red_273_cutoff_0.0.inp.out,399.2706912980916,-0.0999,0.2137,5.0850,0.0,-1324.7015665542,-6.593731219257991,3.605398506021964,-1686.1668681961,0.10583195549997981
INDI_red_274_cutoff_0.0.inp.out,394.84592644586934,-0.0963,0.2165,4.4380,0.0,-1324.8353620389,1.3893363160954393,8.819125571915162,-1686.2995211622,0.10412126359983631
INDI_red_275_cutoff_0.0.inp.out,398.94843943479077,-0.1073,0.2090,4.2993,0.0,-1324.6722753070,5.297351331063068,3.804638456203996,-1686.1186897539,0.11377736589997767
INDI_red_276_cutoff_0.0.inp.out,396.7434483037974,-0.1345,0.1938,4.1838,0.0,-1324.9400911909,4.607446276914798,7.563945026003218,-1686.4068315735,0.1407184411000344
INDI_red_277_cutoff_0.0.inp.out,397.20364076592955,-0.1381,0.1718,4.4542,0.0,-1325.0073765743,16.274591452206845,13.005036843265785,-1686.4655613256,0.14360606140007803
INDI_red_278_cutoff_0.0.inp.out,399.9631787430742,-0.1210,0.1947,4.3874,0.0,-1324.5500001607,0.4348441836994486,12.230182242602092,-1686.0231645085,0.12505937119999544
INDI_red_279_cutoff_0.0.inp.out,397.7316767531686,-0.1252,0.2037,4.1690,0.0,-1324.7820565105,-2.1897574094983527,6.65060532963302,-1686.249265816,0.12760012390003794
INDI_red_27_cutoff_0.0.inp.out,396.7048787110155,-0.1215,0.1804,4.2013,0.0,-1325.0918052210,-22.636016232433313,-24.42199254352151,-1686.5470456313,0.1299372860000858
INDI_red_280_cutoff_0.0.inp.out,397.60401681224727,-0.1057,0.1975,4.1770,0.0,-1324.6401149945,2.7345285041972454,4.742447174716341,-1686.1150598829,0.11072227579984428
INDI_red_281_cutoff_0.0.inp.out,399.0303164097768,-0.1056,0.2066,4.4572,0.0,-1324.3901807311,-9.316003121692788,2.2955842434665517,-1685.8623799849,0.11184504939978979
INDI_red_282_cutoff_0.0.inp.out,393.9357491208433,-0.1213,0.1954,4.2510,0.0,-1324.7255355900,-2.798429072732564,0.7382071785263136,-1686.1949033471,0.1281952543999978
INDI_red_283_cutoff_0.0.inp.out,399.2511028575452,-0.1122,0.2033,4.0504,0.0,-1324.9413334768,-5.985931865890495,-3.316183425863102,-1686.4058180328,0.11680628989984143
INDI_red_284_cutoff_0.0.inp.out,399.7676310288123,-0.1329,0.1775,4.0840,0.0,-1324.8620546047,0.9687563321549592,-3.656603601913815,-1686.3432226118,0.13749563800001852
INDI_red_285_cutoff_0.0.inp.out,396.2239927688572,-0.1389,0.1867,3.6822,0.0,-1325.1117873244,-4.490211595045281,0.75644303339034,-1686.5870696523,0.14310810239999228
INDI_red_286_cutoff_0.0.inp.out,397.8456779251447,-0.1167,0.1999,3.6361,0.0,-1324.9836189434,-1.6413055616235466,-0.4464736162102019,-1686.4403124605,0.12064554649987258
INDI_red_287_cutoff_0.0.inp.out,394.92876790768986,-0.1309,0.1928,4.3449,0.0,-1325.1916596554,-0.000544665876532402,-0.8342064613810507,-1686.6664733002,0.13544018909988154
INDI_red_288_cutoff_0.0.inp.out,397.1961817072693,-0.1059,0.2094,4.6503,0.0,-1325.0803281757,-9.798573009433806,-4.583078515186431,-1686.5411252889,0.11308996239995395
INDI_red_289_cutoff_0.0.inp.out,398.92473654941784,-0.1268,0.1910,5.1809,0.0,-1325.0618277242,-8.053952444054548,-2.5819420786346763,-1686.531692662,0.1333172733000083
INDI_red_28_cutoff_0.0.inp.out,397.3679755453394,-0.1285,0.1849,3.3790,0.0,-1324.9441808859,-1.7344018522176516,-5.445119799461724,-1686.3989561799,0.13662629129999004
INDI_red_290_cutoff_0.0.inp.out,395.3599500633678,-0.1112,0.1945,5.1595,0.0,-1325.0368221660,-9.800157303289273,-0.8416464125260158,-1686.5039074428,0.11484211259994481
INDI_red_291_cutoff_0.0.inp.out,398.66101931969706,-0.1236,0.2077,3.8408,0.0,-1325.2089000958,-0.6793209618875706,0.2703355697860391,-1686.670852239,0.12785106019987325
INDI_red_292_cutoff_0.0.inp.out,397.5611848621124,-0.1289,0.1905,3.8173,0.0,-1324.4475421001,-6.942587712441204,-9.775410106028612,-1685.8905818344,0.1354672868999387
INDI_red_293_cutoff_0.0.inp.out,398.48303800488395,-0.1186,0.2067,3.6874,0.0,-1324.6466672580,-8.145451103803808,-9.65821400160043,-1686.0998764832,0.12399009220007429
INDI_red_294_cutoff_0.0.inp.out,393.95000898836633,-0.1446,0.1925,2.9131,0.0,-1324.7580254888,-0.6878195265724071,-1.2515612796123783,-1686.2157869762,0.14528343790016152
INDI_red_295_cutoff_0.0.inp.out,399.3592186380536,-0.1308,0.1867,4.6364,0.0,-1324.6220478785,-12.305466494194482,-11.08762832836477,-1686.0808539355,0.13362646649989074
INDI_red_296_cutoff_0.0.inp.out,397.71744773541326,-0.1503,0.1731,4.6087,0.0,-1324.8606494602,-19.444605543522755,-23.149551065689533,-1686.3233084704,0.15696927780004444
INDI_red_297_cutoff_0.0.inp.out,398.31876568177904,-0.1264,0.1901,4.3343,0.0,-1325.0155048157,-4.132748425052493,-2.678814359604181,-1686.4893183394,0.13137832470010835
INDI_red_298_cutoff_0.0.inp.out,396.48276812908426,-0.1304,0.1952,5.0805,0.0,-1325.1552071416,2.7897099554808293,9.340397634016169,-1686.6285045822,0.13437714850010707
INDI_red_299_cutoff_0.0.inp.out,394.0072154539234,-0.1529,0.1761,3.9716,0.0,-1324.9165341652,1.7604676238344663,0.8767090364216912,-1686.3959362273,0.15544364619995577
INDI_red_29_cutoff_0.0.inp.out,394.0441225550588,-0.1321,0.1994,3.8352,0.0,-1325.0696850483,-13.772886534561946,-12.898534377811123,-1686.5361062038,0.13738940560006085
INDI_red_2_cutoff_0.0.inp.out,394.1516989618235,-0.1264,0.1846,4.3502,0.0,-1324.7624978551,-9.862848036561484,-11.01119561635321,-1686.2028210753,0.1323790470999029
INDI_red_300_cutoff_0.0.inp.out,401.09963865638605,-0.1285,0.2019,4.0404,0.0,-1324.9926695384,-8.608482912849928,-14.24073772067557,-1686.4606104611,0.13336498369994843
INDI_red_301_cutoff_0.0.inp.out,398.3195773679315,-0.1243,0.2007,3.9039,0.0,-1325.1980013600,-6.4828106288727385,-7.429358942568777,-1686.6735404756,0.12908214339995538
INDI_red_302_cutoff_0.0.inp.out,397.3182877035324,-0.1294,0.2000,3.9689,0.0,-1325.1096434529,-5.285228410585354,-8.370905214542217,-1686.5708947028,0.13678381790009553
INDI_red_303_cutoff_0.0.inp.out,393.09065981649485,-0.1369,0.2099,2.9168,0.0,-1325.1416473237,-2.5078133645693774,-1.1101966060186266,-1686.5971807359,0.1432385001999137
INDI_red_304_cutoff_0.0.inp.out,399.9501316324308,-0.1352,0.1791,3.8725,0.0,-1325.0307716012,-0.5112798783283115,-7.155200773070364,-1686.4932601796,0.14203787830001602
INDI_red_305_cutoff_0.0.inp.out,397.38193928052465,-0.1363,0.1911,4.4263,0.0,-1325.2349196785,-2.1162587618406956,-3.9338363020228493,-1686.6809005439,0.14167364920012915
INDI_red_306_cutoff_0.0.inp.out,396.51827156676296,-0.1382,0.1859,3.4700,0.0,-1324.7670072892,0.12363050607533119,2.1017747722438367,-1686.202284683,0.13928374100009933
INDI_red_307_cutoff_0.0.inp.out,396.29338829891844,-0.1261,0.1938,3.9408,0.0,-1325.3435018058,1.0093109711625479,-5.228895397119859,-1686.8047103425,0.13306532400019933
INDI_red_308_cutoff_0.0.inp.out,393.41619283826145,-0.1062,0.2005,3.1990,0.0,-1325.4271142899,4.109932092400114,2.9810161528151875,-1686.8774537925,0.11387199420005345
INDI_red_309_cutoff_0.0.inp.out,395.4911866660271,-0.1205,0.1732,2.8060,0.0,-1325.0316545013,-7.070788011509159,-11.039088637326275,-1686.4847810309,0.12776026309984445
INDI_red_30_cutoff_0.0.inp.out,396.12978461388155,-0.1389,0.1688,3.8099,0.0,-1324.8078956221,0.25453123938319133,-14.132153661279206,-1686.2795410168,0.14320038879986896
INDI_red_310_cutoff_0.0.inp.out,399.52411152440925,-0.1307,0.1929,2.5142,0.0,-1325.2565482531,-12.23291883687271,-13.224246472705866,-1686.7204300129,0.13504092510015653
INDI_red_311_cutoff_0.0.inp.out,397.7114488778232,-0.1442,0.1906,3.2871,0.0,-1325.3342022591,7.671075118856548,13.718191163765798,-1686.7993302574,0.14714801450008963
INDI_red_312_cutoff_0.0.inp.out,397.0831288321638,-0.1412,0.1912,4.0070,0.0,-1325.2120786718,-17.805691908761865,-8.921306373402738,-1686.6692681033,0.14609339119988363
INDI_red_313_cutoff_0.0.inp.out,395.885679174463,-0.1324,0.1818,3.9528,0.0,-1324.9472551583,3.019680855871156,5.24779782350709,-1686.3898835471,0.14008797819997199
INDI_red_314_cutoff_0.0.inp.out,402.3816398625196,-0.1361,0.1953,3.6356,0.0,-1325.2299860617,-4.460638895663941,-3.5402261680078104,-1686.6975041311,0.1400888677999319
INDI_red_315_cutoff_0.0.inp.out,396.69107793696116,-0.1566,0.1715,4.6539,0.0,-1324.7744039992,7.332990986403874,15.230789408744052,-1686.2330395236,0.15868158829994172
INDI_red_316_cutoff_0.0.inp.out,392.3522584133814,-0.1410,0.1871,4.0395,0.0,-1325.3088036275,3.272240117812003,6.015787860254079,-1686.7593510777,0.14654124449998562
INDI_red_317_cutoff_0.0.inp.out,399.32397192241626,-0.1560,0.1763,4.0406,0.0,-1325.0974926574,19.28215915226326,24.162108854925744,-1686.5655615563,0.15836494149993996
INDI_red_318_cutoff_0.0.inp.out,398.53574503501045,-0.1061,0.2147,3.7336,0.0,-1325.1907875456,1.9603567282548178,5.912808615373511,-1686.6447786484,0.11180559030003678
INDI_red_319_cutoff_0.0.inp.out,396.6053950421477,-0.1243,0.1977,4.4570,0.0,-1324.6710021273,8.61511677081502,12.673846365930345,-1686.1167960359,0.13081087909995404
INDI_red_31_cutoff_0.0.inp.out,400.0419712183787,-0.1353,0.1781,3.5674,0.0,-1325.0507589646,-19.66058089822563,-10.663534675051945,-1686.5090431177,0.1383240485999977
INDI_red_320_cutoff_0.0.inp.out,398.1128873606108,-0.1324,0.1860,4.6686,0.0,-1325.3437784928,9.577917383367659,16.488641340423957,-1686.8066757414,0.13646152640012588
INDI_red_321_cutoff_0.0.inp.out,398.32057548998205,-0.1056,0.2206,3.8802,0.0,-1324.7402560998,15.698726371649204,15.10059175987329,-1686.1920574818,0.1123163366000881
INDI_red_322_cutoff_0.0.inp.out,399.3937982740269,-0.1400,0.1819,4.0717,0.0,-1324.8090735392,14.44453013652024,6.582663143467961,-1686.2843486571,0.1461633259998507
INDI_red_323_cutoff_0.0.inp.out,396.27799794922123,-0.1274,0.1940,3.8925,0.0,-1325.3723988573,33.95660930603996,36.758716913787225,-1686.839211448,0.13017784630005735
INDI_red_324_cutoff_0.0.inp.out,393.4954182322626,-0.1545,0.1725,4.5140,0.0,-1325.4638457743,-5.571362245670865,-2.7205277698009587,-1686.9288618471,0.16030310990004182
INDI_red_325_cutoff_0.0.inp.out,396.90299770251437,-0.1065,0.1994,3.9931,0.0,-1325.2253763558,12.031891070578014,10.381114603829129,-1686.685565073,0.1125181043998964
INDI_red_326_cutoff_0.0.inp.out,397.0193891972935,-0.1231,0.1865,4.9745,0.0,-1324.9480127422,-7.745271788287904,-24.62670660683938,-1686.411312021,0.12679133529991304
INDI_red_327_cutoff_0.0.inp.out,395.1781987044312,-0.1460,0.1893,3.6995,0.0,-1325.5385578354,-0.720474933122649,-8.053060287017736,-1687.0020029569,0.1478791124000054
INDI_red_328_cutoff_0.0.inp.out,397.996808870181,-0.1610,0.1762,3.9381,0.0,-1325.2854223033,-5.797738545581144,-12.863104011432725,-1686.7648865285,0.16439833830008865
INDI_red_329_cutoff_0.0.inp.out,396.71452968831176,-0.1164,0.1921,3.3043,0.0,-1325.0743781715,-2.288156576059168,-11.508079945958464,-1686.534638815,0.12299543479980457
INDI_red_32_cutoff_0.0.inp.out,400.2229378753971,-0.1263,0.2095,3.7070,0.0,-1324.5361737521,-8.353238033075243,-5.672517956948253,-1686.0114032403,0.12999941349994515
INDI_red_330_cutoff_0.0.inp.out,395.3115064528916,-0.1268,0.1784,2.7472,0.0,-1325.3313427010,-9.88497703944582,-5.625273116323835,-1686.7891784646,0.132809499699988
INDI_red_331_cutoff_0.0.inp.out,396.50887049501716,-0.1350,0.1951,2.9159,0.0,-1325.1504051387,-21.334546713865485,-24.77604987632175,-1686.6268806908,0.1383593038001436
INDI_red_332_cutoff_0.0.inp.out,399.6445691983881,-0.1201,0.1968,4.4762,0.0,-1325.4602393900,-17.122079236222888,1.4757267911962166,-1686.9329315055,0.12434885649986427
INDI_red_333_cutoff_0.0.inp.out,394.95473029573446,-0.1343,0.1928,4.4880,0.0,-1325.6591404883,-0.6133032215050961,8.500431984772932,-1687.1388515499,0.1397184320001088
INDI_red_334_cutoff_0.0.inp.out,394.78675387953143,-0.1290,0.1918,3.1468,0.0,-1325.1668575477,6.183642178341858,10.912656602337103,-1686.628807447,0.13352088000010554
INDI_red_335_cutoff_0.0.inp.out,396.7724158533244,-0.1338,0.1984,3.3706,0.0,-1324.9940221636,2.915380875245281,14.046584111948112,-1686.4439445962,0.13800280059990655
INDI_red_336_cutoff_0.0.inp.out,399.34846733704615,-0.1188,0.1889,3.7185,0.0,-1325.1607753923,13.96020260021377,7.932254766422047,-1686.6219588139,0.12387233620006555
INDI_red_337_cutoff_0.0.inp.out,396.23762137356226,-0.1516,0.1712,3.6080,0.0,-1325.1243220002,7.110474500657569,11.033679509039185,-1686.5861701647,0.15617513050005982
INDI_red_338_cutoff_0.0.inp.out,395.1180806238648,-0.1315,0.1777,3.2952,0.0,-1325.1592787997,11.750617557983611,-0.4378346083002364,-1686.6227666231,0.13866337520016714
INDI_red_339_cutoff_0.0.inp.out,393.7542145706389,-0.1004,0.2103,4.2377,0.0,-1325.2486685228,1.1462787633255405,7.175224385876678,-1686.7091867902,0.10712698700012879
INDI_red_33_cutoff_0.0.inp.out,394.3649288774541,-0.1063,0.1865,4.3732,0.0,-1324.8578366100,-7.8947068687112845,-2.812251847084552,-1686.303822481,0.11314927629996419
INDI_red_340_cutoff_0.0.inp.out,399.2532569573241,-0.1303,0.1881,3.3923,0.0,-1324.6606212282,3.092678346527345,6.520954313422988,-1686.1076881029,0.1376296646001265
INDI_red_341_cutoff_0.0.inp.out,399.51580535679,-0.1386,0.1738,3.5096,0.0,-1324.6767871093,15.312462334478736,17.38866984247382,-1686.1341191665,0.14325736920000054
INDI_red_342_cutoff_0.0.inp.out,397.89216261425463,-0.1215,0.1836,4.5979,0.0,-1324.4998792908,9.076959342193621,10.10762755269818,-1685.9598214823,0.12716015780006273
INDI_red_343_cutoff_0.0.inp.out,395.4024049860774,-0.1281,0.1998,3.6511,0.0,-1324.7716877933,17.037756748817,22.80048879206512,-1686.2413436933,0.13196464509996986
INDI_red_344_cutoff_0.0.inp.out,396.6943119126266,-0.1120,0.1914,4.5038,0.0,-1325.0934060873,-8.420280080831464,3.437330376618059,-1686.5561174236,0.11555700009989778
INDI_red_345_cutoff_0.0.inp.out,400.06414124794713,-0.1469,0.1800,3.9785,0.0,-1325.1860463147,-12.464850324267333,7.431838987339971,-1686.6479846402,0.15287223870018352
INDI_red_346_cutoff_0.0.inp.out,397.87553027342943,-0.1553,0.1843,3.0007,0.0,-1325.1129443323,-1.3988096471891742,-4.263609662728488,-1686.5758245775,0.15397512799995638
INDI_red_347_cutoff_0.0.inp.out,395.7410377974249,-0.1381,0.1795,1.8576,0.0,-1325.2055465206,3.4857449101583966,5.038140011309278,-1686.6462845928,0.14506363939995026
INDI_red_348_cutoff_0.0.inp.out,395.8356728662324,-0.1242,0.1858,3.7797,0.0,-1324.9471874637,1.2593433472242856,9.866111147325059,-1686.3987884237,0.12800420510006916
INDI_red_349_cutoff_0.0.inp.out,396.9712628650441,-0.1387,0.1813,3.2987,0.0,-1324.9924747540,10.871400168375642,25.88781945909208,-1686.4450616152,0.14104759320002813
INDI_red_34_cutoff_0.0.inp.out,398.5380454398906,-0.1092,0.2142,3.9765,0.0,-1324.6515961970,-2.9874405002608255,3.829463178995711,-1686.1186367995,0.11590281629992205
INDI_red_350_cutoff_0.0.inp.out,395.3599500633678,-0.1112,0.1945,5.1595,0.0,-1325.0368536759,-9.800078047079522,-0.8415951693706367,-1686.503938952,0.11484213290009393
INDI_red_351_cutoff_0.0.inp.out,399.21083114323204,-0.1242,0.2047,3.7850,0.0,-1325.1651381416,-2.8888145585202265,-2.0000289811647,-1686.6250574755,0.1290220526000212
INDI_red_352_cutoff_0.0.inp.out,395.1704739388436,-0.1291,0.1948,4.2320,0.0,-1324.6474267130,-13.992947659538896,-13.546999940816184,-1686.1000393728,0.1356151733000388
INDI_red_353_cutoff_0.0.inp.out,399.1305542765549,-0.1061,0.2102,3.4690,0.0,-1325.0417655173,-9.48720056487887,-9.523476804519454,-1686.5023591245,0.11301708539986066
INDI_red_354_cutoff_0.0.inp.out,396.967428937579,-0.1406,0.2075,3.7778,0.0,-1325.1517073314,-14.913315255807813,-6.848472004755375,-1686.6172696477,0.14065344160007953
INDI_red_355_cutoff_0.0.inp.out,398.0031600271461,-0.1212,0.1931,3.3258,0.0,-1324.8720444408,2.973756484338574,4.146840942838121,-1686.328069094,0.12582977870010836
INDI_red_356_cutoff_0.0.inp.out,397.4746245704686,-0.1258,0.1932,3.8547,0.0,-1325.4395919335,4.427968223419736,5.385516668748999,-1686.8874832383,0.13341422620010235
INDI_red_357_cutoff_0.0.inp.out,393.8597000876873,-0.1258,0.1791,3.0082,0.0,-1325.0774674178,8.412877522474048,6.921563000409778,-1686.5209549849,0.13154596699996546
INDI_red_358_cutoff_0.0.inp.out,400.664231599216,-0.1263,0.1983,3.4763,0.0,-1325.3040569010,-1.619623215599412,0.975938720039598,-1686.7584038062,0.13060579199986933
INDI_red_359_cutoff_0.0.inp.out,397.58557988855216,-0.1136,0.2023,3.4303,0.0,-1325.2774161713,-3.0787004701849856,-1.9221573916512984,-1686.7412426099,0.11927775639992433
INDI_red_35_cutoff_0.0.inp.out,398.82055266898317,-0.1251,0.1878,4.7341,0.0,-1324.9712084437,-9.816063342034605,-5.309546796656906,-1686.4332674299,0.12850579800010564
INDI_red_360_cutoff_0.0.inp.out,396.10320010541477,-0.1258,0.1853,4.8907,0.0,-1325.2960336422,8.427306288405621,4.827734829414665,-1686.7532775933,0.1307261874001142
INDI_red_361_cutoff_0.0.inp.out,398.08365114706993,-0.1321,0.1949,4.0891,0.0,-1325.6238970540,-0.4140505045948807,3.8806955417242706,-1687.0844341351,0.13676892090006731
INDI_red_362_cutoff_0.0.inp.out,397.1486594549717,-0.1251,0.2020,4.4265,0.0,-1325.3658608680,20.617695351979823,27.98099319050604,-1686.8213656366,0.1313929360999282
INDI_red_363_cutoff_0.0.inp.out,396.35176931474996,-0.1477,0.1679,4.2500,0.0,-1325.6681612078,18.59441565718918,17.13754228858874,-1687.136359636,0.15192836109986274
INDI_red_364_cutoff_0.0.inp.out,396.42742820915333,-0.1302,0.1856,4.2983,0.0,-1325.3228888308,23.18287781858849,17.834500734117366,-1686.7945258663,0.13533992900011071
INDI_red_365_cutoff_0.0.inp.out,400.6886103653864,-0.1001,0.2009,5.0067,0.0,-1325.5794821641,4.827527303980418,6.869486575989555,-1687.0438694931,0.10617740180009605
INDI_red_366_cutoff_0.0.inp.out,398.801493241993,-0.1055,0.1888,5.3077,0.0,-1325.0153241972,-6.079267760292399,3.3474252386732846,-1686.4640338606,0.11102347619998909
INDI_red_367_cutoff_0.0.inp.out,394.8272195929886,-0.1103,0.1963,4.7534,0.0,-1325.2838990673,1.7622338359528888,4.391401355621925,-1686.7268090148,0.11480216070003735
INDI_red_368_cutoff_0.0.inp.out,395.33706780078006,-0.1455,0.1728,3.7732,0.0,-1325.1342107660,-5.6699732903576505,-6.7908871416846965,-1686.5928084652,0.15165328109992515
INDI_red_369_cutoff_0.0.inp.out,398.1885957848392,-0.1137,0.1958,5.3158,0.0,-1325.4847580845,-10.578700267359604,-0.8839236714927865,-1686.9532194115,0.11918654510009219
INDI_red_36_cutoff_0.0.inp.out,394.5689987259158,-0.1176,0.2012,4.5316,0.0,-1324.6962924952,-16.490832163023203,-21.4409040143658,-1686.1523281596,0.12372322830015037
INDI_red_370_cutoff_0.0.inp.out,397.5214383970015,-0.1289,0.1749,4.4197,0.0,-1325.0701440862,5.133621200382864,3.653270380026349,-1686.522987174,0.13691542129981826
INDI_red_371_cutoff_0.0.inp.out,393.1009034126058,-0.1182,0.1924,4.6311,0.0,-1325.1561597628,2.1897483601110457,2.2777579217626855,-1686.6079055779,0.1240770796000561
INDI_red_372_cutoff_0.0.inp.out,392.4624024278086,-0.1284,0.1912,4.0794,0.0,-1325.2177311184,6.163845241654317,6.835852735853513,-1686.6755284915,0.13225455409997267
INDI_red_373_cutoff_0.0.inp.out,400.1570220937651,-0.1278,0.1964,3.7643,0.0,-1325.3820954836,-8.334858739928501,-8.178983580227642,-1686.8499367624,0.13450867029996516
INDI_red_374_cutoff_0.0.inp.out,401.6623809264316,-0.1355,0.1862,4.2916,0.0,-1325.2259087472,-7.492338958818967,-5.898969373914941,-1686.6957183305,0.14109817939993263
INDI_red_375_cutoff_0.0.inp.out,395.1697014160179,-0.1404,0.1822,4.4802,0.0,-1324.9610094880,-3.5149103824493033,-3.6201943667346375,-1686.4240845694,0.14626053419988239
INDI_red_376_cutoff_0.0.inp.out,392.5819709323542,-0.1398,0.1824,3.5696,0.0,-1325.3698076040,-1.5757656309838237,-1.3240158320758018,-1686.8248097496,0.14641215849997025
INDI_red_377_cutoff_0.0.inp.out,400.2835616061753,-0.1258,0.1905,4.5489,0.0,-1325.2095257495,-13.121254385935197,-9.699760521937836,-1686.6794743156,0.13175733440016302
INDI_red_378_cutoff_0.0.inp.out,396.7594390344933,-0.1290,0.1725,5.4459,0.0,-1324.9011943880,-13.774372234875598,-6.5769153660388735,-1686.355784072,0.1356412445998103
INDI_red_379_cutoff_0.0.inp.out,396.7551417741985,-0.1176,0.1918,4.4448,0.0,-1325.4741871695,-11.994739269675016,-17.784932120190895,-1686.9273003782,0.12654748829982054
INDI_red_37_cutoff_0.0.inp.out,399.606192988038,-0.1272,0.2001,3.9074,0.0,-1325.2555981613,-3.5457337633094093,-8.718813753685795,-1686.733958827,0.1313054741999622
INDI_red_380_cutoff_0.0.inp.out,395.74529836764117,-0.1434,0.1918,3.7584,0.0,-1325.2393685757,-0.9972346099560839,-2.1778330899193663,-1686.7084427148,0.14684002690000852
INDI_red_381_cutoff_0.0.inp.out,393.23139732369924,-0.1399,0.1988,2.8636,0.0,-1325.0917637862,4.617168668750971,1.5568433083074822,-1686.5541214899,0.1446865638001782
INDI_red_382_cutoff_0.0.inp.out,396.6177507256303,-0.1304,0.1748,4.5870,0.0,-1324.8543931279,-13.721724176865932,-21.1389863688171,-1686.3007461942,0.1371221265001168
INDI_red_383_cutoff_0.0.inp.out,397.9953580478018,-0.1304,0.1831,3.5172,0.0,-1325.0128729408,9.195107424866402,11.053913345260536,-1686.4692401964,0.13567842049997125
INDI_red_384_cutoff_0.0.inp.out,397.77298311225894,-0.1243,0.1983,4.1320,0.0,-1325.1438291492,-3.7779606790451776,-10.480385658338237,-1686.6164517582,0.12741780460009977
INDI_red_385_cutoff_0.0.inp.out,395.40432372638253,-0.1157,0.1941,3.2468,0.0,-1324.7444445291,-16.23040561746957,-26.302931792165115,-1686.1919251409,0.12138859569995475
INDI_red_386_cutoff_0.0.inp.out,399.31468074149797,-0.1235,0.1983,4.3769,0.0,-1325.3024860393,-10.810058888932009,-11.709281490857657,-1686.7683169424,0.12940034200005357
INDI_red_387_cutoff_0.0.inp.out,395.3563782453338,-0.1328,0.1961,2.8376,0.0,-1325.2440054487,-0.31819973208487007,-1.589336523983416,-1686.6966766188,0.13908681799989608
INDI_red_388_cutoff_0.0.inp.out,396.87615608448056,-0.1326,0.1752,3.8682,0.0,-1325.0902728214,2.300328502646403,5.972694507116932,-1686.5353788641,0.13854710360010358
INDI_red_389_cutoff_0.0.inp.out,394.6013770622672,-0.1479,0.1820,3.3477,0.0,-1325.4035075863,-1.4723977650398485,-10.3535077989574,-1686.8620195492,0.1533141099000659
INDI_red_38_cutoff_0.0.inp.out,396.9902579985604,-0.1539,0.1754,3.4492,0.0,-1325.1263688748,1.8681716517080256,-1.867193572916602,-1686.5912375238,0.15774871090002307
INDI_red_390_cutoff_0.0.inp.out,396.2671617762653,-0.1581,0.1603,3.6052,0.0,-1325.0888513647,-6.5216079947001475,-0.3777532820747799,-1686.5476436298,0.16274963539990495
INDI_red_391_cutoff_0.0.inp.out,395.96763562730615,-0.1462,0.1798,3.7455,0.0,-1324.9840568265,9.312057610091815,12.797892106906934,-1686.445235118,0.1514222755999981
INDI_red_392_cutoff_0.0.inp.out,395.55834938880935,-0.1530,0.1720,4.5217,0.0,-1324.7588145288,-11.632850417833827,4.348751948512846,-1686.2203229651,0.1586118819998319
INDI_red_393_cutoff_0.0.inp.out,395.1350359896047,-0.1154,0.1915,4.3519,0.0,-1325.4253912224,-8.846398260530155,5.845779871561249,-1686.8674338624,0.11897552039999937
INDI_red_394_cutoff_0.0.inp.out,392.54717847868466,-0.1390,0.1743,4.4465,0.0,-1325.1206775969,-9.874888471370104,-11.211987383593046,-1686.5686193035,0.14427041270005247
INDI_red_395_cutoff_0.0.inp.out,400.47537343592404,-0.1246,0.1734,5.1019,0.0,-1324.9063322592,-2.404813642827763,8.910670533925957,-1686.3683154972,0.12947048859996357
INDI_red_396_cutoff_0.0.inp.out,397.8214357314006,-0.1291,0.1840,4.8957,0.0,-1325.1663243130,-28.621658675835647,-6.993788695450945,-1686.6321472193,0.13468732939986694
INDI_red_397_cutoff_0.0.inp.out,392.9687831628084,-0.1217,0.1624,5.0325,0.0,-1325.0515242038,-15.55270730804461,-7.283705637543157,-1686.509619625,0.12660088739994535
INDI_red_398_cutoff_0.0.inp.out,394.24524750334547,-0.1197,0.2049,3.4582,0.0,-1324.7204100278,5.066951233801647,7.994970805548903,-1686.1808112545,0.12449701340005959
INDI_red_399_cutoff_0.0.inp.out,397.5907611091747,-0.1216,0.1950,3.8373,0.0,-1324.9703303984,12.57141473897854,9.542373693919659,-1686.4332610884,0.1278019950000271
INDI_red_39_cutoff_0.0.inp.out,397.8178021467372,-0.1078,0.1942,4.2556,0.0,-1324.9124377225,-12.02984323034732,-11.891416660955931,-1686.3760998769,0.1136485050999454
INDI_red_3_cutoff_0.0.inp.out,400.6675137123474,-0.1033,0.2068,3.3257,0.0,-1325.0682360042,1.5740990096548415,-0.3035450565942541,-1686.5222182084,0.11024848179999935
INDI_red_400_cutoff_0.0.inp.out,395.3599500633678,-0.1112,0.1945,5.1595,0.0,-1325.0368807075,-9.800143422790883,-0.8415875862964625,-1686.5039660715,0.11484166390005157
INDI_red_401_cutoff_0.0.inp.out,399.2828819724119,-0.1204,0.2060,4.2324,0.0,-1325.1125997581,-2.3121205901737145,-3.8112539522327804,-1686.5784764384,0.125031588200045
INDI_red_402_cutoff_0.0.inp.out,394.6275482892249,-0.1171,0.1961,4.5519,0.0,-1324.8022324777,-22.470559094770856,-19.14268140001136,-1686.245708151,0.12410758959981649
INDI_red_403_cutoff_0.0.inp.out,397.69992172634903,-0.1124,0.2084,4.2481,0.0,-1325.0713036982,-15.006718825660597,-4.673326241510687,-1686.5370983854,0.11766877199988812
INDI_red_404_cutoff_0.0.inp.out,396.87655589004424,-0.1212,0.2101,3.8818,0.0,-1324.9192704239,-16.30139763800542,-0.21191740312955848,-1686.401974068,0.12298269979987708
INDI_red_405_cutoff_0.0.inp.out,397.68097880905077,-0.1197,0.1877,4.7138,0.0,-1325.0115361451,-23.984216880055936,-12.304543466374522,-1686.4762952673,0.1264412906000416
INDI_red_406_cutoff_0.0.inp.out,395.08841318926875,-0.1292,0.1995,4.2454,0.0,-1325.0708816288,-5.044201439710386,-4.4118421135056725,-1686.533221318,0.13346060830008355
INDI_red_407_cutoff_0.0.inp.out,391.45122394840394,-0.1177,0.1959,4.0908,0.0,-1325.1507630255,3.642573149354944,-0.3421726809058808,-1686.6140789383,0.12316933219995008
INDI_red_408_cutoff_0.0.inp.out,401.12980000991604,-0.1244,0.1982,3.7809,0.0,-1325.4044391457,2.381947394989844,6.751785124699885,-1686.8802146114,0.13147113169998192
INDI_red_409_cutoff_0.0.inp.out,396.9555344107449,-0.1368,0.1954,3.6343,0.0,-1325.0737110344,-6.651275692640856,-2.9301819211355267,-1686.5324224578,0.14036956209997697
INDI_red_40_cutoff_0.0.inp.out,392.7664291866393,-0.1328,0.1935,4.5815,0.0,-1324.9666949704,-9.851051139591773,-6.182658987772693,-1686.4284290769,0.13592308410011356
INDI_red_410_cutoff_0.0.inp.out,396.94329420023706,-0.1366,0.1789,4.6055,0.0,-1325.0872384268,-6.9457784406305105,-5.367017331911983,-1686.5505628189,0.14339566230000855
INDI_red_411_cutoff_0.0.inp.out,394.7994600105126,-0.1173,0.2046,4.2057,0.0,-1325.1028152076,-19.80602567326023,-10.61993786058544,-1686.5755595849,0.12507504170002903
INDI_red_412_cutoff_0.0.inp.out,401.8449682810928,-0.1262,0.1959,3.9670,0.0,-1324.9820556323,-2.4750680641027696,5.873578444005649,-1686.454370094,0.1313547644999744
INDI_red_413_cutoff_0.0.inp.out,396.7043732865714,-0.1097,0.2042,3.5635,0.0,-1325.2332067030,-3.7156461349728995,-8.193556048097268,-1686.7005193909,0.1159223165000185
INDI_red_414_cutoff_0.0.inp.out,394.7803767937344,-0.1126,0.2024,3.1631,0.0,-1324.9498643119,-10.76501354168496,-17.050501210947125,-1686.4085156706,0.11899590370012447
INDI_red_415_cutoff_0.0.inp.out,399.8449020002332,-0.1408,0.1845,3.7621,0.0,-1325.0124016210,-22.18683794602075,-26.87978142576408,-1686.490370195,0.14405236309994507
INDI_red_416_cutoff_0.0.inp.out,398.2088959823547,-0.1232,0.1837,4.8919,0.0,-1325.0824145399,-22.772283235006757,-22.48250170253199,-1686.555686501,0.12738430610011164
INDI_red_417_cutoff_0.0.inp.out,400.5875880214964,-0.1425,0.1735,3.7696,0.0,-1325.4281607142,-20.359713602659966,-40.70484264009222,-1686.9077854678,0.14691637710006944
INDI_red_418_cutoff_0.0.inp.out,393.25899195142676,-0.1436,0.1709,3.8372,0.0,-1325.7869330698,-14.15094735820298,-15.038389333762826,-1687.2653435351,0.14769211229986468
INDI_red_419_cutoff_0.0.inp.out,394.79526135077515,-0.1342,0.1959,5.0109,0.0,-1325.3049776252,-10.636353357851272,-18.1490639907412,-1686.7775120047,0.13976658940009656
INDI_red_41_cutoff_0.0.inp.out,399.310063218143,-0.1252,0.1714,5.4336,0.0,-1325.3271620137,-23.706279868442362,-7.310214141811085,-1686.8054858519,0.13191320350006208
INDI_red_420_cutoff_0.0.inp.out,401.8638205226656,-0.1193,0.1928,5.1392,0.0,-1325.2161475846,-18.49258464328882,-25.95675854470781,-1686.6981188606,0.124469125800033
INDI_red_421_cutoff_0.0.inp.out,394.4874922686191,-0.1511,0.1709,4.9441,0.0,-1325.6521695511,-43.546179457960406,-31.600515973896844,-1687.1341565719,0.1562054074001935
INDI_red_422_cutoff_0.0.inp.out,396.7249370307229,-0.1241,0.1790,4.6578,0.0,-1324.9376325913,-63.33451770239122,-68.13891029159099,-1686.4097985698,0.12774917410001763
INDI_red_423_cutoff_0.0.inp.out,400.1215604803412,-0.1452,0.1815,4.9178,0.0,-1325.0432938323,-17.11580248583367,-15.21178277395769,-1686.5255909623,0.14911740639990967
INDI_red_424_cutoff_0.0.inp.out,397.7802664771075,-0.1399,0.1835,4.9002,0.0,-1325.2462950723,-9.988593765148698,-11.605983410620858,-1686.728195569,0.1457952056000522
INDI_red_425_cutoff_0.0.inp.out,396.68996233826545,-0.1216,0.1922,4.1791,0.0,-1324.9330276656,-4.31931463929502,-9.788911243208698,-1686.3934524032,0.12895977079983822
INDI_red_426_cutoff_0.0.inp.out,395.75390762431994,-0.1322,0.1781,3.9578,0.0,-1325.4945047121,-13.5707002288901,-13.980976908055233,-1686.9572891972,0.13961196989998825
INDI_red_427_cutoff_0.0.inp.out,401.7686372987709,-0.1304,0.1854,4.6623,0.0,-1324.8875906968,-16.38471593737656,-2.5117531359096796,-1686.3573410835,0.1369118565999088
INDI_red_428_cutoff_0.0.inp.out,396.1880589578335,-0.1223,0.1866,4.4270,0.0,-1325.0377323379,-14.249971774836657,-12.48396880871764,-1686.4980117022,0.12735694310003964
INDI_red_429_cutoff_0.0.inp.out,397.1417443175488,-0.1403,0.1848,5.1581,0.0,-1324.9733945635,-7.913158387410054,-1.1901511295441125,-1686.4550949017,0.146087653800123
INDI_red_42_cutoff_0.0.inp.out,397.32981928828906,-0.1067,0.2062,4.2904,0.0,-1325.5944561706,-22.59897273014501,-22.653263773379145,-1687.0605835464,0.11103063190012108
INDI_red_430_cutoff_0.0.inp.out,398.19937190912736,-0.1297,0.1890,5.2632,0.0,-1325.1517702942,2.6993987006346725,2.129431768137517,-1686.6323614779,0.13537005469993346
INDI_red_431_cutoff_0.0.inp.out,396.31335205853287,-0.1105,0.1929,5.1949,0.0,-1325.0506750998,-10.986348872028604,-11.663523942658866,-1686.5243654355,0.11759531720008454
INDI_red_432_cutoff_0.0.inp.out,397.9719597955805,-0.1289,0.1868,3.1220,0.0,-1324.6563833017,-10.017979141196253,-4.094294367457925,-1686.1280250789,0.13393564230000266
INDI_red_433_cutoff_0.0.inp.out,399.2125590851786,-0.1248,0.1907,2.7717,0.0,-1324.4180623403,1.7751526289528807,3.682461180569758,-1685.8809273236,0.12965965139983382
INDI_red_434_cutoff_0.0.inp.out,393.8571588224552,-0.1349,0.1953,3.2413,0.0,-1324.7744795759,2.449886922378654,4.851049878192638,-1686.2407191786,0.13976440260012168
INDI_red_435_cutoff_0.0.inp.out,398.8901878113282,-0.1173,0.2042,2.6310,0.0,-1324.5369730545,4.830945052466867,-8.736573807662909,-1685.9913656689,0.12353378270017856
INDI_red_436_cutoff_0.0.inp.out,395.9773255871062,-0.0975,0.2058,4.0487,0.0,-1324.6331237321,4.716464017655182,-4.811517043097086,-1686.0960706087,0.10595057120008278
INDI_red_437_cutoff_0.0.inp.out,396.95097711337905,-0.1254,0.1895,3.8287,0.0,-1324.3294990839,-6.704171687503811,-15.996165894097123,-1685.8014772987,0.1310041581000405
INDI_red_438_cutoff_0.0.inp.out,400.1597494902312,-0.1215,0.2061,3.6891,0.0,-1324.5737318862,-10.121101239099898,-12.808026394713995,-1686.0479935246,0.12644567370011828
INDI_red_439_cutoff_0.0.inp.out,396.3706967394027,-0.1191,0.2158,3.5727,0.0,-1324.7249402902,-8.815455361329056,-11.7961579379567,-1686.1938743862,0.12208087089993569
INDI_red_43_cutoff_0.0.inp.out,396.93165240814824,-0.1361,0.1797,5.1449,0.0,-1325.2517958351,-18.240591892429936,-17.172114723908653,-1686.7290738195,0.14339112700008627
INDI_red_440_cutoff_0.0.inp.out,396.95482327261254,-0.1169,0.2031,2.9707,0.0,-1324.4405861723,-14.58044953826943,-15.224304908519917,-1685.9122986478,0.12117346140007612
INDI_red_441_cutoff_0.0.inp.out,397.5042653051568,-0.1173,0.1830,3.5147,0.0,-1324.4264797658,-0.9413925560489578,-8.949145801642501,-1685.8947987875,0.12393213850009488
INDI_red_442_cutoff_0.0.inp.out,396.4143095666701,-0.1319,0.1925,4.0186,0.0,-1324.6037068156,2.2715479004240056,0.40630951885291794,-1686.0648197939,0.13883553000005122
INDI_red_443_cutoff_0.0.inp.out,394.77745997503786,-0.1458,0.1824,3.5517,0.0,-1324.9270371367,11.774489192905646,1.4167412359233815,-1686.3806011974,0.15062259310002446
INDI_red_444_cutoff_0.0.inp.out,392.68634967739064,-0.1249,0.1983,4.4709,0.0,-1324.5072878514,-1.756808309998847,-16.188250285020892,-1685.9676793583,0.13195742330003668
INDI_red_445_cutoff_0.0.inp.out,399.38025253683816,-0.1214,0.1931,4.6103,0.0,-1325.0496172813,-11.102332442191045,-4.145091879182873,-1686.5157701964,0.1283878038000239
INDI_red_446_cutoff_0.0.inp.out,398.5118456039671,-0.1425,0.1904,3.9982,0.0,-1324.8482571715,1.1491246729306304,0.48678795007005726,-1686.320002278,0.14691983169996092
INDI_red_447_cutoff_0.0.inp.out,395.7442588351681,-0.1595,0.1764,3.6129,0.0,-1325.0217397701,-9.780913115329923,-6.885113188874963,-1686.4837429731,0.16251607809999769
INDI_red_448_cutoff_0.0.inp.out,399.45690263241784,-0.1380,0.1875,4.0601,0.0,-1324.6537078434,3.532480877307429,7.297356808874942,-1686.1316770576,0.14162262779996126
INDI_red_449_cutoff_0.0.inp.out,397.50511882826777,-0.1250,0.1921,4.3921,0.0,-1324.3762709262,5.838332591025504,0.49422528300272917,-1685.8598880923,0.13136888129997715
INDI_red_44_cutoff_0.0.inp.out,395.2719615733609,-0.1028,0.2233,4.0043,0.0,-1325.5432534501,-1.261038190848374,-7.543491938458285,-1687.0101394042,0.10870988060014497
INDI_red_450_cutoff_0.0.inp.out,395.3599500633678,-0.1112,0.1945,5.1595,0.0,-1325.0367170027,-9.800170712204585,-0.8416795404878852,-1686.5038023108,0.11484203730014997
INDI_red_451_cutoff_0.0.inp.out,399.2121978973064,-0.1182,0.2082,4.1616,0.0,-1325.1651798014,-1.6430374408719548,-3.7013163182785136,-1686.6305506774,0.12280396220012335
INDI_red_452_cutoff_0.0.inp.out,396.091208649449,-0.1227,0.1930,4.6620,0.0,-1324.9079274360,-18.4004684433471,-16.610709313374056,-1686.3632528282,0.12942802449992996
INDI_red_453_cutoff_0.0.inp.out,396.64576248248994,-0.1163,0.2066,3.7453,0.0,-1325.3621503383,-9.429070798202158,-4.6919075096242855,-1686.8190001472,0.12370149380012663
INDI_red_454_cutoff_0.0.inp.out,397.1948796933219,-0.1423,0.1907,3.7764,0.0,-1325.2926552342,-5.389979393112751,-13.692948497284748,-1686.7650786163,0.14483795969999846
INDI_red_455_cutoff_0.0.inp.out,395.94214757284703,-0.1393,0.1862,4.0624,0.0,-1325.2234197552,-0.10217105747788979,-7.2244436017064,-1686.697716344,0.14263343600009648
INDI_red_456_cutoff_0.0.inp.out,394.8526091865714,-0.1352,0.1801,3.9984,0.0,-1325.1450268179,-22.194497283662038,-23.69551790470757,-1686.6020308723,0.13809906920005233
INDI_red_457_cutoff_0.0.inp.out,398.2986106906347,-0.1251,0.1951,4.8683,0.0,-1325.1309256757,-16.134207397844904,-11.453981890853859,-1686.6082437538,0.12800299609989452
INDI_red_458_cutoff_0.0.inp.out,400.3973333827591,-0.1235,0.1813,4.6436,0.0,-1324.7000392530,-18.182256768719938,-10.47230017041582,-1686.161438053,0.13144170939995092
INDI_red_459_cutoff_0.0.inp.out,398.2178560727409,-0.1156,0.1931,4.1403,0.0,-1324.9059167779,-3.2183584481920766,-6.234522015906208,-1686.3571104917,0.12059338850008317
INDI_red_45_cutoff_0.0.inp.out,395.15605428592744,-0.1284,0.1990,4.8967,0.0,-1324.9399177631,0.07776949063401528,-2.491694379851788,-1686.4184118753,0.1336659727001006
INDI_red_460_cutoff_0.0.inp.out,395.30043412692623,-0.1511,0.1895,3.8937,0.0,-1325.3854744966,-1.1936660931046672,-6.5539983518473495,-1686.8497795792,0.1544365518000177
INDI_red_461_cutoff_0.0.inp.out,400.2691301572937,-0.1349,0.1809,3.7528,0.0,-1325.0487294218,-2.545402711508155,-4.453346531260172,-1686.5095879248,0.13985705300001428
INDI_red_462_cutoff_0.0.inp.out,398.40315939508076,-0.1387,0.2003,3.4272,0.0,-1324.9431884341,-0.11104833395004388,2.7066351053252156,-1686.4115073338,0.14090290109993475
INDI_red_463_cutoff_0.0.inp.out,396.375067775673,-0.1166,0.1868,3.9956,0.0,-1325.2148425875,0.9997830654946858,-1.0469876077199445,-1686.6569833186,0.1250411546000123
INDI_red_464_cutoff_0.0.inp.out,394.0570734359811,-0.1146,0.1859,2.8697,0.0,-1324.9321616148,5.05251458828356,3.270876405061474,-1686.3667135661,0.12071225680006137
INDI_red_465_cutoff_0.0.inp.out,397.5979835627777,-0.1215,0.1915,4.3915,0.0,-1325.2757666341,-5.13497837635112,-2.2677748452127027,-1686.7485401732,0.12767260170016925
INDI_red_466_cutoff_0.0.inp.out,398.60204756742036,-0.1452,0.1669,3.4424,0.0,-1325.0394134973,6.129145504481654,5.689782753519811,-1686.4911055219,0.14997542989999602
INDI_red_467_cutoff_0.0.inp.out,397.9401712632812,-0.1233,0.1912,4.1146,0.0,-1325.0766384448,-6.790680141016497,-8.198083029686298,-1686.5185942924,0.12730316939996555
INDI_red_468_cutoff_0.0.inp.out,396.67292365197636,-0.1209,0.1934,4.6411,0.0,-1325.3656484383,-15.16456220884815,-22.05300225744296,-1686.8095227053,0.12761165610004355
INDI_red_469_cutoff_0.0.inp.out,400.3694741937753,-0.1361,0.1878,4.1065,0.0,-1324.8256503817,0.8112538714618112,2.27626522346206,-1686.2794462774,0.14082008569994287
INDI_red_46_cutoff_0.0.inp.out,401.0672372403581,-0.1224,0.2097,4.3407,0.0,-1325.3963832983,-14.038154151284214,-13.12245815712978,-1686.8847346176,0.12867314429990984
INDI_red_470_cutoff_0.0.inp.out,394.5610713610516,-0.1284,0.1892,4.1296,0.0,-1325.0094787143,-0.7840044207082355,8.49870807795455,-1686.4660411314,0.13483389629982412
INDI_red_471_cutoff_0.0.inp.out,394.06904498288173,-0.1225,0.1871,3.0946,0.0,-1325.3879211515,16.65764104653847,29.006655524021735,-1686.8251770735,0.12975025879995883
INDI_red_472_cutoff_0.0.inp.out,400.88813023531475,-0.1420,0.1717,3.6511,0.0,-1324.9493736116,11.978299937473622,5.48266118509344,-1686.3977741314,0.14860583909990055
INDI_red_473_cutoff_0.0.inp.out,395.06257105726405,-0.1385,0.1904,3.6037,0.0,-1325.0116604114,8.034319795286892,0.8256216216138533,-1686.4628361983,0.14318882389989085
INDI_red_474_cutoff_0.0.inp.out,399.8958759583723,-0.1235,0.1887,4.7213,0.0,-1325.1747364823,5.825064487505215,12.151506396826813,-1686.6426430821,0.1298258173001159
INDI_red_475_cutoff_0.0.inp.out,395.31275669662034,-0.1197,0.1915,4.4362,0.0,-1324.5629663364,14.393890526788505,16.961199626165765,-1686.0280102386,0.1270071584001471
INDI_red_476_cutoff_0.0.inp.out,396.72578497157144,-0.1264,0.1935,4.4336,0.0,-1324.9686683578,8.91713523114032,10.389951930725154,-1686.4295370331,0.13074776140001632
INDI_red_477_cutoff_0.0.inp.out,399.50541326870064,-0.1218,0.2001,3.6536,0.0,-1324.9006324348,-4.8660322724422045,8.825115583132588,-1686.3788351723,0.12725529140016079
INDI_red_478_cutoff_0.0.inp.out,395.2394174497111,-0.1223,0.1951,3.8190,0.0,-1324.8992139563,0.7998992184431908,-1.6951155404637346,-1686.3506399999,0.12487107540005127
INDI_red_479_cutoff_0.0.inp.out,397.824327507726,-0.1145,0.1907,3.4290,0.0,-1325.1995870153,-7.163768152311904,-3.7940163598285204,-1686.6568900056,0.12151527920013905
INDI_red_47_cutoff_0.0.inp.out,397.70148396452805,-0.1240,0.1942,3.8602,0.0,-1325.1647674221,-0.9848896957541723,-6.518417131534082,-1686.6400427077,0.12828943600015918
INDI_red_480_cutoff_0.0.inp.out,390.78389309018377,-0.1397,0.1649,3.5255,0.0,-1325.3532651329,10.814050589715942,7.826793650610655,-1686.7904714979,0.14515939669990985
INDI_red_481_cutoff_0.0.inp.out,397.29518582661876,-0.1217,0.1942,3.0951,0.0,-1325.1465139595,6.679954612671907,6.8762999542161785,-1686.5928001021,0.1281874701999186
INDI_red_482_cutoff_0.0.inp.out,397.00476113958524,-0.1134,0.2034,3.0744,0.0,-1325.1234923276,5.097249296338602,3.0989485267637735,-1686.5751678404,0.11784310789994379
INDI_red_483_cutoff_0.0.inp.out,399.0474083747647,-0.1234,0.1920,4.2767,0.0,-1324.9668776186,0.20414258014507708,7.175259962795005,-1686.4512446545,0.12762267569996766
INDI_red_484_cutoff_0.0.inp.out,395.31498400573105,-0.1212,0.1904,3.6256,0.0,-1325.2431836425,1.6733538815552222,5.172682650679286,-1686.7070338235,0.12702220470009706
INDI_red_485_cutoff_0.0.inp.out,398.2272619404275,-0.1426,0.1893,3.6428,0.0,-1325.1131552454,14.409905701252693,16.92301574482323,-1686.5919705451,0.14810959190003814
INDI_red_486_cutoff_0.0.inp.out,397.1895080297413,-0.1362,0.1958,3.2249,0.0,-1324.9714961726,3.824681460987547,14.511493307787338,-1686.4373410039,0.14048579410018647
INDI_red_487_cutoff_0.0.inp.out,396.368026613553,-0.1225,0.1836,4.4124,0.0,-1325.0143163702,28.209641609191003,36.58199475410242,-1686.4696651244,0.1270562597001117
INDI_red_488_cutoff_0.0.inp.out,396.94898600330487,-0.1351,0.1849,4.2908,0.0,-1324.9677813519,26.863015737510942,43.85263575659389,-1686.4373742351,0.1402055139001277
INDI_red_489_cutoff_0.0.inp.out,394.8006074404057,-0.1358,0.1813,3.9957,0.0,-1325.1024759570,10.533971754559472,13.234509776162023,-1686.5648868265,0.1405146336001053
INDI_red_48_cutoff_0.0.inp.out,394.16066832977805,-0.1349,0.1847,4.8704,0.0,-1325.2490379323,-7.098789840895538,-4.17842261973652,-1686.7281995686,0.1421992888999739
INDI_red_490_cutoff_0.0.inp.out,400.3835718540577,-0.1414,0.1791,3.5115,0.0,-1324.9691352625,1.9295475150558405,4.29522768461657,-1686.4272964754,0.14508570549992328
INDI_red_491_cutoff_0.0.inp.out,395.00084736381626,-0.1338,0.1936,3.2550,0.0,-1325.0276197056,7.267075225175528,12.574983842147512,-1686.4893154774,0.13731813439994767
INDI_red_492_cutoff_0.0.inp.out,394.1521147035831,-0.1359,0.1809,3.7679,0.0,-1325.0064620529,14.626591658081383,25.804323052364847,-1686.4662819061,0.13845785500006969
INDI_red_493_cutoff_0.0.inp.out,399.6371776799692,-0.1443,0.1613,4.1126,0.0,-1325.3921989655,24.656531929732978,28.471016191450143,-1686.8581634294,0.1492820088001281
INDI_red_494_cutoff_0.0.inp.out,398.87527980560355,-0.1205,0.1986,3.6858,0.0,-1325.4411665135,5.480238121007343,4.394964273390161,-1686.8950388563,0.12421026699985305
INDI_red_495_cutoff_0.0.inp.out,398.85699304908644,-0.1418,0.1900,3.7041,0.0,-1325.1048672591,2.050618687684838,3.652767842597364,-1686.5728461339,0.14369998229994962
INDI_red_496_cutoff_0.0.inp.out,393.4325408816489,-0.1126,0.1962,5.1418,0.0,-1325.1883659525,7.598553368846056,19.81388851264376,-1686.6354320949,0.11853495499985911
INDI_red_497_cutoff_0.0.inp.out,394.64465815476444,-0.1294,0.1826,4.5848,0.0,-1325.0808856768,19.53813615584762,26.113581828814503,-1686.5452838625,0.13507887959985965
INDI_red_498_cutoff_0.0.inp.out,397.58575706076226,-0.1329,0.1837,3.5009,0.0,-1324.6623029992,-5.432560137470038,-7.091657595166758,-1686.119422974,0.13634095339989472
INDI_red_499_cutoff_0.0.inp.out,399.10973764493536,-0.1414,0.1839,3.8117,0.0,-1324.8240920697,41.99677173930315,53.06737040653111,-1686.2938970474,0.14805704279979182
INDI_red_49_cutoff_0.0.inp.out,397.3925122444494,-0.1375,0.1860,5.1004,0.0,-1325.5493974911,-13.469882476071682,-12.089419391490987,-1687.0224137691,0.1420318503000999
INDI_red_4_cutoff_0.0.inp.out,397.1973066039433,-0.1543,0.1857,3.5443,0.0,-1325.2615031632,0.7513388745840395,1.7830758015620918,-1686.7338755349,0.1551998857999024
INDI_red_50_cutoff_0.0.inp.out,398.54926211051526,-0.1413,0.1724,4.1973,0.0,-1325.2752040294,6.568071879223034,6.253466121554484,-1686.7411644298,0.14621479480001653
INDI_red_51_cutoff_0.0.inp.out,399.71787428883863,-0.1270,0.1926,4.6103,0.0,-1325.4048489155,10.06314012904625,-0.7434543852735214,-1686.8784890243,0.131666291800002
INDI_red_52_cutoff_0.0.inp.out,395.52759923383496,-0.1472,0.1701,4.9622,0.0,-1325.3281530030,-13.563076657222172,-6.805738832280785,-1686.7890103417,0.1527078383001026
INDI_red_53_cutoff_0.0.inp.out,395.3197056466388,-0.1166,0.1960,4.4872,0.0,-1325.1359645922,-4.31102468520169,-10.174099549814938,-1686.598121175,0.12387822890013922
INDI_red_54_cutoff_0.0.inp.out,395.8845314059857,-0.1418,0.1855,3.7890,0.0,-1324.9988443270,3.6497162217816794,9.34792972939377,-1686.4602445599,0.1467238359998646
INDI_red_55_cutoff_0.0.inp.out,401.286526561666,-0.1484,0.1741,3.7245,0.0,-1324.7469698412,4.500166534845593,11.293237727338921,-1686.2039612422,0.1548058936000416
INDI_red_56_cutoff_0.0.inp.out,395.5617546936815,-0.1359,0.1919,3.6496,0.0,-1324.7957697524,2.007423419481599,-1.0929467695503499,-1686.2552794492,0.14121510810014115
INDI_red_57_cutoff_0.0.inp.out,397.21192112248644,-0.1425,0.1876,4.4807,0.0,-1324.7094082278,10.657406692983908,11.571991579804775,-1686.1841782443,0.14752720119986407
INDI_red_58_cutoff_0.0.inp.out,399.560088117807,-0.1562,0.1624,3.8797,0.0,-1325.1940114308,11.487870483512888,12.328690259346017,-1686.6514796611,0.1631388051000613
INDI_red_59_cutoff_0.0.inp.out,398.2081321906204,-0.1420,0.1662,4.0566,0.0,-1325.5466802790,19.287989295985742,24.13594764237749,-1687.021790401,0.14725205850004386
INDI_red_5_cutoff_0.0.inp.out,395.23244248829855,-0.1414,0.1845,3.6925,0.0,-1325.2570061798,-4.6462848241326595,-2.115504508725186,-1686.7206989665,0.14711422719983602
INDI_red_60_cutoff_0.0.inp.out,400.1435406131354,-0.1325,0.1866,3.9005,0.0,-1325.1815463420,8.723080931594778,12.53753834116485,-1686.6600014932,0.13419385589986632
INDI_red_61_cutoff_0.0.inp.out,396.14003932804525,-0.1398,0.1859,4.4497,0.0,-1324.8892004368,9.92405439493379,19.493835948534638,-1686.3661494752,0.1418589253000846
INDI_red_62_cutoff_0.0.inp.out,397.3430846293906,-0.1366,0.1831,3.8524,0.0,-1325.1201881413,8.965219150203538,9.915362827771377,-1686.5823491522,0.139786750300118
INDI_red_63_cutoff_0.0.inp.out,400.0270515826089,-0.1226,0.2038,3.5620,0.0,-1324.8927536291,2.6512791342919635,2.1294969779602235,-1686.3507369794,0.12754141070013247
INDI_red_64_cutoff_0.0.inp.out,395.112695050912,-0.1414,0.1859,2.6011,0.0,-1324.9699099605,5.1762913735046245,3.902556176278938,-1686.4195513029,0.14525009439989844
INDI_red_65_cutoff_0.0.inp.out,399.06179046157456,-0.1155,0.2071,3.8807,0.0,-1325.2415593169,6.276907069699779,19.30438436939921,-1686.706444982,0.11951417609998316
INDI_red_66_cutoff_0.0.inp.out,400.8702744427676,-0.1309,0.1801,2.9141,0.0,-1325.1634242481,3.930587774724852,3.080054918809616,-1686.6167183158,0.13652877460003765
INDI_red_67_cutoff_0.0.inp.out,394.831737592767,-0.1396,0.1894,2.5945,0.0,-1325.2557415087,18.955444229789986,20.15775399498888,-1686.7079812433,0.14595921059981265
INDI_red_68_cutoff_0.0.inp.out,396.55756040466855,-0.1113,0.2044,3.9307,0.0,-1325.0446271784,1.4799675861675154,-1.7271244630430107,-1686.5092849989,0.11701559209996049
INDI_red_69_cutoff_0.0.inp.out,397.9683378575379,-0.1228,0.1894,3.9262,0.0,-1325.2063150923,-14.862589177914737,-13.917402886655998,-1686.6466822833,0.12904888920002122
INDI_red_6_cutoff_0.0.inp.out,397.4270501861712,-0.1187,0.1972,4.3587,0.0,-1325.5155057918,-13.890605344183475,2.5755442902841126,-1686.9882104618,0.1225279825000598
INDI_red_70_cutoff_0.0.inp.out,395.3599500633678,-0.1112,0.1945,5.1595,0.0,-1325.0368590614,-9.80020774128098,-0.8417165886733508,-1686.5039443353,0.11484152749994792
INDI_red_71_cutoff_0.0.inp.out,399.00316224925143,-0.1215,0.2069,4.1955,0.0,-1325.1289367135,-4.1949789370726505,-5.463068574131575,-1686.5959425433,0.1258415951999723
INDI_red_72_cutoff_0.0.inp.out,395.27035718468437,-0.1318,0.1890,3.9935,0.0,-1324.7176005718,-11.206524828622054,-13.211085385706987,-1686.1689455427,0.13850007280007048
INDI_red_73_cutoff_0.0.inp.out,400.47064353669566,-0.1058,0.2084,4.0812,0.0,-1324.7785519209,5.610747179891233,-0.5282594839466994,-1686.2449711049,0.11197643910008992
INDI_red_74_cutoff_0.0.inp.out,395.57275642750307,-0.1309,0.1994,3.7664,0.0,-1324.8967155520,-5.936622302991482,-3.949230428089057,-1686.3607512487,0.1341332878000685
INDI_red_75_cutoff_0.0.inp.out,395.64123764991245,-0.1317,0.1882,4.7411,0.0,-1324.8635324263,2.7771198541615507,2.811426632885916,-1686.3189745802,0.1390545959998235
INDI_red_76_cutoff_0.0.inp.out,398.25491888268834,-0.1448,0.1846,3.6738,0.0,-1324.9445791531,-3.2116062409641937,-2.076954188472918,-1686.4034624322,0.14920017479994385
INDI_red_77_cutoff_0.0.inp.out,396.19644335249376,-0.1276,0.1899,4.4161,0.0,-1324.9877403764,-9.630383567589462,-20.04500935817942,-1686.4495437465,0.13377646269987054
INDI_red_78_cutoff_0.0.inp.out,395.03307185590546,-0.1233,0.1916,3.1653,0.0,-1324.9245958771,-3.3241138786566187,-3.8331243255061764,-1686.3703841632,0.13212959919997047
INDI_red_79_cutoff_0.0.inp.out,395.8373166499724,-0.1317,0.1871,3.1216,0.0,-1324.9456554552,-0.5817132368617729,-4.489985426382529,-1686.4046855873,0.13558448710000448
INDI_red_7_cutoff_0.0.inp.out,396.7937535725619,-0.1284,0.1886,4.5893,0.0,-1325.4645701177,-10.059807528297801,-2.1094965376589476,-1686.940569334,0.1331407453999418
INDI_red_80_cutoff_0.0.inp.out,396.86800472521867,-0.1153,0.2069,3.1027,0.0,-1324.9695199128,-13.384650284333445,-8.300544948075402,-1686.4413460431,0.1215366325998275
INDI_red_81_cutoff_0.0.inp.out,397.8643316206804,-0.1260,0.1916,3.6725,0.0,-1325.2115976597,-16.68841530481146,-21.02485259470491,-1686.6655488253,0.13159899140009657
INDI_red_82_cutoff_0.0.inp.out,397.1191540223449,-0.1184,0.1971,4.0084,0.0,-1324.9524964882,-8.503202925476732,-6.112175915691336,-1686.4104028273,0.12549869839995154
INDI_red_83_cutoff_0.0.inp.out,389.87003192571217,-0.1089,0.1995,4.0409,0.0,-1325.0109101622,11.063527371182401,17.512438245422782,-1686.4394359671,0.11372336120007276
INDI_red_84_cutoff_0.0.inp.out,397.70973012431585,-0.1368,0.1888,3.8007,0.0,-1324.9307497916,8.849500155254711,2.445046831597836,-1686.3817546363,0.14250537209977665
INDI_red_85_cutoff_0.0.inp.out,396.86470565262476,-0.1373,0.1876,4.9870,0.0,-1324.7071898667,-5.1654224817056145,-12.537044628806095,-1686.1608365949,0.14163238410014856
INDI_red_86_cutoff_0.0.inp.out,394.67633939116814,-0.1192,0.1956,4.4636,0.0,-1325.0713290527,-3.316805570500964,-2.2180805181816012,-1686.5266417317,0.12408513969990054
INDI_red_87_cutoff_0.0.inp.out,399.5322977295427,-0.1417,0.1722,4.4233,0.0,-1325.3407221529,3.5335096490957207,5.020537637258286,-1686.8102993025,0.1433163182998669
INDI_red_88_cutoff_0.0.inp.out,401.48327721276786,-0.1335,0.1904,4.0783,0.0,-1325.3653207934,5.9039502814679965,21.727322524253886,-1686.8155943488,0.14061984389991267
INDI_red_89_cutoff_0.0.inp.out,395.7635608555084,-0.1451,0.1812,3.6507,0.0,-1325.2555758951,-4.894145973000325,-0.4766646491269737,-1686.7224106942,0.150269298899957
INDI_red_8_cutoff_0.0.inp.out,394.59981783078337,-0.1063,0.2091,3.2297,0.0,-1325.3836642752,-6.55673014888897,-4.935038029431424,-1686.8257405252,0.1133584617998622
INDI_red_90_cutoff_0.0.inp.out,394.3349491653115,-0.1090,0.2157,5.1118,0.0,-1324.9376373576,-0.7091231579090479,11.210001050577917,-1686.4045496046,0.11504333049992965
INDI_red_91_cutoff_0.0.inp.out,395.43220750794467,-0.1212,0.1935,3.7911,0.0,-1325.3764780122,-14.138424854840673,-13.078388358819433,-1686.8222686805,0.12822764020006616
INDI_red_92_cutoff_0.0.inp.out,401.43711845356324,-0.1239,0.2063,3.7948,0.0,-1325.2619803772,-4.5696721003144605,-0.5416631956484904,-1686.7298162726,0.1286456715999975
INDI_red_93_cutoff_0.0.inp.out,396.91039127414984,-0.1472,0.1795,4.0418,0.0,-1325.2717729079,-11.947295776043436,-10.239878371803,-1686.7422446612,0.15220158620013535
INDI_red_94_cutoff_0.0.inp.out,396.9904371827722,-0.1258,0.1799,4.2169,0.0,-1325.1504749776,-1.6405732577621728,-13.303884707931793,-1686.620327148,0.13075445300000865
INDI_red_95_cutoff_0.0.inp.out,396.604989838133,-0.1359,0.1987,3.3980,0.0,-1325.1743641326,4.697343907408576,12.684905787451665,-1686.6422501655,0.13920527069990385
INDI_red_96_cutoff_0.0.inp.out,398.7235661033813,-0.1366,0.1922,3.3820,0.0,-1324.9783166406,18.229563225775188,21.190368817735134,-1686.4494073247,0.13969868920003137
INDI_red_97_cutoff_0.0.inp.out,398.5105001926802,-0.1329,0.1757,3.6955,0.0,-1325.2417098524,15.289644119876103,23.04495586210477,-1686.7015831798,0.13468528580006023
INDI_red_98_cutoff_0.0.inp.out,393.4727422270081,-0.1517,0.1735,4.7242,0.0,-1325.0763398404,-0.9440967537167695,-16.7872241951333,-1686.5425796157,0.15610645269998713
INDI_red_99_cutoff_0.0.inp.out,398.3057355604853,-0.1068,0.1988,4.4286,0.0,-1324.7939591403,16.370772680631518,19.244445182759268,-1686.2398420903,0.11207824160010205
INDI_red_9_cutoff_0.0.inp.out,397.61979552394035,-0.1410,0.1954,3.1348,0.0,-1325.5300970058,2.958600102383885,-1.1300165495240804,-1686.9963008131,0.1437633227999413
