file_name,NRE,HOMO,LUMO,Dipole_mom,Num_waters,chg_chg,elec5,elec10,delE_hf,delE_dft
INDI_red_0_cutoff_7.5.inp.out,395.3599500633678,-0.1179,0.1679,34.2555,57.0,-1305.3109979187,79.41435937631267,-34.51075358505358,-6000.8639017432,0.11758610569995653
INDI_red_100_cutoff_7.5.inp.out,395.06297218318804,-0.1363,0.1387,38.2502,51.0,-1307.4551943124,-54.53813976640005,-161.50529092721598,-5546.7704992839,0.1371521278997534
INDI_red_101_cutoff_7.5.inp.out,398.17367227478604,-0.1235,0.1512,39.0609,48.0,-1308.6136108161,-73.42094841351529,-74.54320596099055,-5319.8470535458,0.1276046414004668
INDI_red_102_cutoff_7.5.inp.out,398.5394147521698,-0.1490,0.1521,39.2600,49.0,-1308.1219704701,-67.01773016359964,-121.73389911474216,-5395.3484688009,0.14870973829965806
INDI_red_103_cutoff_7.5.inp.out,397.07936789292864,-0.1436,0.1395,41.0981,51.0,-1307.5221453601,-44.58224352447762,-112.94112716577933,-5546.8224483106,0.14397945819928282
INDI_red_104_cutoff_7.5.inp.out,399.974492254102,-0.1294,0.1472,38.9887,51.0,-1307.4295356077,-19.893513743120273,-1.196955480494272,-5546.7157048419,0.1301348909992157
INDI_red_105_cutoff_7.5.inp.out,396.41134792160983,-0.1433,0.1464,35.8042,51.0,-1307.0555558765,16.686798014248712,23.42552500626339,-5546.4196881673,0.1418726225001592
INDI_red_106_cutoff_7.5.inp.out,400.2203878196785,-0.1322,0.1313,41.6075,50.0,-1307.6670858578,-32.74792078191607,153.84801666534776,-5470.9679354346,0.13388103200031765
INDI_red_107_cutoff_7.5.inp.out,396.571678752676,-0.1135,0.1632,34.6224,51.0,-1306.9740487355,61.59254651793472,13.55926440787676,-5546.3562739287,0.11427534009999363
INDI_red_108_cutoff_7.5.inp.out,394.58587765405065,-0.1207,0.1366,31.2912,54.0,-1306.1383949437,2.0068654260963883,-3.9227948133317376,-5773.6424991633,0.12233341530009056
INDI_red_109_cutoff_7.5.inp.out,397.81181058785614,-0.1326,0.1380,31.6465,56.0,-1305.6203718338,-69.42354563029195,-152.609669737741,-5925.1147631383,0.13261782139943534
INDI_red_10_cutoff_7.5.inp.out,396.22673938937226,-0.1275,0.1558,46.6348,53.0,-1307.1267484830,-39.4529934961892,-30.494287853827952,-5698.5881012988,0.13045145649994083
INDI_red_110_cutoff_7.5.inp.out,399.1604582808021,-0.1542,0.1304,38.0863,56.0,-1305.5467706822,-189.7059009455999,-196.77936885895096,-5924.9862708438,0.15309857240026759
INDI_red_111_cutoff_7.5.inp.out,395.90042723405605,-0.1202,0.1459,44.0454,55.0,-1306.2395997906,-33.0199888098934,-194.23593504996188,-5849.6090812191,0.12218205059980392
INDI_red_112_cutoff_7.5.inp.out,397.00389353367274,-0.1542,0.1409,42.4745,52.0,-1306.8578828615,147.7227527023753,7.906050290651006,-5622.1329658559,0.15244143979998626
INDI_red_113_cutoff_7.5.inp.out,397.09647091001534,-0.1244,0.1554,49.7413,55.0,-1306.1521940719,218.45201581113818,58.54407644511029,-5849.6497543082,0.1250412095005231
INDI_red_114_cutoff_7.5.inp.out,397.04322334671616,-0.1002,0.1647,38.4673,51.0,-1307.2493467254,-7.6093225182151345,127.99132379491387,-5546.5380729393,0.10382171879973612
INDI_red_115_cutoff_7.5.inp.out,395.7237709068316,-0.1189,0.1671,32.1419,50.0,-1307.4768736955,165.81020437050333,79.53312318149783,-5470.8285005158,0.11967526740045287
INDI_red_116_cutoff_7.5.inp.out,397.4224505929427,-0.1291,0.1427,37.3342,52.0,-1306.9227168728,38.099992473441546,197.02436797014948,-5622.3808855406,0.13232201109985908
INDI_red_117_cutoff_7.5.inp.out,396.159294984881,-0.1409,0.1479,21.3566,52.0,-1307.0122154109,101.0558089480078,68.41800322178369,-5622.3964495634,0.14234689199929562
INDI_red_118_cutoff_7.5.inp.out,399.3779856634441,-0.1414,0.1463,29.9447,51.0,-1307.4225037896,9.553953031854125,-21.11366285067505,-5546.7651787621,0.14219113410035789
INDI_red_119_cutoff_7.5.inp.out,397.0829026343364,-0.1534,0.1518,28.2451,46.0,-1308.9691426714,30.470819711246406,34.840719312353926,-5168.1180457498,0.15157221630033746
INDI_red_11_cutoff_7.5.inp.out,397.25837373979414,-0.1346,0.1546,44.6056,54.0,-1306.9066483460,2.70936758760566,22.90720288415722,-5774.4861830347,0.13556129910011805
INDI_red_120_cutoff_7.5.inp.out,394.53249531154364,-0.1380,0.1476,31.1014,55.0,-1305.8925398365,-20.37473199149342,17.301974168855526,-5849.4008294087,0.14103673119916493
INDI_red_121_cutoff_7.5.inp.out,398.7305184836456,-0.1614,0.1453,30.4985,59.0,-1304.8122744829,121.06878146867471,158.76394145385174,-6152.4153043043,0.16009762849989784
INDI_red_122_cutoff_7.5.inp.out,391.4006650533939,-0.1427,0.1477,35.8544,58.0,-1305.2574615033,142.04319291950296,140.9537214408602,-6076.8229872619,0.14426424599969323
INDI_red_123_cutoff_7.5.inp.out,394.8410110515007,-0.1134,0.1535,38.2662,59.0,-1304.6743577531,178.25785655810574,247.96793817428605,-6152.281158579,0.11864887089996046
INDI_red_124_cutoff_7.5.inp.out,398.1432928919222,-0.1570,0.1316,25.6485,53.0,-1306.9454097507,152.78443335587866,223.43347894597213,-5698.4145135995,0.15801123619985447
INDI_red_125_cutoff_7.5.inp.out,394.1788183317979,-0.1497,0.1444,26.6536,51.0,-1307.1640758480,96.93212471739187,120.75335864327184,-5546.5862608013,0.14717017850034608
INDI_red_126_cutoff_7.5.inp.out,396.26780205756313,-0.1287,0.1334,25.3955,48.0,-1308.8391230502,93.67692134865372,137.5117565509587,-5320.0474738003,0.13359927900000912
INDI_red_127_cutoff_7.5.inp.out,397.18674376454464,-0.1379,0.1552,23.3046,49.0,-1308.2662633079,83.6900688559834,146.44842399357324,-5395.5424784567,0.1368780341999809
INDI_red_128_cutoff_7.5.inp.out,397.99867818450053,-0.1511,0.1367,32.2772,47.0,-1308.7145046743,85.42859479295427,205.32941044838662,-5243.9421330753,0.15260072670025693
INDI_red_129_cutoff_7.5.inp.out,395.06495216722834,-0.1561,0.1390,38.2775,51.0,-1307.4392964874,112.34401899723002,149.08228096206187,-5546.8314377858,0.15376727409966406
INDI_red_12_cutoff_7.5.inp.out,398.2023963542375,-0.1610,0.1393,36.6038,53.0,-1307.0789322695,16.624193608613993,44.391808580393054,-5698.587844842,0.15960762279974006
INDI_red_130_cutoff_7.5.inp.out,395.3599500633678,-0.1179,0.1679,34.2554,57.0,-1305.3110654600,79.41363368667986,-34.51149313038382,-6000.8639665043,0.11758669859955262
INDI_red_131_cutoff_7.5.inp.out,398.5760621670376,-0.1268,0.1647,37.5495,61.0,-1303.9651321147,-11.870989128196765,95.02033565150414,-6303.7092877312,0.12704392229989026
INDI_red_132_cutoff_7.5.inp.out,395.59385600780837,-0.1202,0.1657,28.8051,56.0,-1305.3907516974,108.54084546111702,21.16961097942483,-5924.9400435,0.12207155219948618
INDI_red_133_cutoff_7.5.inp.out,399.2433483859179,-0.1247,0.1588,31.3897,54.0,-1306.6323401477,84.50770356472962,33.327714177258706,-5774.1069651783,0.12718103650058765
INDI_red_134_cutoff_7.5.inp.out,394.51140676226197,-0.1458,0.1607,27.3059,54.0,-1306.4099710506,42.475203928746055,53.34606474823282,-5773.8501184588,0.1424642274996586
INDI_red_135_cutoff_7.5.inp.out,397.9693627914302,-0.1543,0.1468,29.6244,51.0,-1307.2557123684,-121.30796269495481,-30.898798587012948,-5546.6527077962,0.15436578890057717
INDI_red_136_cutoff_7.5.inp.out,396.1139515502437,-0.1147,0.1676,30.0518,54.0,-1306.6075708294,95.148057200597,63.55855517591155,-5774.0527697939,0.11789532960028737
INDI_red_137_cutoff_7.5.inp.out,394.47215687242465,-0.1435,0.1532,45.3424,53.0,-1306.9123777768,-109.0980745859661,110.15373118363267,-5698.3434376072,0.1434594175998427
INDI_red_138_cutoff_7.5.inp.out,395.8058202748739,-0.1463,0.1527,31.9892,54.0,-1306.5876986106,-18.65699631111799,44.811749114584366,-5774.0794978533,0.14592382930004533
INDI_red_139_cutoff_7.5.inp.out,397.25942737092447,-0.1453,0.1431,42.1733,52.0,-1307.4415826534,29.701410288711042,92.94839704284774,-5622.8229464818,0.14469386549990304
INDI_red_13_cutoff_7.5.inp.out,392.79789113030586,-0.1419,0.1459,37.1801,55.0,-1306.4121465062,27.262858870122965,19.96167197571378,-5849.9213559053,0.14368886290048977
INDI_red_140_cutoff_7.5.inp.out,393.8800989868495,-0.1470,0.1489,37.6973,51.0,-1307.5286049862,32.03695768535879,27.139158370624866,-5546.9382178708,0.15028304330007813
INDI_red_141_cutoff_7.5.inp.out,391.77649228068265,-0.1373,0.1584,34.9744,54.0,-1306.6875244471,28.610119295898784,72.00644201236173,-5774.2138796743,0.13852797159961483
INDI_red_142_cutoff_7.5.inp.out,399.93408407311,-0.1306,0.1577,38.1217,56.0,-1305.9767305011,28.66445787685613,98.16588815450127,-5925.5237334162,0.13180873059991427
INDI_red_143_cutoff_7.5.inp.out,395.2358731259325,-0.1272,0.1746,34.0493,54.0,-1306.4487641465,61.34436599444814,-6.829864712243948,-5773.8526918276,0.12473318530010147
INDI_red_144_cutoff_7.5.inp.out,399.8365982128477,-0.1317,0.1535,24.7598,52.0,-1307.1371255094,70.7259885351217,98.51570852286619,-5622.4939834747,0.13139552580014424
INDI_red_145_cutoff_7.5.inp.out,393.40315483435387,-0.1523,0.1450,25.4167,51.0,-1307.6545725570,38.181534620215565,30.12344994866491,-5547.0362172479,0.1515283794997231
INDI_red_146_cutoff_7.5.inp.out,392.57375541147286,-0.1630,0.1500,24.7287,52.0,-1307.3775281881,-25.52597190732847,-19.385928156664246,-5622.8688230786,0.15931961549995322
INDI_red_147_cutoff_7.5.inp.out,396.66666748980833,-0.1558,0.1427,27.8555,55.0,-1306.5180534301,-134.6106541284961,21.490807088630824,-5850.0823509533,0.15474932760025695
INDI_red_148_cutoff_7.5.inp.out,397.45383803681614,-0.1560,0.1379,33.1956,56.0,-1305.9900245126,2.839446045914799,-27.801269237915534,-5925.5515014117,0.15589280289987073
INDI_red_149_cutoff_7.5.inp.out,399.0424463178736,-0.1305,0.1652,34.7694,54.0,-1306.9853168983,-60.40661930346204,38.160569593798144,-5774.443160564,0.13150150480032607
INDI_red_14_cutoff_7.5.inp.out,397.96189189175635,-0.1295,0.1437,33.8215,52.0,-1307.4005062761,16.019578009017636,-29.652940950650866,-5622.7807560701,0.12944817079915083
INDI_red_150_cutoff_7.5.inp.out,398.40647729168796,-0.1425,0.1527,32.9694,57.0,-1305.5725899379,-92.97996641604148,-39.044108702266534,-6001.0342692678,0.14325904900033493
INDI_red_151_cutoff_7.5.inp.out,393.49474564033295,-0.1339,0.1479,31.1071,55.0,-1306.3111196548,-169.25940260795917,-39.42139652660179,-5849.7897952447,0.13665062969994324
INDI_red_152_cutoff_7.5.inp.out,394.4156115769326,-0.1297,0.1539,32.5960,53.0,-1306.9196997821,-84.97691194435697,-41.440900727904875,-5698.3354250703,0.13069245879978553
INDI_red_153_cutoff_7.5.inp.out,400.57837624902794,-0.1454,0.1475,37.8458,56.0,-1305.5763076027,50.25956792938435,28.546514653692345,-5925.1281446684,0.14438047699968592
INDI_red_154_cutoff_7.5.inp.out,396.475335123812,-0.1339,0.1670,37.3327,56.0,-1306.0868243948,5.638270235743946,40.86855192319411,-5925.6308443432,0.13339121530043485
INDI_red_155_cutoff_7.5.inp.out,394.6951189687577,-0.1341,0.1489,25.9365,55.0,-1306.1116238635,-212.86809400755732,-2.2594187445097593,-5849.565330036,0.1356331078995936
INDI_red_156_cutoff_7.5.inp.out,398.8661498559615,-0.1366,0.1612,23.4849,55.0,-1306.4606044427,-23.1582667169188,-73.23231690795622,-5850.0131895025,0.13605853089939046
INDI_red_157_cutoff_7.5.inp.out,397.0138696091468,-0.1525,0.1399,24.2309,55.0,-1306.3537849128,-166.5569235159612,22.734144876686987,-5849.8971637865,0.15203250020022097
INDI_red_158_cutoff_7.5.inp.out,396.99633970233293,-0.1114,0.1500,20.7679,56.0,-1305.9033711631,-36.17230600343081,24.830719299882094,-5925.5394959933,0.11521881639964704
INDI_red_159_cutoff_7.5.inp.out,391.56416228200465,-0.1456,0.1521,20.4343,54.0,-1306.5628429252,-55.65663219080713,25.681335178721852,-5774.0012053435,0.14539053439966665
INDI_red_15_cutoff_7.5.inp.out,395.4252174179989,-0.1475,0.1555,42.1280,52.0,-1307.1092186179,11.358245393931352,-38.70659759600639,-5622.4706542843,0.1464229401999546
INDI_red_160_cutoff_7.5.inp.out,397.96159597657424,-0.1353,0.1404,17.3643,51.0,-1307.6252896283,-226.6810717477161,-72.53698271775185,-5546.9652715987,0.13816382230015734
INDI_red_161_cutoff_7.5.inp.out,399.00684356677453,-0.1369,0.1527,18.2723,54.0,-1306.3934331016,-149.88914197633338,-99.43788510662132,-5773.8363534979,0.13913377159951779
INDI_red_162_cutoff_7.5.inp.out,394.6209453325012,-0.1143,0.1480,24.8554,55.0,-1305.6881499462,-22.771031421024528,-53.325991563135894,-5849.2022596955,0.11529831959978765
INDI_red_163_cutoff_7.5.inp.out,394.98767815750693,-0.1454,0.1441,23.0985,52.0,-1307.1334690898,-55.52785005901281,-83.27194055966227,-5622.4550465712,0.14433104309955525
INDI_red_164_cutoff_7.5.inp.out,397.1466952240472,-0.1328,0.1505,21.7133,53.0,-1306.9528008167,-65.47242853624653,-65.57543523487311,-5698.4185759054,0.1331065234999187
INDI_red_165_cutoff_7.5.inp.out,400.6415736040335,-0.1326,0.1420,28.3867,53.0,-1307.1645310970,1.136460143214912,-71.05831606061244,-5698.5558805663,0.13311762169996655
INDI_red_166_cutoff_7.5.inp.out,395.3632875737072,-0.1396,0.1532,14.1667,50.0,-1308.3032858241,-85.12283611386327,-31.538289388790304,-5471.6047534923,0.1418624555999486
INDI_red_167_cutoff_7.5.inp.out,393.0137669791187,-0.1238,0.1520,14.6126,54.0,-1307.1767051077,-123.69833930168684,-12.286209042398843,-5774.5918175526,0.12406983279925043
INDI_red_168_cutoff_7.5.inp.out,398.55461409875716,-0.1147,0.1673,11.9934,56.0,-1305.9985859466,-13.299119533005676,-51.7663098220446,-5925.4466103784,0.1176255685995784
INDI_red_169_cutoff_7.5.inp.out,393.76714053836565,-0.1421,0.1627,12.1360,55.0,-1306.5369774446,-41.5220765526085,-70.68236049623806,-5850.0518903531,0.1417673902005845
INDI_red_16_cutoff_7.5.inp.out,397.4166647569292,-0.1308,0.1667,41.8320,51.0,-1307.5781656019,-69.41754986895103,-47.337847114566955,-5547.0210659173,0.13230372110047028
INDI_red_170_cutoff_7.5.inp.out,402.8253984593553,-0.1213,0.1631,12.1302,56.0,-1305.9821910618,-4.500747174446532,-50.42232389152937,-5925.495285143,0.12217106469961436
INDI_red_171_cutoff_7.5.inp.out,397.1728056939481,-0.1279,0.1481,21.3873,56.0,-1305.8838851287,-23.680919728702484,-14.366703650269955,-5925.4111055853,0.12823641329941893
INDI_red_172_cutoff_7.5.inp.out,396.23751172089305,-0.1320,0.1532,14.0283,56.0,-1305.4342660071,-1.909654959852391,-85.44911282120451,-5924.9041470752,0.13278446270032873
INDI_red_173_cutoff_7.5.inp.out,397.68366375381896,-0.1367,0.1582,7.5121,56.0,-1305.7850474138,41.46043429281968,-11.612488782826507,-5925.3459834502,0.13450475100034964
INDI_red_174_cutoff_7.5.inp.out,395.73867170311496,-0.1174,0.1670,11.1721,56.0,-1305.6696264587,58.71565525216448,-46.84575010060605,-5925.2335864273,0.1170924133994049
INDI_red_175_cutoff_7.5.inp.out,396.0574732606782,-0.1268,0.1667,7.7588,53.0,-1306.9077868991,15.845102831991591,-60.161484305328244,-5698.367372918,0.12732002719985758
INDI_red_176_cutoff_7.5.inp.out,398.3276981510026,-0.1337,0.1610,15.9519,50.0,-1307.5428099768,-20.075869712125495,-51.205727889412124,-5470.8839702248,0.13267655609979556
INDI_red_177_cutoff_7.5.inp.out,395.8636668000857,-0.1111,0.1714,14.6800,47.0,-1308.9251613083,4.885680405444289,-73.93780008136218,-5244.1058173101,0.11543011279991333
INDI_red_178_cutoff_7.5.inp.out,395.91403390187617,-0.1454,0.1453,20.9301,51.0,-1307.6642071096,59.79056011170019,-48.71694142261174,-5547.014120027,0.14715478960079054
INDI_red_179_cutoff_7.5.inp.out,397.5093359145931,-0.1415,0.1600,24.4465,53.0,-1306.5972485424,-3.0449398965437378,-98.25394514546005,-5698.0235054329,0.14164834129951487
INDI_red_17_cutoff_7.5.inp.out,395.21334636718393,-0.1253,0.1550,39.3323,53.0,-1307.1243917115,57.26152022205659,160.94452469057262,-5698.591333871,0.1267786711005101
INDI_red_180_cutoff_7.5.inp.out,395.3599500633678,-0.1179,0.1679,34.2555,57.0,-1305.3110552557,79.41376973419281,-34.51159966386599,-6000.8639561914,0.11758667170033732
INDI_red_181_cutoff_7.5.inp.out,399.1736797781988,-0.1265,0.1658,41.2106,60.0,-1304.3212474277,-28.04702498759385,82.7057514952881,-6228.0461021926,0.12684472339969943
INDI_red_182_cutoff_7.5.inp.out,396.18803215065407,-0.1371,0.1543,32.8628,57.0,-1305.0378420780,-41.20220740030273,-3.0125026012436558,-6000.638125477,0.1392897431005622
INDI_red_183_cutoff_7.5.inp.out,398.65781766266304,-0.1225,0.1591,34.1000,55.0,-1305.8841618310,-16.9217574888773,45.212645553732514,-5849.4350110944,0.1250426052001785
INDI_red_184_cutoff_7.5.inp.out,397.7202951325919,-0.1402,0.1518,30.8556,52.0,-1307.1048116762,36.02896865507517,32.85896707198808,-5622.3671628751,0.1374062304994368
INDI_red_185_cutoff_7.5.inp.out,395.8836217554583,-0.1367,0.1531,23.7061,51.0,-1307.6094345825,215.09529352178816,-12.268701848507142,-5546.9752042558,0.13824446719991101
INDI_red_186_cutoff_7.5.inp.out,392.5185875769924,-0.1674,0.1284,23.4784,51.0,-1307.4868503722,-14.135359073422427,23.147508642652863,-5546.8669728401,0.16766668610034685
INDI_red_187_cutoff_7.5.inp.out,395.5050665476228,-0.1578,0.1229,29.6261,55.0,-1306.0423878091,-153.12132452812736,138.4718582426128,-5849.5588446503,0.15940597179996985
INDI_red_188_cutoff_7.5.inp.out,397.8376691309054,-0.1306,0.1441,22.6977,55.0,-1305.6486681062,4.913055167757116,64.88888311600049,-5849.114567327,0.1334595611997429
INDI_red_189_cutoff_7.5.inp.out,397.2013468977285,-0.1360,0.1377,26.3716,58.0,-1304.5950483740,-10.634281363319449,54.712510019841304,-6076.2021213619,0.13582365920046868
INDI_red_18_cutoff_7.5.inp.out,392.35914633377547,-0.1169,0.1552,35.7201,55.0,-1306.4041725333,111.67603676333276,62.5845474587905,-5849.8459834313,0.11879857219992118
INDI_red_190_cutoff_7.5.inp.out,396.2025024912369,-0.1129,0.1552,38.5297,57.0,-1305.1343489958,32.14022849065969,137.68366491154603,-6000.6870042847,0.11580763409983774
INDI_red_191_cutoff_7.5.inp.out,396.96289508948956,-0.1371,0.1385,38.8912,57.0,-1304.7363040362,131.87062839891968,169.27286633092544,-6000.3755402149,0.14036906179990183
INDI_red_192_cutoff_7.5.inp.out,398.12798833490723,-0.1129,0.1464,33.8522,53.0,-1306.7947081866,216.57792185737287,189.0773984051844,-5698.2755056695,0.1138147443998605
INDI_red_193_cutoff_7.5.inp.out,398.21472342231783,-0.1503,0.1464,34.5647,58.0,-1304.5181636416,-182.94666012192772,34.42986018843435,-6076.1792421524,0.1503087235005296
INDI_red_194_cutoff_7.5.inp.out,395.4474319449347,-0.1327,0.1281,31.1644,56.0,-1305.6376190522,-116.62368473265634,148.27699449248234,-5925.2185570044,0.1320258035993902
INDI_red_195_cutoff_7.5.inp.out,395.03859569588894,-0.1270,0.1472,21.9246,50.0,-1307.6283118255,-245.924342533848,-13.179553803075047,-5470.9645380383,0.12789327709924692
INDI_red_196_cutoff_7.5.inp.out,399.44657516665023,-0.1298,0.1536,24.7260,55.0,-1305.9653744006,-80.18280325780026,29.954967940308318,-5849.463006594,0.1300271418003831
INDI_red_197_cutoff_7.5.inp.out,399.65709046980766,-0.1294,0.1616,24.3580,53.0,-1306.6834127264,3.885088750187693,-67.9065283648011,-5698.0342069207,0.12896952220035018
INDI_red_198_cutoff_7.5.inp.out,393.121329969578,-0.1333,0.1602,32.0558,55.0,-1306.5717105662,-85.51262985476379,-103.35494375640273,-5850.0389551912,0.13394244790015364
INDI_red_199_cutoff_7.5.inp.out,394.0105148168331,-0.1320,0.1510,17.6743,56.0,-1305.8701288161,-15.039810603852883,-84.37572925440652,-5925.3850508548,0.13151982860017597
INDI_red_19_cutoff_7.5.inp.out,396.11983525734735,-0.1174,0.1381,28.5814,56.0,-1305.4009995230,-5.3448410234362544,31.266063650837232,-5924.8687145923,0.12137621159945411
INDI_red_1_cutoff_7.5.inp.out,399.20042763282987,-0.1261,0.1653,40.2701,60.0,-1304.3025756713,-3.3651303385710225,81.14820827755578,-6228.0218981293,0.12575472859953152
INDI_red_200_cutoff_7.5.inp.out,400.26525045615693,-0.1400,0.1631,17.7340,54.0,-1306.3821033560,-148.1163639773504,-36.664017594646616,-5773.7524422673,0.13924697919992468
INDI_red_201_cutoff_7.5.inp.out,394.55601095142265,-0.1451,0.1329,16.3389,52.0,-1306.9536324399,-63.50467473017196,9.794636352823407,-5622.3269109044,0.14515084110007592
INDI_red_202_cutoff_7.5.inp.out,398.20862203272486,-0.1352,0.1499,12.5771,53.0,-1306.8296894734,-79.05182103375004,-42.32878088538911,-5698.2039459212,0.13510324009985197
INDI_red_203_cutoff_7.5.inp.out,393.79360331700434,-0.1408,0.1389,18.3611,53.0,-1306.6679684912,35.28403717753613,73.98823263534113,-5698.0559429494,0.14083359629967163
INDI_red_204_cutoff_7.5.inp.out,402.2461752365922,-0.1237,0.1618,30.4900,51.0,-1307.6821773663,-72.11340393459776,-7.697884281180775,-5547.0265803735,0.12707956679969357
INDI_red_205_cutoff_7.5.inp.out,396.7894449391911,-0.1367,0.1468,22.7370,50.0,-1307.7456679958,123.54211071005275,162.1356737749357,-5471.0311750395,0.1370162037001137
INDI_red_206_cutoff_7.5.inp.out,397.4893411756777,-0.1308,0.1550,17.7715,52.0,-1307.2272783554,-117.02928757965843,212.81414904240017,-5622.5264247845,0.13346763499976078
INDI_red_207_cutoff_7.5.inp.out,398.12122243115357,-0.1491,0.1501,11.5551,56.0,-1305.6953660437,-175.4847281480537,73.71095905337779,-5925.1315058662,0.14942778319982608
INDI_red_208_cutoff_7.5.inp.out,396.1444952865606,-0.1319,0.1594,16.3492,56.0,-1305.1888821518,-62.23411359134361,174.69434067743072,-5924.6139050926,0.13322985089962458
INDI_red_209_cutoff_7.5.inp.out,397.4143946128184,-0.1241,0.1605,26.9189,57.0,-1305.2238780984,158.3820382719384,271.1664252286217,-6000.7916537649,0.1284809648996088
INDI_red_20_cutoff_7.5.inp.out,395.3599500633678,-0.1179,0.1679,34.2555,57.0,-1305.3110431444,79.41391895286299,-34.51128678892087,-6000.8639441685,0.11758668679976836
INDI_red_210_cutoff_7.5.inp.out,395.0806424528206,-0.1476,0.1367,27.5353,58.0,-1304.5677165368,64.34118177245092,268.6966929086123,-6076.1599232584,0.14873298309976235
INDI_red_211_cutoff_7.5.inp.out,399.555548984566,-0.1454,0.1339,19.2801,54.0,-1306.0952471498,162.85017941834337,155.83641460957298,-5773.5467601498,0.14716046280045703
INDI_red_212_cutoff_7.5.inp.out,397.2611639854298,-0.1423,0.1442,19.9947,56.0,-1305.3188043333,-56.849166809231036,21.551479210926747,-5924.8241151492,0.14174756260035792
INDI_red_213_cutoff_7.5.inp.out,396.186017084133,-0.1554,0.1546,18.0985,58.0,-1304.9824512119,12.239794838420865,0.9690281507225988,-6076.5375482953,0.15201650249946397
INDI_red_214_cutoff_7.5.inp.out,398.617864273482,-0.1499,0.1331,13.6939,57.0,-1305.2837439437,-118.41606186661295,11.988118630066188,-6000.9143003802,0.14964685070026462
INDI_red_215_cutoff_7.5.inp.out,399.86830052848046,-0.1474,0.1411,18.8290,55.0,-1305.6882374596,-51.977103909922164,37.52756081188533,-5849.1399505037,0.14776276010070433
INDI_red_216_cutoff_7.5.inp.out,397.76478545932224,-0.1380,0.1442,26.7865,59.0,-1304.1014956006,85.2920769018495,17.09422496517627,-6151.7003006935,0.13767130660016846
INDI_red_217_cutoff_7.5.inp.out,396.919052441496,-0.1278,0.1398,20.9680,60.0,-1304.1927610263,101.36408507975271,144.05473315483354,-6227.8047860471,0.13059417759995995
INDI_red_218_cutoff_7.5.inp.out,394.8714856618589,-0.1602,0.1386,36.3112,58.0,-1304.6425532767,97.86570357182018,61.44215495472854,-6076.2042630237,0.15775831409973762
INDI_red_219_cutoff_7.5.inp.out,397.17637399197906,-0.1447,0.1404,25.8861,57.0,-1305.3238484955,-196.49877152807608,-29.027510721029703,-6000.8274595769,0.14537147089959035
INDI_red_21_cutoff_7.5.inp.out,398.84982695613377,-0.1339,0.1623,40.4712,60.0,-1304.2984572224,13.479457808313924,98.5313186333697,-6228.0298639944,0.1339071235006486
INDI_red_220_cutoff_7.5.inp.out,397.15008529888246,-0.1363,0.1441,17.8368,54.0,-1306.0692954603,-55.22124344414485,-7.534796945350365,-5773.5662676856,0.13688074379933823
INDI_red_221_cutoff_7.5.inp.out,398.44904414500326,-0.1421,0.1538,17.8024,55.0,-1305.9150659718,49.223031767423564,-46.36670696686854,-5849.3727285713,0.1409311600991714
INDI_red_222_cutoff_7.5.inp.out,397.99262582620634,-0.1375,0.1559,20.5106,55.0,-1305.9122219293,-113.26486640807157,-14.185989624712018,-5849.4215789693,0.137918640099997
INDI_red_223_cutoff_7.5.inp.out,398.0077553948514,-0.1200,0.1419,19.7900,55.0,-1306.3024308068,46.83816232381709,-13.122147145694228,-5849.7885922938,0.1212919093995879
INDI_red_224_cutoff_7.5.inp.out,394.6907730798794,-0.1720,0.1362,23.4166,51.0,-1307.3151101958,-164.12125083140305,-28.08464134179249,-5546.6636650202,0.1709972139005913
INDI_red_225_cutoff_7.5.inp.out,397.00941258191585,-0.1208,0.1639,26.3392,49.0,-1307.8321881763,-54.74543021008432,-3.3976680907260612,-5395.0713235696,0.12293206079993979
INDI_red_226_cutoff_7.5.inp.out,398.24359299167867,-0.1352,0.1574,32.9256,54.0,-1306.6055475152,8.135142202296613,44.950698279721585,-5774.0180995212,0.13631341489963233
INDI_red_227_cutoff_7.5.inp.out,392.855114430815,-0.1265,0.1518,9.0100,51.0,-1307.5002073713,3.4029162281788605,41.03336786252065,-5546.8021179951,0.12580109940063267
INDI_red_228_cutoff_7.5.inp.out,399.1358816348277,-0.1373,0.1403,14.3674,52.0,-1307.0304545643,50.570597763518656,42.39821469006683,-5622.3714294526,0.13999225120005576
INDI_red_229_cutoff_7.5.inp.out,396.23868007281175,-0.1507,0.1551,8.6811,53.0,-1307.3198543296,54.523994793401066,-14.523932131032579,-5698.7590121774,0.14839576730082626
INDI_red_22_cutoff_7.5.inp.out,397.5116046327141,-0.1296,0.1656,34.3734,54.0,-1305.9021238306,23.845337275346253,-44.41097994140024,-5773.4337081601,0.13153837760000897
INDI_red_230_cutoff_7.5.inp.out,395.5182978260903,-0.1410,0.1450,41.7135,52.0,-1307.1271040004,116.14890759143769,219.73781493972461,-5622.4850125851,0.14327722749931127
INDI_red_231_cutoff_7.5.inp.out,399.9443600987657,-0.1296,0.1770,42.3494,50.0,-1307.3859045295,16.748624457421926,85.20104924425989,-5470.7312841158,0.13005042019995017
INDI_red_232_cutoff_7.5.inp.out,394.6615050830941,-0.1434,0.1591,46.0986,52.0,-1306.8613276156,24.798949846247268,36.41564850799411,-5622.2886848131,0.1420490869995774
INDI_red_233_cutoff_7.5.inp.out,400.883999433138,-0.1253,0.1588,44.0973,55.0,-1306.0587463593,87.82426944119956,16.405475492257157,-5849.6039874238,0.12581675080036803
INDI_red_234_cutoff_7.5.inp.out,394.2043959839798,-0.1384,0.1596,34.3988,54.0,-1306.6127444688,110.53798232375215,171.8869093356427,-5774.0455076337,0.13370884530013427
INDI_red_235_cutoff_7.5.inp.out,395.76915184353317,-0.1350,0.1424,38.3077,53.0,-1306.7969012621,114.57483753627001,288.9544749598871,-5698.2759494186,0.1339676560000953
INDI_red_236_cutoff_7.5.inp.out,398.45300516488714,-0.1179,0.1529,47.7603,57.0,-1304.7524788519,175.40070105725383,61.59890642948485,-6000.2935414912,0.11664201470011903
INDI_red_237_cutoff_7.5.inp.out,401.0198871485972,-0.1430,0.1424,65.2415,61.0,-1303.6667064771,184.6908403727472,348.4899020144094,-6303.3520466174,0.1399936121006249
INDI_red_238_cutoff_7.5.inp.out,393.8215050797706,-0.1562,0.1350,58.2904,60.0,-1303.8803083219,127.86862908126875,213.06538383108486,-6227.5616403183,0.15133776669972576
INDI_red_239_cutoff_7.5.inp.out,393.53456971478374,-0.1456,0.1273,50.7451,59.0,-1304.3308635678,-44.576314227299996,46.42036587197123,-6152.0096968297,0.1445890826998948
INDI_red_23_cutoff_7.5.inp.out,396.69774398852996,-0.1150,0.1530,42.1068,53.0,-1306.8881435916,52.667830207436424,98.7136583771734,-5698.308217678,0.11732198830031848
INDI_red_240_cutoff_7.5.inp.out,395.3599500633678,-0.1179,0.1679,34.2555,57.0,-1305.3111029128,79.41404113945693,-34.511695107876314,-6000.8640039824,0.11758644129986351
INDI_red_241_cutoff_7.5.inp.out,399.2984272417949,-0.1274,0.1647,37.7272,59.0,-1304.6452746908,-8.258615904314992,70.8818773188049,-6152.3289462164,0.12695117220027896
INDI_red_242_cutoff_7.5.inp.out,394.5609554282809,-0.1261,0.1655,32.7053,55.0,-1305.8368323885,53.59614589928003,4.45299138180933,-5849.39540538,0.12862173509984132
INDI_red_243_cutoff_7.5.inp.out,398.9010589672348,-0.1046,0.1624,30.5146,53.0,-1306.6912785350,19.422550133106554,129.06050664008762,-5698.1516672504,0.10760394020053354
INDI_red_244_cutoff_7.5.inp.out,398.2723587243179,-0.1507,0.1411,29.6209,54.0,-1306.8648010471,-125.180430295828,78.17080789872165,-5774.3397077208,0.14919077049944462
INDI_red_245_cutoff_7.5.inp.out,396.71105066852385,-0.1037,0.1697,30.2206,54.0,-1306.6218107871,2.853982920890471,25.902637834183224,-5774.0749627168,0.10613238890073262
INDI_red_246_cutoff_7.5.inp.out,392.52563679173124,-0.1299,0.1407,20.0286,58.0,-1305.4663873853,-250.32839566697086,23.696755633068214,-6077.0394584011,0.12952158249936474
INDI_red_247_cutoff_7.5.inp.out,398.9517163106204,-0.1398,0.1565,20.1819,56.0,-1305.6956208271,-25.139490876243837,-10.158826175263133,-5925.1900691544,0.13858699609954783
INDI_red_248_cutoff_7.5.inp.out,400.94853639094913,-0.1397,0.1508,19.7669,56.0,-1305.9431534394,-45.222417021270594,66.92033246068401,-5925.447658654,0.14034375380015263
INDI_red_249_cutoff_7.5.inp.out,392.4404354674879,-0.1219,0.1474,21.5799,57.0,-1305.4443999574,-8.050629252777133,55.409804581295155,-6000.9410225516,0.12374239649943775
INDI_red_24_cutoff_7.5.inp.out,398.2734966752541,-0.1797,0.1282,28.9539,55.0,-1306.3697154993,-502.7624989420128,97.38366100857888,-5849.8560781606,0.17563979089936765
INDI_red_250_cutoff_7.5.inp.out,393.59355457280714,-0.1407,0.1427,27.0162,55.0,-1306.1190840934,-25.272216283624424,72.38526421642055,-5849.5709095088,0.1379990302002625
INDI_red_251_cutoff_7.5.inp.out,394.26622417157495,-0.1343,0.1461,20.2054,57.0,-1305.2501926723,-83.5544242249757,10.298048569658496,-6000.8253143274,0.1350698360001843
INDI_red_252_cutoff_7.5.inp.out,402.4259362674432,-0.1306,0.1525,17.2490,56.0,-1305.3756497283,-5.033394929715094,23.437032181566153,-5924.9296287145,0.1309240365999358
INDI_red_253_cutoff_7.5.inp.out,396.4943190027459,-0.1403,0.1493,17.6702,55.0,-1305.7256969213,-112.10937987335296,-10.057084160467582,-5849.2856872599,0.14018897299956734
INDI_red_254_cutoff_7.5.inp.out,392.6353379494009,-0.1478,0.1566,25.2291,53.0,-1306.3264542112,60.16526108700283,38.00366383480307,-5697.8021326987,0.14895170830004645
INDI_red_255_cutoff_7.5.inp.out,395.5814278039478,-0.1582,0.1430,24.8900,57.0,-1304.5780783971,-29.77930794811344,22.45068390254242,-6000.1640533424,0.1573468895003316
INDI_red_256_cutoff_7.5.inp.out,400.61607232861195,-0.1504,0.1619,22.6824,56.0,-1305.1287759471,-77.60708204646897,-59.731813364218326,-5924.6032876815,0.14716584570032865
INDI_red_257_cutoff_7.5.inp.out,397.4477994919117,-0.1402,0.1459,29.3711,54.0,-1305.9455117013,-51.76858709896137,57.49200124680316,-5773.4710120395,0.1402601522004261
INDI_red_258_cutoff_7.5.inp.out,394.4628604087586,-0.1205,0.1495,23.8167,58.0,-1304.7491733758,9.319024494447888,22.3605695120833,-6076.30325155,0.11968222949963092
INDI_red_259_cutoff_7.5.inp.out,397.8595649887578,-0.1328,0.1570,20.9758,53.0,-1306.3927935393,-64.48443436163842,-38.28257704460677,-5697.8545542185,0.13111669919999258
INDI_red_25_cutoff_7.5.inp.out,399.94468315312787,-0.1275,0.1433,39.6398,55.0,-1306.2894881991,-110.50036545955794,125.48017033858655,-5849.7949692859,0.12991497429993615
INDI_red_260_cutoff_7.5.inp.out,398.5180383435158,-0.1312,0.1455,38.5651,56.0,-1305.0320940259,-63.27237564884771,-6.495819891892822,-5924.5900593458,0.13266446810030175
INDI_red_261_cutoff_7.5.inp.out,398.96596150747155,-0.1373,0.1372,29.0182,55.0,-1305.3282230010,-69.4431466197019,-45.28213815985707,-5848.8965443377,0.13781251340060408
INDI_red_262_cutoff_7.5.inp.out,401.0552427125724,-0.1328,0.1411,32.0567,57.0,-1305.1466438166,152.94959385399153,25.216074552454316,-6000.7299496178,0.13341741240037663
INDI_red_263_cutoff_7.5.inp.out,392.6346053531097,-0.1429,0.1449,22.5093,56.0,-1305.0796726815,24.267085240380702,-18.16273294605553,-5924.5840429479,0.14535467469977448
INDI_red_264_cutoff_7.5.inp.out,396.45938072128496,-0.1206,0.1533,14.7230,54.0,-1306.3344417650,107.67938214420397,17.93589657100673,-5773.7676526832,0.12021218319932814
INDI_red_265_cutoff_7.5.inp.out,399.4092088710585,-0.1416,0.1485,22.6054,52.0,-1306.5695655701,3.5266793844580517,-23.199040397143452,-5621.9599611061,0.14273269139994227
INDI_red_266_cutoff_7.5.inp.out,397.31701625569326,-0.1510,0.1493,17.2907,51.0,-1307.0860049152,-54.325463580635095,-18.624899416945365,-5546.4259898582,0.14979884649983433
INDI_red_267_cutoff_7.5.inp.out,395.69726145375427,-0.1379,0.1501,17.5909,50.0,-1307.4992050309,-56.95043096083352,-29.86289392276249,-5470.7952980681,0.13748986510017858
INDI_red_268_cutoff_7.5.inp.out,396.34120493352833,-0.1333,0.1533,19.5555,52.0,-1306.6972105443,-36.27457203549751,-42.451009278464255,-5622.1548807325,0.13273854959970777
INDI_red_269_cutoff_7.5.inp.out,400.1263785006725,-0.1309,0.1584,12.5261,55.0,-1305.8316513611,-46.387582983209334,38.003058307589825,-5849.276675795,0.13105636350064742
INDI_red_26_cutoff_7.5.inp.out,396.2334550814436,-0.1306,0.1403,46.0467,58.0,-1304.8095431808,123.9584157865037,228.67126101124862,-6076.4314961984,0.13109796910066507
INDI_red_270_cutoff_7.5.inp.out,396.62844287441277,-0.1395,0.1623,10.4531,54.0,-1306.5741008268,58.8865651474196,5.82386904108685,-5774.0192607798,0.13726471140034846
INDI_red_271_cutoff_7.5.inp.out,398.05947331855805,-0.1435,0.1426,16.5748,50.0,-1307.7184858540,-6.711892633653494,2.9555638939550484,-5471.042474396,0.14208629919994564
INDI_red_272_cutoff_7.5.inp.out,399.75473781284035,-0.1383,0.1482,15.3330,52.0,-1306.7862126585,4.509257389983257,-20.173603689327933,-5622.209513515,0.1391395113996623
INDI_red_273_cutoff_7.5.inp.out,399.2706912980916,-0.1036,0.1739,22.0969,53.0,-1306.3648853570,127.74474562200791,-6.131679655374326,-5697.7825817192,0.10518932680042781
INDI_red_274_cutoff_7.5.inp.out,394.84592644586934,-0.0995,0.1710,14.2393,53.0,-1306.5337977776,9.708304762854526,53.358905595184105,-5697.8855473052,0.10352450690061232
INDI_red_275_cutoff_7.5.inp.out,398.94843943479077,-0.1127,0.1647,20.2986,51.0,-1307.0244444143,-5.3105861331312525,-14.685940232027733,-5546.3850624988,0.11549905210085853
INDI_red_276_cutoff_7.5.inp.out,396.7434483037974,-0.1328,0.1575,17.9939,51.0,-1307.2683369233,-30.113397848633223,-34.22201692180726,-5546.6448496176,0.13411131339944404
INDI_red_277_cutoff_7.5.inp.out,397.20364076592955,-0.1397,0.1335,18.2833,54.0,-1306.3222792586,138.7822387338294,22.375097069333993,-5773.7589589726,0.14084509960048308
INDI_red_278_cutoff_7.5.inp.out,399.9631787430742,-0.1255,0.1517,20.2671,52.0,-1306.5743937309,5.835880045577172,-27.921580850756275,-5621.9148666728,0.12502534430041123
INDI_red_279_cutoff_7.5.inp.out,397.7316767531686,-0.1250,0.1565,18.6750,50.0,-1307.5289608764,41.774007874585074,-57.27099712085023,-5470.7741048815,0.12314710300051956
INDI_red_27_cutoff_7.5.inp.out,396.7048787110155,-0.1251,0.1545,44.4668,54.0,-1306.4144820513,-80.37994812333079,83.51259012412251,-5773.9085309043,0.12908262569999351
INDI_red_280_cutoff_7.5.inp.out,397.60401681224727,-0.1113,0.1537,10.2751,53.0,-1306.3754524662,79.13610893156394,-18.192259514641542,-5697.7239444225,0.11242671069976495
INDI_red_281_cutoff_7.5.inp.out,399.0303164097768,-0.1078,0.1566,21.8463,53.0,-1306.1067694303,146.2610748929316,-51.73102494505097,-5697.4451512982,0.11012505300004705
INDI_red_282_cutoff_7.5.inp.out,393.9357491208433,-0.1219,0.1581,27.9843,54.0,-1306.0014660310,45.33663548827773,-8.132775467649779,-5773.463026855,0.12395959730019968
INDI_red_283_cutoff_7.5.inp.out,399.2511028575452,-0.1147,0.1532,27.7677,55.0,-1305.8930226484,189.5219898110943,-81.56546979640284,-5849.4488618473,0.11469516389934142
INDI_red_284_cutoff_7.5.inp.out,399.7676310288123,-0.1388,0.1332,19.8121,52.0,-1306.8751104863,-122.74190550879366,-133.00743475900708,-5622.2928164165,0.13898377310033538
INDI_red_285_cutoff_7.5.inp.out,396.2239927688572,-0.1429,0.1531,31.2990,52.0,-1307.1065502703,76.31462046118999,38.006388492982126,-5622.5302919457,0.1422573777999787
INDI_red_286_cutoff_7.5.inp.out,397.8456779251447,-0.1189,0.1513,24.1898,54.0,-1306.2975415318,49.842413362219006,5.086050627383636,-5773.7840302185,0.11794185950020619
INDI_red_287_cutoff_7.5.inp.out,394.92876790768986,-0.1328,0.1510,19.9324,51.0,-1307.5050482179,-6.467077964550925,29.59431080623751,-5546.9523720975,0.1325691286001529
INDI_red_288_cutoff_7.5.inp.out,397.1961817072693,-0.1130,0.1630,16.8538,52.0,-1307.0133258667,133.11493760458816,50.99917110416386,-5622.5325037378,0.11645938230049069
INDI_red_289_cutoff_7.5.inp.out,398.92473654941784,-0.1290,0.1371,8.1587,55.0,-1306.0573752792,147.94678784624932,15.612765047572623,-5849.5758794899,0.13053781269991305
INDI_red_28_cutoff_7.5.inp.out,397.3679755453394,-0.1316,0.1458,29.3841,52.0,-1306.9838527482,-141.7356573408404,131.6456309160764,-5622.3425680808,0.13561813569958758
INDI_red_290_cutoff_7.5.inp.out,395.3599500633678,-0.1179,0.1679,34.2555,57.0,-1305.3110477116,79.41328153613894,-34.51162678193781,-6000.8639485589,0.11758688319969224
INDI_red_291_cutoff_7.5.inp.out,398.66101931969706,-0.1301,0.1646,40.2189,59.0,-1304.6949248009,16.428623187085293,93.050245487718,-6152.4033164669,0.13003850240056636
INDI_red_292_cutoff_7.5.inp.out,397.5611848621124,-0.1382,0.1569,30.4720,57.0,-1304.6866024934,-16.4162891242155,29.408771138419223,-6000.2700440825,0.14019163779994415
INDI_red_293_cutoff_7.5.inp.out,398.48303800488395,-0.1293,0.1599,31.7443,56.0,-1305.2796648874,10.121745350600536,19.963341890450195,-5924.8108865139,0.13030504769994877
INDI_red_294_cutoff_7.5.inp.out,393.95000898836633,-0.1511,0.1366,35.0436,54.0,-1306.0972403145,-113.12244997823095,0.5633166594346213,-5773.535661321,0.14726520600015647
INDI_red_295_cutoff_7.5.inp.out,399.3592186380536,-0.1319,0.1551,38.9394,54.0,-1305.9428251289,13.142079415907844,118.09439951278546,-5773.3838076582,0.12964709469997615
INDI_red_296_cutoff_7.5.inp.out,397.71744773541326,-0.1543,0.1303,36.9109,55.0,-1305.9161455608,-97.45139209082777,118.28639836127356,-5849.3271309176,0.15666571499968995
INDI_red_297_cutoff_7.5.inp.out,398.31876568177904,-0.1353,0.1422,31.4215,54.0,-1306.3541706279,31.279581620076883,219.2557203803435,-5773.7984701229,0.1364112078999824
INDI_red_298_cutoff_7.5.inp.out,396.48276812908426,-0.1385,0.1561,29.6861,53.0,-1306.8295163907,22.043958345969397,106.05283652120835,-5698.2772801741,0.13869771480040072
INDI_red_299_cutoff_7.5.inp.out,394.0072154539234,-0.1633,0.1321,38.5974,57.0,-1305.2043810432,56.72048493438879,177.98159850976452,-6000.7790242953,0.16037335100008931
INDI_red_29_cutoff_7.5.inp.out,394.0441225550588,-0.1373,0.1629,43.4958,55.0,-1305.9841617577,-38.943389117169005,73.74607360487502,-5849.5675538103,0.1377670878000572
INDI_red_2_cutoff_7.5.inp.out,394.1516989618235,-0.1309,0.1532,28.9176,55.0,-1305.7082597742,158.01287046828665,6.2690647494209495,-5849.2056190083,0.13243124159998843
INDI_red_300_cutoff_7.5.inp.out,401.09963865638605,-0.1389,0.1616,36.5239,52.0,-1306.9551288295,1.3372259933936832,77.94897053024636,-5622.4282390627,0.13891086019975774
INDI_red_301_cutoff_7.5.inp.out,398.3195773679315,-0.1305,0.1638,22.1714,49.0,-1308.2433077133,29.162004196837593,48.97176715438466,-5395.5170277787,0.1312254029999167
INDI_red_302_cutoff_7.5.inp.out,397.3182877035324,-0.1387,0.1506,11.0068,54.0,-1306.4690726151,115.61938962542123,90.54225584200367,-5773.9026533989,0.14152769459997216
INDI_red_303_cutoff_7.5.inp.out,393.09065981649485,-0.1403,0.1696,27.4797,56.0,-1305.7612753719,145.50451231393353,105.31363058570841,-5925.3017804211,0.14041454610014625
INDI_red_304_cutoff_7.5.inp.out,399.9501316324308,-0.1398,0.1516,26.9860,54.0,-1306.4246206797,-70.10489002816911,115.57465832176888,-5773.7477435879,0.14147354589931638
INDI_red_305_cutoff_7.5.inp.out,397.38193928052465,-0.1444,0.1384,32.0288,57.0,-1305.5302676270,219.67385769962138,220.0388092251902,-6001.0505023527,0.1445054608002465
INDI_red_306_cutoff_7.5.inp.out,396.51827156676296,-0.1470,0.1528,24.6261,51.0,-1307.1190121496,-28.71560057235483,46.37908031508258,-5546.4387741782,0.14413920940023672
INDI_red_307_cutoff_7.5.inp.out,396.29338829891844,-0.1309,0.1594,39.5554,52.0,-1307.3484008512,110.87499437962305,189.0372537993463,-5622.7521057234,0.13314132960022107
INDI_red_308_cutoff_7.5.inp.out,393.41619283826145,-0.1135,0.1555,40.2972,55.0,-1306.3901038980,77.0561183216244,114.41800078544382,-5849.8938601022,0.11690289369926177
INDI_red_309_cutoff_7.5.inp.out,395.4911866660271,-0.1240,0.1415,29.2506,57.0,-1305.2632574059,95.9201212603143,91.85551417656278,-6000.8880828807,0.12636076760009018
INDI_red_30_cutoff_7.5.inp.out,396.12978461388155,-0.1450,0.1501,47.5846,57.0,-1304.9549280488,-0.49021686005171816,53.127000961754646,-6000.7070637987,0.14439523439978075
INDI_red_310_cutoff_7.5.inp.out,399.52411152440925,-0.1381,0.1524,25.9332,53.0,-1306.9008944718,309.2467361139214,150.02488659139735,-5698.3551923117,0.13806710399967415
INDI_red_311_cutoff_7.5.inp.out,397.7114488778232,-0.1448,0.1507,22.7101,55.0,-1306.2477230353,57.99254703612008,25.61150118005757,-5849.8063845661,0.14194751650029502
INDI_red_312_cutoff_7.5.inp.out,397.0831288321638,-0.1491,0.1598,32.1145,53.0,-1306.8071447938,99.18551076252353,11.395423433278848,-5698.3369666077,0.14912538610042247
INDI_red_313_cutoff_7.5.inp.out,395.885679174463,-0.1374,0.1488,29.2921,53.0,-1306.5955270745,-70.83449436116273,-107.42441012081599,-5698.0141535639,0.13998449159953452
INDI_red_314_cutoff_7.5.inp.out,402.3816398625196,-0.1447,0.1411,37.2523,52.0,-1307.2188025310,51.97365520378473,-43.35931219854793,-5622.6590434596,0.14345902730019588
INDI_red_315_cutoff_7.5.inp.out,396.69107793696116,-0.1584,0.1370,27.7735,53.0,-1306.4418786998,-90.99730906225494,-56.86977838543868,-5697.8691552046,0.15482579069976055
INDI_red_316_cutoff_7.5.inp.out,392.3522584133814,-0.1470,0.1554,23.0435,55.0,-1306.2386845366,0.4859376100135616,-37.87924408428109,-5849.7215675304,0.14670483949976187
INDI_red_317_cutoff_7.5.inp.out,399.32397192241626,-0.1574,0.1520,36.9365,57.0,-1305.3728012053,-8.331280810782886,-90.93489801147167,-6000.9578161737,0.15371949750078784
INDI_red_318_cutoff_7.5.inp.out,398.53574503501045,-0.1164,0.1613,27.9234,54.0,-1306.5201123230,591.1929743833505,-181.03565866783197,-5774.0011491093,0.1185069063994888
INDI_red_319_cutoff_7.5.inp.out,396.6053950421477,-0.1290,0.1584,42.7166,58.0,-1304.5953385541,52.017158247596335,-210.27908040383304,-6076.1708830902,0.130071564300124
INDI_red_31_cutoff_7.5.inp.out,400.0419712183787,-0.1422,0.1495,40.3556,56.0,-1305.6309624691,-58.74973710729551,2.215716780485924,-5925.2511111661,0.1396148274998268
INDI_red_320_cutoff_7.5.inp.out,398.1128873606108,-0.1377,0.1511,47.1554,56.0,-1305.9606390416,-72.02615774761969,-179.3167046289716,-5925.4313942082,0.13721398609959579
INDI_red_321_cutoff_7.5.inp.out,398.32057548998205,-0.1103,0.1728,41.6795,55.0,-1305.6649184171,21.420770953422785,-138.32978680336535,-5849.1493169029,0.11271618299997499
INDI_red_322_cutoff_7.5.inp.out,399.3937982740269,-0.1418,0.1502,36.7401,53.0,-1306.4315375467,-44.899184672325475,-84.17128493944226,-5697.8565570542,0.14253922019997844
INDI_red_323_cutoff_7.5.inp.out,396.27799794922123,-0.1379,0.1469,29.8422,57.0,-1305.6393956014,103.58642674168267,14.042532951084736,-6001.2524090032,0.13703067529968394
INDI_red_324_cutoff_7.5.inp.out,393.4954182322626,-0.1515,0.1402,31.3742,54.0,-1306.7284246817,125.33317054648337,51.69001302650553,-5774.3021045063,0.15087418040002376
INDI_red_325_cutoff_7.5.inp.out,396.90299770251437,-0.1117,0.1625,37.2204,51.0,-1307.5566219610,-18.260947890067143,-18.468693682158627,-5546.9510990678,0.11345873899972503
INDI_red_326_cutoff_7.5.inp.out,397.0193891972935,-0.1220,0.1612,39.9242,51.0,-1307.2307942928,46.43008366632885,53.13388662894931,-5546.6150026415,0.12042141029996856
INDI_red_327_cutoff_7.5.inp.out,395.1781987044312,-0.1441,0.1526,45.2601,53.0,-1307.1157640002,-0.03794066166867571,42.40324341175514,-5698.6178647589,0.14101479679993645
INDI_red_328_cutoff_7.5.inp.out,397.996808870181,-0.1629,0.1472,38.2511,57.0,-1305.4873324651,2.7898547757988803,123.25359001762435,-6001.1726467703,0.16007979179994436
INDI_red_329_cutoff_7.5.inp.out,396.71452968831176,-0.1221,0.1543,52.5736,55.0,-1305.9980779835,120.74871651444111,257.64345163904045,-5849.5623169026,0.12489916570029891
INDI_red_32_cutoff_7.5.inp.out,400.2229378753971,-0.1361,0.1682,46.9676,57.0,-1304.8216466237,123.87036000024288,57.66648311909638,-6000.3910479946,0.13486163440029486
INDI_red_330_cutoff_7.5.inp.out,395.3115064528916,-0.1244,0.1480,36.3684,53.0,-1306.9317757035,144.8262531037025,91.81113749627343,-5698.4650248704,0.12557239170018875
INDI_red_331_cutoff_7.5.inp.out,396.50887049501716,-0.1386,0.1514,34.5092,55.0,-1306.1024363220,189.43497466409264,224.0262568973006,-5849.6563237006,0.13717383049970522
INDI_red_332_cutoff_7.5.inp.out,399.6445691983881,-0.1258,0.1555,22.0103,53.0,-1307.1365255358,18.159647407333065,72.97043759562106,-5698.514056042,0.12548424750002596
INDI_red_333_cutoff_7.5.inp.out,394.95473029573446,-0.1389,0.1526,15.1300,56.0,-1306.2988196203,-16.379792787220968,-9.888053153589413,-5925.8137716519,0.13932822510014375
INDI_red_334_cutoff_7.5.inp.out,394.78675387953143,-0.1399,0.1433,30.6194,54.0,-1306.4614316972,31.749002345176645,53.42312434829408,-5773.9354416063,0.13946289969953796
INDI_red_335_cutoff_7.5.inp.out,396.7724158533244,-0.1425,0.1588,29.3110,53.0,-1306.6475054924,79.17761752193528,88.38133207184688,-5698.085037088,0.14159977619965503
INDI_red_336_cutoff_7.5.inp.out,399.34846733704615,-0.1270,0.1581,28.2258,52.0,-1307.1370803557,35.68097691475088,-45.264305210127155,-5622.5156550523,0.12833288869933313
INDI_red_337_cutoff_7.5.inp.out,396.23762137356226,-0.1603,0.1381,39.4983,54.0,-1306.3795678937,26.188512788355776,-35.09339962451555,-5773.9114432219,0.15898426280000422
INDI_red_338_cutoff_7.5.inp.out,395.1180806238648,-0.1419,0.1415,22.8537,50.0,-1307.9063115846,-19.34608576014545,-88.54532185024175,-5471.1860210678,0.1443968744997619
INDI_red_339_cutoff_7.5.inp.out,393.7542145706389,-0.1061,0.1629,31.5707,52.0,-1307.2248247657,36.18020845168163,-40.14578739779874,-5622.6525790974,0.10880935939985648
INDI_red_33_cutoff_7.5.inp.out,394.3649288774541,-0.1095,0.1621,40.9550,55.0,-1305.8235723113,128.77799731914126,85.18782424384592,-5849.2828767053,0.1105185641999924
INDI_red_340_cutoff_7.5.inp.out,399.2532569573241,-0.1309,0.1343,54.8875,57.0,-1304.9436611429,84.44002388397945,42.035997960963385,-6000.4715342233,0.13335877930057904
INDI_red_341_cutoff_7.5.inp.out,399.51580535679,-0.1432,0.1244,33.6675,51.0,-1307.0210516460,118.2920494696849,188.96541365683584,-5546.414533332,0.14338423590015736
INDI_red_342_cutoff_7.5.inp.out,397.89216261425463,-0.1245,0.1380,38.4341,53.0,-1306.0943620205,37.04286654506019,115.08188135321974,-5697.5376808069,0.12582997539993812
INDI_red_343_cutoff_7.5.inp.out,395.4024049860774,-0.1318,0.1439,42.4926,52.0,-1306.7467820058,27.9977344330409,160.50880124369493,-5622.1847656387,0.13146299429990904
INDI_red_344_cutoff_7.5.inp.out,396.6943119126266,-0.1133,0.1380,39.1255,54.0,-1306.4448860602,142.6852416078343,150.51938589784814,-5773.8312892164,0.11272760020074202
INDI_red_345_cutoff_7.5.inp.out,400.06414124794713,-0.1516,0.1371,38.2561,52.0,-1307.1623423141,-213.79865886618978,192.26004207072845,-5622.6084279701,0.15256743789996108
INDI_red_346_cutoff_7.5.inp.out,397.87553027342943,-0.1587,0.1304,46.5900,49.0,-1308.1411252732,-12.231515201783282,259.1300877623955,-5395.4492028672,0.1529575698004919
INDI_red_347_cutoff_7.5.inp.out,395.7410377974249,-0.1441,0.1422,48.5608,52.0,-1307.1005123889,12.459782300290891,194.45854367227372,-5622.5544882736,0.14643994249945536
INDI_red_348_cutoff_7.5.inp.out,395.8356728662324,-0.1318,0.1433,40.2647,51.0,-1307.2909150750,94.7189263034564,178.76334882640774,-5546.6780117083,0.13154941069933557
INDI_red_349_cutoff_7.5.inp.out,396.9712628650441,-0.1459,0.1407,48.4044,55.0,-1305.9231563282,-71.38001026906514,95.72803791890351,-5849.4430857058,0.1436444291002772
INDI_red_34_cutoff_7.5.inp.out,398.5380454398906,-0.1167,0.1654,37.5591,53.0,-1306.3023460209,114.56206262463952,80.97229604754152,-5697.7288822329,0.11837780330006353
INDI_red_350_cutoff_7.5.inp.out,395.3599500633678,-0.1179,0.1679,34.2555,57.0,-1305.3110791607,79.41343519162899,-34.511558887053766,-6000.8639800756,0.11758690100032254
INDI_red_351_cutoff_7.5.inp.out,399.21083114323204,-0.1309,0.1632,40.7198,60.0,-1304.3072501805,-8.917277362161563,93.55088273846756,-6228.0417920373,0.13114374550059438
INDI_red_352_cutoff_7.5.inp.out,395.1704739388436,-0.1346,0.1541,29.8070,56.0,-1305.1796804522,-45.76920461861006,-51.454327119219776,-5924.7859210579,0.13649098120004055
INDI_red_353_cutoff_7.5.inp.out,399.1305542765549,-0.1159,0.1728,39.8430,56.0,-1305.6084573975,32.85084634755544,56.36175810309291,-5925.1911443081,0.11813101549978455
INDI_red_354_cutoff_7.5.inp.out,396.967428937579,-0.1499,0.1573,45.0158,55.0,-1306.1167451376,-118.82995042987564,9.745187256600149,-5849.5675637669,0.1459072500001639
INDI_red_355_cutoff_7.5.inp.out,398.0031600271461,-0.1279,0.1573,29.3051,56.0,-1305.4356493597,51.181267949453535,52.044860088619934,-5925.008330271,0.12762107389971789
INDI_red_356_cutoff_7.5.inp.out,397.4746245704686,-0.1367,0.1630,26.7475,56.0,-1306.0913392258,98.3381595788751,64.64155506707313,-5925.6084052531,0.13938588710061595
INDI_red_357_cutoff_7.5.inp.out,393.8597000876873,-0.1356,0.1489,30.3110,55.0,-1306.0625701568,178.05669190069904,104.30372000720216,-5849.5109891822,0.13648937639936776
INDI_red_358_cutoff_7.5.inp.out,400.664231599216,-0.1381,0.1477,26.8873,53.0,-1306.9914017381,-13.514770681632683,11.10927356500226,-5698.3688737941,0.13914339549955912
INDI_red_359_cutoff_7.5.inp.out,397.58557988855216,-0.1229,0.1597,20.4437,53.0,-1306.9960357051,78.2598669173411,17.403368830556726,-5698.3591094009,0.12452641019990551
INDI_red_35_cutoff_7.5.inp.out,398.82055266898317,-0.1315,0.1526,35.5640,56.0,-1305.6266094217,81.39518335553119,30.308538256846724,-5925.1710223105,0.12982920280046528
INDI_red_360_cutoff_7.5.inp.out,396.10320010541477,-0.1299,0.1468,27.1276,52.0,-1307.3635845975,74.3299168664132,-22.638590693746828,-5622.6890188303,0.13092114309984026
INDI_red_361_cutoff_7.5.inp.out,398.08365114706993,-0.1359,0.1551,25.2546,57.0,-1306.0121691274,-162.07416836545343,53.11669914037113,-6001.470138463,0.13549618609977188
INDI_red_362_cutoff_7.5.inp.out,397.1486594549717,-0.1315,0.1462,31.7228,55.0,-1306.4242646255,155.1842368857816,207.25006341670792,-5849.7721386596,0.13360217529952934
INDI_red_363_cutoff_7.5.inp.out,396.35176931474996,-0.1540,0.1441,28.5619,57.0,-1305.9655113433,78.76033157162243,164.01277797707115,-6001.4906144773,0.15316998239995883
INDI_red_364_cutoff_7.5.inp.out,396.42742820915333,-0.1381,0.1425,32.6088,58.0,-1305.3023359445,131.4865836123593,114.46174494745188,-6076.8435507457,0.13930106950010668
INDI_red_365_cutoff_7.5.inp.out,400.6886103653864,-0.1086,0.1558,33.5606,57.0,-1305.9229596961,144.88106654436154,76.57048174892986,-6001.4466958027,0.1110102870998162
INDI_red_366_cutoff_7.5.inp.out,398.801493241993,-0.1075,0.1581,34.2534,58.0,-1304.9779689562,123.62568283044394,81.07436728627235,-6076.5356472272,0.10885069950018078
INDI_red_367_cutoff_7.5.inp.out,394.8272195929886,-0.1153,0.1446,35.6060,55.0,-1306.2597522717,18.043384321643554,60.46121956858578,-5849.7179002593,0.11619675359997927
INDI_red_368_cutoff_7.5.inp.out,395.33706780078006,-0.1491,0.1401,24.6083,54.0,-1306.4497701476,19.945880911866762,-38.65499171838858,-5773.9059307551,0.1499203445000603
INDI_red_369_cutoff_7.5.inp.out,398.1885957848392,-0.1160,0.1549,25.6444,54.0,-1306.7661734411,28.796493268311664,-29.53009448799943,-5774.2833210878,0.11682765160003328
INDI_red_36_cutoff_7.5.inp.out,394.5689987259158,-0.1230,0.1551,36.6464,55.0,-1305.6887646304,86.46666035201261,125.93581402477673,-5849.1629587185,0.12430197679987032
INDI_red_370_cutoff_7.5.inp.out,397.5214383970015,-0.1302,0.1445,31.6705,56.0,-1305.6985747530,17.38016331902513,1.1825773399697466,-5925.2499146354,0.13347984259962686
INDI_red_371_cutoff_7.5.inp.out,393.1009034126058,-0.1218,0.1514,33.2694,56.0,-1305.7749166308,94.91886082502735,-79.38467320931481,-5925.2683901945,0.12301718839989917
INDI_red_372_cutoff_7.5.inp.out,392.4624024278086,-0.1336,0.1498,36.4634,51.0,-1307.5707152049,33.77988103197147,-9.57095206894941,-5546.930350588,0.13426203030030592
INDI_red_373_cutoff_7.5.inp.out,400.1570220937651,-0.1364,0.1589,38.0086,55.0,-1306.3444889486,27.601148900366756,-78.57568148675959,-5849.8774925779,0.1381716405003317
INDI_red_374_cutoff_7.5.inp.out,401.6623809264316,-0.1423,0.1636,30.6517,54.0,-1306.5540109865,-91.76938341955622,-59.732959750068176,-5773.9925239705,0.14246511950022978
INDI_red_375_cutoff_7.5.inp.out,395.1697014160179,-0.1455,0.1471,32.5184,53.0,-1306.6358024208,-4.5825626044649,-34.861197621191316,-5698.0228616043,0.1458472502999939
INDI_red_376_cutoff_7.5.inp.out,392.5819709323542,-0.1439,0.1535,28.4053,52.0,-1307.3973774058,-23.95703703279255,-12.067526681850692,-5622.7546130851,0.14530742739952984
INDI_red_377_cutoff_7.5.inp.out,400.2835616061753,-0.1343,0.1445,28.5749,51.0,-1307.6301822547,-57.60289725045394,-13.73486199233203,-5546.9127605499,0.1363174745993092
INDI_red_378_cutoff_7.5.inp.out,396.7594390344933,-0.1308,0.1460,30.1347,49.0,-1307.9652664030,-42.86132186863287,-76.00914816421492,-5395.2372998168,0.13301612169925647
INDI_red_379_cutoff_7.5.inp.out,396.7551417741985,-0.1209,0.1439,24.9216,51.0,-1307.8834256522,-34.183986661448515,-24.299677490741136,-5547.1524145635,0.12627877589966374
INDI_red_37_cutoff_7.5.inp.out,399.606192988038,-0.1332,0.1567,36.2346,54.0,-1306.5527164845,84.16758976537861,153.41301027439266,-5774.0554923447,0.13255859589935426
INDI_red_380_cutoff_7.5.inp.out,395.74529836764117,-0.1433,0.1503,26.6505,48.0,-1308.6993173216,44.81788148209935,70.86355963406969,-5319.8953060752,0.1423992513000485
INDI_red_381_cutoff_7.5.inp.out,393.23139732369924,-0.1506,0.1287,33.2639,52.0,-1307.1868950053,47.12280423086384,91.597012425731,-5622.4976137219,0.15151033009988168
INDI_red_382_cutoff_7.5.inp.out,396.6177507256303,-0.1394,0.1410,27.8268,50.0,-1307.6840847362,-7.219899612687071,40.63393923314998,-5470.8791505737,0.14185109179925348
INDI_red_383_cutoff_7.5.inp.out,397.9953580478018,-0.1348,0.1454,27.0912,51.0,-1307.4809428116,169.32622660717823,283.7724042825638,-5546.7321018283,0.13605031330007478
INDI_red_384_cutoff_7.5.inp.out,397.77298311225894,-0.1265,0.1440,23.5149,49.0,-1308.2358907974,187.55918847284198,237.22964229996865,-5395.5221542761,0.12566854040051112
INDI_red_385_cutoff_7.5.inp.out,395.40432372638253,-0.1220,0.1485,24.4848,51.0,-1307.1132216416,52.587093408812216,111.12084629834219,-5546.4524429673,0.1241637257999173
INDI_red_386_cutoff_7.5.inp.out,399.31468074149797,-0.1261,0.1549,22.0628,51.0,-1307.6820782460,274.614676668219,217.30086671851828,-5547.0247483717,0.12762073150042852
INDI_red_387_cutoff_7.5.inp.out,395.3563782453338,-0.1396,0.1589,29.4797,50.0,-1307.9700293206,100.68125286271282,188.3775436690701,-5471.2775747784,0.1426038719000644
INDI_red_388_cutoff_7.5.inp.out,396.87615608448056,-0.1411,0.1390,31.7601,55.0,-1306.0963765527,-2.685457642046718,91.45582083648031,-5849.5638067425,0.1432961628997873
INDI_red_389_cutoff_7.5.inp.out,394.6013770622672,-0.1548,0.1341,31.6919,53.0,-1307.1221939063,210.0760011596786,219.12961206441523,-5698.5310005946,0.15608059280020825
INDI_red_38_cutoff_7.5.inp.out,396.9902579985604,-0.1598,0.1464,35.5089,55.0,-1306.0171350126,31.01293709280735,112.89791067723148,-5849.5869929537,0.15817534240068198
INDI_red_390_cutoff_7.5.inp.out,396.2671617762653,-0.1568,0.1210,28.9077,54.0,-1306.4355094146,-64.27143111024587,240.28945290768206,-5773.9082116468,0.15648981759932212
INDI_red_391_cutoff_7.5.inp.out,395.96763562730615,-0.1546,0.1259,26.2105,53.0,-1306.6745143634,-41.058020433848355,121.22726230056574,-5698.1018483185,0.15557719510070456
INDI_red_392_cutoff_7.5.inp.out,395.55834938880935,-0.1555,0.1361,33.5883,49.0,-1307.8831710982,7.272738721200101,124.11809810367414,-5395.1278685982,0.15614109009948152
INDI_red_393_cutoff_7.5.inp.out,395.1350359896047,-0.1189,0.1438,33.3521,49.0,-1308.5148396561,-146.220331426545,160.6534058765572,-5395.7738651244,0.11835633810005675
INDI_red_394_cutoff_7.5.inp.out,392.54717847868466,-0.1457,0.1376,28.7074,51.0,-1307.5546057357,-35.23237606536833,44.16331982061486,-5546.8398520965,0.14667249930062098
INDI_red_395_cutoff_7.5.inp.out,400.47537343592404,-0.1266,0.1389,37.6662,53.0,-1306.6632602780,-10.237171778144251,65.04638804857025,-5697.9937282173,0.1271398044000307
INDI_red_396_cutoff_7.5.inp.out,397.8214357314006,-0.1361,0.1388,32.5498,48.0,-1308.5834302579,6.6993804799711745,139.10954001124026,-5319.7968322711,0.13787067390057928
INDI_red_397_cutoff_7.5.inp.out,392.9687831628084,-0.1281,0.1354,20.7787,50.0,-1307.8310012630,-18.500162986346123,53.760885301610784,-5471.0332420507,0.12886023630017007
INDI_red_398_cutoff_7.5.inp.out,394.24524750334547,-0.1281,0.1633,28.5625,49.0,-1307.8047281534,-7.279467257009237,-27.634097930753384,-5395.1091117981,0.1285447017999104
INDI_red_399_cutoff_7.5.inp.out,397.5907611091747,-0.1278,0.1456,29.4934,49.0,-1308.0825442224,-4.066125182698329,53.8628129291701,-5395.2655164459,0.13024047260023508
INDI_red_39_cutoff_7.5.inp.out,397.8178021467372,-0.1194,0.1298,38.7799,54.0,-1306.2703236336,140.2440539510799,106.97654020694672,-5773.724564063,0.12100471569920046
INDI_red_3_cutoff_7.5.inp.out,400.6675137123474,-0.1074,0.1585,31.4119,53.0,-1306.7398552235,67.4051720272529,66.46955294510326,-5698.1557976159,0.1104805494996981
INDI_red_400_cutoff_7.5.inp.out,395.3599500633678,-0.1179,0.1679,34.2555,57.0,-1305.3111062541,79.41352941749427,-34.51116512508357,-6000.8640073774,0.11758643360008136
INDI_red_401_cutoff_7.5.inp.out,399.2828819724119,-0.1273,0.1640,40.1559,60.0,-1304.2654789400,6.193004807682733,71.85830952306803,-6227.9828551303,0.12733128059971932
INDI_red_402_cutoff_7.5.inp.out,394.6275482892249,-0.1225,0.1690,36.4448,59.0,-1304.3508880124,91.45000984609845,-8.113377998642955,-6151.9865971403,0.12464371839996602
INDI_red_403_cutoff_7.5.inp.out,397.69992172634903,-0.1195,0.1578,30.8150,56.0,-1305.7589145696,86.51868017973382,100.43202067219843,-5925.2381001884,0.12098553490068298
INDI_red_404_cutoff_7.5.inp.out,396.87655589004424,-0.1271,0.1687,40.9522,53.0,-1306.6052152511,3.412202780525277,23.40914749390526,-5698.0012483252,0.12423912499980361
INDI_red_405_cutoff_7.5.inp.out,397.68097880905077,-0.1254,0.1561,32.3291,55.0,-1306.0239416996,-15.465961862902711,53.97130071453279,-5849.5002272565,0.12783577729987883
INDI_red_406_cutoff_7.5.inp.out,395.08841318926875,-0.1362,0.1629,38.7968,58.0,-1304.9691886930,19.441924805196702,16.234759633378594,-6076.5789236836,0.13495481770041806
INDI_red_407_cutoff_7.5.inp.out,391.45122394840394,-0.1277,0.1479,41.1795,61.0,-1304.1218139902,50.81369214572989,143.55419925259955,-6303.739833402,0.12880161739940377
INDI_red_408_cutoff_7.5.inp.out,401.12980000991604,-0.1382,0.1424,37.8888,61.0,-1304.2597644283,10.113896827300895,9.924411709536738,-6303.9747800523,0.1405369108006198
INDI_red_409_cutoff_7.5.inp.out,396.9555344107449,-0.1483,0.1598,34.4808,56.0,-1305.7082488668,33.92440457805356,-28.635726657516802,-5925.2172109537,0.14647426359988458
INDI_red_40_cutoff_7.5.inp.out,392.7664291866393,-0.1414,0.1481,32.4032,54.0,-1306.2905181775,13.952354009705974,19.942003146143158,-5773.7738748212,0.1392886871999508
INDI_red_410_cutoff_7.5.inp.out,396.94329420023706,-0.1497,0.1410,38.8683,53.0,-1306.7083098176,-70.90160807549022,-1.6094211576196769,-5698.2039867888,0.15226487899963104
INDI_red_411_cutoff_7.5.inp.out,394.7994600105126,-0.1296,0.1574,43.2249,55.0,-1306.0066202800,-89.37991077873126,38.61949128864785,-5849.537780819,0.13273351849966275
INDI_red_412_cutoff_7.5.inp.out,401.8449682810928,-0.1369,0.1520,29.4106,55.0,-1305.9329357342,-103.33505813779382,-21.115559324184137,-5849.4752961554,0.13790575940038252
INDI_red_413_cutoff_7.5.inp.out,396.7043732865714,-0.1189,0.1578,31.4346,56.0,-1305.8699090141,-7.644042578034788,-23.568770658272996,-5925.4053570399,0.12133766499937337
INDI_red_414_cutoff_7.5.inp.out,394.7803767937344,-0.1198,0.1609,33.9441,57.0,-1305.2203172695,25.971239578883726,-0.4478176770614545,-6000.786791883,0.12219687530068768
INDI_red_415_cutoff_7.5.inp.out,399.8449020002332,-0.1480,0.1434,33.2816,57.0,-1305.2415381783,-63.98841212033291,95.77291082542153,-6000.8006654092,0.14660152760006895
INDI_red_416_cutoff_7.5.inp.out,398.2088959823547,-0.1292,0.1554,27.1572,62.0,-1303.7113416649,139.5760066530593,160.90879621829006,-6379.3750710239,0.1279536629008362
INDI_red_417_cutoff_7.5.inp.out,400.5875880214964,-0.1457,0.1461,19.4520,57.0,-1305.7323148230,68.74405717471217,117.3448907891659,-6001.2810134115,0.14388804040027026
INDI_red_418_cutoff_7.5.inp.out,393.25899195142676,-0.1448,0.1506,18.5064,57.0,-1306.0237793552,35.58284622977381,132.0101435247615,-6001.6233097789,0.14366929720017652
INDI_red_419_cutoff_7.5.inp.out,394.79526135077515,-0.1382,0.1585,18.9562,59.0,-1304.8686516750,61.09080210915826,41.8424656293062,-6152.5149619599,0.13839308180013177
INDI_red_41_cutoff_7.5.inp.out,399.310063218143,-0.1319,0.1517,30.2818,52.0,-1307.3785951472,139.3583741777903,118.84864494900943,-5622.7867005384,0.13319350100027805
INDI_red_420_cutoff_7.5.inp.out,401.8638205226656,-0.1229,0.1668,22.8368,54.0,-1306.5223173135,22.45527310327089,18.09005458247767,-5773.9831704318,0.12266570049996517
INDI_red_421_cutoff_7.5.inp.out,394.4874922686191,-0.1522,0.1352,31.8283,58.0,-1305.5552471103,-61.716497563675205,51.5728752350653,-6077.2047879392,0.15117161379930621
INDI_red_422_cutoff_7.5.inp.out,396.7249370307229,-0.1278,0.1595,33.0736,57.0,-1305.1681656588,35.381678269385645,-24.438611202573043,-6000.7656241308,0.12638748879999184
INDI_red_423_cutoff_7.5.inp.out,400.1215604803412,-0.1454,0.1525,37.2783,59.0,-1304.6185689609,-117.13402211914901,20.908801843732725,-6152.2781811344,0.1424918692000574
INDI_red_424_cutoff_7.5.inp.out,397.7802664771075,-0.1465,0.1569,28.5804,58.0,-1305.1537216494,-164.7407711219154,-50.29824372398082,-6076.7479253465,0.14672507159957604
INDI_red_425_cutoff_7.5.inp.out,396.68996233826545,-0.1273,0.1568,29.2298,60.0,-1304.1760384022,-52.48766697750145,-11.332650212654054,-6227.8386978724,0.12931089220001013
INDI_red_426_cutoff_7.5.inp.out,395.75390762431994,-0.1390,0.1477,18.8260,55.0,-1306.4524061562,-99.19926403838916,-22.517909630776145,-5849.9369357082,0.14211292580057489
INDI_red_427_cutoff_7.5.inp.out,401.7686372987709,-0.1380,0.1492,14.4878,56.0,-1305.4912590794,-3.2981165582067464,-1.6874373636821263,-5925.0348878445,0.13974676480029302
INDI_red_428_cutoff_7.5.inp.out,396.1880589578335,-0.1301,0.1602,25.3608,53.0,-1306.6675808413,-3.195519478028611,7.237221446953418,-5698.1385454268,0.13085619389948988
INDI_red_429_cutoff_7.5.inp.out,397.1417443175488,-0.1405,0.1570,35.0735,53.0,-1306.5885598151,119.77571072429936,179.44242545288935,-5698.0823738698,0.14094402770024317
INDI_red_42_cutoff_7.5.inp.out,397.32981928828906,-0.1160,0.1584,41.7730,53.0,-1307.3060282372,242.11579093324238,263.5320323376004,-5698.7123603209,0.11583153080027841
INDI_red_430_cutoff_7.5.inp.out,398.19937190912736,-0.1318,0.1567,34.9879,52.0,-1307.1184440257,21.48353044456916,129.8881663042173,-5622.5673281331,0.13191532649943838
INDI_red_431_cutoff_7.5.inp.out,396.31335205853287,-0.1187,0.1527,32.6700,54.0,-1306.4363933172,34.75120861498231,221.03827716520993,-5773.8321758383,0.1221150272003797
INDI_red_432_cutoff_7.5.inp.out,397.9719597955805,-0.1326,0.1416,28.6692,56.0,-1305.2741332565,8.444822365606157,152.0378586390781,-5924.7496010192,0.13287499899979593
INDI_red_433_cutoff_7.5.inp.out,399.2125590851786,-0.1270,0.1492,21.5943,55.0,-1305.4326896898,-3.983020489847786,-5.112000557601764,-5848.8714996184,0.1275209593004547
INDI_red_434_cutoff_7.5.inp.out,393.8571588224552,-0.1379,0.1428,36.8859,50.0,-1307.4727031558,153.9746377634918,135.98518438104065,-5470.8029162542,0.13837628140026936
INDI_red_435_cutoff_7.5.inp.out,398.8901878113282,-0.1289,0.1552,28.3934,50.0,-1307.2250009204,32.61491050344332,57.11854854321795,-5470.5733519992,0.1312145389001671
INDI_red_436_cutoff_7.5.inp.out,395.9773255871062,-0.1053,0.1598,22.4094,50.0,-1307.3956299491,95.4094819759467,95.32002317819688,-5470.6744744271,0.110680405500716
INDI_red_437_cutoff_7.5.inp.out,396.95097711337905,-0.1335,0.1526,16.7573,53.0,-1306.0129202226,-44.47405293532749,-26.13742087211401,-5697.4147533117,0.13440136010012793
INDI_red_438_cutoff_7.5.inp.out,400.1597494902312,-0.1261,0.1510,29.5096,55.0,-1305.5420432977,97.21269482641762,-34.96773398532799,-5849.0734560852,0.1265807374002179
INDI_red_439_cutoff_7.5.inp.out,396.3706967394027,-0.1214,0.1647,29.9803,54.0,-1306.0439983696,119.27458060685512,-54.084658834991984,-5773.514162609,0.11968721499943058
INDI_red_43_cutoff_7.5.inp.out,396.93165240814824,-0.1347,0.1291,34.5806,54.0,-1306.5488678556,82.4843692087874,224.31668092435643,-5773.978251157,0.13715512050021061
INDI_red_440_cutoff_7.5.inp.out,396.95482327261254,-0.1195,0.1552,32.6424,54.0,-1305.7492265914,33.846034164294366,-43.704407796511525,-5773.2412931978,0.11911916839926562
INDI_red_441_cutoff_7.5.inp.out,397.5042653051568,-0.1222,0.1590,22.8668,51.0,-1306.7851569515,88.77326680871982,93.06695177530165,-5546.1397691413,0.12435116960023151
INDI_red_442_cutoff_7.5.inp.out,396.4143095666701,-0.1381,0.1365,28.6477,51.0,-1306.9261937447,160.91933379564134,168.9769726789712,-5546.3225452412,0.14046185210008844
INDI_red_443_cutoff_7.5.inp.out,394.77745997503786,-0.1466,0.1436,29.6057,50.0,-1307.5867416483,44.66273748496312,81.54285446566736,-5470.9387600714,0.14696749419999833
INDI_red_444_cutoff_7.5.inp.out,392.68634967739064,-0.1308,0.1533,21.4619,53.0,-1306.1696418066,-207.39460410646694,55.45383467937597,-5697.5730400563,0.13284830630072975
INDI_red_445_cutoff_7.5.inp.out,399.38025253683816,-0.1268,0.1439,31.8638,55.0,-1306.0242600468,-10.047326402207798,-83.60767865862645,-5849.4919830331,0.129243180600497
INDI_red_446_cutoff_7.5.inp.out,398.5118456039671,-0.1502,0.1501,28.5840,53.0,-1306.5556992550,38.262302606140985,14.10111714841332,-5697.9629334303,0.14947804819985322
INDI_red_447_cutoff_7.5.inp.out,395.7442588351681,-0.1644,0.1441,19.3109,52.0,-1307.0467313938,29.332067253326926,-23.319121550715106,-5622.4368346654,0.16143751260005956
INDI_red_448_cutoff_7.5.inp.out,399.45690263241784,-0.1400,0.1548,21.9824,49.0,-1307.6233855562,-6.2632032539634235,23.76686590014964,-5394.9665646546,0.13860331580053753
INDI_red_449_cutoff_7.5.inp.out,397.50511882826777,-0.1323,0.1455,19.1335,50.0,-1307.0799423999,-8.258657748688746,15.474717599858966,-5470.3937870332,0.1348686576993714
INDI_red_44_cutoff_7.5.inp.out,395.2719615733609,-0.1088,0.1645,37.9660,56.0,-1306.2077493525,198.50109660588328,155.22744351945735,-5925.6576561776,0.11029177250020439
INDI_red_450_cutoff_7.5.inp.out,395.3599500633678,-0.1179,0.1679,34.2555,57.0,-1305.3109424927,79.41376725350342,-34.511528454995904,-6000.8638434289,0.11758680189996085
INDI_red_451_cutoff_7.5.inp.out,399.2121978973064,-0.1256,0.1656,40.8480,60.0,-1304.3169471247,4.281768796983999,73.46369037114829,-6228.0371111598,0.12574815329935518
INDI_red_452_cutoff_7.5.inp.out,396.091208649449,-0.1301,0.1571,31.8937,57.0,-1305.1563995156,1.2974281029520691,-19.176192519134432,-6000.7439983808,0.13257138839981053
INDI_red_453_cutoff_7.5.inp.out,396.64576248248994,-0.1237,0.1391,38.6299,58.0,-1305.2846568305,60.51513075344077,120.42538320903503,-6076.875015259,0.12656007120040158
INDI_red_454_cutoff_7.5.inp.out,397.1948796933219,-0.1500,0.1527,41.2884,51.0,-1307.6696400481,4.55261272407142,91.39065065768106,-5547.0007084629,0.14730057469932945
INDI_red_455_cutoff_7.5.inp.out,395.94214757284703,-0.1413,0.1557,42.1110,52.0,-1307.1964738605,44.32092788088017,151.9173711529202,-5622.592905159,0.13923191520007094
INDI_red_456_cutoff_7.5.inp.out,394.8526091865714,-0.1377,0.1377,46.7278,55.0,-1306.1246135468,-25.377958651509797,306.1818008402897,-5849.5628196182,0.13534802349931851
INDI_red_457_cutoff_7.5.inp.out,398.2986106906347,-0.1312,0.1386,45.6872,53.0,-1306.8602666244,40.63260873765582,289.7124756882097,-5698.2307263141,0.12999716270041972
INDI_red_458_cutoff_7.5.inp.out,400.3973333827591,-0.1238,0.1477,44.9333,57.0,-1305.0009684740,-51.288173063685626,174.51493325253824,-6000.5253231639,0.12619073470068543
INDI_red_459_cutoff_7.5.inp.out,398.2178560727409,-0.1207,0.1486,35.6804,55.0,-1305.9778325137,61.640728064024024,84.19903110248802,-5849.3460477404,0.12055870950007375
INDI_red_45_cutoff_7.5.inp.out,395.15605428592744,-0.1369,0.1537,33.5475,54.0,-1306.3400386498,165.5890911323246,212.27416858645873,-5773.7185875976,0.13706844650005223
INDI_red_460_cutoff_7.5.inp.out,395.30043412692623,-0.1583,0.1392,36.9850,55.0,-1306.4030063240,2.8451145873473287,36.07664146561679,-5849.8597631199,0.15536733589942742
INDI_red_461_cutoff_7.5.inp.out,400.2691301572937,-0.1424,0.1505,29.1554,56.0,-1305.6563661745,-149.5051184598082,59.28077962962227,-5925.1805110133,0.1419623916999626
INDI_red_462_cutoff_7.5.inp.out,398.40315939508076,-0.1448,0.1638,32.5319,54.0,-1306.2920673801,-133.82757165908458,-32.34424801971326,-5773.7181830663,0.14210315649961558
INDI_red_463_cutoff_7.5.inp.out,396.375067775673,-0.1212,0.1613,19.9030,54.0,-1306.5352116296,-83.48537744493647,-61.92656558951282,-5773.9804556571,0.1243788409001354
INDI_red_464_cutoff_7.5.inp.out,394.0570734359811,-0.1216,0.1598,23.6276,54.0,-1306.2771189631,-131.9559711784141,-53.21424883163278,-5773.6895976511,0.12356478980018437
INDI_red_465_cutoff_7.5.inp.out,397.5979835627777,-0.1227,0.1742,21.7498,56.0,-1305.8879844540,-15.423701028835977,-9.705836551609536,-5925.4423620031,0.12277696370074409
INDI_red_466_cutoff_7.5.inp.out,398.60204756742036,-0.1504,0.1483,32.6186,57.0,-1305.2781302849,-39.2742582516743,67.65207763761421,-6000.8477228113,0.1500859085999764
INDI_red_467_cutoff_7.5.inp.out,397.9401712632812,-0.1287,0.1601,43.1092,57.0,-1305.2890391712,-88.62956805501655,96.08401098219062,-6000.9026710689,0.12749675669965654
INDI_red_468_cutoff_7.5.inp.out,396.67292365197636,-0.1290,0.1485,38.2289,57.0,-1305.6061173781,-62.30628306913738,103.37673045006508,-6001.2012104984,0.1309979456000292
INDI_red_469_cutoff_7.5.inp.out,400.3694741937753,-0.1401,0.1515,31.9380,53.0,-1306.5223822623,27.253723707788435,54.08811814535123,-5697.8750254357,0.13985832530033804
INDI_red_46_cutoff_7.5.inp.out,401.0672372403581,-0.1323,0.1509,36.2170,56.0,-1306.1051144433,249.16844061832367,110.57320024792979,-5925.5424121249,0.13384155990024738
INDI_red_470_cutoff_7.5.inp.out,394.5610713610516,-0.1338,0.1521,40.3528,54.0,-1306.3263875556,-43.14916500674614,77.88439136348555,-5773.7805228629,0.13547622169971874
INDI_red_471_cutoff_7.5.inp.out,394.06904498288173,-0.1311,0.1510,43.7157,54.0,-1306.6799257503,-130.41176257674707,37.269073808112374,-5774.152061525,0.13478788159955002
INDI_red_472_cutoff_7.5.inp.out,400.88813023531475,-0.1509,0.1367,42.8982,55.0,-1305.8846662867,52.59561208639101,176.23553433660427,-5849.4075909365,0.15289036010017298
INDI_red_473_cutoff_7.5.inp.out,395.06257105726405,-0.1490,0.1516,42.6239,52.0,-1307.0444934530,-6.311115832359856,156.72285536921547,-5622.4401666419,0.1494943705993137
INDI_red_474_cutoff_7.5.inp.out,399.8958759583723,-0.1335,0.1502,57.6443,56.0,-1305.7936755582,-15.716072155750844,63.458740131553434,-5925.3102293145,0.1355685814996832
INDI_red_475_cutoff_7.5.inp.out,395.31275669662034,-0.1277,0.1302,58.5155,56.0,-1305.1755728663,64.72925807431164,294.11701143727123,-5924.7233203591,0.13103209489963774
INDI_red_476_cutoff_7.5.inp.out,396.72578497157144,-0.1326,0.1482,47.5606,55.0,-1305.9125216843,-12.451955404883481,74.72364941231037,-5849.4260513113,0.13260960189927573
INDI_red_477_cutoff_7.5.inp.out,399.50541326870064,-0.1289,0.1427,45.1193,54.0,-1306.2611826093,-50.24346295866418,48.05898518536968,-5773.6556418199,0.1297938552997948
INDI_red_478_cutoff_7.5.inp.out,395.2394174497111,-0.1280,0.1547,45.3799,52.0,-1306.8814371726,12.697055558885586,61.61501185022775,-5622.2947545723,0.12660166529985872
INDI_red_479_cutoff_7.5.inp.out,397.824327507726,-0.1215,0.1488,51.8544,56.0,-1305.8036756168,-78.22346150576247,34.934060731569524,-5925.3061469623,0.12455785830024979
INDI_red_47_cutoff_7.5.inp.out,397.70148396452805,-0.1300,0.1602,26.4433,55.0,-1306.2150997410,143.48144120657662,33.52913545058118,-5849.638307709,0.12969683390019782
INDI_red_480_cutoff_7.5.inp.out,390.78389309018377,-0.1455,0.1342,48.6259,54.0,-1306.6783406644,113.53412154679219,70.87152104572677,-5774.1306269244,0.14639740970051207
INDI_red_481_cutoff_7.5.inp.out,397.29518582661876,-0.1267,0.1521,51.1385,53.0,-1306.8046354579,46.7940044351533,20.473424815966638,-5698.2029703482,0.12899095880038658
INDI_red_482_cutoff_7.5.inp.out,397.00476113958524,-0.1229,0.1487,55.3921,53.0,-1306.8125230573,22.723625006962735,-9.058095652530124,-5698.191683392,0.1233800013005748
INDI_red_483_cutoff_7.5.inp.out,399.0474083747647,-0.1292,0.1512,55.3659,57.0,-1305.2461654406,-179.90620521157646,29.028323282368287,-6000.7832193092,0.12883772490022238
INDI_red_484_cutoff_7.5.inp.out,395.31498400573105,-0.1315,0.1438,44.9797,54.0,-1306.5953106489,-28.51008144779064,-7.366185535745056,-5774.0311126337,0.13312731769929087
INDI_red_485_cutoff_7.5.inp.out,398.2272619404275,-0.1485,0.1415,39.4750,53.0,-1306.7865848962,13.795625456022158,51.435209650933736,-5698.2185341,0.14935869700002513
INDI_red_486_cutoff_7.5.inp.out,397.1895080297413,-0.1436,0.1537,44.6729,54.0,-1306.3365790136,-38.506510788763954,-19.44873704153862,-5773.7664879179,0.1437312951002241
INDI_red_487_cutoff_7.5.inp.out,396.368026613553,-0.1278,0.1484,40.7799,53.0,-1306.6545830661,-25.1361502644809,-132.28133873279623,-5698.0912040964,0.12824306819948106
INDI_red_488_cutoff_7.5.inp.out,396.94898600330487,-0.1396,0.1458,46.0074,53.0,-1306.5914223977,4.806667553780367,136.78502204870983,-5698.1302761884,0.14083721409951977
INDI_red_489_cutoff_7.5.inp.out,394.8006074404057,-0.1414,0.1395,46.2266,51.0,-1307.4244845759,-73.68514593644527,31.847199968187617,-5546.8395361852,0.14270476719957514
INDI_red_48_cutoff_7.5.inp.out,394.16066832977805,-0.1382,0.1467,33.4923,57.0,-1305.5809789820,22.406085074652303,19.15236586483749,-6001.0727187355,0.14018178200058173
INDI_red_490_cutoff_7.5.inp.out,400.3835718540577,-0.1446,0.1429,47.8361,50.0,-1307.6446349308,-117.20165985511431,49.69244023127814,-5471.0056495148,0.14443383600064408
INDI_red_491_cutoff_7.5.inp.out,395.00084736381626,-0.1365,0.1402,53.7006,54.0,-1306.3095604573,78.19850079580372,195.76125174375088,-5773.8120033802,0.13667643680037145
INDI_red_492_cutoff_7.5.inp.out,394.1521147035831,-0.1377,0.1412,61.6145,55.0,-1305.9844964557,76.99551925719976,172.33487862041272,-5849.4276844522,0.13610461050029699
INDI_red_493_cutoff_7.5.inp.out,399.6371776799692,-0.1409,0.1389,59.3565,55.0,-1306.3583706371,-80.43867975095407,88.80790111138192,-5849.8901067403,0.14136549789964192
INDI_red_494_cutoff_7.5.inp.out,398.87527980560355,-0.1300,0.1464,59.1590,55.0,-1306.4059655320,158.57388530603046,204.4564693601138,-5849.9064944759,0.12968885969985422
INDI_red_495_cutoff_7.5.inp.out,398.85699304908644,-0.1434,0.1593,47.3783,53.0,-1306.7202937484,75.01324525270272,179.25787357378513,-5698.2307805593,0.14016458619971672
INDI_red_496_cutoff_7.5.inp.out,393.4325408816489,-0.1161,0.1454,43.8405,52.0,-1307.2072290942,48.35057395037273,168.46123749470988,-5622.4896825714,0.1179590305991951
INDI_red_497_cutoff_7.5.inp.out,394.64465815476444,-0.1383,0.1408,42.8076,49.0,-1308.1105012199,43.90551490929503,105.38290603935693,-5395.4145357554,0.13909915869953693
INDI_red_498_cutoff_7.5.inp.out,397.58575706076226,-0.1411,0.1350,59.3871,51.0,-1307.0377951655,-40.55542750705439,87.62136326019598,-5546.3678193802,0.1405643598000097
INDI_red_499_cutoff_7.5.inp.out,399.10973764493536,-0.1490,0.1346,58.8545,53.0,-1306.5651935290,19.91144852842274,131.77490184109422,-5697.920768457,0.15066761009984475
INDI_red_49_cutoff_7.5.inp.out,397.3925122444494,-0.1395,0.1312,40.4276,58.0,-1305.4986672006,67.71597949546307,96.72160421298514,-6077.039509807,0.13886316860043735
INDI_red_4_cutoff_7.5.inp.out,397.1973066039433,-0.1578,0.1553,34.1661,54.0,-1306.5822122476,-130.8297598423659,-12.610737978660703,-5774.0632351918,0.1530325740995977
INDI_red_50_cutoff_7.5.inp.out,398.54926211051526,-0.1422,0.1412,23.2252,58.0,-1305.2464270210,1.3051442493226963,32.95295201223878,-6076.8109115847,0.14186854099989432
INDI_red_51_cutoff_7.5.inp.out,399.71787428883863,-0.1296,0.1515,21.2076,56.0,-1306.0205649422,110.19058394774525,104.35046140024902,-5925.5916887622,0.12897593599973334
INDI_red_52_cutoff_7.5.inp.out,395.52759923383496,-0.1459,0.1324,17.4422,55.0,-1306.2962407338,-15.384604469777662,49.21659633250841,-5849.7506013926,0.1454359598001247
INDI_red_53_cutoff_7.5.inp.out,395.3197056466388,-0.1230,0.1553,22.4205,57.0,-1305.4429591034,-4.213617195591192,81.88758021833874,-6000.9882812306,0.12599034479990223
INDI_red_54_cutoff_7.5.inp.out,395.8845314059857,-0.1454,0.1468,26.4673,57.0,-1305.2643910337,-52.52498009901601,-83.31704390038816,-6000.8006715,0.1453474185000232
INDI_red_55_cutoff_7.5.inp.out,401.286526561666,-0.1484,0.1425,28.9798,58.0,-1304.6467117130,0.0005572141648853141,-95.76465431544592,-6076.2567721092,0.1486412295998889
INDI_red_56_cutoff_7.5.inp.out,395.5617546936815,-0.1380,0.1497,26.2375,56.0,-1305.4419027156,-48.87384881677801,-78.56057414919118,-5924.9949948341,0.1384839722995821
INDI_red_57_cutoff_7.5.inp.out,397.21192112248644,-0.1461,0.1366,17.2717,54.0,-1306.0403531905,41.90855106427076,65.00772000065044,-5773.5096907287,0.14620341139925586
INDI_red_58_cutoff_7.5.inp.out,399.560088117807,-0.1612,0.1367,25.6328,55.0,-1306.1373381693,-146.17224926523355,29.655801977292683,-5849.7013267993,0.1627599603998533
INDI_red_59_cutoff_7.5.inp.out,398.2081321906204,-0.1451,0.1445,22.1496,55.0,-1306.4523809303,75.53153756587261,67.34367286517296,-5850.0259783489,0.14502321889995073
INDI_red_5_cutoff_7.5.inp.out,395.23244248829855,-0.1462,0.1420,43.2368,54.0,-1306.6018001986,49.103599785981736,55.024632174839525,-5774.0355300782,0.1469609870991917
INDI_red_60_cutoff_7.5.inp.out,400.1435406131354,-0.1394,0.1453,25.8106,58.0,-1305.1110017497,11.581427253930155,23.838424786333356,-6076.7464407219,0.1365857158007202
INDI_red_61_cutoff_7.5.inp.out,396.14003932804525,-0.1402,0.1358,29.2722,59.0,-1304.4569931319,86.64723488995618,83.68002932672344,-6152.0974787587,0.13634755049952219
INDI_red_62_cutoff_7.5.inp.out,397.3430846293906,-0.1375,0.1383,19.4825,59.0,-1304.6243385841,-184.38725867066478,13.736996789454075,-6152.3139463816,0.13582256820063776
INDI_red_63_cutoff_7.5.inp.out,400.0270515826089,-0.1223,0.1447,20.0841,57.0,-1305.1364490270,23.071484647968145,-48.96412250182101,-6000.7132662007,0.1224755527000525
INDI_red_64_cutoff_7.5.inp.out,395.112695050912,-0.1462,0.1426,23.3398,54.0,-1306.2291255417,64.28393126853547,-20.312481940650482,-5773.6971906776,0.14516370090041164
INDI_red_65_cutoff_7.5.inp.out,399.06179046157456,-0.1228,0.1548,24.3869,55.0,-1306.2057806600,3.4231087980587818,31.66989108115379,-5849.7039229809,0.1223144013001729
INDI_red_66_cutoff_7.5.inp.out,400.8702744427676,-0.1330,0.1519,17.5496,50.0,-1307.8839330346,103.763873865625,15.65378669833768,-5471.1206303043,0.13367042419940844
INDI_red_67_cutoff_7.5.inp.out,394.831737592767,-0.1454,0.1558,16.0506,49.0,-1308.2691525133,64.17327582026353,48.69942424235562,-5395.6088336997,0.14671883679966413
INDI_red_68_cutoff_7.5.inp.out,396.55756040466855,-0.1224,0.1749,16.2625,49.0,-1308.1089924089,25.602027686138,65.19561627620486,-5395.4105155828,0.12461078549949889
INDI_red_69_cutoff_7.5.inp.out,397.9683378575379,-0.1301,0.1424,16.3894,49.0,-1308.2784137332,117.173136569087,19.142342226137753,-5395.508452799,0.1320720263001931
INDI_red_6_cutoff_7.5.inp.out,397.4270501861712,-0.1224,0.1578,41.4068,51.0,-1307.8630772971,2.43276973554531,6.176906076973889,-5547.2189850474,0.1218309385003522
INDI_red_70_cutoff_7.5.inp.out,395.3599500633678,-0.1179,0.1679,34.2555,57.0,-1305.3110843095,79.4136422284529,-34.511786226168,-6000.8639855036,0.11758629759970063
INDI_red_71_cutoff_7.5.inp.out,399.00316224925143,-0.1288,0.1643,37.8355,59.0,-1304.6189091731,-33.20724051088263,74.10281011309083,-6152.3044256972,0.12853661519966408
INDI_red_72_cutoff_7.5.inp.out,395.27035718468437,-0.1376,0.1522,38.1272,58.0,-1304.6138160717,-32.83447317844237,-26.786552215093796,-6076.2611867379,0.13939996239969332
INDI_red_73_cutoff_7.5.inp.out,400.47064353669566,-0.1134,0.1611,39.0207,54.0,-1306.0997678579,37.14211945699664,51.98987693475734,-5773.5516897176,0.11604165229982755
INDI_red_74_cutoff_7.5.inp.out,395.57275642750307,-0.1373,0.1335,40.6306,55.0,-1305.8919447083,91.15362664807051,55.536246589408066,-5849.3636795101,0.13618880689955404
INDI_red_75_cutoff_7.5.inp.out,395.64123764991245,-0.1347,0.1438,39.1076,53.0,-1306.5259262282,27.305783363031185,12.656919401884146,-5697.9315099688,0.13732115639959375
INDI_red_76_cutoff_7.5.inp.out,398.25491888268834,-0.1399,0.1552,37.6170,52.0,-1306.9033325687,-36.82390583080606,17.309844657480266,-5622.2978415743,0.13798176759974012
INDI_red_77_cutoff_7.5.inp.out,396.19644335249376,-0.1306,0.1496,26.6633,52.0,-1306.9251569441,-83.17306990704178,-63.70441122118407,-5622.3760253522,0.1324807030005104
INDI_red_78_cutoff_7.5.inp.out,395.03307185590546,-0.1279,0.1396,36.6682,52.0,-1306.9033059505,110.12614344644496,39.07422000462136,-5622.3241388954,0.13260065219947137
INDI_red_79_cutoff_7.5.inp.out,395.8373166499724,-0.1350,0.1475,42.9130,51.0,-1307.2789267910,164.34722029330334,246.16568225256512,-5546.6555228655,0.13316336729985778
INDI_red_7_cutoff_7.5.inp.out,396.7937535725619,-0.1306,0.1570,42.3854,53.0,-1307.0840397319,20.0684908627772,17.90898654162498,-5698.5908613775,0.13013022360064497
INDI_red_80_cutoff_7.5.inp.out,396.86800472521867,-0.1240,0.1705,28.4889,48.0,-1308.4307071148,75.41837644876924,104.3050552168453,-5319.6607643995,0.12632039780055493
INDI_red_81_cutoff_7.5.inp.out,397.8643316206804,-0.1323,0.1565,30.5616,48.0,-1308.5958164516,-69.37131690913779,66.60991216087805,-5319.8899364118,0.13370793139984016
INDI_red_82_cutoff_7.5.inp.out,397.1191540223449,-0.1258,0.1504,29.2324,51.0,-1307.3393761476,58.52700344615306,137.16448362634807,-5546.6329563381,0.1286640593998527
INDI_red_83_cutoff_7.5.inp.out,389.87003192571217,-0.1166,0.1497,28.3703,53.0,-1306.7461875975,151.21204664536816,153.3531814413468,-5698.0700349827,0.11790061359988613
INDI_red_84_cutoff_7.5.inp.out,397.70973012431585,-0.1428,0.1435,22.4273,49.0,-1308.0342319678,71.57064137758987,136.8622540133428,-5395.2552650218,0.14437033139984123
INDI_red_85_cutoff_7.5.inp.out,396.86470565262476,-0.1383,0.1633,23.4269,50.0,-1307.4362194022,116.41120061864189,127.92091496930102,-5470.7604304229,0.1373935077999704
INDI_red_86_cutoff_7.5.inp.out,394.67633939116814,-0.1290,0.1499,25.0022,50.0,-1307.8312046589,143.05327543355227,49.08899692997035,-5471.0834275405,0.13061433660004695
INDI_red_87_cutoff_7.5.inp.out,399.5322977295427,-0.1457,0.1433,37.2931,55.0,-1306.3594399704,81.52031847868031,89.32066458147918,-5849.7685114422,0.1428450419998626
INDI_red_88_cutoff_7.5.inp.out,401.48327721276786,-0.1377,0.1637,41.6472,55.0,-1306.3991344503,4.468323645064313,-23.76922519528857,-5849.8258268391,0.13891816599971207
INDI_red_89_cutoff_7.5.inp.out,395.7635608555084,-0.1532,0.1467,51.1704,51.0,-1307.5998283201,-58.218348033817776,101.39987092901626,-5547.0166580507,0.15348655949946988
INDI_red_8_cutoff_7.5.inp.out,394.59981783078337,-0.1145,0.1570,40.8784,53.0,-1307.0312506015,-16.491672495576427,154.83105554841902,-5698.4406601969,0.11807922630032408
INDI_red_90_cutoff_7.5.inp.out,394.3349491653115,-0.1189,0.1634,39.9596,54.0,-1306.2859715676,8.945235278328049,73.2525664571421,-5773.7275989315,0.12100310440018802
INDI_red_91_cutoff_7.5.inp.out,395.43220750794467,-0.1318,0.1461,50.8223,53.0,-1307.0503346344,132.3552753116322,191.21721795679954,-5698.4677265044,0.13479848509996373
INDI_red_92_cutoff_7.5.inp.out,401.43711845356324,-0.1331,0.1483,51.7499,53.0,-1306.9577390201,84.2878555790258,139.14646609591873,-5698.3695841278,0.13445325859993318
INDI_red_93_cutoff_7.5.inp.out,396.91039127414984,-0.1523,0.1483,48.7611,50.0,-1307.9441782547,-55.39544486818155,-15.742916979808854,-5471.2900163773,0.1519590445996073
INDI_red_94_cutoff_7.5.inp.out,396.9904371827722,-0.1316,0.1553,52.1045,55.0,-1306.1461580881,-115.6529713773917,-14.263465716331485,-5849.601514557,0.13134841349983617
INDI_red_95_cutoff_7.5.inp.out,396.604989838133,-0.1382,0.1591,56.4211,52.0,-1307.1399925503,-30.81676209467932,213.77540877046093,-5622.5669232214,0.13590557439965778
INDI_red_96_cutoff_7.5.inp.out,398.7235661033813,-0.1418,0.1464,42.0659,50.0,-1307.6466528472,154.98803015222398,269.74916353655203,-5471.0159368875,0.14034464640008082
INDI_red_97_cutoff_7.5.inp.out,398.5105001926802,-0.1366,0.1377,31.2646,50.0,-1307.9538554885,57.90566755963435,133.66594574917198,-5471.3051849164,0.1335824166999373
INDI_red_98_cutoff_7.5.inp.out,393.4727422270081,-0.1564,0.1435,32.0948,50.0,-1307.8077741949,-34.389130679506806,-20.710568736027767,-5471.101246163,0.15502064890006295
INDI_red_99_cutoff_7.5.inp.out,398.3057355604853,-0.1109,0.1312,41.4616,51.0,-1307.1449716275,105.21554408082548,-23.034085736953763,-5546.5251227414,0.11178928939989419
INDI_red_9_cutoff_7.5.inp.out,397.61979552394035,-0.1451,0.1435,50.3224,55.0,-1306.4521399245,-70.34163940345876,61.04329125122441,-5849.9742638195,0.14332336119969113
