file_name,NRE,HOMO,LUMO,Dipole_mom,Num_waters,chg_chg,elec5,elec10,SCF_E,delE_dft
FMNO_red_0_cutoff_0.0.inp.out,1372.8210469983478,-0.0742,0.284,18.5944,0.0,-1320.9418537372,544.5961669032881,-11.16134862963989,-2182.2244009812,0.103363972900297
FMNO_red_100_cutoff_0.0.inp.out,1372.9205702060449,-0.0735,0.2847,18.5519,0.0,-1320.9366114695,507.0188575520072,-105.97870282515474,-2182.2204246067,0.1025997643000664
FMNO_red_101_cutoff_0.0.inp.out,1370.0948664462128,-0.0681,0.2894,19.0801,0.0,-1320.8048066025,-533.5155322999971,-840.7319173999989,-2182.0565837902,0.0943093671994574
FMNO_red_102_cutoff_0.0.inp.out,1363.2845823323455,-0.089,0.277,19.2706,0.0,-1320.9296423551,1484.7244156133909,3109.9429590431555,-2182.2196175931,0.1170131638000384
FMNO_red_103_cutoff_0.0.inp.out,1363.554179849745,-0.0831,0.276,19.425,0.0,-1320.7866035318,565.6232027226356,-16.201441801425243,-2182.0520007934,0.1092383387995141
FMNO_red_104_cutoff_0.0.inp.out,1369.5822254367947,-0.0967,0.2878,20.4475,0.0,-1321.0763281503,1413.935575200006,2949.2193021000207,-2182.3560647511,0.1170756251003695
FMNO_red_105_cutoff_0.0.inp.out,1370.782939357708,-0.0861,0.2936,19.8834,0.0,-1320.2695548896,-1360.0845006999996,-423.00948843999834,-2181.5520565913,0.1029406989991912
FMNO_red_106_cutoff_0.0.inp.out,1372.5357019466765,-0.082,0.2835,19.8794,0.0,-1320.8257161381,-889.3830027624484,472.7552369085825,-2182.1065376502,0.1039040192999891
FMNO_red_107_cutoff_0.0.inp.out,1374.963301369993,-0.0803,0.2984,21.165,0.0,-1320.4684815445,-1186.4106947214138,-441.8455967328127,-2181.7525364353,0.1068093741996563
FMNO_red_108_cutoff_0.0.inp.out,1363.9438784867,-0.0755,0.2968,20.2379,0.0,-1320.546490992,-150.0171829999998,308.31147749999906,-2181.7962802152,0.0989193680998141
FMNO_red_109_cutoff_0.0.inp.out,1361.6254985353842,-0.0524,0.3027,20.3178,0.0,-1320.8540427677,-835.9330068306429,-1510.472755738435,-2182.105798239,0.0852439754999068
FMNO_red_10_cutoff_0.0.inp.out,1369.074897073785,-0.065,0.3066,19.351,0.0,-1320.7617537773,-29.39481680951603,2357.498297347164,-2182.029775827,0.0948950046004029
FMNO_red_110_cutoff_0.0.inp.out,1368.1295488539938,-0.0628,0.3033,19.8594,0.0,-1320.7308636913,-1051.30251210146,-1172.9174263162547,-2181.9907929829,0.0885841961007827
FMNO_red_111_cutoff_0.0.inp.out,1359.4142129299198,-0.049,0.295,19.9521,0.0,-1320.9188518856,-1649.8791532191874,-1685.0340489642651,-2182.1413064776,0.0777903172993319
FMNO_red_112_cutoff_0.0.inp.out,1367.8010002775948,-0.0892,0.2843,20.4157,0.0,-1320.5741893952,-387.9166221652039,-1086.360986173682,-2181.8549926579,0.1074840465007582
FMNO_red_113_cutoff_0.0.inp.out,1364.792032901073,-0.0933,0.269,20.7993,0.0,-1320.5560290652,604.9330436663518,-605.4213551580394,-2181.8437689826,0.1184179695001148
FMNO_red_114_cutoff_0.0.inp.out,1361.0437728038453,-0.0708,0.2952,19.8757,0.0,-1320.1752644407,-1784.1089677749271,-3467.768477649179,-2181.4352740766,0.0947689414997512
FMNO_red_115_cutoff_0.0.inp.out,1362.7018402097176,-0.0705,0.2759,20.321,0.0,-1320.4270946779,-37.05634791254768,-997.3237026434136,-2181.6694994843,0.096222570300597
FMNO_red_116_cutoff_0.0.inp.out,1359.1005436171754,-0.0518,0.3081,20.5447,0.0,-1320.509374899,-2780.3287446684903,-3801.531035705168,-2181.7661561701,0.0738794831995619
FMNO_red_117_cutoff_0.0.inp.out,1368.7442250605284,-0.0764,0.2971,20.9524,0.0,-1320.4793832551,134.56998842987787,-245.9809186188353,-2181.7576266431,0.1035445409997919
FMNO_red_118_cutoff_0.0.inp.out,1376.7904155164877,-0.0663,0.282,19.8464,0.0,-1320.2707638794,-129.0525214473493,-1790.92994266827,-2181.533709541,0.0980666288005522
FMNO_red_119_cutoff_0.0.inp.out,1361.749435623169,-0.0645,0.3038,20.9019,0.0,-1320.2528060327,-1174.2050177938054,-947.9622784367758,-2181.5263093314,0.0957143936993816
FMNO_red_11_cutoff_0.0.inp.out,1366.707721342298,-0.048,0.3077,18.5429,0.0,-1320.4054291961,-202.2073939844028,383.4457974068722,-2181.6541975465,0.0779957402992295
FMNO_red_120_cutoff_0.0.inp.out,1369.6066671493095,-0.0485,0.3054,19.0789,0.0,-1320.4687372734,20.712997073922875,-1095.475418044772,-2181.7257122767,0.0834649162006826
FMNO_red_121_cutoff_0.0.inp.out,1354.2359181488544,-0.0766,0.2789,19.6455,0.0,-1320.3804342457,1194.2373239999977,1331.414184199991,-2181.6538446006,0.1049562916996365
FMNO_red_122_cutoff_0.0.inp.out,1359.287057303805,-0.0885,0.2827,20.2647,0.0,-1320.4510458194,-952.1586175000012,-3464.0524645999903,-2181.6983905386,0.0997367309000765
FMNO_red_123_cutoff_0.0.inp.out,1364.9797422495506,-0.0508,0.3156,19.0923,0.0,-1320.4897557703,178.25121400171454,701.1715259594514,-2181.7069696536,0.0803440666004462
FMNO_red_124_cutoff_0.0.inp.out,1364.5246910530743,-0.0479,0.3082,18.4836,0.0,-1320.4550212559,-989.4592357125132,-2202.179379249939,-2181.6683766863,0.0801060366002275
FMNO_red_125_cutoff_0.0.inp.out,1364.5346602526663,-0.0757,0.3068,18.3399,0.0,-1320.358566786,119.49587400777384,-966.6689162582958,-2181.5987931501,0.0994075402995804
FMNO_red_126_cutoff_0.0.inp.out,1358.1441790718386,-0.0415,0.307,18.1445,0.0,-1320.5019629025,-409.5909687802989,-2212.5138074187853,-2181.7257408734,0.0783666069000901
FMNO_red_127_cutoff_0.0.inp.out,1368.5153299859849,-0.0503,0.301,19.7073,0.0,-1320.3234819882,-2104.846526951374,-2677.8552108421177,-2181.5530358867,0.0767700421001791
FMNO_red_128_cutoff_0.0.inp.out,1361.283096380643,-0.0763,0.2906,20.6805,0.0,-1320.6001749308,-1708.186307811986,-3943.249372746678,-2181.8655397271,0.1044990298996708
FMNO_red_129_cutoff_0.0.inp.out,1370.16378116153,-0.051,0.2993,20.0699,0.0,-1320.3966651725,-1915.0935280916249,-3499.65946365596,-2181.6161517749,0.0724767930996677
FMNO_red_12_cutoff_0.0.inp.out,1373.2040606470066,-0.0662,0.2984,20.7553,0.0,-1320.7572299627,703.4478618929122,1578.0663646364217,-2181.9899443148,0.0906858724001722
FMNO_red_130_cutoff_0.0.inp.out,1372.769830488573,-0.0706,0.2833,19.2883,0.0,-1320.765492895,-491.9226777926753,-2593.5185469525413,-2182.0308086964,0.0968542608998177
FMNO_red_131_cutoff_0.0.inp.out,1369.5726734475734,-0.0773,0.2873,19.934,0.0,-1320.6901040931,-622.7371362622386,-2645.602305095036,-2181.9391323795,0.1020226369992087
FMNO_red_132_cutoff_0.0.inp.out,1370.8372385115915,-0.049,0.3024,20.1461,0.0,-1320.8789367446,-1737.1666291648844,-3151.6034103002567,-2182.1103555403,0.0729829136998887
FMNO_red_133_cutoff_0.0.inp.out,1364.5462991065558,-0.0808,0.2875,19.7723,0.0,-1320.5874857918,-188.73894100000055,-3023.9199476999925,-2181.8426120046,0.1040425794999464
FMNO_red_134_cutoff_0.0.inp.out,1367.632488658263,-0.0531,0.3127,19.9832,0.0,-1320.7383153162,-1244.5221630799974,-717.5300673000005,-2181.9733589417,0.0828933581997262
FMNO_red_135_cutoff_0.0.inp.out,1367.3342299648668,-0.0507,0.2936,19.0705,0.0,-1320.6219431007,-307.50114042999996,-658.9776189999978,-2181.8679264909,0.0838241458004631
FMNO_red_136_cutoff_0.0.inp.out,1368.1958217665765,-0.071,0.298,22.025,0.0,-1320.5357332081,-529.1661274656002,-1761.657391255637,-2181.7925495722,0.087128212099742
FMNO_red_137_cutoff_0.0.inp.out,1366.552306307315,-0.0328,0.3171,19.2196,0.0,-1320.5203603622,-1014.1706453696328,23.77473101470687,-2181.7347147743,0.0749833887002751
FMNO_red_138_cutoff_0.0.inp.out,1363.9959507392016,-0.0542,0.2991,18.7752,0.0,-1320.9854455267,860.3308669999984,2261.445991199987,-2182.228492604,0.0902737504993638
FMNO_red_139_cutoff_0.0.inp.out,1363.1305181558184,-0.0619,0.3092,19.7978,0.0,-1320.8332343089,959.5735368999964,1553.6757045300053,-2182.0773384396,0.0926780702002361
FMNO_red_13_cutoff_0.0.inp.out,1367.43658333005,-0.0478,0.3105,19.0139,0.0,-1320.6942044942,-646.604341803695,435.7143575139221,-2181.9170345812,0.0762239507002959
FMNO_red_140_cutoff_0.0.inp.out,1362.41305990636,-0.0722,0.2878,19.059,0.0,-1320.7372865779,1488.9956963028148,-12.974057025930064,-2182.0046495003,0.1029509802992834
FMNO_red_141_cutoff_0.0.inp.out,1363.5081917682417,-0.0594,0.2911,20.6937,0.0,-1320.6078344895,-0.7993403006589788,303.0623668373298,-2181.8693318735,0.0873928375003743
FMNO_red_142_cutoff_0.0.inp.out,1358.2846639917102,-0.0492,0.3114,19.1786,0.0,-1320.6301415182,324.9430999427755,-310.0792373389271,-2181.8614307239,0.0859986245995969
FMNO_red_143_cutoff_0.0.inp.out,1372.4946230910102,-0.0497,0.3134,19.8848,0.0,-1320.6900063578,-1104.9429699418613,-1666.6116254099638,-2181.9095923991,0.0708583854002427
FMNO_red_144_cutoff_0.0.inp.out,1371.4677947580983,-0.0478,0.3155,17.5996,0.0,-1320.6320028138,815.9042001883354,2062.167925665903,-2181.8584656876,0.0804966470996078
FMNO_red_145_cutoff_0.0.inp.out,1363.3138720212137,-0.0625,0.2835,19.276,0.0,-1320.4342175287,1778.3052013034214,3022.345882352836,-2181.6987746888,0.0935034025005734
FMNO_red_146_cutoff_0.0.inp.out,1371.7811184186671,-0.0476,0.3142,19.1795,0.0,-1320.4326035993,-558.6456563000008,-1106.869891700003,-2181.6721962733,0.0771832435002579
FMNO_red_147_cutoff_0.0.inp.out,1370.4368299489129,-0.029,0.3239,18.237,0.0,-1320.3400286227,-1561.5612013999958,-3246.6684251000006,-2181.5526643727,0.0643416191005599
FMNO_red_148_cutoff_0.0.inp.out,1371.169028699784,-0.0583,0.3096,19.3405,0.0,-1320.2964167608,486.5986757916479,841.5137964338204,-2181.5474427191,0.0809803992005981
FMNO_red_149_cutoff_0.0.inp.out,1366.6798056403727,-0.0624,0.2911,20.8271,0.0,-1320.5114698052,1495.0628435980148,2205.8502396294225,-2181.7915551865,0.0947870068002885
FMNO_red_14_cutoff_0.0.inp.out,1367.9804517276727,-0.0623,0.293,20.1632,0.0,-1320.8276755406,339.21842465222045,2859.975065299454,-2182.0760862392,0.0852270934001353
FMNO_red_150_cutoff_0.0.inp.out,1372.920567100478,-0.0735,0.2846,18.5514,0.0,-1320.9368052812,507.00026869850905,-106.02132820223166,-2182.2206048258,0.1025868872993669
FMNO_red_151_cutoff_0.0.inp.out,1370.6504387565838,-0.0672,0.2897,19.0378,0.0,-1320.7828765188,-473.95330894621475,-832.5588435403287,-2182.0354846787,0.0944943157001034
FMNO_red_152_cutoff_0.0.inp.out,1363.198662082259,-0.0927,0.276,19.7607,0.0,-1320.674293426,1367.523663041857,3721.714141513384,-2181.9730328457,0.1195907717001318
FMNO_red_153_cutoff_0.0.inp.out,1371.9682448365545,-0.0628,0.2956,18.8892,0.0,-1320.5026856499,-508.9915765910671,-1332.1804713791348,-2181.7476337917,0.0980781772996124
FMNO_red_154_cutoff_0.0.inp.out,1369.332338865929,-0.0717,0.309,20.2025,0.0,-1320.4622104499,-1608.0347404240874,-2163.480765469825,-2181.706168931,0.093836613899839
FMNO_red_155_cutoff_0.0.inp.out,1364.511128060567,-0.111,0.2663,20.2669,0.0,-1320.230149739,603.339661339061,-1006.1585813575778,-2181.5266988788,0.128777795300266
FMNO_red_156_cutoff_0.0.inp.out,1368.583444059043,-0.0894,0.2672,20.964,0.0,-1320.9145063862,1205.5414446000018,741.4814398000037,-2182.1750785341,0.112663886199698
FMNO_red_157_cutoff_0.0.inp.out,1363.2554044577096,-0.0914,0.2782,20.6435,0.0,-1320.6436875227,680.5420374572816,-81.40440469551203,-2181.9382157431,0.1125383743001293
FMNO_red_158_cutoff_0.0.inp.out,1377.7829855684995,-0.0883,0.2623,20.4011,0.0,-1319.9832847002,1453.4068044917506,1393.1159391826636,-2181.266882195,0.1094857629996113
FMNO_red_159_cutoff_0.0.inp.out,1372.697161672734,-0.0816,0.2873,21.214,0.0,-1320.4298508921,596.8614147204413,2612.420533730611,-2181.7311192018,0.1035871132999091
FMNO_red_15_cutoff_0.0.inp.out,1366.6620745757596,-0.0528,0.3058,20.0144,0.0,-1320.2797610169,-628.7792231559283,374.96613598077545,-2181.5058624968,0.0752522923994547
FMNO_red_160_cutoff_0.0.inp.out,1361.5557894198305,-0.086,0.2774,22.3622,0.0,-1320.3454606227,1112.1892841169877,2340.8546722812803,-2181.6372752749,0.108766604500488
FMNO_red_161_cutoff_0.0.inp.out,1372.3446850565792,-0.05,0.3019,20.9609,0.0,-1320.0775882388,-1215.067356860422,-1325.2413039620972,-2181.3262337642,0.0785810605993901
FMNO_red_162_cutoff_0.0.inp.out,1368.1043900241905,-0.0862,0.2826,21.0024,0.0,-1320.4784947376,-573.2866200128074,-573.3084714909542,-2181.7418653305,0.1072284235997358
FMNO_red_163_cutoff_0.0.inp.out,1364.7859919826296,-0.0567,0.278,19.4415,0.0,-1320.0149183674,1330.9661958894364,2707.9924689982263,-2181.2698674305,0.0906009127002107
FMNO_red_164_cutoff_0.0.inp.out,1371.8083410286736,-0.0694,0.2834,20.0908,0.0,-1320.2079484984,1146.2407395187086,2299.9351092227853,-2181.473568764,0.0944155293000221
FMNO_red_165_cutoff_0.0.inp.out,1361.230594758823,-0.0702,0.3029,19.6097,0.0,-1320.1402624551,1578.6959435855736,4356.9529652885,-2181.4187458843,0.1020397681995746
FMNO_red_166_cutoff_0.0.inp.out,1371.0742680088194,-0.0541,0.3058,19.2443,0.0,-1320.2316939499,2577.659348000009,5482.289785000005,-2181.4691997993,0.0911631596000006
FMNO_red_167_cutoff_0.0.inp.out,1364.3025177591533,-0.0827,0.3005,20.4848,0.0,-1320.1925541665,2859.914481817509,6074.226393938478,-2181.4641516749,0.1072769087004417
FMNO_red_168_cutoff_0.0.inp.out,1362.2107924921968,-0.0699,0.2837,21.1387,0.0,-1320.3695146273,2351.977197589992,5608.020684000012,-2181.6588926491,0.1030604032002884
FMNO_red_169_cutoff_0.0.inp.out,1370.6108501028448,-0.0725,0.2961,19.6656,0.0,-1320.1799618121,1764.495641671051,4291.728811347793,-2181.4507589043,0.0999341606002417
FMNO_red_16_cutoff_0.0.inp.out,1372.944478106123,-0.0711,0.2981,19.3418,0.0,-1320.674546912,744.7510520464549,29.100888202403393,-2181.9280777385,0.0874000057001467
FMNO_red_170_cutoff_0.0.inp.out,1365.433715523956,-0.0622,0.32,19.0108,0.0,-1320.3873277881,-147.60391518692555,1905.0498565432883,-2181.6149392356,0.0869962040997052
FMNO_red_171_cutoff_0.0.inp.out,1364.8005327980393,-0.0756,0.2862,19.6792,0.0,-1320.1883757231,-712.5307964684919,713.1125723867139,-2181.4479638468,0.0934325760999854
FMNO_red_172_cutoff_0.0.inp.out,1365.2432889821912,-0.051,0.3122,18.8617,0.0,-1319.8866888571,-171.80737808720522,230.42823573800592,-2181.1470919451,0.0747257136999905
FMNO_red_173_cutoff_0.0.inp.out,1372.4364540095298,-0.079,0.2949,20.7415,0.0,-1319.8866763996,-351.9854225850715,3092.496835193748,-2181.1489462223,0.1009427779999896
FMNO_red_174_cutoff_0.0.inp.out,1366.735094170489,-0.0685,0.2847,20.9124,0.0,-1319.761828901,1213.5355731343573,4187.083536079323,-2181.0500203607,0.1011041697001928
FMNO_red_175_cutoff_0.0.inp.out,1368.031500787865,-0.0626,0.301,20.4405,0.0,-1320.0522442595,1178.552297099879,3651.099018741417,-2181.2964608397,0.0938373693006724
FMNO_red_176_cutoff_0.0.inp.out,1370.1904041628482,-0.1026,0.2744,19.409,0.0,-1319.9970313263,1471.843816854713,2066.5165884813628,-2181.2863805888,0.1211810271997819
FMNO_red_177_cutoff_0.0.inp.out,1369.8330862152932,-0.0801,0.2767,20.4743,0.0,-1320.2363199258,1839.8020484885417,3386.476028034416,-2181.4851423046,0.1054326632001902
FMNO_red_178_cutoff_0.0.inp.out,1371.4059178527318,-0.0889,0.2889,19.9284,0.0,-1320.1984563794,449.8952928948443,1722.1465507448258,-2181.4932903798,0.1056866588996854
FMNO_red_179_cutoff_0.0.inp.out,1363.5466899803844,-0.0607,0.2879,19.9715,0.0,-1320.0268311596,631.1706502287195,2573.4005803968503,-2181.2842782478,0.0958384635996481
FMNO_red_17_cutoff_0.0.inp.out,1371.4960244149422,-0.0465,0.3078,20.1637,0.0,-1320.5464196985,150.25523479999993,2635.810833000007,-2181.7974080502,0.0802843428000414
FMNO_red_180_cutoff_0.0.inp.out,1369.7469637971528,-0.061,0.3034,19.5655,0.0,-1320.0279165163,-231.60100490077255,2145.848552186394,-2181.2916694355,0.0834307077002449
FMNO_red_181_cutoff_0.0.inp.out,1372.8900634073652,-0.0734,0.2847,19.7334,0.0,-1320.5538423407,-191.5598220000003,1575.914519790012,-2181.8267745426,0.0932744259007449
FMNO_red_182_cutoff_0.0.inp.out,1366.260363875093,-0.0772,0.2903,19.2444,0.0,-1320.224298502,388.6536896999995,1665.6680833999903,-2181.4886137845,0.0986581569004556
FMNO_red_183_cutoff_0.0.inp.out,1360.176485318735,-0.0848,0.2829,19.6081,0.0,-1320.3413980582,219.82433607544297,465.469265930268,-2181.6171628503,0.1130914599998504
FMNO_red_184_cutoff_0.0.inp.out,1368.4556954390507,-0.0941,0.2628,20.0392,0.0,-1320.1421884841,2353.5076860000036,3160.8628769499987,-2181.4337546933,0.1237685010992208
FMNO_red_185_cutoff_0.0.inp.out,1372.2586795171685,-0.0683,0.3081,19.6981,0.0,-1320.081431321,775.4111572803819,3439.4327726293254,-2181.3380867691,0.0919307534004474
FMNO_red_186_cutoff_0.0.inp.out,1362.6937080574228,-0.0934,0.2498,21.1729,0.0,-1319.9707031441,3691.028704025019,6188.9905159843165,-2181.2379933044,0.1208814202000212
FMNO_red_187_cutoff_0.0.inp.out,1357.151276748683,-0.0907,0.2718,19.4758,0.0,-1320.0358387166,3105.663729899981,5649.967096839988,-2181.2917926468,0.1176525282999136
FMNO_red_188_cutoff_0.0.inp.out,1356.391422183386,-0.1008,0.2716,21.137,0.0,-1320.0966804255,2093.0125669999925,4430.392041199965,-2181.3468738771,0.122316309800226
FMNO_red_189_cutoff_0.0.inp.out,1365.2407538877246,-0.0831,0.2819,19.6849,0.0,-1320.249293887,2281.19541110232,4901.545269049838,-2181.503403892,0.1068974347999756
FMNO_red_18_cutoff_0.0.inp.out,1362.559052134486,-0.0817,0.287,20.3774,0.0,-1321.0381603128,1585.3499373999964,2873.271434999996,-2182.3129322863,0.1044841638004072
FMNO_red_190_cutoff_0.0.inp.out,1364.9641788337744,-0.085,0.2903,19.6804,0.0,-1320.19506666,1980.9375209355417,5165.242504892326,-2181.4752837232,0.1110200977000204
FMNO_red_191_cutoff_0.0.inp.out,1360.092734108351,-0.0727,0.2619,21.7166,0.0,-1320.404029718,2664.999818088983,5511.085180648314,-2181.6693379472,0.1072802742000931
FMNO_red_192_cutoff_0.0.inp.out,1358.0936261183542,-0.0891,0.2835,21.8347,0.0,-1319.6968433632,2494.2958577016475,6985.959855033146,-2180.9607536069,0.1134208564999426
FMNO_red_193_cutoff_0.0.inp.out,1356.9013616546454,-0.0541,0.2946,19.9619,0.0,-1320.4407636169,612.0071139833245,3195.1898606075106,-2181.6797166181,0.0853851776000738
FMNO_red_194_cutoff_0.0.inp.out,1363.3184313629972,-0.0976,0.2914,20.7455,0.0,-1320.3127559847,845.0643088679997,1418.7171646599957,-2181.574859888,0.1170249448005051
FMNO_red_195_cutoff_0.0.inp.out,1366.6776668589591,-0.0589,0.2892,19.499,0.0,-1320.1345080481,1264.2157552000035,2137.0069000999906,-2181.3749837833,0.0911391052995895
FMNO_red_196_cutoff_0.0.inp.out,1366.5314551350616,-0.0655,0.3058,20.1778,0.0,-1320.1899507865,120.30202030497831,2177.9869296411553,-2181.4556625063,0.0876088346994947
FMNO_red_197_cutoff_0.0.inp.out,1367.6155127862412,-0.0617,0.3005,19.1379,0.0,-1320.1730159427,1062.1701520000015,2837.8669079999913,-2181.4423062846,0.0904214147003585
FMNO_red_198_cutoff_0.0.inp.out,1369.1977801862784,-0.0532,0.3095,19.9081,0.0,-1320.1415392554,-137.96075503910717,877.5963684027529,-2181.390973459,0.0750453583996204
FMNO_red_199_cutoff_0.0.inp.out,1374.897319903721,-0.0644,0.2972,21.0271,0.0,-1320.5022194022,-1981.026956024979,-22.90910270907812,-2181.7574901022,0.0829327018000185
FMNO_red_19_cutoff_0.0.inp.out,1361.5182155039092,-0.0454,0.3174,17.2646,0.0,-1321.0463734876,634.585490799999,4283.786408299984,-2182.2633344035,0.0800402636004946
FMNO_red_1_cutoff_0.0.inp.out,1372.0723362604688,-0.0641,0.2946,17.9787,0.0,-1320.7595476099,-40.62703707292199,-732.8013670978972,-2182.0040452331,0.092189013999814
FMNO_red_200_cutoff_0.0.inp.out,1372.8210469983478,-0.0742,0.284,18.5945,0.0,-1320.941699768,544.6056438865337,-11.168099064057063,-2182.2242459669,0.1033627826000156
FMNO_red_201_cutoff_0.0.inp.out,1370.3564865898434,-0.0622,0.2955,18.2628,0.0,-1320.7311415034,-129.10517030504116,-807.3235982227873,-2181.9748985141,0.0918496037993463
FMNO_red_202_cutoff_0.0.inp.out,1360.9356287026994,-0.072,0.3015,18.223,0.0,-1320.5512726021,35.05618421222848,35.79318368622402,-2181.8221890728,0.0997021820003283
FMNO_red_203_cutoff_0.0.inp.out,1364.2383670763693,-0.076,0.2974,18.4198,0.0,-1320.754607017,358.4891013887436,800.0333059325042,-2181.9914703558,0.1107032779000292
FMNO_red_204_cutoff_0.0.inp.out,1361.2048330962232,-0.08,0.2857,18.4536,0.0,-1320.6216912535,1392.674958273568,1355.8515035501537,-2181.8915344057,0.1129214147995298
FMNO_red_205_cutoff_0.0.inp.out,1367.3878534861217,-0.0598,0.3074,19.5195,0.0,-1320.4792583818,-2224.9419006320113,-3818.8823773783975,-2181.7162709799,0.0851654490998043
FMNO_red_206_cutoff_0.0.inp.out,1363.2780455057257,-0.0854,0.2781,20.1585,0.0,-1320.7073032699,-201.87818060000052,-794.5338658000015,-2181.9829765864,0.1105343519993766
FMNO_red_207_cutoff_0.0.inp.out,1363.662578344507,-0.0436,0.3174,17.4812,0.0,-1320.6763582878,-1442.1683650000057,-3068.517859900008,-2181.9135141578,0.0799758663997636
FMNO_red_208_cutoff_0.0.inp.out,1363.6408848461256,-0.064,0.2969,20.3062,0.0,-1320.5160920556,-271.59924767999996,-389.1524015000008,-2181.7810517527,0.0932704382994416
FMNO_red_209_cutoff_0.0.inp.out,1350.0668567688883,-0.0572,0.2856,19.3307,0.0,-1320.1840914965,-91.81845010000028,-1341.3638412699895,-2181.4176606517,0.0924361696997948
FMNO_red_20_cutoff_0.0.inp.out,1376.4082641539137,-0.0606,0.3045,19.4397,0.0,-1320.8624729168,907.806076384216,2721.9292721305737,-2182.1046904407,0.0898075988006894
FMNO_red_210_cutoff_0.0.inp.out,1368.0691642497345,-0.0719,0.2918,20.0595,0.0,-1320.2708279577,-432.79664899999983,-1546.6191065999944,-2181.5497498789,0.0962214720002521
FMNO_red_211_cutoff_0.0.inp.out,1369.7933809318554,-0.0595,0.2912,20.7692,0.0,-1320.7364135149,-2327.593355999989,-4553.329654619981,-2181.99938627,0.0824979695007641
FMNO_red_212_cutoff_0.0.inp.out,1369.353852243759,-0.0862,0.2561,20.6722,0.0,-1320.236765272,713.8872790220041,-1034.832544066417,-2181.5232839699,0.1081882484004381
FMNO_red_213_cutoff_0.0.inp.out,1369.6353047525158,-0.0568,0.3131,18.0866,0.0,-1320.3080008295,-2334.143059999994,-5577.805202900019,-2181.5567140589,0.085010582900395
FMNO_red_214_cutoff_0.0.inp.out,1363.356724715272,-0.0808,0.2922,21.4128,0.0,-1320.3794957472,-431.27055200000194,-3083.7324900000112,-2181.6554041122,0.1044352013996103
FMNO_red_215_cutoff_0.0.inp.out,1364.5529654112406,-0.0705,0.2924,20.3128,0.0,-1320.1171500719,-1841.4169282342136,-4572.828756145162,-2181.3910674683,0.097584203000224
FMNO_red_216_cutoff_0.0.inp.out,1364.8597072141754,-0.066,0.2984,21.032,0.0,-1320.1025168912,-2385.1906128092387,-4055.111429760921,-2181.3374173996,0.0864107092002086
FMNO_red_217_cutoff_0.0.inp.out,1368.1411185485797,-0.0501,0.3025,20.8227,0.0,-1320.0661577918,-2565.904637902082,-3817.4959432921346,-2181.3240241302,0.0768278571003975
FMNO_red_218_cutoff_0.0.inp.out,1369.1125766176572,-0.0468,0.2982,20.8496,0.0,-1320.3681446746,108.61246168742902,-73.69057330935324,-2181.5996074141,0.0779140030999769
FMNO_red_219_cutoff_0.0.inp.out,1361.0980295292322,-0.0746,0.2865,21.722,0.0,-1320.3042264384,1468.1533168452067,3618.2985499978263,-2181.5595966615,0.1014743899004315
FMNO_red_21_cutoff_0.0.inp.out,1367.4553115104186,-0.0748,0.311,19.9557,0.0,-1320.9897864623,496.2653469673214,2628.9610941672836,-2182.2214052566,0.0939434747006089
FMNO_red_220_cutoff_0.0.inp.out,1357.281118753325,-0.0698,0.2794,21.488,0.0,-1320.6458373179,2130.7049453628215,5083.845318840187,-2181.90361388,0.101599026200347
FMNO_red_221_cutoff_0.0.inp.out,1364.3671898749844,-0.0655,0.3054,19.5953,0.0,-1320.3894156007,871.3797497993796,3382.634155362478,-2181.631370668,0.0991136602997357
FMNO_red_222_cutoff_0.0.inp.out,1373.520903827189,-0.0612,0.2963,18.9186,0.0,-1320.3073002618,-1321.9068263515455,-2228.002953752533,-2181.5555296308,0.0885652640008629
FMNO_red_223_cutoff_0.0.inp.out,1372.8156339666446,-0.0689,0.2745,19.9181,0.0,-1320.4370972228,427.1668194956961,799.1436250619329,-2181.7111136352,0.0998761827995622
FMNO_red_224_cutoff_0.0.inp.out,1368.3375225931336,-0.0714,0.2941,20.0625,0.0,-1320.1746963756,735.9367612411817,-151.8095725592811,-2181.4443210582,0.1002047266001682
FMNO_red_225_cutoff_0.0.inp.out,1365.3601400957723,-0.0558,0.3084,19.4378,0.0,-1320.578429309,-987.5149360661746,-1395.8853663636846,-2181.8069215593,0.0844939527996757
FMNO_red_226_cutoff_0.0.inp.out,1366.009390062076,-0.0613,0.2844,18.926,0.0,-1320.1069804381,1149.3418475570052,-573.323963975461,-2181.3351917391,0.094633589699697
FMNO_red_227_cutoff_0.0.inp.out,1364.8872977778594,-0.0617,0.2765,19.2942,0.0,-1320.1431305028,845.4114219737703,175.34893820142003,-2181.3845136719,0.0963589611001225
FMNO_red_228_cutoff_0.0.inp.out,1376.7070598890275,-0.0699,0.3078,18.4204,0.0,-1319.9696934473,1319.0216442380108,1400.5390645125208,-2181.2049717931,0.1059177362994887
FMNO_red_229_cutoff_0.0.inp.out,1375.8514740121143,-0.0683,0.2833,18.1311,0.0,-1320.3467060776,904.8223978214904,-149.04281324266393,-2181.5903709576,0.1030540824995114
FMNO_red_22_cutoff_0.0.inp.out,1368.0752717197038,-0.0444,0.3062,20.8672,0.0,-1321.294305077,868.0371091000032,2874.904716100005,-2182.5231288192,0.0781329774999903
FMNO_red_230_cutoff_0.0.inp.out,1373.7714829164497,-0.0674,0.3052,19.1704,0.0,-1320.3790439389,-1175.7630747618964,-1233.4716410704095,-2181.6384101197,0.0992298836999907
FMNO_red_231_cutoff_0.0.inp.out,1369.928030978979,-0.0672,0.2839,20.0255,0.0,-1320.3029037906,351.20771551998513,-1423.3404354084953,-2181.5416740902,0.099948486699759
FMNO_red_232_cutoff_0.0.inp.out,1364.9209116862123,-0.0725,0.2993,19.2545,0.0,-1320.5917936118,1627.5336795261298,1366.950052694419,-2181.8120512679,0.1026099862001501
FMNO_red_233_cutoff_0.0.inp.out,1359.2776636868764,-0.0539,0.3036,20.2153,0.0,-1320.1460354832,-1519.7707660740232,-1408.36661528748,-2181.3710750311,0.0849750757006404
FMNO_red_234_cutoff_0.0.inp.out,1365.85564328524,-0.0619,0.3088,19.2644,0.0,-1320.131919267,-1398.1263873000032,-1496.0224679999938,-2181.3786648568,0.0887238948998856
FMNO_red_235_cutoff_0.0.inp.out,1368.631697292924,-0.0692,0.2811,19.4367,0.0,-1320.3593040153,227.46925303051893,-1872.9456850524352,-2181.5923104107,0.1059473555005752
FMNO_red_236_cutoff_0.0.inp.out,1373.1070507449458,-0.0727,0.2827,18.7222,0.0,-1320.3793105816,98.15957684032516,-595.9812445481618,-2181.6133387459,0.1011088233999544
FMNO_red_237_cutoff_0.0.inp.out,1372.8210469983478,-0.0742,0.284,18.5945,0.0,-1320.9417435452,544.5990323997576,-11.171479370796684,-2182.2242904603,0.1033634041004916
FMNO_red_238_cutoff_0.0.inp.out,1371.067378598222,-0.0599,0.2952,18.1032,0.0,-1320.7429455024,-230.3393452391148,-751.4686466078991,-2181.9838917156,0.0907825089007019
FMNO_red_239_cutoff_0.0.inp.out,1363.535918534165,-0.0819,0.2862,17.7026,0.0,-1320.5719884844,913.755268000001,646.0537271999975,-2181.8455779246,0.1113540502001342
FMNO_red_23_cutoff_0.0.inp.out,1370.1223374919991,-0.0493,0.3099,19.1382,0.0,-1320.6657316517,971.8829007619132,2467.4806543314367,-2181.8786760796,0.0798990881003192
FMNO_red_240_cutoff_0.0.inp.out,1366.7704891545368,-0.0824,0.2817,19.8859,0.0,-1320.6344248467,937.2427704817914,1042.2278839816006,-2181.8934047092,0.1146029019992056
FMNO_red_241_cutoff_0.0.inp.out,1355.5057140871515,-0.0836,0.2701,20.4344,0.0,-1320.7893289059,1781.219496217715,981.0384424374652,-2182.0511874446,0.1168214679000811
FMNO_red_242_cutoff_0.0.inp.out,1360.0013010487105,-0.1025,0.2774,20.5634,0.0,-1320.3138351739,350.6573466569964,-964.6630102620474,-2181.597226062,0.1237288128004365
FMNO_red_243_cutoff_0.0.inp.out,1363.163762687355,-0.0773,0.2671,18.407,0.0,-1320.3169593442,912.6986389977268,643.8568325561911,-2181.571632813,0.1125958460997935
FMNO_red_244_cutoff_0.0.inp.out,1360.5482781153137,-0.0748,0.293,19.0262,0.0,-1320.4401996634,1266.5403248755867,2392.1235783075917,-2181.6944127177,0.1061414013001922
FMNO_red_245_cutoff_0.0.inp.out,1370.9602606313847,-0.0818,0.2935,20.2695,0.0,-1320.5033365492,-1055.8324882664533,377.58688771273415,-2181.7660954437,0.102487710600144
FMNO_red_246_cutoff_0.0.inp.out,1357.3590415165716,-0.0583,0.2948,20.7495,0.0,-1320.5323615588,838.0536192455445,979.4981276008943,-2181.7715208268,0.0881395678006811
FMNO_red_247_cutoff_0.0.inp.out,1368.2034689010204,-0.0521,0.3074,21.1162,0.0,-1320.9482606169,-888.4400060000005,228.27215390000177,-2182.1929119327,0.0804580796993832
FMNO_red_248_cutoff_0.0.inp.out,1371.4305367344791,-0.0816,0.2997,20.0863,0.0,-1320.6717693128,-623.0298428292191,737.0740153732762,-2181.9351524516,0.1047267438007111
FMNO_red_249_cutoff_0.0.inp.out,1368.4818898230956,-0.0576,0.2747,19.2244,0.0,-1320.775137604,1609.5493328922182,3418.542720371775,-2181.9608091824,0.0940219186995818
FMNO_red_24_cutoff_0.0.inp.out,1370.0667907604652,-0.0408,0.3174,18.3091,0.0,-1320.7954775392,279.31204293361344,1592.6957366728714,-2182.0026183274,0.0708890360001532
FMNO_red_250_cutoff_0.0.inp.out,1367.0014225517382,-0.0814,0.2866,20.6606,0.0,-1320.7925634479,452.7972734968208,2837.9198066169615,-2182.0088937974,0.102847449699766
FMNO_red_251_cutoff_0.0.inp.out,1368.0177290470062,-0.0586,0.3154,18.3348,0.0,-1320.6843386877,-37.54942615138353,527.6571692237429,-2181.8747993733,0.0837795959005234
FMNO_red_252_cutoff_0.0.inp.out,1361.0027077665995,-0.0535,0.3118,17.8971,0.0,-1320.2650553623,-1503.599918400002,-391.1197805000024,-2181.4383583149,0.0848550769005669
FMNO_red_253_cutoff_0.0.inp.out,1364.768021117566,-0.056,0.3267,18.75,0.0,-1321.0141249442,-124.27268494487272,383.8620331225309,-2182.1716459321,0.0814050408998809
FMNO_red_254_cutoff_0.0.inp.out,1367.2425381795726,-0.05,0.3128,17.9003,0.0,-1320.5030744811,-1127.2174168721083,284.7858354549416,-2181.6544976534,0.0830054812995513
FMNO_red_255_cutoff_0.0.inp.out,1359.594844032235,-0.06,0.296,17.0944,0.0,-1320.6165409471,738.951071950334,1440.0942328027902,-2181.7721976933,0.0952839261999543
FMNO_red_256_cutoff_0.0.inp.out,1366.6588222529624,-0.0508,0.3073,19.4393,0.0,-1320.8043652702,757.0622269999985,1863.9267076999945,-2181.99797057,0.0930791321998185
FMNO_red_257_cutoff_0.0.inp.out,1369.169939025733,-0.0556,0.3037,20.5626,0.0,-1320.5818519747,57.28554000000005,2153.7997328900196,-2181.7561183823,0.0844257595999806
FMNO_red_258_cutoff_0.0.inp.out,1372.5112340427595,-0.0491,0.3184,19.2918,0.0,-1320.8348556569,20.988358500000786,2501.9044679000185,-2182.002081342,0.0774718784005017
FMNO_red_259_cutoff_0.0.inp.out,1363.1764916244051,-0.0557,0.297,19.1874,0.0,-1320.4257080489,264.7931097851592,1481.10703720815,-2181.5949593163,0.0772768567994717
FMNO_red_25_cutoff_0.0.inp.out,1374.4164643944746,-0.0194,0.3106,20.6546,0.0,-1321.0165709293,238.14832258947905,774.4245256857076,-2182.2056696315,0.060603277899645
FMNO_red_260_cutoff_0.0.inp.out,1360.1732649213952,-0.0516,0.2998,15.9494,0.0,-1320.4947331734,1254.2921479066026,1837.6567716413963,-2181.6375586968,0.0805105257995819
FMNO_red_261_cutoff_0.0.inp.out,1353.585789225947,-0.0732,0.291,22.4172,0.0,-1320.4645201962,1430.6097327999971,2930.510159400024,-2181.5880910104,0.1120772395997846
FMNO_red_262_cutoff_0.0.inp.out,1362.745994578814,-0.0589,0.2969,19.6921,0.0,-1320.4757830799,668.4957630950938,1034.0436355026015,-2181.6329554466,0.0942465592997905
FMNO_red_263_cutoff_0.0.inp.out,1363.5857773892926,-0.0478,0.3213,18.6033,0.0,-1320.7604409487,-626.1256564999976,1018.1776896800076,-2181.948611275,0.0851584143001673
FMNO_red_264_cutoff_0.0.inp.out,1363.3241999975871,-0.0744,0.2965,22.4458,0.0,-1320.7115798773,-170.28744284238758,557.7643022351385,-2181.900650842,0.0950077284005601
FMNO_red_265_cutoff_0.0.inp.out,1355.5822649194283,-0.0653,0.2747,22.8344,0.0,-1320.4138089985,-184.03406110052683,426.6331643956548,-2181.6117884291,0.0852128858996366
FMNO_red_266_cutoff_0.0.inp.out,1359.0019742118743,-0.0823,0.2878,21.1592,0.0,-1320.5545482241,1335.1652599999964,2077.5600992100017,-2181.7474524543,0.1030642258001535
FMNO_red_267_cutoff_0.0.inp.out,1371.3391760241543,-0.0605,0.2927,20.1801,0.0,-1320.6193638135,430.340737240307,3175.3437089405647,-2181.7892839273,0.0840876766005749
FMNO_red_268_cutoff_0.0.inp.out,1353.05218937767,-0.0694,0.3025,21.5414,0.0,-1320.5345335156,-297.13853179999944,2706.981488999986,-2181.7182137335,0.0880464021001898
FMNO_red_269_cutoff_0.0.inp.out,1370.7432779497956,-0.0305,0.3249,18.8525,0.0,-1320.3768003352,923.2266323000028,2651.465152890004,-2181.4978752641,0.0639227460005713
FMNO_red_26_cutoff_0.0.inp.out,1367.116070656895,-0.0434,0.3044,18.4689,0.0,-1320.7120484658,1101.472293406963,3434.220316930069,-2181.9128722288,0.0743096708001758
FMNO_red_270_cutoff_0.0.inp.out,1364.1853606186382,-0.0664,0.3024,19.6001,0.0,-1320.5808791972,120.32526277461658,537.5023116721502,-2181.7162864747,0.091079879100107
FMNO_red_271_cutoff_0.0.inp.out,1358.1938689913702,-0.0551,0.3278,18.6458,0.0,-1320.5632316352,-1086.7680552308568,-1469.4015586969597,-2181.702227861,0.0828692297991438
FMNO_red_272_cutoff_0.0.inp.out,1378.995160606177,-0.0614,0.3137,17.3904,0.0,-1320.636044977,-110.31628226,774.9037581000061,-2181.7912392501,0.0857956816998921
FMNO_red_273_cutoff_0.0.inp.out,1353.4681437049128,-0.042,0.3335,17.8499,0.0,-1320.8523998995,-1126.1478260000022,968.3391787999972,-2181.994123558,0.07405090030079
FMNO_red_274_cutoff_0.0.inp.out,1356.4358515082092,-0.0646,0.3254,17.2617,0.0,-1320.4339542666,-1238.2605653593278,791.1214242206332,-2181.5602860039,0.0972163973001443
FMNO_red_275_cutoff_0.0.inp.out,1359.5890900469208,-0.0639,0.3088,18.1781,0.0,-1320.394492068,703.3725181521526,1831.2135575655564,-2181.5724271405,0.0867274428992459
FMNO_red_276_cutoff_0.0.inp.out,1367.5355878448888,-0.0692,0.301,19.0795,0.0,-1320.6456833808,202.27639044641023,1355.3306184333449,-2181.7785171311,0.0904998590995092
FMNO_red_277_cutoff_0.0.inp.out,1359.0510264552113,-0.0491,0.321,17.6623,0.0,-1320.1848547187,-142.34946705039,1995.936056561952,-2181.3237770994,0.0858584156994766
FMNO_red_278_cutoff_0.0.inp.out,1362.0525872816695,-0.0694,0.2973,20.39,0.0,-1320.6067022238,791.0997637973095,2200.542849905501,-2181.7544964114,0.0989120866997836
FMNO_red_279_cutoff_0.0.inp.out,1367.493867579178,-0.0914,0.2768,20.5807,0.0,-1320.375042413,2375.9944119920374,4779.523759118969,-2181.5549310461,0.1118626381994545
FMNO_red_27_cutoff_0.0.inp.out,1366.1205620976734,-0.0767,0.2871,20.3016,0.0,-1320.7074034578,1723.508622206901,3837.443785639936,-2181.9570299527,0.1060076535004554
FMNO_red_280_cutoff_0.0.inp.out,1363.182218991696,-0.0636,0.2897,18.089,0.0,-1320.6444575308,2925.5081576999933,6056.015142000025,-2181.7432705453,0.0971360895000543
FMNO_red_281_cutoff_0.0.inp.out,1351.3725726544606,-0.0649,0.2835,21.517,0.0,-1320.3708885449,1090.9304235600046,1727.421534600002,-2181.5340069806,0.0940628923999611
FMNO_red_282_cutoff_0.0.inp.out,1358.3370173348967,-0.063,0.2962,20.6202,0.0,-1320.4064753929,1256.780244878991,2187.970989968809,-2181.5284589463,0.0972661487003279
FMNO_red_283_cutoff_0.0.inp.out,1361.0665595570017,-0.0741,0.2893,22.3432,0.0,-1320.9320601105,84.93241500000042,306.6832596999985,-2182.1110227753,0.0930417563995433
FMNO_red_284_cutoff_0.0.inp.out,1360.032580315982,-0.0719,0.2869,20.2829,0.0,-1320.5143356505,2043.3417431683472,4692.0821573169305,-2181.6191767413,0.0951181479995284
FMNO_red_285_cutoff_0.0.inp.out,1350.7931176293052,-0.0997,0.2776,21.1071,0.0,-1320.8203780985,1316.653292751973,3014.5736059705837,-2181.9400615959,0.1199360672999318
FMNO_red_286_cutoff_0.0.inp.out,1345.7169407368629,-0.0652,0.2848,20.6412,0.0,-1320.4407193423,1817.235658990623,5837.847209289103,-2181.5447783491,0.1062526676005291
FMNO_red_287_cutoff_0.0.inp.out,1372.920567100478,-0.0735,0.2846,18.5514,0.0,-1320.9364201491,507.0128018000008,-105.99423723000072,-2182.2202210204,0.1025879361995976
FMNO_red_288_cutoff_0.0.inp.out,1370.0919491161353,-0.068,0.2896,19.0567,0.0,-1320.793935107,-522.7217178777614,-828.6727519364188,-2182.0455883184,0.094339374500123
FMNO_red_289_cutoff_0.0.inp.out,1366.429066630698,-0.087,0.2839,19.3916,0.0,-1320.909632776,1594.8245757999966,3241.414044799976,-2182.2028971054,0.1126938268998856
FMNO_red_28_cutoff_0.0.inp.out,1363.0378609545908,-0.0794,0.2844,20.7293,0.0,-1320.3278732198,511.40652369999987,1505.2523438000046,-2181.5124168651,0.1008619152999017
FMNO_red_290_cutoff_0.0.inp.out,1367.2654463425176,-0.0651,0.3003,20.1545,0.0,-1320.7417284723,-621.4277530999998,524.8386865999995,-2182.0019926474,0.0973868401997606
FMNO_red_291_cutoff_0.0.inp.out,1366.1596301199245,-0.0628,0.3006,20.7525,0.0,-1321.1531314221,-257.2563429999989,48.47771010999984,-2182.4144311036,0.0916186070999174
FMNO_red_292_cutoff_0.0.inp.out,1367.355403415899,-0.0959,0.2828,19.8251,0.0,-1320.4641337431,1059.315957000001,1404.1295510000018,-2181.7691297697,0.1184968823999952
FMNO_red_293_cutoff_0.0.inp.out,1369.8564003891688,-0.099,0.2734,20.0059,0.0,-1320.8222428364,1003.0642349999996,1371.991896999998,-2182.1303559853,0.1162028206999821
FMNO_red_294_cutoff_0.0.inp.out,1371.090823658766,-0.0857,0.2753,19.3004,0.0,-1320.609387155,990.2100996100016,920.0843517370032,-2181.8948907031,0.1127813969005728
FMNO_red_295_cutoff_0.0.inp.out,1368.638717749398,-0.0696,0.3119,18.6643,0.0,-1320.0488079689,-598.8330086955835,159.65844722322151,-2181.3247442715,0.0988445863995366
FMNO_red_296_cutoff_0.0.inp.out,1356.2678096761338,-0.0762,0.2984,20.7611,0.0,-1320.2782630813,460.06438593515367,2177.471113326694,-2181.5887733451,0.1014408015998924
FMNO_red_297_cutoff_0.0.inp.out,1358.3219532113328,-0.0713,0.2894,20.3323,0.0,-1320.4172314635,162.2011768926968,-59.948649034446426,-2181.7187095197,0.1021339590006391
FMNO_red_298_cutoff_0.0.inp.out,1365.4155558033751,-0.0587,0.306,21.5754,0.0,-1319.9818920774,-1611.5412469799962,-2423.785284800019,-2181.257507674,0.0829425278998314
FMNO_red_299_cutoff_0.0.inp.out,1370.1550609896708,-0.061,0.3117,20.2767,0.0,-1320.4761970737,-1443.981667416894,-337.1164348832243,-2181.7497985858,0.0850245698993603
FMNO_red_29_cutoff_0.0.inp.out,1359.1487274255771,-0.0523,0.308,20.0857,0.0,-1320.8093588557,-1574.306757906103,-766.853652954062,-2181.9820988208,0.078326079999897
FMNO_red_2_cutoff_0.0.inp.out,1361.3105915865558,-0.0824,0.2909,17.8519,0.0,-1320.8288898036,826.1399116999995,1145.5332944000045,-2182.1127276572,0.1089449868004521
FMNO_red_300_cutoff_0.0.inp.out,1371.1194339753133,-0.063,0.2991,21.7144,0.0,-1319.9059493414,-1473.728691227212,-2259.1584761561944,-2181.1749889388,0.0927124373001788
FMNO_red_301_cutoff_0.0.inp.out,1373.7682064770934,-0.0589,0.301,19.711,0.0,-1320.6746029819,23.575916100000132,1356.7286149999948,-2181.9163888177,0.0867349350000949
FMNO_red_302_cutoff_0.0.inp.out,1373.3163086708112,-0.085,0.2944,20.1531,0.0,-1320.6608152842,186.73974203955532,-133.94505933492772,-2181.9334223621,0.100938706499619
FMNO_red_303_cutoff_0.0.inp.out,1375.8653996255666,-0.0695,0.3074,18.0425,0.0,-1320.4628795695,-501.9298744058595,-1950.8166883783756,-2181.7280081662,0.0949248218003049
FMNO_red_304_cutoff_0.0.inp.out,1373.8137080884787,-0.0719,0.2958,19.8194,0.0,-1320.5244377042,-752.1331325938326,-2849.193067595176,-2181.7859161242,0.096181608900224
FMNO_red_305_cutoff_0.0.inp.out,1364.5623720523745,-0.0788,0.2863,20.0931,0.0,-1320.2981729017,-1320.9715772100076,-2068.4505423199985,-2181.5624540465,0.0978627744998448
FMNO_red_306_cutoff_0.0.inp.out,1365.9308738778436,-0.0746,0.2768,20.3948,0.0,-1320.4054897401,-816.5998307921428,-1320.3256379650363,-2181.674760254,0.1006787238002289
FMNO_red_307_cutoff_0.0.inp.out,1365.484730180758,-0.0782,0.2879,20.2911,0.0,-1320.4729533284,-1847.8059934045991,-2062.996984985721,-2181.7577709155,0.0991491467002561
FMNO_red_308_cutoff_0.0.inp.out,1368.1795547568656,-0.0756,0.2816,20.1616,0.0,-1320.2367815461,1649.6906169121664,2269.4724674459953,-2181.501150292,0.1126055353997799
FMNO_red_309_cutoff_0.0.inp.out,1367.1138433838305,-0.0604,0.2983,19.5977,0.0,-1320.6869690662,-528.4851207845929,-315.89220308188646,-2181.9159221318,0.0930636191997109
FMNO_red_30_cutoff_0.0.inp.out,1362.4599283126695,-0.0481,0.319,21.9544,0.0,-1320.8221033722,-2141.634325999999,-3777.3265505999975,-2181.9779966514,0.0817694173001655
FMNO_red_310_cutoff_0.0.inp.out,1366.6582958092945,-0.0653,0.2969,19.6194,0.0,-1320.1161368887,832.0490010000032,2710.90314220001,-2181.383522045,0.1037190446004387
FMNO_red_311_cutoff_0.0.inp.out,1370.3435047670728,-0.0563,0.2961,18.3369,0.0,-1319.9607493093,-624.9274160719609,-1637.9899693484022,-2181.2287294645,0.096792245600227
FMNO_red_312_cutoff_0.0.inp.out,1370.875365132158,-0.0907,0.2813,19.6702,0.0,-1320.5987178359,1895.8769698750764,2795.2116569088444,-2181.8810904012,0.1058999862998462
FMNO_red_313_cutoff_0.0.inp.out,1367.157419579488,-0.0669,0.2988,17.7592,0.0,-1320.4810262484,723.5451346541419,1713.8037057545796,-2181.7304213725,0.0910738235997996
FMNO_red_314_cutoff_0.0.inp.out,1370.2472735629362,-0.0608,0.309,19.5969,0.0,-1320.0357911485,-597.4504754498766,460.6944538539922,-2181.3039507405,0.0851415830002224
FMNO_red_315_cutoff_0.0.inp.out,1372.363916941046,-0.0766,0.2957,18.7198,0.0,-1320.8952522037,-1649.5297695281242,-2503.5547776522612,-2182.1487271059,0.0980453208003382
FMNO_red_316_cutoff_0.0.inp.out,1376.7060024861407,-0.0947,0.2737,18.7142,0.0,-1320.8768813258,-284.9041084300013,-1969.8810051000032,-2182.1596192807,0.1111924512997575
FMNO_red_317_cutoff_0.0.inp.out,1371.8817190712734,-0.0975,0.2817,19.0442,0.0,-1320.3959977402,-254.85339994634583,-1209.5940184047784,-2181.6936168025,0.1172754246999829
FMNO_red_318_cutoff_0.0.inp.out,1374.2334721301024,-0.0593,0.3101,20.0311,0.0,-1320.6002815216,-1576.0104293165016,-1763.606531597908,-2181.8604438408,0.0827942310997968
FMNO_red_319_cutoff_0.0.inp.out,1362.3853727481,-0.0883,0.2891,20.6216,0.0,-1320.4613947633,32.97959684956387,179.1140628138839,-2181.7599936953,0.1178459550001207
FMNO_red_31_cutoff_0.0.inp.out,1357.2440647355768,-0.0549,0.2971,20.6735,0.0,-1320.8519096569,-659.8433715427092,-750.3790244782713,-2182.0078133155,0.0848847471997942
FMNO_red_320_cutoff_0.0.inp.out,1367.8627377656458,-0.0804,0.2747,20.2824,0.0,-1320.4797138953,1077.36411572392,2029.309019909933,-2181.7586640148,0.1145148161003817
FMNO_red_321_cutoff_0.0.inp.out,1371.3253476271764,-0.0886,0.2915,21.008,0.0,-1320.6890805155,-280.572985572704,131.94979554966395,-2181.9782330742,0.1065292661996863
FMNO_red_322_cutoff_0.0.inp.out,1367.5738521326384,-0.0883,0.2741,22.1929,0.0,-1320.8661849272,-104.95514608928788,574.526056845588,-2182.16675844,0.1013145719998647
FMNO_red_323_cutoff_0.0.inp.out,1366.4472954243088,-0.0901,0.2789,20.7121,0.0,-1320.3866115601,-31.009599128518353,288.8751477228411,-2181.6732910192,0.111403993299973
FMNO_red_324_cutoff_0.0.inp.out,1374.4840798044688,-0.0991,0.2785,20.5069,0.0,-1320.5019638562,393.6074629999997,365.17592209999754,-2181.8202117542,0.1170169033002821
FMNO_red_325_cutoff_0.0.inp.out,1369.201560982736,-0.0481,0.3182,20.5809,0.0,-1320.4827727431,-1562.2296572280982,-2400.395224492822,-2181.714770643,0.0829281215001174
FMNO_red_326_cutoff_0.0.inp.out,1369.042174785205,-0.0929,0.2917,19.4727,0.0,-1320.498662951,2105.170510999989,3066.9537007000135,-2181.7805597095,0.1197553787997094
FMNO_red_327_cutoff_0.0.inp.out,1363.220745129829,-0.066,0.282,20.6584,0.0,-1320.3553187048,-196.3256083992915,-64.62043548070804,-2181.5967932479,0.0954840910999337
FMNO_red_328_cutoff_0.0.inp.out,1360.9662501175103,-0.0567,0.3197,19.6975,0.0,-1320.305980443,-633.5808238358171,665.8408347896645,-2181.5283091502,0.0839061576998574
FMNO_red_329_cutoff_0.0.inp.out,1361.231404649052,-0.0621,0.2987,20.7607,0.0,-1320.3642888707,1098.7867173290422,1642.6652128238495,-2181.6191231841,0.0941757543996573
FMNO_red_32_cutoff_0.0.inp.out,1361.8759140948728,-0.05,0.289,21.1004,0.0,-1320.802367898,-1554.591206212384,-4197.94227453537,-2181.9827948594,0.0805773811998733
FMNO_red_330_cutoff_0.0.inp.out,1366.580285934402,-0.0708,0.2989,18.5563,0.0,-1320.362037141,906.9243952234864,-344.5698576495136,-2181.6450998753,0.0988314506003007
FMNO_red_331_cutoff_0.0.inp.out,1363.904998174815,-0.0775,0.2873,19.8731,0.0,-1320.2068838807,907.3814734999974,673.9814213999957,-2181.4801767002,0.0986673450997841
FMNO_red_332_cutoff_0.0.inp.out,1358.941306483075,-0.0771,0.2925,18.0882,0.0,-1320.0619743082,51.29702869697701,-867.2169675160976,-2181.3394263946,0.0999812337004186
FMNO_red_333_cutoff_0.0.inp.out,1361.857670109765,-0.0939,0.2735,20.5398,0.0,-1320.3375113638,1597.6893810877873,2398.3743968719896,-2181.6139859387,0.1157596996008578
FMNO_red_334_cutoff_0.0.inp.out,1359.4228351404354,-0.0467,0.3125,18.4148,0.0,-1320.1134041677,-697.6518887474115,1145.5619544369035,-2181.3560583172,0.0790665958002136
FMNO_red_335_cutoff_0.0.inp.out,1370.964268811632,-0.0522,0.3041,20.2689,0.0,-1319.8568762151,-1201.768054530742,-738.6830267162302,-2181.067949051,0.0802149029996144
FMNO_red_336_cutoff_0.0.inp.out,1365.1996086190195,-0.0712,0.2906,19.9957,0.0,-1320.1801118971,18.067026865873885,-22.85165199660478,-2181.4568143083,0.1089841778002664
FMNO_red_337_cutoff_0.0.inp.out,1372.920567100478,-0.0735,0.2846,18.5514,0.0,-1320.9363785017,507.0071322000004,-105.99714763000028,-2182.2201792943,0.1025878828995701
FMNO_red_338_cutoff_0.0.inp.out,1372.5391172826037,-0.0654,0.2893,18.8556,0.0,-1320.857068778,-419.3762903758703,-878.9995913487122,-2182.1105719041,0.0931085447000441
FMNO_red_339_cutoff_0.0.inp.out,1363.253954756519,-0.0861,0.2859,19.8543,0.0,-1321.0386438955,583.4202801999962,2423.007018599998,-2182.3179693748,0.1100706788993193
FMNO_red_33_cutoff_0.0.inp.out,1370.1727816462023,-0.0541,0.3119,21.6842,0.0,-1320.8827066841,-2272.4389718688576,-4968.6070482942305,-2182.0590480959,0.0764126148005743
FMNO_red_340_cutoff_0.0.inp.out,1371.4469060472748,-0.0848,0.2778,20.7039,0.0,-1320.6852497894,809.4086912778824,558.2487812482233,-2181.9715394796,0.1139015455000844
FMNO_red_341_cutoff_0.0.inp.out,1373.025095973422,-0.0942,0.2807,21.0291,0.0,-1320.715135818,63.75588685582325,-445.08160308115856,-2182.0168425499,0.1108172865997403
FMNO_red_342_cutoff_0.0.inp.out,1368.205227262369,-0.0732,0.3018,19.8765,0.0,-1320.6580972857,-1156.1716209747328,-2859.356703204184,-2181.9244370705,0.0993405051995068
FMNO_red_343_cutoff_0.0.inp.out,1369.8736634415163,-0.0873,0.2739,20.8711,0.0,-1320.7095798621,1009.4969820019963,600.0562844750306,-2182.0034447199,0.1201120527994135
FMNO_red_344_cutoff_0.0.inp.out,1358.4333225846988,-0.0672,0.2885,19.7263,0.0,-1321.169211847,5.253311046683717,-163.2737379260989,-2182.4422506723,0.0994354499007386
FMNO_red_345_cutoff_0.0.inp.out,1369.4447762146633,-0.0546,0.2897,20.0496,0.0,-1320.3632132887,-81.5659573315886,-1167.3175716304695,-2181.6178305218,0.092265331300041
FMNO_red_346_cutoff_0.0.inp.out,1368.3991643824452,-0.0795,0.3007,20.6279,0.0,-1321.0509303434,-836.12483217433,-1146.497026801827,-2182.3249193842,0.1036885338999127
FMNO_red_347_cutoff_0.0.inp.out,1367.8386139683723,-0.0626,0.2961,18.6171,0.0,-1320.5951208494,-360.8339764000008,-2651.7598780999824,-2181.8354566674,0.091186908200143
FMNO_red_348_cutoff_0.0.inp.out,1374.0178604180287,-0.0832,0.2874,18.156,0.0,-1320.6268792218,-137.75287597700043,-1650.8300694000038,-2181.8975850539,0.1044277046003117
FMNO_red_349_cutoff_0.0.inp.out,1366.26010364505,-0.0769,0.2874,19.8591,0.0,-1320.9110339239,1546.5360778309434,1619.4352531570755,-2182.1893074695,0.1137944646998221
FMNO_red_34_cutoff_0.0.inp.out,1368.8161685102173,-0.0519,0.2959,18.8595,0.0,-1320.6785091579,-677.911139007313,-1494.797607179368,-2181.903887323,0.0896973688995785
FMNO_red_350_cutoff_0.0.inp.out,1375.907558721227,-0.0682,0.295,17.3269,0.0,-1320.4736916589,531.5174174429636,2091.5164595317915,-2181.7450020086,0.1066313621995505
FMNO_red_351_cutoff_0.0.inp.out,1373.1526143356584,-0.0456,0.3049,18.72,0.0,-1320.4076758291,19.43702346295711,988.9762043028062,-2181.6347253867,0.0830852031003814
FMNO_red_352_cutoff_0.0.inp.out,1370.9692213774752,-0.0813,0.2847,19.0603,0.0,-1320.3851457943,1219.0679779929594,2795.6989392716528,-2181.6429177943,0.1044679787992208
FMNO_red_353_cutoff_0.0.inp.out,1370.8046379983018,-0.0608,0.3118,18.7301,0.0,-1320.3507803913,-401.8215101780875,1143.243301755553,-2181.5848017388,0.089557706600317
FMNO_red_354_cutoff_0.0.inp.out,1369.4559065956512,-0.0561,0.289,18.451,0.0,-1320.5404707425,545.2128692123243,3255.3685720653116,-2181.7791380483,0.0939662342998417
FMNO_red_355_cutoff_0.0.inp.out,1365.341855448071,-0.0855,0.2943,18.806,0.0,-1320.5673783844,1529.8764350220365,4920.321019874063,-2181.8299508633,0.1195184649996008
FMNO_red_356_cutoff_0.0.inp.out,1371.5389922559489,-0.0725,0.2901,18.7079,0.0,-1320.5121433347,2004.389525150531,4348.782474218252,-2181.7685172292,0.0982720176998555
FMNO_red_357_cutoff_0.0.inp.out,1369.6692632379918,-0.0465,0.3132,18.8819,0.0,-1320.7275967942,892.4733904760122,4463.813450179064,-2181.9638716248,0.0842649403002724
FMNO_red_358_cutoff_0.0.inp.out,1372.3945590832902,-0.071,0.2846,20.9445,0.0,-1320.6679276118,1950.1445034289352,4813.852610198858,-2181.9349666534,0.098877807300596
FMNO_red_359_cutoff_0.0.inp.out,1364.1406600348137,-0.076,0.3005,18.4273,0.0,-1321.0470561069,1727.6111323871366,4352.27281762284,-2182.3086195229,0.1099115893994167
FMNO_red_35_cutoff_0.0.inp.out,1369.012461504172,-0.081,0.3079,20.2587,0.0,-1320.8588223151,-344.68998792693424,-715.0934102133307,-2182.0932614465,0.0995289148004303
FMNO_red_360_cutoff_0.0.inp.out,1367.33806088526,-0.0568,0.305,17.6812,0.0,-1321.0615962993,2549.9270841356256,6233.192962189136,-2182.2891399225,0.0869892031996641
FMNO_red_361_cutoff_0.0.inp.out,1372.2856128372196,-0.0642,0.314,18.309,0.0,-1320.5137669619,1374.3999292999997,5510.974089500001,-2181.7592202286,0.0895057458001247
FMNO_red_362_cutoff_0.0.inp.out,1373.6233196246726,-0.0479,0.3137,18.4943,0.0,-1320.7430231395,915.3371498220424,5150.867143745118,-2181.9864668656,0.0784875344997999
FMNO_red_363_cutoff_0.0.inp.out,1370.9219196782817,-0.0618,0.3016,20.9513,0.0,-1320.60422483,845.5985703005865,5463.976597717968,-2181.8585855364,0.0885208957997747
FMNO_red_364_cutoff_0.0.inp.out,1358.2222478639762,-0.0781,0.2863,20.527,0.0,-1320.2411972965,1464.1444665534227,5915.450684394716,-2181.5315176585,0.1066775079998478
FMNO_red_365_cutoff_0.0.inp.out,1364.7078997421677,-0.0576,0.2936,20.9739,0.0,-1320.3911150209,509.0911973900007,3536.150634399994,-2181.6294644672,0.0843778668995582
FMNO_red_366_cutoff_0.0.inp.out,1358.0223448447923,-0.0407,0.2977,19.6211,0.0,-1320.7856614817,995.4464735889655,2085.004500680656,-2181.9957511492,0.0779350763996262
FMNO_red_367_cutoff_0.0.inp.out,1362.437077836832,-0.0834,0.2962,20.0267,0.0,-1320.3031267154,2427.0649080000026,4407.080786000007,-2181.5554102715,0.107884874299998
FMNO_red_368_cutoff_0.0.inp.out,1368.7391796404054,-0.0463,0.2996,20.4671,0.0,-1320.8998977072,602.0324357000007,2426.5774581899964,-2182.1289751211,0.0799188329001481
FMNO_red_369_cutoff_0.0.inp.out,1374.049075370878,-0.0605,0.3052,21.5569,0.0,-1320.6134937671,531.1807303530301,3581.933654366791,-2181.8636530419,0.0906988024999009
FMNO_red_36_cutoff_0.0.inp.out,1358.4897884703869,-0.0335,0.3096,19.3672,0.0,-1320.7388226043,-1255.2187080800402,-1609.4559183424794,-2181.9314907061,0.0734381483998731
FMNO_red_370_cutoff_0.0.inp.out,1359.769083010466,-0.0753,0.2863,19.9711,0.0,-1320.8777581912,1508.3246730124044,3329.319645541091,-2182.1224021583,0.0921632494000732
FMNO_red_371_cutoff_0.0.inp.out,1369.3847314036454,-0.0418,0.3006,19.6762,0.0,-1320.5964735476,1379.5525064461117,5528.069953624569,-2181.8463596411,0.0822360055999524
FMNO_red_372_cutoff_0.0.inp.out,1376.5751711411058,-0.0457,0.3134,20.992,0.0,-1321.1264142545,-157.60935881808703,3358.362465241502,-2182.3674389992,0.0682530827998562
FMNO_red_373_cutoff_0.0.inp.out,1365.4313006958173,-0.0524,0.2977,17.2716,0.0,-1320.5301097856,2038.4522190874025,5210.672205934781,-2181.7839711499,0.0929512103002707
FMNO_red_374_cutoff_0.0.inp.out,1362.7859427488995,-0.0654,0.292,20.3785,0.0,-1320.4704782523,723.9509450000025,3053.1416415509807,-2181.7305186122,0.0981238200001826
FMNO_red_375_cutoff_0.0.inp.out,1367.2800842417826,-0.0736,0.2866,18.896,0.0,-1320.7169052988,2879.406509999996,5694.078938999988,-2181.9801279362,0.1039064801998392
FMNO_red_376_cutoff_0.0.inp.out,1372.1624200008785,-0.0615,0.29,19.3353,0.0,-1320.7998874331,2019.7891999999977,6196.838936499976,-2182.0579124366,0.0891579705003096
FMNO_red_377_cutoff_0.0.inp.out,1369.5723689501797,-0.0571,0.2944,20.6671,0.0,-1320.6315935708,167.48815669999996,1957.5557660000004,-2181.8939491846,0.0854060144001778
FMNO_red_378_cutoff_0.0.inp.out,1376.5640170951965,-0.0819,0.2804,20.5428,0.0,-1320.6018515442,622.1141160134913,1304.0535837522818,-2181.8653004693,0.1073829972992825
FMNO_red_379_cutoff_0.0.inp.out,1369.9471275715866,-0.0703,0.2947,20.296,0.0,-1320.320686487,-395.2206674000006,-685.2500229000015,-2181.5850079003,0.1013158656996893
FMNO_red_37_cutoff_0.0.inp.out,1367.80178733393,-0.0543,0.2989,19.5582,0.0,-1320.6912621453,-827.8704199287499,-2083.3121976857237,-2181.870824959,0.0858934402995146
FMNO_red_380_cutoff_0.0.inp.out,1373.153612495195,-0.0894,0.2744,21.0962,0.0,-1320.3562712351,1672.1002580938302,2199.7149822211613,-2181.6619394573,0.1156405158999405
FMNO_red_381_cutoff_0.0.inp.out,1370.546795375035,-0.0737,0.2886,20.309,0.0,-1320.3831704584,375.4830256465986,1704.228230570064,-2181.6626768234,0.1007661167996047
FMNO_red_382_cutoff_0.0.inp.out,1368.1223422743476,-0.0509,0.3195,18.912,0.0,-1320.5126843493,-250.07402885094228,3061.494242999263,-2181.7542377719,0.0861995734003358
FMNO_red_383_cutoff_0.0.inp.out,1366.568640874069,-0.0687,0.2819,20.0585,0.0,-1320.6879293949,1925.3536300000048,2939.8257884999966,-2181.9496052429,0.1013148754000212
FMNO_red_384_cutoff_0.0.inp.out,1371.1382212402498,-0.0567,0.2936,19.6409,0.0,-1320.1721137327,787.9842142652781,1951.97949195118,-2181.3995229134,0.09293588159926
FMNO_red_385_cutoff_0.0.inp.out,1372.6003977889543,-0.0728,0.2959,21.0676,0.0,-1320.1392902685,-187.12581413837893,-59.96122135651554,-2181.3883814862,0.1041707798003699
FMNO_red_386_cutoff_0.0.inp.out,1375.269044749787,-0.0715,0.293,19.1161,0.0,-1320.4493938288,3.255799500000109,-249.58297729999867,-2181.7029980709,0.1018103297001289
FMNO_red_387_cutoff_0.0.inp.out,1372.8210469983478,-0.0742,0.284,18.5945,0.0,-1320.9416881837,544.6048282881634,-11.16791225823024,-2182.2242344338,0.103362809400096
FMNO_red_388_cutoff_0.0.inp.out,1371.3019640642208,-0.0647,0.2928,18.2701,0.0,-1320.7711154595,32.88443331553394,-576.6708361285861,-2182.0130678434,0.0933801675000722
FMNO_red_389_cutoff_0.0.inp.out,1362.6558419731805,-0.082,0.2881,18.1167,0.0,-1320.7245932345,847.5110810744502,1693.204998983231,-2181.9950519324,0.1091121785002542
FMNO_red_38_cutoff_0.0.inp.out,1373.6322202966078,-0.0778,0.3047,20.9366,0.0,-1320.7985622245,-132.59131322486715,-1486.304272873797,-2182.0053932422,0.0985796674995072
FMNO_red_390_cutoff_0.0.inp.out,1367.6597289048111,-0.0754,0.2974,18.5474,0.0,-1320.7778783419,824.4108343599995,1214.296628999999,-2182.0123434201,0.1088227835007273
FMNO_red_391_cutoff_0.0.inp.out,1366.1958241745062,-0.0673,0.3072,17.3414,0.0,-1320.678329348,-378.8539857536052,-326.94370131337445,-2181.9225138983,0.095349039100256
FMNO_red_392_cutoff_0.0.inp.out,1378.127437221006,-0.0641,0.3057,18.5865,0.0,-1320.6681710107,-447.5847357417637,371.0363934874804,-2181.9044993128,0.0927261898004871
FMNO_red_393_cutoff_0.0.inp.out,1372.559537629142,-0.0524,0.3082,18.1243,0.0,-1320.4482221206,-1324.8331003284993,-336.8998731989048,-2181.6668240789,0.0885113002996149
FMNO_red_394_cutoff_0.0.inp.out,1363.9962583381405,-0.0834,0.2744,19.7515,0.0,-1320.5646956592,1006.0125549864396,1445.9640010345547,-2181.8304541821,0.1075327526004912
FMNO_red_395_cutoff_0.0.inp.out,1373.519062725766,-0.0612,0.3018,20.0208,0.0,-1320.6506281705,-487.63427483378587,-139.21605121591205,-2181.9024604261,0.0881039378000423
FMNO_red_396_cutoff_0.0.inp.out,1365.0363550488205,-0.0726,0.3037,21.0308,0.0,-1320.2536886998,-85.2104367894781,862.2141895849429,-2181.5213078946,0.1046952208998845
FMNO_red_397_cutoff_0.0.inp.out,1367.3139442437391,-0.075,0.2927,19.9165,0.0,-1319.8037564228,563.2006057988286,-24.424996874979055,-2181.0623691894,0.105324440500226
FMNO_red_398_cutoff_0.0.inp.out,1376.480569112943,-0.0683,0.3067,18.8963,0.0,-1320.032709386,217.6623711374119,621.4023028970796,-2181.2607147963,0.1020875669000815
FMNO_red_399_cutoff_0.0.inp.out,1367.6624370273005,-0.0696,0.2902,19.8545,0.0,-1320.3637363412,-225.49064419999917,342.8510331000004,-2181.6150232536,0.0987398839997695
FMNO_red_39_cutoff_0.0.inp.out,1369.7210242328033,-0.0623,0.2937,18.7439,0.0,-1320.8625754166,291.58088419999956,25.059219860000216,-2182.0337857405,0.0878212857996914
FMNO_red_3_cutoff_0.0.inp.out,1364.5356944618793,-0.0644,0.3062,17.9758,0.0,-1320.7546679327,-302.8351703999999,-1008.5201571299986,-2181.9938290812,0.1014506791998428
FMNO_red_400_cutoff_0.0.inp.out,1369.633444989349,-0.0625,0.3076,18.0913,0.0,-1319.9874375832,1052.7956558946055,2337.99816859582,-2181.2378186483,0.0936892139006886
FMNO_red_401_cutoff_0.0.inp.out,1369.251190500371,-0.0662,0.3059,19.5225,0.0,-1319.9102666993,25.758956081984728,1481.242448109188,-2181.1579104679,0.0833902381000371
FMNO_red_402_cutoff_0.0.inp.out,1365.7287545583229,-0.0933,0.2885,19.4656,0.0,-1320.256745337,2039.2860297639015,2309.8754750417324,-2181.5546593662,0.1197963409003932
FMNO_red_403_cutoff_0.0.inp.out,1364.3092656842532,-0.0664,0.3018,20.0026,0.0,-1320.3204036067,18.758890000000456,-425.4647605,-2181.552425379,0.0902169277997018
FMNO_red_404_cutoff_0.0.inp.out,1364.1679762809497,-0.0408,0.3202,18.4663,0.0,-1320.1727301302,-1535.96553503293,-2207.3694120283712,-2181.4037486632,0.0855493476992705
FMNO_red_405_cutoff_0.0.inp.out,1370.8004060208868,-0.0715,0.2984,20.4743,0.0,-1320.5208240892,-1099.7423176720029,-1663.8678279,-2181.7655729239,0.1026376503996289
FMNO_red_406_cutoff_0.0.inp.out,1373.772532857137,-0.0926,0.2775,19.558,0.0,-1320.4830715679,264.6642620274658,-40.31054762093424,-2181.7626112879,0.1200275044993759
FMNO_red_407_cutoff_0.0.inp.out,1372.9617339530032,-0.0776,0.2863,18.4463,0.0,-1320.5312231039,1391.511653999998,2200.1806263000194,-2181.7964360788,0.1109831035000752
FMNO_red_408_cutoff_0.0.inp.out,1363.7586605405434,-0.0694,0.2867,18.4722,0.0,-1320.306422026,1053.9709585279877,-373.8582993413277,-2181.5484889343,0.104704918599964
FMNO_red_409_cutoff_0.0.inp.out,1348.04929775119,-0.0733,0.2835,21.1219,0.0,-1320.3077631039,56.02306002300358,2056.100010097954,-2181.5664659441,0.0994210546996328
FMNO_red_40_cutoff_0.0.inp.out,1365.3291141739808,-0.0781,0.2951,20.0935,0.0,-1320.7853596518,245.80156219819304,1231.1617394230254,-2181.9704737282,0.1078229431004729
FMNO_red_410_cutoff_0.0.inp.out,1360.1486931925874,-0.0885,0.2685,21.3639,0.0,-1320.4181716973,2263.4102053079505,2308.143343741041,-2181.7209716071,0.1178210731004583
FMNO_red_411_cutoff_0.0.inp.out,1358.379071555872,-0.0954,0.2773,20.8173,0.0,-1320.0778020948,818.0100373168003,970.36677792968,-2181.3491734687,0.1101722176999828
FMNO_red_412_cutoff_0.0.inp.out,1377.187795525377,-0.0674,0.2984,20.9476,0.0,-1320.3708235892,-460.8613650000016,-211.91879730000025,-2181.6378587907,0.0884125102993493
FMNO_red_413_cutoff_0.0.inp.out,1374.4334920021156,-0.0847,0.2956,19.685,0.0,-1320.4989413099,-1411.8227000397476,-3092.999454096549,-2181.7422940089,0.1003289252003014
FMNO_red_414_cutoff_0.0.inp.out,1364.0654036730164,-0.0934,0.2646,20.8877,0.0,-1320.4155392812,831.2387439404271,1166.7900355087927,-2181.6797688212,0.1145275371000025
FMNO_red_415_cutoff_0.0.inp.out,1366.290251825022,-0.0616,0.3028,21.1262,0.0,-1320.2943340305,-319.5273213000003,118.2389018999999,-2181.5525600822,0.0915717927000514
FMNO_red_416_cutoff_0.0.inp.out,1359.4029979029374,-0.0535,0.3098,21.6911,0.0,-1320.5201609228,-1151.811149917692,-146.3846075686294,-2181.7728055683,0.0733948733004581
FMNO_red_417_cutoff_0.0.inp.out,1366.8087503732263,-0.0789,0.2752,21.5383,0.0,-1320.4815794396,1708.6507498323704,4400.154482896953,-2181.7409546255,0.0984271397001066
FMNO_red_418_cutoff_0.0.inp.out,1368.9114060905492,-0.0611,0.3084,21.2285,0.0,-1320.1787684321,-110.71882411871398,3086.875888772812,-2181.4332753847,0.0865537546997075
FMNO_red_419_cutoff_0.0.inp.out,1366.560887208939,-0.0819,0.2686,20.6485,0.0,-1320.4142436666,1499.0586428398542,2779.3668426303693,-2181.6787641611,0.1062206873002651
FMNO_red_41_cutoff_0.0.inp.out,1358.337428567748,-0.0646,0.3013,20.5868,0.0,-1320.7655053193,358.8931298927713,1206.4401035388933,-2181.9589739656,0.0828435820003505
FMNO_red_420_cutoff_0.0.inp.out,1370.7605770359269,-0.0622,0.3159,21.8487,0.0,-1320.3334380658,-496.7124975320615,860.6267495792347,-2181.5731191795,0.0799184081997737
FMNO_red_421_cutoff_0.0.inp.out,1370.4507335852204,-0.0652,0.3002,20.1916,0.0,-1319.9847450207,243.73652282597993,2285.1613000082484,-2181.1867337243,0.0957843516998764
FMNO_red_422_cutoff_0.0.inp.out,1366.9666166347138,-0.0688,0.3053,20.4869,0.0,-1320.0546837403,106.98059933837357,1604.2296402343068,-2181.2814947043,0.0880519005995665
FMNO_red_423_cutoff_0.0.inp.out,1363.8912237578131,-0.0469,0.2974,20.6992,0.0,-1320.3016497824,-255.97756149999995,39.13931149999944,-2181.5002322421,0.0778797374996429
FMNO_red_424_cutoff_0.0.inp.out,1362.948323991514,-0.0847,0.2928,20.9495,0.0,-1319.904002135,-132.45453491000006,-605.5388801999997,-2181.1567407464,0.101565719300197
FMNO_red_425_cutoff_0.0.inp.out,1359.7107984709376,-0.0904,0.2705,21.6469,0.0,-1320.4039946415,1895.554053854303,4966.331098817931,-2181.6709384123,0.1106403142002818
FMNO_red_426_cutoff_0.0.inp.out,1355.7497471164352,-0.0836,0.2548,21.6978,0.0,-1320.5589449748,2027.6518952460756,2636.0066740906855,-2181.7898343023,0.1067381100001512
FMNO_red_427_cutoff_0.0.inp.out,1356.5588299542462,-0.0707,0.2878,21.1895,0.0,-1320.5679326385,1401.819735118337,3732.6574415537048,-2181.7868557427,0.1000115346996608
FMNO_red_428_cutoff_0.0.inp.out,1370.6111297591524,-0.0885,0.2858,19.9678,0.0,-1320.4224191307,1116.2488510433902,2318.9859702712247,-2181.7005558246,0.1133389149999857
FMNO_red_429_cutoff_0.0.inp.out,1369.0070755642398,-0.0697,0.2794,20.2793,0.0,-1320.3249429083,1523.8770367,2115.8802519999963,-2181.5079281887,0.1026819970993528
FMNO_red_42_cutoff_0.0.inp.out,1358.2815249808536,-0.0603,0.2803,18.3752,0.0,-1320.8324379145,2399.498436099156,4906.751264603801,-2182.0679659231,0.0936345969994363
FMNO_red_430_cutoff_0.0.inp.out,1371.8499184785044,-0.0909,0.2824,22.6687,0.0,-1320.3041312052,2174.6601103377175,4770.252582742693,-2181.5104638979,0.1131875499004309
FMNO_red_431_cutoff_0.0.inp.out,1362.2812430495935,-0.0794,0.2822,20.9213,0.0,-1320.2023451833,1100.072057226844,2099.295100902807,-2181.3901751837,0.1004259691999323
FMNO_red_432_cutoff_0.0.inp.out,1367.9127987586082,-0.0576,0.2925,20.2459,0.0,-1320.4063606034,213.9778570219289,2192.4542121436107,-2181.6266379733,0.0832344933996864
FMNO_red_433_cutoff_0.0.inp.out,1362.9007728538202,-0.0856,0.2683,21.0417,0.0,-1320.6534917266,2496.14745969509,5013.631028717888,-2181.8971620891,0.111980197700177
FMNO_red_434_cutoff_0.0.inp.out,1367.1687391876485,-0.0679,0.3031,19.803,0.0,-1320.7443519297,-334.07295814457973,-450.7268831819635,-2181.9594419264,0.0986050815999988
FMNO_red_435_cutoff_0.0.inp.out,1364.196857890552,-0.0691,0.2817,20.5374,0.0,-1320.2627704626,-27.775697999999863,478.56140282000007,-2181.4933259944,0.1006445384000471
FMNO_red_436_cutoff_0.0.inp.out,1368.5325741456768,-0.0863,0.2901,19.9632,0.0,-1320.4966602332,1556.2669344000053,2866.969054740017,-2181.6675693911,0.1139339899000333
FMNO_red_437_cutoff_0.0.inp.out,1372.8210469983478,-0.0742,0.284,18.5945,0.0,-1320.9418101857,544.5908806085703,-11.189975763413138,-2182.2243577617,0.1033637400996667
FMNO_red_438_cutoff_0.0.inp.out,1371.1970209689189,-0.0583,0.2932,17.9411,0.0,-1320.7363596519,-60.884663230430014,-736.4000278969958,-2181.9720526043,0.0907809571999678
FMNO_red_439_cutoff_0.0.inp.out,1362.5782825547606,-0.0777,0.2965,18.4364,0.0,-1320.554835802,460.026128000001,121.98578699999992,-2181.830141103,0.1043330267002602
FMNO_red_43_cutoff_0.0.inp.out,1362.47393924575,-0.0719,0.3008,19.9315,0.0,-1321.1722774142,-238.14101488801825,-642.7964309045664,-2182.4008118584,0.0945006464007747
FMNO_red_440_cutoff_0.0.inp.out,1365.042047420657,-0.0544,0.3072,18.0429,0.0,-1320.4982077197,-929.9798573999988,-1009.4595307300044,-2181.7301583207,0.0904935237003883
FMNO_red_441_cutoff_0.0.inp.out,1361.1426329575309,-0.0693,0.2962,18.5502,0.0,-1320.4496272831,631.3487363506292,-618.0063611930201,-2181.6758543149,0.1046042165999097
FMNO_red_442_cutoff_0.0.inp.out,1365.758912102983,-0.037,0.3424,17.9227,0.0,-1320.4495141384,-2583.825266822687,-3925.012530048616,-2181.6697717068,0.0741719670995735
FMNO_red_443_cutoff_0.0.inp.out,1365.7917665490595,-0.0584,0.3019,17.8663,0.0,-1320.3495872045,-678.9575784124435,-357.7101249288205,-2181.5733528258,0.0929979530001219
FMNO_red_444_cutoff_0.0.inp.out,1358.9809912591113,-0.0472,0.3111,19.3532,0.0,-1320.5675422536,-1207.1801360000009,-1335.5137208000108,-2181.8087796991,0.0864595165994615
FMNO_red_445_cutoff_0.0.inp.out,1367.296349234014,-0.0563,0.3037,20.6582,0.0,-1320.5597196821,-1930.616573225427,-3152.0075802025635,-2181.804714982,0.0786786978005693
FMNO_red_446_cutoff_0.0.inp.out,1368.259687084618,-0.0541,0.3039,19.785,0.0,-1320.7271912763,-847.5327569663964,-914.3819646171258,-2181.9613152737,0.0878704755996295
FMNO_red_447_cutoff_0.0.inp.out,1371.2281167889073,-0.0606,0.3108,21.4603,0.0,-1320.4484182191,-1261.05795505669,-1268.2143784131144,-2181.7118810037,0.0859067710007366
FMNO_red_448_cutoff_0.0.inp.out,1369.6448286804518,-0.0657,0.2985,20.2839,0.0,-1320.8380274088,-539.4871982122339,-570.7059593096408,-2182.1002280794,0.0910205550999307
FMNO_red_449_cutoff_0.0.inp.out,1360.7543938569136,-0.0707,0.2969,19.9521,0.0,-1320.6757544949,-470.47322287275335,-714.9212834205658,-2181.9214333383,0.0940375071995731
FMNO_red_44_cutoff_0.0.inp.out,1366.1591460583618,-0.0672,0.3024,20.4085,0.0,-1320.5516187065,-293.37504062466735,539.5817342677241,-2181.7611454264,0.0909591121999255
FMNO_red_450_cutoff_0.0.inp.out,1373.475856571083,-0.0571,0.313,18.2348,0.0,-1321.0104792201,-862.4415783097046,-1027.0558957076853,-2182.2161227723,0.0853225307000684
FMNO_red_451_cutoff_0.0.inp.out,1371.821696192182,-0.0671,0.2887,20.0125,0.0,-1321.0640130038,527.9757630000001,-420.3729589999999,-2182.3034004247,0.1023650431998248
FMNO_red_452_cutoff_0.0.inp.out,1361.162300119548,-0.0602,0.3059,22.1622,0.0,-1320.8046856817,-1892.1480617461737,-1681.466550764866,-2182.043954964,0.0855703406004977
FMNO_red_453_cutoff_0.0.inp.out,1356.0175696930849,-0.0496,0.3037,19.4414,0.0,-1320.7010132325,-726.5412071580674,-1036.3478444411187,-2181.9028079938,0.0862409151004612
FMNO_red_454_cutoff_0.0.inp.out,1365.3190463754552,-0.0401,0.309,20.1083,0.0,-1320.8012369438,-515.6500975493861,501.6387797607189,-2182.0101461459,0.075790887200128
FMNO_red_455_cutoff_0.0.inp.out,1365.499201630866,-0.0567,0.3032,19.6783,0.0,-1320.915332668,-1262.8771252407007,-3809.378377228,-2182.1030021444,0.0878236782991734
FMNO_red_456_cutoff_0.0.inp.out,1367.277656313181,-0.0565,0.2986,20.086,0.0,-1320.7109597102,-1450.2859612845116,-1625.860282088665,-2181.9146688321,0.0855547361998105
FMNO_red_457_cutoff_0.0.inp.out,1368.0021188827372,-0.0777,0.2847,20.3069,0.0,-1320.7861723625,479.4373714000007,-573.1592138000057,-2181.9898811611,0.1045030195991785
FMNO_red_458_cutoff_0.0.inp.out,1362.6983182906129,-0.0356,0.3222,18.0395,0.0,-1321.1242062137,-2500.025406739188,-2827.1831338224397,-2182.3233026044,0.0695348905001083
FMNO_red_459_cutoff_0.0.inp.out,1365.2934278860712,-0.0483,0.3038,18.684,0.0,-1320.670436804,-77.18946899999978,-1361.5549638799916,-2181.844198095,0.0831848716006788
FMNO_red_45_cutoff_0.0.inp.out,1361.263521920579,-0.0504,0.2941,21.0417,0.0,-1320.6894196305,370.8217752214058,2055.654647982592,-2181.8769523304,0.0867970479002906
FMNO_red_460_cutoff_0.0.inp.out,1366.7580365837828,-0.0563,0.2985,19.4523,0.0,-1321.0016565706,-280.4697591067524,259.8598543872266,-2182.2124710888,0.0910688789999767
FMNO_red_461_cutoff_0.0.inp.out,1371.5012651235709,-0.0603,0.3067,20.7237,0.0,-1320.8664325358,-1498.794562404886,-2433.206503977252,-2182.0697244079,0.0847551403003308
FMNO_red_462_cutoff_0.0.inp.out,1368.722170554035,-0.0605,0.3004,19.7066,0.0,-1320.9731224839,-1630.8723739999982,-2108.567312929999,-2182.159127832,0.0922607577995222
FMNO_red_463_cutoff_0.0.inp.out,1363.8849856368438,-0.0544,0.3015,17.8267,0.0,-1320.6376473438,-760.4045812646593,-1968.1095489884844,-2181.791272605,0.0902057544999479
FMNO_red_464_cutoff_0.0.inp.out,1366.6617102187176,-0.0707,0.2991,18.4596,0.0,-1320.6620911044,-810.5782878001814,-2527.563893015109,-2181.8296118741,0.1033617148996199
FMNO_red_465_cutoff_0.0.inp.out,1371.57718755197,-0.0522,0.3077,18.837,0.0,-1320.435502295,-1091.9075371913673,-4143.1227632331,-2181.6440987094,0.0881563693001226
FMNO_red_466_cutoff_0.0.inp.out,1363.1628399443089,-0.0686,0.3107,18.418,0.0,-1320.6563622625,-846.2797237971705,-1317.4453321040758,-2181.8671341967,0.0900120917003732
FMNO_red_467_cutoff_0.0.inp.out,1367.51100985191,-0.0631,0.2895,19.5073,0.0,-1320.8427467915,-2136.350481000009,-4346.877415839996,-2182.0453335769,0.0892387653002515
FMNO_red_468_cutoff_0.0.inp.out,1366.8035174708266,-0.0681,0.2951,19.0996,0.0,-1320.3142381285,-1201.2882238245154,-2091.916565101498,-2181.4699718735,0.0953074641001876
FMNO_red_469_cutoff_0.0.inp.out,1359.0238251833637,-0.0634,0.2794,19.8258,0.0,-1320.1929481322,-490.472555472063,-777.8792587384831,-2181.3402338705,0.1063457655000092
FMNO_red_46_cutoff_0.0.inp.out,1360.690094909609,-0.0898,0.2832,20.9847,0.0,-1320.6432322493,1822.835554162628,2934.1325668645077,-2181.8779608746,0.1142983311001444
FMNO_red_470_cutoff_0.0.inp.out,1368.411484823766,-0.0835,0.2726,21.241,0.0,-1320.3065911901,161.23739327414216,167.3484042391376,-2181.5257550981,0.1178472758001589
FMNO_red_471_cutoff_0.0.inp.out,1362.5917249844647,-0.1172,0.2693,22.8434,0.0,-1320.1258145304,21.792952414007917,-492.7417483245297,-2181.3305561298,0.1291378859004908
FMNO_red_472_cutoff_0.0.inp.out,1355.0631490017356,-0.0507,0.2718,20.8951,0.0,-1320.2420551942,-87.00340799650468,-1813.120255877942,-2181.381384751,0.0966953501001626
FMNO_red_473_cutoff_0.0.inp.out,1362.4353686674378,-0.0762,0.2979,21.0713,0.0,-1320.2286921196,-1630.4842625141105,-2166.2117710260477,-2181.3660756447,0.0986952621997261
FMNO_red_474_cutoff_0.0.inp.out,1363.230264664561,-0.0792,0.2873,19.3213,0.0,-1320.3720763606,-2165.144351702628,-2438.973910542414,-2181.4903622726,0.1043090099001347
FMNO_red_475_cutoff_0.0.inp.out,1362.6227784680286,-0.0487,0.2989,19.3126,0.0,-1320.4183314562,-1753.5100900000002,-1161.1648565300018,-2181.5429558169,0.0803357019003669
FMNO_red_476_cutoff_0.0.inp.out,1363.2584359583032,-0.0756,0.3037,20.4169,0.0,-1320.1774229899,-1889.3493050000009,-3041.2102675000147,-2181.3043310692,0.0983114029004355
FMNO_red_477_cutoff_0.0.inp.out,1351.3314037752114,-0.0717,0.2946,19.4673,0.0,-1320.5584630653,9.8519197519105,19.37457977456124,-2181.6925258923,0.1023658112999328
FMNO_red_478_cutoff_0.0.inp.out,1360.573349981811,-0.0631,0.299,19.9815,0.0,-1320.1675316336,41.16513940000013,-1302.1571776999867,-2181.2509695712,0.100691291700059
FMNO_red_479_cutoff_0.0.inp.out,1363.6173737279885,-0.1104,0.2711,21.0038,0.0,-1320.2688425306,2719.3369193341937,4843.248205743375,-2181.4318549076,0.135011221899731
FMNO_red_47_cutoff_0.0.inp.out,1364.8507720421348,-0.0635,0.2996,17.9833,0.0,-1320.5314445292,523.8635781358959,2466.4236246738888,-2181.7421165931,0.0931900618006693
FMNO_red_480_cutoff_0.0.inp.out,1364.2012374095182,-0.0457,0.2908,16.4198,0.0,-1320.7201045135,1093.0083165905971,2716.465622031662,-2181.8111025769,0.0950279320995832
FMNO_red_481_cutoff_0.0.inp.out,1369.9607007419077,-0.087,0.2915,20.1328,0.0,-1320.7162738005,194.0731134000003,1790.424972169999,-2181.7832682867,0.1094726183000602
FMNO_red_482_cutoff_0.0.inp.out,1367.633531097365,-0.052,0.2975,18.5682,0.0,-1320.3856038409,173.90653893328613,1839.6104118077424,-2181.4315378904,0.0831556372004342
FMNO_red_483_cutoff_0.0.inp.out,1368.6606457688097,-0.0718,0.3067,19.3787,0.0,-1320.6207424531,-540.2073693999996,-242.26427910000177,-2181.8006843374,0.0929027532001782
FMNO_red_484_cutoff_0.0.inp.out,1363.5052120080202,-0.0557,0.2745,20.4658,0.0,-1320.3383922074,-182.96616003365693,177.07089860892577,-2181.3912933764,0.091231460200106
FMNO_red_485_cutoff_0.0.inp.out,1364.34283269624,-0.0458,0.3013,20.8126,0.0,-1320.7563672024,-1622.514991530373,-2203.309542908807,-2181.8699308904,0.0750782223994974
FMNO_red_486_cutoff_0.0.inp.out,1358.9098881851255,-0.0489,0.317,19.613,0.0,-1320.2823248509,-996.3610773600788,1311.849248847928,-2181.4055744331,0.0805700103001072
FMNO_red_48_cutoff_0.0.inp.out,1367.7523365200018,-0.0655,0.3194,19.5883,0.0,-1320.6513124673,-123.29646710948926,2327.145478292617,-2181.829257799,0.080585363099999
FMNO_red_49_cutoff_0.0.inp.out,1371.9716349024836,-0.0541,0.3162,19.2131,0.0,-1320.409315765,1561.5901248135026,2623.0234206426608,-2181.5809248361,0.0825169057998209
FMNO_red_4_cutoff_0.0.inp.out,1361.293630439535,-0.0377,0.3228,18.0833,0.0,-1320.7193736819,-535.3343580000021,93.92688149999994,-2181.945627928,0.0716984383998351
FMNO_red_50_cutoff_0.0.inp.out,1372.9416422461052,-0.0729,0.285,18.5694,0.0,-1320.93213466,446.4813960999996,-159.53079000000008,-2182.2161500504,0.1021081394001157
FMNO_red_51_cutoff_0.0.inp.out,1369.232662797395,-0.0582,0.3007,18.3955,0.0,-1320.7622296713,-785.1813546421507,-762.3146838675862,-2182.010985235,0.0880912309994528
FMNO_red_52_cutoff_0.0.inp.out,1361.5874184876966,-0.085,0.2787,17.7437,0.0,-1320.8365285769,1764.1965907016445,1191.0918805069273,-2182.1002214913,0.1131770766996851
FMNO_red_53_cutoff_0.0.inp.out,1363.500400924763,-0.0749,0.2899,19.7152,0.0,-1321.0909288225,481.055736386602,1119.8516551122084,-2182.344037318,0.1083686965994275
FMNO_red_54_cutoff_0.0.inp.out,1365.6230911794382,-0.0744,0.3005,19.421,0.0,-1320.7485490991,668.8620980802718,1318.056297457024,-2182.0107588729,0.0998212990998581
FMNO_red_55_cutoff_0.0.inp.out,1369.0897390807954,-0.0927,0.2984,19.1802,0.0,-1320.4639355952,-499.32976291973904,-521.2901782093007,-2181.7403079009,0.1110050963998219
FMNO_red_56_cutoff_0.0.inp.out,1363.5502426586545,-0.0799,0.2756,19.1377,0.0,-1320.3706643689,1046.8321353600852,195.90346140613823,-2181.6416409797,0.1078587037000033
FMNO_red_57_cutoff_0.0.inp.out,1364.7072120982466,-0.0801,0.2885,19.7613,0.0,-1320.4264657598,274.7595773180555,1680.786884167034,-2181.6772895301,0.1050179912999738
FMNO_red_58_cutoff_0.0.inp.out,1362.184051972668,-0.0676,0.2869,18.1378,0.0,-1320.5270064298,193.5118344879713,-1180.3624571363666,-2181.7520143295,0.1033289123997747
FMNO_red_59_cutoff_0.0.inp.out,1364.847528676848,-0.0672,0.2905,17.3929,0.0,-1320.2318460686,643.423492383675,868.352089394467,-2181.4621620083,0.0985761219008054
FMNO_red_5_cutoff_0.0.inp.out,1366.0926720284094,-0.0759,0.309,18.7594,0.0,-1320.8166988953,1834.5958680843971,2846.9669576225406,-2182.0589827916,0.1035928886003603
FMNO_red_60_cutoff_0.0.inp.out,1363.6118777771817,-0.0694,0.2945,20.7408,0.0,-1319.9528911195,-884.7871298862465,-1556.5385563370046,-2181.1735050441,0.0978402529999584
FMNO_red_61_cutoff_0.0.inp.out,1353.1964954520363,-0.0598,0.2828,19.6386,0.0,-1320.003827801,-657.6376079999993,-831.2790957000003,-2181.2429436196,0.0964949497001725
FMNO_red_62_cutoff_0.0.inp.out,1360.2188299847417,-0.079,0.2846,19.6059,0.0,-1320.0527737247,596.376065545482,10.068196733566008,-2181.2769210142,0.1145899736993669
FMNO_red_63_cutoff_0.0.inp.out,1368.9077084768005,-0.0766,0.2757,19.8693,0.0,-1320.0486479628,-408.06462393496895,-1738.385527512736,-2181.3245547489,0.1095029494999835
FMNO_red_64_cutoff_0.0.inp.out,1360.83764974034,-0.0462,0.2959,18.9913,0.0,-1319.9209537168,11.374921749798268,773.9668289305661,-2181.1605749734,0.0938244580001992
FMNO_red_65_cutoff_0.0.inp.out,1370.9679455343737,-0.0753,0.3142,19.5943,0.0,-1320.2558282928,-1015.950590197116,-1080.8737524431797,-2181.5104847118,0.0982308687998738
FMNO_red_66_cutoff_0.0.inp.out,1360.8067429693544,-0.0823,0.2842,19.9699,0.0,-1320.2820676721,246.4349485000004,365.86903569999777,-2181.5256602286,0.1114615719998255
FMNO_red_67_cutoff_0.0.inp.out,1359.5629722782248,-0.0631,0.271,19.795,0.0,-1320.1771006783,-755.1082412999993,-1894.689012200003,-2181.4158909081,0.0964859532004993
FMNO_red_68_cutoff_0.0.inp.out,1360.4435432202204,-0.0892,0.2808,21.0592,0.0,-1320.0600156861,354.08788752280736,545.823736870346,-2181.280769918,0.1195250593000309
FMNO_red_69_cutoff_0.0.inp.out,1360.624686312334,-0.0624,0.2861,20.4939,0.0,-1320.1790970029,-441.4900014895596,-953.1000129990492,-2181.4162276738,0.0926648693994138
FMNO_red_6_cutoff_0.0.inp.out,1366.3109775058713,-0.0391,0.3044,18.0447,0.0,-1320.5889984941,-302.1021174018151,1656.7496111479495,-2181.80323723,0.0818354274997545
FMNO_red_70_cutoff_0.0.inp.out,1365.4573435715836,-0.0628,0.2939,18.3194,0.0,-1320.1603724904,970.2799497514184,1548.8293239980928,-2181.400882933,0.096149557800345
FMNO_red_71_cutoff_0.0.inp.out,1364.3399038894916,-0.0976,0.2831,20.3076,0.0,-1320.2993960201,689.1987864000006,194.79554624999935,-2181.566619262,0.1217481603998749
FMNO_red_72_cutoff_0.0.inp.out,1358.9983858228074,-0.0716,0.2784,19.4115,0.0,-1320.3317495488,1756.672550240792,714.4392828085738,-2181.5776975252,0.1073216485001467
FMNO_red_73_cutoff_0.0.inp.out,1362.822127121674,-0.0805,0.2583,19.9836,0.0,-1320.1972971932,2084.6194420000106,1444.6754109999922,-2181.4593809814,0.1209927607005738
FMNO_red_74_cutoff_0.0.inp.out,1367.9403854865184,-0.099,0.2765,17.6226,0.0,-1320.1444434106,2261.841952999997,2562.356993352992,-2181.3758606176,0.1295133640996937
FMNO_red_75_cutoff_0.0.inp.out,1368.7855438243569,-0.0636,0.2976,17.6576,0.0,-1320.333191469,-399.8963555159562,-934.7000052692706,-2181.5160818509,0.1035657690999869
FMNO_red_76_cutoff_0.0.inp.out,1367.2912632655086,-0.0704,0.3029,17.8303,0.0,-1320.1669044103,719.1441749434578,2031.148245246222,-2181.3617265186,0.0941714286000205
FMNO_red_77_cutoff_0.0.inp.out,1356.4559686562798,-0.0525,0.3086,17.8159,0.0,-1320.4645388863,511.4237354732248,3660.876261932593,-2181.6285088964,0.0889093040996158
FMNO_red_78_cutoff_0.0.inp.out,1372.1675930200377,-0.0609,0.2868,18.7181,0.0,-1320.1308113529,2694.732949455115,6358.337690649971,-2181.3029624824,0.0943210814002668
FMNO_red_79_cutoff_0.0.inp.out,1369.4385396346393,-0.0564,0.3101,18.5895,0.0,-1320.2972035603,381.6818390999995,3477.932606500006,-2181.4943420681,0.0933150085993475
FMNO_red_7_cutoff_0.0.inp.out,1367.3146955227733,-0.0695,0.3009,18.7316,0.0,-1320.4335037239,1613.631714256974,896.8472213908558,-2181.7220923792,0.0990801728994483
FMNO_red_80_cutoff_0.0.inp.out,1364.927365412081,-0.0728,0.3035,18.5087,0.0,-1319.8898736173,1158.041541999997,1722.8221880000085,-2181.0916109076,0.1024844951998602
FMNO_red_81_cutoff_0.0.inp.out,1363.2271341665082,-0.0454,0.3044,18.3367,0.0,-1320.2545552045,-2083.245127000006,-3065.055073900012,-2181.4358509715,0.0836436659992614
FMNO_red_82_cutoff_0.0.inp.out,1350.4371823653676,-0.0668,0.3061,19.2092,0.0,-1320.0307464888,91.62790729999972,1792.6844773199934,-2181.2422239433,0.0961896382004852
FMNO_red_83_cutoff_0.0.inp.out,1356.6091554628354,-0.0854,0.2617,21.1602,0.0,-1320.1230703496,699.8245748238755,906.81234781144,-2181.312320584,0.1130385713995565
FMNO_red_84_cutoff_0.0.inp.out,1348.245355200938,-0.0737,0.2649,20.9505,0.0,-1320.4751701637,1195.330095000002,2542.129130010003,-2181.716553303,0.102769934900607
FMNO_red_85_cutoff_0.0.inp.out,1358.5079962806844,-0.0695,0.2785,20.6332,0.0,-1319.8949510716,493.9417461145309,1335.6067083812443,-2181.1096185314,0.105361858300057
FMNO_red_86_cutoff_0.0.inp.out,1362.2050716200013,-0.0744,0.2799,18.5045,0.0,-1319.9253835626,766.2895364760074,-105.70551541060942,-2181.1896939133,0.1054837083993334
FMNO_red_87_cutoff_0.0.inp.out,1365.867136962498,-0.062,0.3134,19.5356,0.0,-1319.8385079019,-583.4976036928749,-1374.721171436835,-2181.0177064891,0.0868626401997971
FMNO_red_88_cutoff_0.0.inp.out,1362.2520226042425,-0.0594,0.3054,19.3752,0.0,-1319.8833085076,-1240.7827338826485,-2590.063970255103,-2181.079525061,0.0848095820001617
FMNO_red_89_cutoff_0.0.inp.out,1358.643882294978,-0.0658,0.3007,19.4307,0.0,-1319.9586579534,-988.0368629223228,-1724.4434958061038,-2181.1386450893,0.0915417059995888
FMNO_red_8_cutoff_0.0.inp.out,1371.0529069532513,-0.0415,0.3136,20.6907,0.0,-1320.4180671368,-1086.4410303133152,-356.3061742153151,-2181.6546220269,0.076901461300622
FMNO_red_90_cutoff_0.0.inp.out,1366.5950851226407,-0.0649,0.3068,18.0209,0.0,-1320.0311230903,833.702597301765,1160.8199543688029,-2181.2233589758,0.0920744243003355
FMNO_red_91_cutoff_0.0.inp.out,1365.193154499833,-0.0902,0.2908,19.1081,0.0,-1320.2443182645,374.83953276009146,-872.9186219805011,-2181.4479812531,0.1189046358003906
FMNO_red_92_cutoff_0.0.inp.out,1366.8246838642174,-0.0556,0.3033,18.2897,0.0,-1320.39018813,-707.9143018107933,-3089.632640759534,-2181.5677945047,0.0837330228996506
FMNO_red_93_cutoff_0.0.inp.out,1367.638951843296,-0.0704,0.3162,18.0954,0.0,-1320.357419257,-1627.726055999997,-1970.804054999988,-2181.5667055074,0.0889656769004432
FMNO_red_94_cutoff_0.0.inp.out,1365.7391281586015,-0.0656,0.2982,19.6492,0.0,-1320.5757397792,-492.7438929999995,-2767.362403999999,-2181.7725792724,0.0916845290003038
FMNO_red_95_cutoff_0.0.inp.out,1357.784608698783,-0.0557,0.3142,18.0184,0.0,-1320.0827840567,-198.03204626329983,-1601.5916901769688,-2181.2767888476,0.0892235298997548
FMNO_red_96_cutoff_0.0.inp.out,1365.0970555301656,-0.0625,0.3164,19.2353,0.0,-1320.2052068938,1.8836338836312736,555.649128648569,-2181.4214406443,0.0883351753991519
FMNO_red_97_cutoff_0.0.inp.out,1368.355370534752,-0.0766,0.298,17.9008,0.0,-1320.1582637108,-37.15686415682714,-2509.516248513724,-2181.3899952785,0.1062037269994107
FMNO_red_98_cutoff_0.0.inp.out,1368.755135847679,-0.0631,0.2874,19.4618,0.0,-1319.920185389,-1265.0019029987477,-3230.67096392899,-2181.1407344729,0.0915246335998745
FMNO_red_99_cutoff_0.0.inp.out,1365.901153792009,-0.0569,0.3195,19.6909,0.0,-1319.9114152803,-3036.7401202568335,-5132.43186956301,-2181.1200821453,0.0795685019002121
FMNO_red_9_cutoff_0.0.inp.out,1368.981912444772,-0.0599,0.3031,20.0504,0.0,-1320.5498878685,590.6457540536522,1832.9955377026208,-2181.8263001713,0.093669618300737
