file_name,NRE,HOMO,LUMO,Dipole_mom,Num_waters,chg_chg,elec5,elec10,SCF_E,delE_dft
FMNO_red_0_cutoff_7.5.inp.out,1372.8210469983478,-0.0886,0.2697,11.9942,48.0,-1304.2979230399,544.5939885164443,-11.161303984200783,-5791.1801985069,0.103363972900297
FMNO_red_100_cutoff_7.5.inp.out,1372.9205702060449,-0.088,0.2704,11.9684,48.0,-1304.294210922,507.0158154479879,-105.97806695484684,-5791.1761160385,0.1025997643000664
FMNO_red_101_cutoff_7.5.inp.out,1370.0948664462128,-0.0825,0.2736,21.0706,48.0,-1304.1288783049,-533.518733393198,-840.7369617914982,-5791.0211431422,0.0943093671994574
FMNO_red_102_cutoff_7.5.inp.out,1363.2845823323455,-0.1048,0.2588,20.0731,45.0,-1305.2736296006,1484.7333239866248,3109.9616187568513,-5565.6121234527,0.1170131638000384
FMNO_red_103_cutoff_7.5.inp.out,1363.554179849745,-0.0998,0.2583,17.2757,44.0,-1305.522762222,565.6260308358164,-16.201522808553037,-5490.2812912832,0.1092383387995141
FMNO_red_104_cutoff_7.5.inp.out,1369.5822254367947,-0.1144,0.2715,22.7745,46.0,-1305.1652512644,1413.9327473288515,2949.2134036613907,-5640.9132904957,0.1170756251003695
FMNO_red_105_cutoff_7.5.inp.out,1370.782939357708,-0.0988,0.278,18.3097,48.0,-1303.6266550978,-1360.0817805310014,-423.0086424210278,-5790.4996136752,0.1029406989991912
FMNO_red_106_cutoff_7.5.inp.out,1372.5357019466765,-0.0945,0.2698,16.6471,48.0,-1304.3015264292,-889.3847815248937,472.75618241717063,-5791.0595299508,0.1039040192999891
FMNO_red_107_cutoff_7.5.inp.out,1374.963301369993,-0.1015,0.2744,14.6901,48.0,-1303.9347738591,-1186.409508314269,-441.84515488854106,-5790.7047451476,0.1068093741996563
FMNO_red_108_cutoff_7.5.inp.out,1363.9438784867,-0.0879,0.2817,24.8418,49.0,-1303.5874347449,-150.01658293126818,308.3102442540893,-5865.9024646015,0.0989193680998141
FMNO_red_109_cutoff_7.5.inp.out,1361.6254985353842,-0.0644,0.2869,21.571,49.0,-1303.9043533594,-835.9355146346818,-1510.477287165784,-5866.2496708174,0.0852439754999068
FMNO_red_10_cutoff_7.5.inp.out,1369.074897073785,-0.077,0.2941,40.2181,49.0,-1303.7804218126,-29.39475802000053,2357.4935823599817,-5866.1709559785,0.0948950046004029
FMNO_red_110_cutoff_7.5.inp.out,1368.1295488539938,-0.0779,0.2852,23.2873,51.0,-1303.0943370657,-1051.302512101467,-1172.9174263162824,-6016.4767953506,0.0885841961007827
FMNO_red_111_cutoff_7.5.inp.out,1359.4142129299198,-0.06,0.2812,19.4933,45.0,-1305.3807104828,-1649.8808031,-1685.0357339999953,-5565.5610220291,0.0777903172993319
FMNO_red_112_cutoff_7.5.inp.out,1367.8010002775948,-0.1017,0.2694,18.2712,46.0,-1304.6835383902,-387.91739799999664,-1086.3631589000097,-5640.4294997109,0.1074840465007582
FMNO_red_113_cutoff_7.5.inp.out,1364.792032901073,-0.1091,0.2513,23.2829,45.0,-1305.0093129901,604.9342535336447,-605.4225660019678,-5565.2200003118,0.1184179695001148
FMNO_red_114_cutoff_7.5.inp.out,1361.0437728038453,-0.0854,0.2787,24.0618,49.0,-1303.201570479,-1784.1053995498523,-3467.761542098332,-5865.5755839096,0.0947689414997512
FMNO_red_115_cutoff_7.5.inp.out,1362.7018402097176,-0.0838,0.2577,24.1382,50.0,-1303.0312249877,-37.05634791254705,-997.3237026434092,-5940.9665129742,0.096222570300597
FMNO_red_116_cutoff_7.5.inp.out,1359.1005436171754,-0.0651,0.29,18.4496,46.0,-1304.5937939585,-2780.3315250000037,-3801.534837240002,-5640.341384417,0.0738794831995619
FMNO_red_117_cutoff_7.5.inp.out,1368.7442250605284,-0.0893,0.2827,27.3148,48.0,-1303.7952736769,134.5695847195065,-245.98018067533903,-5790.7031424532,0.1035445409997919
FMNO_red_118_cutoff_7.5.inp.out,1376.7904155164877,-0.0779,0.2697,25.2498,45.0,-1304.6277351828,-129.05277955265134,-1790.9335245317372,-5564.9475785223,0.0980666288005522
FMNO_red_119_cutoff_7.5.inp.out,1361.749435623169,-0.078,0.2896,20.2708,47.0,-1303.9685013302,-1174.2073662061998,-947.96417436324,-5715.3029065002,0.0957143936993816
FMNO_red_11_cutoff_7.5.inp.out,1366.707721342298,-0.055,0.3005,38.9573,49.0,-1303.4051140682,-202.20779839999895,383.44656429999566,-5865.7853351086,0.0779957402992295
FMNO_red_120_cutoff_7.5.inp.out,1369.6066671493095,-0.0619,0.2895,29.7955,45.0,-1304.7567911361,20.712976360884575,-1095.4743225671898,-5565.1140748951,0.0834649162006826
FMNO_red_121_cutoff_7.5.inp.out,1354.2359181488544,-0.0935,0.2608,25.6414,45.0,-1304.7335645335,1194.2373239999968,1331.4141841999835,-5565.0457527103,0.1049562916996365
FMNO_red_122_cutoff_7.5.inp.out,1359.287057303805,-0.0957,0.2754,30.8348,46.0,-1304.4229402638,-952.1548088655302,-3464.0386083901235,-5640.2647480735,0.0997367309000765
FMNO_red_123_cutoff_7.5.inp.out,1364.9797422495506,-0.0583,0.3083,31.0473,46.0,-1304.5416712066,178.25067924914373,701.1694224490756,-5640.2963039046,0.0803440666004462
FMNO_red_124_cutoff_7.5.inp.out,1364.5246910530743,-0.0587,0.296,20.0638,46.0,-1304.5347291942,-989.4552778834932,-2202.170570550036,-5640.2743795882,0.0801060366002275
FMNO_red_125_cutoff_7.5.inp.out,1364.5346602526663,-0.0866,0.2955,23.287,44.0,-1305.1003366345,119.49671048056558,-966.6756829542496,-5489.7870082668,0.0994075402995804
FMNO_red_126_cutoff_7.5.inp.out,1358.1441790718386,-0.0474,0.2959,25.0797,41.0,-1306.2669297662,-409.5921975507502,-2212.5204449469115,-5264.3745040707,0.0783666069000901
FMNO_red_127_cutoff_7.5.inp.out,1368.5153299859849,-0.0602,0.2885,26.1032,45.0,-1304.6823168469,-2104.850736648627,-2677.860566557924,-5564.936138161,0.0767700421001791
FMNO_red_128_cutoff_7.5.inp.out,1361.283096380643,-0.0952,0.2693,25.579,50.0,-1303.2418931866,-1708.1880160000048,-3943.253316000046,-5941.1662748841,0.1044990298996708
FMNO_red_129_cutoff_7.5.inp.out,1370.16378116153,-0.0581,0.2924,29.1863,52.0,-1302.3616986744,-1915.0954431832265,-3499.6629633119405,-6091.2802518066,0.0724767930996677
FMNO_red_12_cutoff_7.5.inp.out,1373.2040606470066,-0.0767,0.2854,39.1385,46.0,-1304.8396641113,703.4471584464592,1578.0647865732174,-5640.5924936781,0.0906858724001722
FMNO_red_130_cutoff_7.5.inp.out,1372.769830488573,-0.0829,0.2702,26.9628,49.0,-1303.865027476,-491.9261212583083,-2593.5367016186324,-5866.1569850163,0.0968542608998177
FMNO_red_131_cutoff_7.5.inp.out,1369.5726734475734,-0.089,0.2735,20.9567,48.0,-1304.1062925712,-622.7408726887916,-2645.618178724762,-5790.9057538156,0.1020226369992087
FMNO_red_132_cutoff_7.5.inp.out,1370.8372385115915,-0.0567,0.2927,26.0451,50.0,-1303.5891509757,-1737.173577824453,-3151.6160167012767,-5941.4174064446,0.0729829136998887
FMNO_red_133_cutoff_7.5.inp.out,1364.5462991065558,-0.0963,0.2707,16.2348,53.0,-1302.2523314134,-188.73875226105895,-3023.916923780054,-6166.7021213788,0.1040425794999464
FMNO_red_134_cutoff_7.5.inp.out,1367.632488658263,-0.0714,0.2912,21.7467,54.0,-1302.0574623211,-1244.5221630800145,-717.530067300006,-6242.0318176121,0.0828933581997262
FMNO_red_135_cutoff_7.5.inp.out,1367.3342299648668,-0.0628,0.2792,18.9215,53.0,-1302.2964064457,-307.50114043,-658.9776190000031,-6166.7576967425,0.0838241458004631
FMNO_red_136_cutoff_7.5.inp.out,1368.1958217665765,-0.0762,0.2909,20.6063,56.0,-1301.1667250405,-529.1624233064068,-1761.645059666224,-6392.2376898723,0.087128212099742
FMNO_red_137_cutoff_7.5.inp.out,1366.552306307315,-0.0484,0.2991,17.7206,50.0,-1303.1136545187,-1014.168617030372,23.774683465293084,-5941.03370985,0.0749833887002751
FMNO_red_138_cutoff_7.5.inp.out,1363.9959507392016,-0.0663,0.2882,13.5866,49.0,-1304.0745350329,860.3282860074012,2261.439206861982,-5866.3732558902,0.0902737504993638
FMNO_red_139_cutoff_7.5.inp.out,1363.1305181558184,-0.0757,0.2956,27.2549,47.0,-1304.5845484687,959.5696986058588,1553.6694898271735,-5715.8699279039,0.0926780702002361
FMNO_red_13_cutoff_7.5.inp.out,1367.43658333005,-0.0559,0.2994,41.2881,46.0,-1304.7784574151,-646.60110878522,435.7121789443085,-5640.5147206021,0.0762239507002959
FMNO_red_140_cutoff_7.5.inp.out,1362.41305990636,-0.0877,0.2652,15.1643,47.0,-1304.5015163029,1488.9971852999956,-12.974070000000197,-5715.7584865929,0.1029509802992834
FMNO_red_141_cutoff_7.5.inp.out,1363.5081917682417,-0.0752,0.2728,14.1028,46.0,-1304.6698096039,-0.7993410999999326,303.06266989999517,-5640.4556411537,0.0873928375003743
FMNO_red_142_cutoff_7.5.inp.out,1358.2846639917102,-0.06,0.301,12.3757,48.0,-1303.9818102608,324.9411502861235,-310.07737686536734,-5790.8283424433,0.0859986245995969
FMNO_red_143_cutoff_7.5.inp.out,1372.4946230910102,-0.0578,0.305,16.2795,48.0,-1304.07650699,-1104.9473897093312,-1666.6182918498048,-5790.8555706497,0.0708583854002427
FMNO_red_144_cutoff_7.5.inp.out,1371.4677947580983,-0.0568,0.3067,16.6132,45.0,-1305.0094293416,815.902568376671,2062.1638013217994,-5565.2594395098,0.0804966470996078
FMNO_red_145_cutoff_7.5.inp.out,1363.3138720212137,-0.0767,0.2696,10.8493,48.0,-1303.8699169454,1778.317649427389,3022.3670387528264,-5790.6255207836,0.0935034025005734
FMNO_red_146_cutoff_7.5.inp.out,1371.7811184186671,-0.0595,0.3015,17.0837,45.0,-1304.894847827,-558.6456563000008,-1106.8698917000208,-5565.0757757007,0.0771832435002579
FMNO_red_147_cutoff_7.5.inp.out,1370.4368299489129,-0.0421,0.3107,10.5064,49.0,-1303.4095981651,-1561.553393593988,-3246.6521917578566,-5865.6664061711,0.0643416191005599
FMNO_red_148_cutoff_7.5.inp.out,1371.169028699784,-0.0686,0.2964,17.544,46.0,-1304.3643060754,486.59916238886376,841.514637945099,-5640.1323481479,0.0809803992005981
FMNO_red_149_cutoff_7.5.inp.out,1366.6798056403727,-0.0786,0.2689,11.4506,49.0,-1303.6208545467,1495.062843598017,2205.850239629426,-5865.9480127493,0.0947870068002885
FMNO_red_14_cutoff_7.5.inp.out,1367.9804517276727,-0.0749,0.277,35.3606,50.0,-1303.4699900541,339.2174070000014,2859.966485399919,-5941.3821007995,0.0852270934001353
FMNO_red_150_cutoff_7.5.inp.out,1372.920567100478,-0.088,0.2703,11.968,48.0,-1304.2944055882,506.9982407014869,-106.02090411776956,-5791.1762962068,0.1025868872993669
FMNO_red_151_cutoff_7.5.inp.out,1370.6504387565838,-0.0817,0.2738,20.6859,48.0,-1304.1070728792,-473.9537829000008,-832.5596761000082,-5791.0033554132,0.0944943157001034
FMNO_red_152_cutoff_7.5.inp.out,1363.198662082259,-0.1094,0.256,17.3889,46.0,-1304.7068614532,1367.5236630418417,3721.71414151335,-5640.5440819084,0.1195907717001318
FMNO_red_153_cutoff_7.5.inp.out,1371.9682448365545,-0.0777,0.2799,20.9555,50.0,-1303.167074394,-508.9885226446631,-1332.1724783043023,-5941.0935269561,0.0980781772996124
FMNO_red_154_cutoff_7.5.inp.out,1369.332338865929,-0.0849,0.298,25.0589,50.0,-1303.1363441442,-1608.041172575918,-2163.489419410195,-5941.0276766016,0.093836613899839
FMNO_red_155_cutoff_7.5.inp.out,1364.511128060567,-0.1246,0.2515,28.0553,50.0,-1302.9273206849,603.3414713562419,-1006.16159983032,-5940.8574526474,0.128777795300266
FMNO_red_156_cutoff_7.5.inp.out,1368.583444059043,-0.1023,0.2522,28.3236,52.0,-1302.9048686141,1205.5426501414224,741.4821812814461,-6091.8786797616,0.112663886199698
FMNO_red_157_cutoff_7.5.inp.out,1363.2554044577096,-0.1007,0.2617,31.0227,54.0,-1301.9052688966,680.537954200977,-81.4039162685954,-6241.9634050046,0.1125383743001293
FMNO_red_158_cutoff_7.5.inp.out,1377.7829855684995,-0.1023,0.2429,19.7921,50.0,-1302.7025550608,1453.405351083488,1393.114546065338,-5940.6109093337,0.1094857629996113
FMNO_red_159_cutoff_7.5.inp.out,1372.697161672734,-0.1014,0.2646,14.6975,50.0,-1303.1445887813,596.8614147204453,2612.420533730641,-5941.0753716137,0.1035871132999091
FMNO_red_15_cutoff_7.5.inp.out,1366.6620745757596,-0.0656,0.2901,27.1774,45.0,-1304.6851050545,-628.7729353762726,374.9623863269132,-5564.9128017317,0.0752522923994547
FMNO_red_160_cutoff_7.5.inp.out,1361.5557894198305,-0.1052,0.2526,26.3504,50.0,-1303.064459445,1112.1926206914932,2340.861694859329,-5940.9493945732,0.108766604500488
FMNO_red_161_cutoff_7.5.inp.out,1372.3446850565792,-0.0703,0.2746,23.8541,50.0,-1302.7976839627,-1215.0722171395728,-1325.2466049379022,-5940.654902134,0.0785810605993901
FMNO_red_162_cutoff_7.5.inp.out,1368.1043900241905,-0.0995,0.2677,22.3168,53.0,-1302.1618508274,-573.2866200128079,-573.3084714909565,-6166.6207380582,0.1072284235997358
FMNO_red_163_cutoff_7.5.inp.out,1364.7859919826296,-0.0702,0.2628,21.0894,52.0,-1302.0558730562,1330.964864919261,2707.9897609976906,-6090.9394848918,0.0906009127002107
FMNO_red_164_cutoff_7.5.inp.out,1371.8083410286736,-0.084,0.2661,18.8146,52.0,-1302.2725440206,1146.2510557266153,2299.9558087215983,-6091.1841265289,0.0944155293000221
FMNO_red_165_cutoff_7.5.inp.out,1361.230594758823,-0.0865,0.2899,10.4911,50.0,-1302.8568293627,1578.6959435855752,4356.95296528845,-5940.7407018523,0.1020397681995746
FMNO_red_166_cutoff_7.5.inp.out,1371.0742680088194,-0.0707,0.2889,24.8622,51.0,-1302.5813436259,2577.667080978051,5482.306231869449,-6015.9832008448,0.0911631596000006
FMNO_red_167_cutoff_7.5.inp.out,1364.3025177591533,-0.0974,0.2832,24.382,48.0,-1303.5716032265,2859.9144818175323,6074.226393938459,-5790.4193316592,0.1072769087004417
FMNO_red_168_cutoff_7.5.inp.out,1362.2107924921968,-0.0865,0.2648,24.8713,49.0,-1303.4176146044,2351.986605498792,5608.043116082793,-5865.8120748981,0.1030604032002884
FMNO_red_169_cutoff_7.5.inp.out,1370.6108501028448,-0.0852,0.2833,17.1792,49.0,-1303.2003575034,1764.4850547289657,4291.703061052251,-5865.5709295585,0.0999341606002417
FMNO_red_16_cutoff_7.5.inp.out,1372.944478106123,-0.0787,0.2894,15.6497,45.0,-1305.095378208,744.7473283023671,29.100742698399195,-5565.3261522342,0.0874000057001467
FMNO_red_170_cutoff_7.5.inp.out,1365.433715523956,-0.0735,0.3087,28.3579,47.0,-1304.1034024607,-147.60376758256766,1905.0479514877184,-5715.3856138588,0.0869962040997052
FMNO_red_171_cutoff_7.5.inp.out,1364.8005327980393,-0.0881,0.2741,30.0699,48.0,-1303.599609858,-712.5300839369817,713.1118592734151,-5790.3863097642,0.0934325760999854
FMNO_red_172_cutoff_7.5.inp.out,1365.2432889821912,-0.0649,0.2977,28.4711,48.0,-1303.2105173638,-171.80789350882532,230.428927022019,-5790.0687789494,0.0747257136999905
FMNO_red_173_cutoff_7.5.inp.out,1372.4364540095298,-0.0966,0.276,31.1669,49.0,-1302.8868969828,-351.9871825104187,3092.5122976624507,-5865.2915985583,0.1009427779999896
FMNO_red_174_cutoff_7.5.inp.out,1366.735094170489,-0.09,0.2638,29.6154,50.0,-1302.4982885196,1213.528291928198,4187.0584136032785,-5940.4013863497,0.1011041697001928
FMNO_red_175_cutoff_7.5.inp.out,1368.031500787865,-0.0753,0.2887,27.5386,50.0,-1302.75179786,1178.5522970998732,3651.099018741448,-5940.646444385,0.0938373693006724
FMNO_red_176_cutoff_7.5.inp.out,1370.1904041628482,-0.1182,0.2567,35.9397,48.0,-1303.3273849584,1471.8482323905696,2066.522788037344,-5790.2377320737,0.1211810271997819
FMNO_red_177_cutoff_7.5.inp.out,1369.8330862152932,-0.0916,0.2632,32.7791,48.0,-1303.6502686821,1839.79652907136,3386.465868585935,-5790.4435747326,0.1054326632001902
FMNO_red_178_cutoff_7.5.inp.out,1371.4059178527318,-0.1005,0.2745,31.2844,50.0,-1302.8809897078,449.89664257937295,1722.151717179325,-5940.7912163131,0.1056866588996854
FMNO_red_179_cutoff_7.5.inp.out,1363.5466899803844,-0.0768,0.2723,20.9257,48.0,-1303.3712638974,631.1719125712825,2573.4057272031005,-5790.2396715493,0.0958384635996481
FMNO_red_17_cutoff_7.5.inp.out,1371.4960244149422,-0.0622,0.2902,24.1151,48.0,-1303.9434615163,150.2550845447662,2635.8081971891484,-5790.7380352007,0.0802843428000414
FMNO_red_180_cutoff_7.5.inp.out,1369.7469637971528,-0.0712,0.2923,20.6346,45.0,-1304.4548160479,-231.6003100984514,2145.8421146471915,-5564.6758785817,0.0834307077002449
FMNO_red_181_cutoff_7.5.inp.out,1372.8900634073652,-0.0894,0.2649,27.9159,51.0,-1302.8511024895,-191.56020511964428,1575.9176716190173,-6016.3423498808,0.0932744259007449
FMNO_red_182_cutoff_7.5.inp.out,1366.260363875093,-0.0881,0.2791,30.5452,49.0,-1303.2746794094,388.6548556610651,1665.6730804042213,-5865.6167340877,0.0986581569004556
FMNO_red_183_cutoff_7.5.inp.out,1360.176485318735,-0.1041,0.2631,31.6459,50.0,-1303.0581670897,219.82499554911,465.47066233945895,-5940.9693264463,0.1130914599998504
FMNO_red_184_cutoff_7.5.inp.out,1368.4556954390507,-0.116,0.2398,40.2493,54.0,-1301.4016849927,2353.5100395077197,3160.86603781283,-6241.4770024045,0.1237685010992208
FMNO_red_185_cutoff_7.5.inp.out,1372.2586795171685,-0.0777,0.2967,34.3845,50.0,-1302.7283383663,775.4088310492378,3439.422454341345,-5940.6732569449,0.0919307534004474
FMNO_red_186_cutoff_7.5.inp.out,1362.6937080574228,-0.1052,0.2371,38.0859,49.0,-1302.9674948896,3691.025012999999,6188.984326999971,-5865.3642026904,0.1208814202000212
FMNO_red_187_cutoff_7.5.inp.out,1357.151276748683,-0.1048,0.256,42.0135,47.0,-1303.7058749454,3105.673046891178,5649.984046741234,-5715.0576222203,0.1176525282999136
FMNO_red_188_cutoff_7.5.inp.out,1356.391422183386,-0.1125,0.26,41.0753,49.0,-1303.0990584231,2093.014660012564,4430.396471592075,-5865.4839311876,0.122316309800226
FMNO_red_189_cutoff_7.5.inp.out,1365.2407538877246,-0.0922,0.2733,39.9318,49.0,-1303.243222944,2281.1976923000193,4901.550170599962,-5865.6682554702,0.1068974347999756
FMNO_red_18_cutoff_7.5.inp.out,1362.559052134486,-0.0936,0.2749,17.1503,44.0,-1305.8478804774,1585.3515227499263,2873.274308271409,-5490.5086444372,0.1044841638004072
FMNO_red_190_cutoff_7.5.inp.out,1364.9641788337744,-0.1008,0.2754,38.8173,50.0,-1302.8388055962,1980.9355400000225,5165.237339654941,-5940.8061365945,0.1110200977000204
FMNO_red_191_cutoff_7.5.inp.out,1360.092734108351,-0.0894,0.2429,34.4928,50.0,-1303.0771796125,2665.007813072415,5511.1017138707875,-5941.0110447481,0.1072802742000931
FMNO_red_192_cutoff_7.5.inp.out,1358.0936261183542,-0.1072,0.2654,37.3819,51.0,-1302.0221536567,2494.3008462983594,6985.9738269667705,-6015.4292273309,0.1134208564999426
FMNO_red_193_cutoff_7.5.inp.out,1356.9013616546454,-0.0656,0.2837,29.83,53.0,-1302.0527368484,612.0058899666457,3195.183470215034,-6166.5462276673,0.0853851776000738
FMNO_red_194_cutoff_7.5.inp.out,1363.3184313629972,-0.1141,0.2731,40.2731,49.0,-1303.3504263274,845.066844066003,1418.7214208200146,-5865.71736758,0.1170249448005051
FMNO_red_195_cutoff_7.5.inp.out,1366.6776668589591,-0.0715,0.277,33.936,50.0,-1302.7911261416,1264.2157551999962,2137.006900099998,-5940.6849026292,0.0911391052995895
FMNO_red_196_cutoff_7.5.inp.out,1366.5314551350616,-0.0753,0.2936,23.7087,53.0,-1301.7979880281,120.302501511615,2177.9956415627744,-6166.3309903859,0.0876088346994947
FMNO_red_197_cutoff_7.5.inp.out,1367.6155127862412,-0.0752,0.2869,42.4225,50.0,-1302.7980060453,1062.1680276596878,2837.8612322661656,-5940.7461274168,0.0904214147003585
FMNO_red_198_cutoff_7.5.inp.out,1369.1977801862784,-0.0664,0.2932,29.4977,49.0,-1303.1497516369,-137.96075503910683,877.5963684027569,-5865.5094042295,0.0750453583996204
FMNO_red_199_cutoff_7.5.inp.out,1374.897319903721,-0.0783,0.2811,43.1748,49.0,-1303.6120987472,-1981.0269560249872,-22.909102709079683,-5865.897550874,0.0829327018000185
FMNO_red_19_cutoff_7.5.inp.out,1361.5182155039092,-0.0555,0.3075,20.5761,47.0,-1304.7274754499,634.5848562145121,4283.782124513487,-5716.035241412,0.0800402636004946
FMNO_red_1_cutoff_7.5.inp.out,1372.0723362604688,-0.0783,0.279,21.0492,49.0,-1303.7419298921,-40.626996445844206,-732.8006342958116,-5866.1587999186,0.092189013999814
FMNO_red_200_cutoff_7.5.inp.out,1372.8210469983478,-0.0886,0.2697,11.994,48.0,-1304.2977775047,544.6040100663295,-11.168065559692897,-5791.1800557655,0.1033627826000156
FMNO_red_201_cutoff_7.5.inp.out,1370.3564865898434,-0.0767,0.2797,20.8696,49.0,-1303.7125319563,-129.1051703050401,-807.323598222785,-5866.1316030395,0.0918496037993463
FMNO_red_202_cutoff_7.5.inp.out,1360.9356287026994,-0.0884,0.2836,15.0966,48.0,-1303.8742875953,35.05628938057041,35.7932910655616,-5790.755515529,0.0997021820003283
FMNO_red_203_cutoff_7.5.inp.out,1364.2383670763693,-0.0949,0.2808,15.9356,51.0,-1303.0368047361,358.48874289999867,800.0325058999988,-6016.504457199,0.1107032779000292
FMNO_red_204_cutoff_7.5.inp.out,1361.2048330962232,-0.0944,0.273,15.5342,48.0,-1304.0376135113,1392.6679949057382,1355.8447242994143,-5790.8523338311,0.1129214147995298
FMNO_red_205_cutoff_7.5.inp.out,1367.3878534861217,-0.0749,0.2901,12.8458,48.0,-1303.8750542684,-2224.9419006320336,-3818.882377378414,-5790.6856957213,0.0851654490998043
FMNO_red_206_cutoff_7.5.inp.out,1363.2780455057257,-0.1011,0.2626,10.2623,53.0,-1302.3840600857,-201.87858435636224,-794.5354548677302,-6166.8343133338,0.1105343519993766
FMNO_red_207_cutoff_7.5.inp.out,1363.662578344507,-0.0586,0.2999,8.0329,47.0,-1304.388975192,-1442.172691505098,-3068.5270654535775,-5715.6803404272,0.0799758663997636
FMNO_red_208_cutoff_7.5.inp.out,1363.6408848461256,-0.0754,0.2859,5.3613,47.0,-1304.3037871055,-271.5989760807539,-389.1520123475988,-5715.5763781606,0.0932704382994416
FMNO_red_209_cutoff_7.5.inp.out,1350.0668567688883,-0.0663,0.2768,8.9062,47.0,-1303.9290595147,-91.8183582815486,-1341.3624999061667,-5715.195086884,0.0924361696997948
FMNO_red_20_cutoff_7.5.inp.out,1376.4082641539137,-0.074,0.292,21.2536,46.0,-1304.9848721635,907.8078919999938,2721.9347160000007,-5640.7075589979,0.0898075988006894
FMNO_red_210_cutoff_7.5.inp.out,1368.0691642497345,-0.0874,0.2718,8.9409,49.0,-1303.3674139921,-432.79794738994576,-1546.623746457336,-5865.6889418002,0.0962214720002521
FMNO_red_211_cutoff_7.5.inp.out,1369.7933809318554,-0.0739,0.274,5.0723,49.0,-1303.7820046491,-2327.602666373432,-4553.347867938515,-5866.1065462834,0.0824979695007641
FMNO_red_212_cutoff_7.5.inp.out,1369.353852243759,-0.0988,0.2383,6.367,49.0,-1303.320471437,713.8908484619728,-1034.8377182343231,-5865.6799617322,0.1081882484004381
FMNO_red_213_cutoff_7.5.inp.out,1369.6353047525158,-0.0723,0.3004,9.9756,49.0,-1303.3832886654,-2334.1407258569516,-5577.7996250947535,-5865.7040066239,0.085010582900395
FMNO_red_214_cutoff_7.5.inp.out,1363.356724715272,-0.0936,0.2797,13.9093,50.0,-1303.1458635261,-431.2683956472373,-3083.717071337501,-5940.9717770724,0.1044352013996103
FMNO_red_215_cutoff_7.5.inp.out,1364.5529654112406,-0.0851,0.2725,18.1448,49.0,-1303.2253221228,-1841.405879765785,-4572.801319254942,-5865.5488780123,0.097584203000224
FMNO_red_216_cutoff_7.5.inp.out,1364.8597072141754,-0.0763,0.2835,10.9402,48.0,-1303.5321292024,-2385.1906128092396,-4055.1114297609183,-5790.2827396756,0.0864107092002086
FMNO_red_217_cutoff_7.5.inp.out,1368.1411185485797,-0.0617,0.2833,13.3338,46.0,-1304.2667775492,-2565.90720380414,-3817.499760784245,-5639.896153271,0.0768278571003975
FMNO_red_218_cutoff_7.5.inp.out,1369.1125766176572,-0.0522,0.2911,21.643,47.0,-1304.2291133451,108.61235307485916,-73.69049961870655,-5715.3528685604,0.0779140030999769
FMNO_red_219_cutoff_7.5.inp.out,1361.0980295292322,-0.0873,0.269,30.4175,50.0,-1303.074260185,1468.1533168452106,3618.298549997812,-5940.872799209,0.1014743899004315
FMNO_red_21_cutoff_7.5.inp.out,1367.4553115104186,-0.0859,0.2988,23.5863,50.0,-1303.6753999222,496.266339499998,2628.9663521000243,-5941.5534408415,0.0939434747006089
FMNO_red_220_cutoff_7.5.inp.out,1357.281118753325,-0.0869,0.2592,37.1268,47.0,-1304.4557466038,2130.698553254347,5083.830067319457,-5715.6620953897,0.101599026200347
FMNO_red_221_cutoff_7.5.inp.out,1364.3671898749844,-0.0845,0.2849,20.6123,48.0,-1303.8250766431,871.3771356575143,3382.624007449852,-5790.626855398,0.0991136602997357
FMNO_red_222_cutoff_7.5.inp.out,1373.520903827189,-0.0734,0.2805,11.5936,49.0,-1303.3071794551,-1321.90947017578,-2228.0074097762913,-5865.6880200424,0.0885652640008629
FMNO_red_223_cutoff_7.5.inp.out,1372.8156339666446,-0.0865,0.2533,27.582,49.0,-1303.483595805,427.1663923275934,799.1428259159145,-5865.831717769,0.0998761827995622
FMNO_red_224_cutoff_7.5.inp.out,1368.3375225931336,-0.0846,0.2789,8.1,49.0,-1303.2310686116,735.9411768794171,-151.81048342035797,-5865.5776133937,0.1002047266001682
FMNO_red_225_cutoff_7.5.inp.out,1365.3601400957723,-0.0699,0.2934,9.0242,49.0,-1303.7235028245,-987.51789861691,-1395.8895540281562,-5865.9713129784,0.0844939527996757
FMNO_red_226_cutoff_7.5.inp.out,1366.009390062076,-0.0718,0.2736,22.7157,47.0,-1303.8612067916,1149.3452955859884,-573.325683949068,-5715.1027525911,0.094633589699697
FMNO_red_227_cutoff_7.5.inp.out,1364.8872977778594,-0.0722,0.263,25.7466,48.0,-1303.5330487158,845.4139582131132,175.3494642492839,-5790.3059137352,0.0963589611001225
FMNO_red_228_cutoff_7.5.inp.out,1376.7070598890275,-0.0877,0.2884,25.7631,49.0,-1302.9903599575,1319.0137301239852,1400.530661294958,-5865.3748037022,0.1059177362994887
FMNO_red_229_cutoff_7.5.inp.out,1375.8514740121143,-0.0861,0.2666,20.8197,51.0,-1302.692346741,904.8223978214924,-149.04281324266452,-6016.1009920946,0.1030540824995114
FMNO_red_22_cutoff_7.5.inp.out,1368.0752717197038,-0.0527,0.2963,17.0386,50.0,-1303.943519028,868.0388451742184,2874.910465909504,-5941.8321632272,0.0781329774999903
FMNO_red_230_cutoff_7.5.inp.out,1373.7714829164497,-0.0875,0.2844,15.3648,53.0,-1302.0400491174,-1175.7571959523937,-1233.4654737183494,-6166.5225748421,0.0992298836999907
FMNO_red_231_cutoff_7.5.inp.out,1369.928030978979,-0.086,0.2659,18.4796,51.0,-1302.6648963225,351.2063106933364,-1423.334742063822,-6016.0572646724,0.099948486699759
FMNO_red_232_cutoff_7.5.inp.out,1364.9209116862123,-0.0837,0.289,23.1924,45.0,-1305.0180412765,1627.5385621369303,1366.9541535527949,-5565.2071402513,0.1026099862001501
FMNO_red_233_cutoff_7.5.inp.out,1359.2776636868764,-0.0705,0.2897,17.5197,47.0,-1303.9107028979,-1519.7783649506607,-1408.3736571416907,-5715.1608821677,0.0849750757006404
FMNO_red_234_cutoff_7.5.inp.out,1365.85564328524,-0.0753,0.299,8.7035,50.0,-1302.7877675441,-1398.123591047213,-1496.019475955084,-5940.6775779844,0.0887238948998856
FMNO_red_235_cutoff_7.5.inp.out,1368.631697292924,-0.0876,0.2638,19.0944,51.0,-1302.6579211095,227.46879809155732,-1872.941939157328,-6016.0988140668,0.1059473555005752
FMNO_red_236_cutoff_7.5.inp.out,1373.1070507449458,-0.088,0.2653,19.1074,51.0,-1302.724431693,98.15977315967508,-595.9824365118458,-6016.1016918019,0.1011088233999544
FMNO_red_237_cutoff_7.5.inp.out,1372.8210469983478,-0.0886,0.2697,11.994,48.0,-1304.2978213056,544.5968539992696,-11.17143468478972,-5791.1801002533,0.1033634041004916
FMNO_red_238_cutoff_7.5.inp.out,1371.067378598222,-0.0745,0.2794,21.8111,49.0,-1303.7294936977,-230.33888456088505,-751.4671436720996,-5866.1390568343,0.0907825089007019
FMNO_red_239_cutoff_7.5.inp.out,1363.535918534165,-0.0954,0.2724,15.8399,49.0,-1303.5488835606,913.7534404894654,646.0524350925377,-5865.9798713066,0.1113540502001342
FMNO_red_23_cutoff_7.5.inp.out,1370.1223374919991,-0.0594,0.2966,18.4222,48.0,-1304.0479633734,971.879013238083,2467.470784428546,-5790.8400276019,0.0798990881003192
FMNO_red_240_cutoff_7.5.inp.out,1366.7704891545368,-0.1025,0.2602,21.7839,48.0,-1303.9764595712,937.2362097955204,1042.220588400997,-5790.8518466775,0.1146029019992056
FMNO_red_241_cutoff_7.5.inp.out,1355.5057140871515,-0.0991,0.2532,19.8536,47.0,-1304.4243457011,1781.2194962177275,981.0384424374432,-5715.7989580611,0.1168214679000811
FMNO_red_242_cutoff_7.5.inp.out,1360.0013010487105,-0.1175,0.2595,22.5148,49.0,-1303.3883795667,350.6562946860098,-964.6601162759068,-5865.7532925936,0.1237288128004365
FMNO_red_243_cutoff_7.5.inp.out,1363.163762687355,-0.0939,0.2479,20.7573,52.0,-1302.3332787304,912.705027881806,643.8613395495067,-6091.290236273,0.1125958460997935
FMNO_red_244_cutoff_7.5.inp.out,1360.5482781153137,-0.0904,0.2776,16.1923,50.0,-1303.1415540201,1266.536525262222,2392.1164019511775,-5941.0025671135,0.1061414013001922
FMNO_red_245_cutoff_7.5.inp.out,1370.9602606313847,-0.1006,0.2749,21.424,46.0,-1304.563651521,-1055.8345999335504,377.5876428872611,-5640.3528065986,0.102487710600144
FMNO_red_246_cutoff_7.5.inp.out,1357.3590415165716,-0.0694,0.2799,13.7814,48.0,-1303.9905341507,838.0578095178292,979.5030250964136,-5790.7259805699,0.0881395678006811
FMNO_red_247_cutoff_7.5.inp.out,1368.2034689010204,-0.0655,0.2927,11.7024,48.0,-1304.3647326584,-888.4417828800089,228.27261044430617,-5791.1647902064,0.0804580796993832
FMNO_red_248_cutoff_7.5.inp.out,1371.4305367344791,-0.0996,0.283,11.462,49.0,-1303.7026263509,-623.0317119168745,737.0762265931106,-5866.089992011,0.1047267438007111
FMNO_red_249_cutoff_7.5.inp.out,1368.4818898230956,-0.0713,0.2601,10.1878,51.0,-1303.0527645592,1609.542894707774,3418.529046228246,-6016.4864023703,0.0940219186995818
FMNO_red_24_cutoff_7.5.inp.out,1370.0667907604652,-0.0484,0.3067,17.4949,51.0,-1303.0830954986,279.31120499999804,1592.6909586000113,-6016.4929915507,0.0708890360001532
FMNO_red_250_cutoff_7.5.inp.out,1367.0014225517382,-0.096,0.2696,15.5961,49.0,-1303.7906634643,452.795462309537,2837.9084549490863,-5866.1490204678,0.102847449699766
FMNO_red_251_cutoff_7.5.inp.out,1368.0177290470062,-0.0656,0.3083,4.1446,48.0,-1304.0123150729,-37.54953880000035,527.6587521999988,-5790.7878538748,0.0837795959005234
FMNO_red_252_cutoff_7.5.inp.out,1361.0027077665995,-0.0701,0.295,2.1975,47.0,-1303.975579099,-1503.5924004004132,-391.1178249010955,-5715.1784528328,0.0848550769005669
FMNO_red_253_cutoff_7.5.inp.out,1364.768021117566,-0.0639,0.3202,6.1194,45.0,-1305.4266634339,-124.27206358269072,383.8601138162032,-5565.5444672312,0.0814050408998809
FMNO_red_254_cutoff_7.5.inp.out,1367.2425381795726,-0.0613,0.2992,6.083,48.0,-1303.8474589255,-1127.217416872103,284.78583545494547,-5790.6045072748,0.0830054812995513
FMNO_red_255_cutoff_7.5.inp.out,1359.594844032235,-0.0683,0.2884,11.1638,47.0,-1304.3197831047,738.950333000002,1440.092792710004,-5715.5391867233,0.0952839261999543
FMNO_red_256_cutoff_7.5.inp.out,1366.6588222529624,-0.0696,0.2871,5.4818,51.0,-1303.109539115,757.0614699377734,1863.9248437732736,-6016.5173825346,0.0930791321998185
FMNO_red_257_cutoff_7.5.inp.out,1369.169939025733,-0.0659,0.2906,16.2964,51.0,-1302.8920070911,57.28525357230037,2153.7889638913443,-6016.2367189343,0.0844257595999806
FMNO_red_258_cutoff_7.5.inp.out,1372.5112340427595,-0.0615,0.3052,11.9869,51.0,-1303.1603801891,20.98833751164142,2501.9019659955643,-6016.4799697564,0.0774718784005017
FMNO_red_259_cutoff_7.5.inp.out,1363.1764916244051,-0.0658,0.2849,11.9571,50.0,-1303.1031577434,264.7933745777375,1481.1085183122566,-5940.9374901836,0.0772768567994717
FMNO_red_25_cutoff_7.5.inp.out,1374.4164643944746,-0.0325,0.2951,14.4704,52.0,-1302.9774574959,238.1461792631492,774.4175558928472,-6091.8873321114,0.060603277899645
FMNO_red_260_cutoff_7.5.inp.out,1360.1732649213952,-0.0622,0.2875,12.0488,50.0,-1303.1121761527,1254.2921479066115,1837.656771641373,-5940.9288574392,0.0805105257995819
FMNO_red_261_cutoff_7.5.inp.out,1353.585789225947,-0.0928,0.2701,11.6572,50.0,-1303.0928201202,1430.6054409708197,2930.5013678695,-5940.9191723567,0.1120772395997846
FMNO_red_262_cutoff_7.5.inp.out,1362.745994578814,-0.0714,0.2827,14.2493,52.0,-1302.4167271569,668.4944261049045,1034.0415674174442,-6091.3441228522,0.0942465592997905
FMNO_red_263_cutoff_7.5.inp.out,1363.5857773892926,-0.0683,0.3037,15.7387,55.0,-1301.7248183455,-626.128787128283,1018.182780568435,-6317.2094236045,0.0851584143001673
FMNO_red_264_cutoff_7.5.inp.out,1363.3241999975871,-0.087,0.2778,8.0139,51.0,-1303.1046157826,-170.28778341761546,557.7654177648513,-6016.4193648473,0.0950077284005601
FMNO_red_265_cutoff_7.5.inp.out,1355.5822649194283,-0.0776,0.2539,19.8064,47.0,-1304.1739555003,-184.03314093298076,426.63103123622955,-5715.4094741934,0.0852128858996366
FMNO_red_266_cutoff_7.5.inp.out,1359.0019742118743,-0.0943,0.2716,23.9101,47.0,-1304.2507098635,1335.171935826296,2077.570487010501,-5715.4956466641,0.1030642258001535
FMNO_red_267_cutoff_7.5.inp.out,1371.3391760241543,-0.0743,0.2721,22.1592,47.0,-1304.3242610453,430.34202826122873,3175.3532349621246,-5715.5659034786,0.0840876766005749
FMNO_red_268_cutoff_7.5.inp.out,1353.05218937767,-0.0823,0.2867,18.5591,48.0,-1303.9632200748,-297.139720354124,2706.9923169259896,-5790.70679352,0.0880464021001898
FMNO_red_269_cutoff_7.5.inp.out,1370.7432779497956,-0.041,0.3116,11.2311,47.0,-1304.1393623574,923.2358645663172,2651.491667541522,-5715.2370857628,0.0639227460005713
FMNO_red_26_cutoff_7.5.inp.out,1367.116070656895,-0.0538,0.2897,12.3199,52.0,-1302.7021227451,1101.4623801860605,3434.1894090398905,-6091.5885447487,0.0743096708001758
FMNO_red_270_cutoff_7.5.inp.out,1364.1853606186382,-0.0739,0.2962,18.0311,48.0,-1304.0345587431,120.32538310000083,537.5028491750046,-5790.6839975749,0.091079879100107
FMNO_red_271_cutoff_7.5.inp.out,1358.1938689913702,-0.0698,0.3119,13.9619,52.0,-1302.6356025678,-1086.7669684617192,-1469.4000892939675,-6091.4126654322,0.0828692297991438
FMNO_red_272_cutoff_7.5.inp.out,1378.995160606177,-0.0696,0.3056,21.8352,51.0,-1302.9806553148,-110.31606162743628,774.9022082924859,-6016.2847641557,0.0857956816998921
FMNO_red_273_cutoff_7.5.inp.out,1353.4681437049128,-0.0497,0.3258,22.5039,52.0,-1302.8942821603,-1126.1512044434755,968.3420838175302,-6091.684195885,0.07405090030079
FMNO_red_274_cutoff_7.5.inp.out,1356.4358515082092,-0.0745,0.3163,22.7574,53.0,-1302.070239409,-1238.2543740626909,791.1174686174735,-6166.4179152517,0.0972163973001443
FMNO_red_275_cutoff_7.5.inp.out,1359.5890900469208,-0.0746,0.3002,19.8472,51.0,-1302.7633171959,703.3739249000007,1831.217220000003,-6016.0760437993,0.0867274428992459
FMNO_red_276_cutoff_7.5.inp.out,1367.5355878448888,-0.0778,0.2926,20.0892,52.0,-1302.6960473577,202.2771995535893,1355.3360397666552,-6091.4860511026,0.0904998590995092
FMNO_red_277_cutoff_7.5.inp.out,1359.0510264552113,-0.0612,0.3123,15.3876,49.0,-1303.2113478144,-142.3498940992187,1995.942044376117,-5865.4379933885,0.0858584156994766
FMNO_red_278_cutoff_7.5.inp.out,1362.0525872816695,-0.0773,0.288,17.3045,50.0,-1303.3400372983,791.096599391924,2200.534047716468,-5941.0896551881,0.0989120866997836
FMNO_red_279_cutoff_7.5.inp.out,1367.493867579178,-0.102,0.2643,15.8444,50.0,-1303.1025388788,2375.9777800477445,4779.490302486138,-5940.8839218396,0.1118626381994545
FMNO_red_27_cutoff_7.5.inp.out,1366.1205620976734,-0.09,0.2701,13.7388,49.0,-1303.756367669,1723.5103457138016,3837.447623079871,-5866.1109222418,0.1060076535004554
FMNO_red_280_cutoff_7.5.inp.out,1363.182218991696,-0.076,0.2741,8.28,51.0,-1302.9990432669,2925.519859732641,6056.03936606061,-6016.2749887916,0.0971360895000543
FMNO_red_281_cutoff_7.5.inp.out,1351.3725726544606,-0.0748,0.2719,16.1431,51.0,-1302.7125524179,1090.9260598383148,1727.4146249138698,-6016.0416439614,0.0940628923999611
FMNO_red_282_cutoff_7.5.inp.out,1358.3370173348967,-0.0742,0.2847,22.5559,50.0,-1303.0939432701,1256.773960984055,2187.9600501248224,-5940.8515974726,0.0972661487003279
FMNO_red_283_cutoff_7.5.inp.out,1361.0665595570017,-0.0862,0.2747,9.7479,52.0,-1302.9805119686,84.93207527034161,306.6820329669645,-6091.7977607039,0.0930417563995433
FMNO_red_284_cutoff_7.5.inp.out,1360.032580315982,-0.0859,0.273,17.0288,52.0,-1302.5272653114,2043.3396998225269,4692.077465225414,-6091.2914163119,0.0951181479995284
FMNO_red_285_cutoff_7.5.inp.out,1350.7931176293052,-0.1146,0.2595,18.8772,55.0,-1301.7849726583,1316.6572427079016,3014.5826496823606,-6317.1350565638,0.1199360672999318
FMNO_red_286_cutoff_7.5.inp.out,1345.7169407368629,-0.0815,0.2677,25.987,49.0,-1303.5021775354,1817.2392934510428,5837.8588849484495,-5865.6765760222,0.1062526676005291
FMNO_red_287_cutoff_7.5.inp.out,1372.920567100478,-0.088,0.2703,11.9681,48.0,-1304.2940210794,507.01178777439605,-105.99402524152585,-5791.1759123756,0.1025879361995976
FMNO_red_288_cutoff_7.5.inp.out,1370.0919491161353,-0.0824,0.2737,21.1666,48.0,-1304.1176538783,-522.7258996556892,-828.6793813250589,-5791.0102008762,0.094339374500123
FMNO_red_289_cutoff_7.5.inp.out,1366.429066630698,-0.1027,0.2662,15.6741,46.0,-1304.8950120661,1594.829360273731,3241.423769042109,-5640.7889578023,0.1126938268998856
FMNO_red_28_cutoff_7.5.inp.out,1363.0378609545908,-0.0946,0.266,15.0836,50.0,-1303.0458866047,511.40396666737666,1505.2448175382776,-5940.8272375433,0.1008619152999017
FMNO_red_290_cutoff_7.5.inp.out,1367.2654463425176,-0.0837,0.2803,19.9107,47.0,-1304.3967670617,-621.4296173832538,524.8402611160625,-5715.793022414,0.0973868401997606
FMNO_red_291_cutoff_7.5.inp.out,1366.1596301199245,-0.0823,0.2798,19.0211,48.0,-1304.5424252034,-257.25660025634255,48.47775858771031,-5791.3765493329,0.0916186070999174
FMNO_red_292_cutoff_7.5.inp.out,1367.355403415899,-0.114,0.2628,22.2065,48.0,-1303.8339275016,1059.320194263841,1404.1351675181882,-5790.7007506699,0.1184968823999952
FMNO_red_293_cutoff_7.5.inp.out,1369.8564003891688,-0.1145,0.2543,8.1113,51.0,-1303.2067282431,1003.0682472569335,1371.9973849675928,-6016.6421444207,0.1162028206999821
FMNO_red_294_cutoff_7.5.inp.out,1371.090823658766,-0.0975,0.2609,14.5389,47.0,-1304.3003863652,990.2110898201088,920.0852718213572,-5715.6444544829,0.1127813969005728
FMNO_red_295_cutoff_7.5.inp.out,1368.638717749398,-0.0886,0.2926,9.7575,49.0,-1303.1595231957,-598.8318110259761,159.65812790536987,-5865.4760340207,0.0988445863995366
FMNO_red_296_cutoff_7.5.inp.out,1356.2678096761338,-0.091,0.2775,7.0584,50.0,-1303.1085123611,460.0630057406142,2177.4645809068275,-5940.9041898821,0.1014408015998924
FMNO_red_297_cutoff_7.5.inp.out,1358.3219532113328,-0.0841,0.2738,12.5898,49.0,-1303.5324287494,162.20085248904715,-59.94852913666573,-5865.8304886391,0.1021339590006391
FMNO_red_298_cutoff_7.5.inp.out,1365.4155558033751,-0.0811,0.2793,11.22,50.0,-1302.6709252645,-1611.5444700625023,-2423.7901323705937,-5940.5946115517,0.0829425278998314
FMNO_red_299_cutoff_7.5.inp.out,1370.1550609896708,-0.0746,0.2993,25.5428,49.0,-1303.4877440008,-1443.983111399993,-337.1167719999976,-5865.8414312814,0.0850245698993603
FMNO_red_29_cutoff_7.5.inp.out,1359.1487274255771,-0.0653,0.2896,11.5893,51.0,-1303.1464482724,-1574.3083322081495,-766.8544198054153,-6016.5161647831,0.078326079999897
FMNO_red_2_cutoff_7.5.inp.out,1361.3105915865558,-0.0965,0.276,15.9244,47.0,-1304.514336943,826.1456946793852,1145.5413131330515,-5715.8712073979,0.1089449868004521
FMNO_red_300_cutoff_7.5.inp.out,1371.1194339753133,-0.0818,0.2806,25.977,49.0,-1302.9574019492,-1473.7345861360727,-2259.167512781078,-5865.3462666318,0.0927124373001788
FMNO_red_301_cutoff_7.5.inp.out,1373.7682064770934,-0.0706,0.2903,23.7354,46.0,-1304.6998102762,23.57584537225165,1356.724544814176,-5640.5079678893,0.0867349350000949
FMNO_red_302_cutoff_7.5.inp.out,1373.3163086708112,-0.1017,0.2797,19.9151,49.0,-1303.6829031787,186.74030225822037,-133.9454611697039,-5866.0634212201,0.100938706499619
FMNO_red_303_cutoff_7.5.inp.out,1375.8653996255666,-0.0828,0.2944,18.4757,47.0,-1304.2415349963,-501.9293724744818,-1950.814737555852,-5715.4675998407,0.0949248218003049
FMNO_red_304_cutoff_7.5.inp.out,1373.8137080884787,-0.0845,0.2806,20.1712,50.0,-1303.1870235989,-752.1391496769456,-2849.2158612080366,-5941.094391401,0.096181608900224
FMNO_red_305_cutoff_7.5.inp.out,1364.5623720523745,-0.0887,0.2737,23.0968,46.0,-1304.3415312674,-1320.9715772100035,-2068.4505423199676,-5640.1359010229,0.0978627744998448
FMNO_red_306_cutoff_7.5.inp.out,1365.9308738778436,-0.0907,0.2557,14.0083,47.0,-1304.1733299528,-816.5981975973878,-1320.3229973216935,-5715.4315161876,0.1006787238002289
FMNO_red_307_cutoff_7.5.inp.out,1365.484730180758,-0.0941,0.2706,10.1231,49.0,-1303.5179642302,-1847.7986021954025,-2062.9887330142465,-5865.9041693699,0.0991491467002561
FMNO_red_308_cutoff_7.5.inp.out,1368.1795547568656,-0.098,0.2575,16.6135,48.0,-1303.6126416351,1649.690616912166,2269.4724674460044,-5790.4475752919,0.1126055353997799
FMNO_red_309_cutoff_7.5.inp.out,1367.1138433838305,-0.0796,0.2776,23.5987,51.0,-1303.0029905593,-528.4877632075437,-315.89378254131753,-6016.3872234281,0.0930636191997109
FMNO_red_30_cutoff_7.5.inp.out,1362.4599283126695,-0.067,0.2995,20.4142,50.0,-1303.4599840609,-2141.6321843656483,-3777.3227732734226,-5941.3010811832,0.0817694173001655
FMNO_red_310_cutoff_7.5.inp.out,1366.6582958092945,-0.0853,0.2751,17.4803,48.0,-1303.4953346231,832.0498330489982,2710.9058531031515,-5790.3780391276,0.1037190446004387
FMNO_red_311_cutoff_7.5.inp.out,1370.3435047670728,-0.0804,0.2708,13.9894,46.0,-1304.0146640934,-624.9261662158815,-1637.986693365183,-5639.7954535922,0.096792245600227
FMNO_red_312_cutoff_7.5.inp.out,1370.875365132158,-0.1021,0.2694,14.6522,44.0,-1305.3434401734,1895.8845533753656,2795.222837744352,-5490.0890552157,0.1058999862998462
FMNO_red_313_cutoff_7.5.inp.out,1367.157419579488,-0.0749,0.29,19.2981,47.0,-1304.1497311693,723.5415169248519,1713.795136727482,-5715.5056846825,0.0910738235997996
FMNO_red_314_cutoff_7.5.inp.out,1370.2472735629362,-0.0717,0.2963,9.1799,49.0,-1303.0822338475,-597.4504754498718,460.69445385399433,-5865.4271284766,0.0851415830002224
FMNO_red_315_cutoff_7.5.inp.out,1372.363916941046,-0.0865,0.2848,2.7249,49.0,-1303.8895283611,-1649.534718112476,-2503.562288309098,-5866.2665172588,0.0980453208003382
FMNO_red_316_cutoff_7.5.inp.out,1376.7060024861407,-0.1041,0.2637,11.6743,48.0,-1304.2549795583,-284.9029688135668,-1969.8731255759683,-5791.0843081769,0.1111924512997575
FMNO_red_317_cutoff_7.5.inp.out,1371.8817190712734,-0.1157,0.2607,3.8673,47.0,-1304.1802182984,-254.85492906827577,-1209.6012759761538,-5715.4668797952,0.1172754246999829
FMNO_red_318_cutoff_7.5.inp.out,1374.2334721301024,-0.0712,0.2973,1.9043,49.0,-1303.735947279,-1576.0009732917526,-1763.595950001058,-5865.9935765091,0.0827942310997968
FMNO_red_319_cutoff_7.5.inp.out,1362.3853727481,-0.1036,0.2749,15.9215,51.0,-1302.9326855879,32.97956386999953,179.1138837000005,-6016.2757260694,0.1178459550001207
FMNO_red_31_cutoff_7.5.inp.out,1357.2440647355768,-0.0704,0.2799,19.6562,47.0,-1304.5264831045,-659.8433715427068,-750.3790244782707,-5715.7605076437,0.0848847471997942
FMNO_red_320_cutoff_7.5.inp.out,1367.8627377656458,-0.1006,0.255,17.0938,51.0,-1302.8966604285,1077.3641157238949,2029.3090199099336,-6016.2666356181,0.1145148161003817
FMNO_red_321_cutoff_7.5.inp.out,1371.3253476271764,-0.0993,0.2805,16.3763,52.0,-1302.6884568851,-280.5735467181131,131.95005944899188,-6091.6536276779,0.1065292661996863
FMNO_red_322_cutoff_7.5.inp.out,1367.5738521326384,-0.1032,0.2546,12.228,53.0,-1302.572949003,-104.9555659107116,574.5283549544118,-6167.0258853947,0.1013145719998647
FMNO_red_323_cutoff_7.5.inp.out,1366.4472954243088,-0.1055,0.2641,17.8894,52.0,-1302.4265375999,-31.009661147530547,288.87572547140485,-6091.3979340266,0.111403993299973
FMNO_red_324_cutoff_7.5.inp.out,1374.4840798044688,-0.1152,0.2618,16.1892,54.0,-1301.8439041573,393.6110054671674,365.1792086833007,-6241.8730934013,0.1170169033002821
FMNO_red_325_cutoff_7.5.inp.out,1369.201560982736,-0.067,0.2975,9.2488,52.0,-1302.5277498391,-1562.226532771922,-2400.390423707214,-6091.4139381287,0.0829281215001174
FMNO_red_326_cutoff_7.5.inp.out,1369.042174785205,-0.1074,0.2792,15.3812,53.0,-1302.2123790317,2105.176826511543,3066.962901561111,-6166.6520893726,0.1197553787997094
FMNO_red_327_cutoff_7.5.inp.out,1363.220745129829,-0.0783,0.2704,11.9913,46.0,-1304.5182158891,-196.32501942482423,-64.62024162017592,-5640.1583418718,0.0954840910999337
FMNO_red_328_cutoff_7.5.inp.out,1360.9662501175103,-0.0716,0.3043,19.1053,49.0,-1303.3808473866,-633.5846253283526,665.844829842663,-5865.648071496,0.0839061576998574
FMNO_red_329_cutoff_7.5.inp.out,1361.231404649052,-0.0768,0.2813,21.0113,50.0,-1303.121311336,1098.7878161135586,1642.6668554857888,-5940.9543385168,0.0941757543996573
FMNO_red_32_cutoff_7.5.inp.out,1361.8759140948728,-0.0667,0.2691,12.207,51.0,-1303.179127035,-1554.5958700000049,-4197.954868399967,-6016.4931787079,0.0805773811998733
FMNO_red_330_cutoff_7.5.inp.out,1366.580285934402,-0.0856,0.2848,10.2222,49.0,-1303.4479922806,906.9234882999988,-344.569513079996,-5865.7810079737,0.0988314506003007
FMNO_red_331_cutoff_7.5.inp.out,1363.904998174815,-0.0847,0.2808,12.6151,47.0,-1303.9642593928,907.3841956444188,673.9834433442603,-5715.2627006823,0.0986673450997841
FMNO_red_332_cutoff_7.5.inp.out,1358.941306483075,-0.088,0.2811,11.8269,47.0,-1303.8309569241,51.29687480604463,-867.2143658677915,-5715.1070458113,0.0999812337004186
FMNO_red_333_cutoff_7.5.inp.out,1361.857670109765,-0.1047,0.2632,13.1952,51.0,-1302.7215248877,1597.6861857122017,2398.3696001279764,-6016.1122059951,0.1157596996008578
FMNO_red_334_cutoff_7.5.inp.out,1359.4228351404354,-0.0601,0.2979,21.9223,53.0,-1301.8101460691,-697.6511910948271,1145.5608088737872,-6166.2233998968,0.0790665958002136
FMNO_red_335_cutoff_7.5.inp.out,1370.964268811632,-0.0591,0.2986,19.9487,51.0,-1302.1975043119,-1201.7740633770334,-738.686720135063,-6015.5786439286,0.0802149029996144
FMNO_red_336_cutoff_7.5.inp.out,1365.1996086190195,-0.0956,0.2645,18.3276,54.0,-1301.4896639586,18.067063000000257,-22.851697700001896,-6241.4930348201,0.1089841778002664
FMNO_red_337_cutoff_7.5.inp.out,1372.920567100478,-0.088,0.2703,11.9681,48.0,-1304.2939792374,507.0061181857373,-105.99693563570418,-5791.1758706663,0.1025878828995701
FMNO_red_338_cutoff_7.5.inp.out,1372.5391172826037,-0.0795,0.2736,22.3781,47.0,-1304.5262720177,-419.378387255224,-879.0039863422744,-5715.8867103443,0.0931085447000441
FMNO_red_339_cutoff_7.5.inp.out,1363.253954756519,-0.1024,0.2671,14.4055,46.0,-1305.0604036707,583.4196967797186,2423.0045955929463,-5640.8927273081,0.1100706788993193
FMNO_red_33_cutoff_7.5.inp.out,1370.1727816462023,-0.0693,0.2923,12.2433,49.0,-1303.9308958546,-2272.427609696729,-4968.582205308618,-5866.2067917412,0.0764126148005743
FMNO_red_340_cutoff_7.5.inp.out,1371.4469060472748,-0.1076,0.2528,21.9813,46.0,-1304.7545067673,809.4062630542344,558.2471065035538,-5640.5737365359,0.1139015455000844
FMNO_red_341_cutoff_7.5.inp.out,1373.025095973422,-0.1088,0.2654,21.0058,45.0,-1305.1526992617,63.756078123292355,-445.082938324636,-5565.4075714087,0.1108172865997403
FMNO_red_342_cutoff_7.5.inp.out,1368.205227262369,-0.0927,0.2815,27.38,48.0,-1303.9754648799,-1156.1785580252665,-2859.3738593958387,-5790.88479204,0.0993405051995068
FMNO_red_343_cutoff_7.5.inp.out,1369.8736634415163,-0.1121,0.2505,25.2234,49.0,-1303.7175173194,1009.4939535049868,600.0544843025824,-5866.1293222982,0.1201120527994135
FMNO_red_344_cutoff_7.5.inp.out,1358.4333225846988,-0.0823,0.2733,22.9363,48.0,-1304.5951514434,5.253311046683561,-163.2737379261006,-5791.3877685594,0.0994354499007386
FMNO_red_345_cutoff_7.5.inp.out,1369.4447762146633,-0.0735,0.2691,25.1684,51.0,-1302.7269835601,-81.5655495026173,-1167.311735054294,-6016.128703883,0.092265331300041
FMNO_red_346_cutoff_7.5.inp.out,1368.3991643824452,-0.0955,0.2838,18.0669,51.0,-1303.4324627354,-836.1273405513369,-1146.5004662963593,-6016.8843962343,0.1036885338999127
FMNO_red_347_cutoff_7.5.inp.out,1367.8386139683723,-0.0721,0.2853,16.6671,52.0,-1302.6242842254,-360.8343372339785,-2651.76252985989,-6091.5195040636,0.091186908200143
FMNO_red_348_cutoff_7.5.inp.out,1374.0178604180287,-0.0976,0.2728,25.8638,53.0,-1302.2763793463,-137.75287597700068,-1650.8300693999995,-6166.7649809427,0.1044277046003117
FMNO_red_349_cutoff_7.5.inp.out,1366.26010364505,-0.0954,0.2689,16.3482,56.0,-1301.5339679156,1546.5345312886775,1619.4336337153727,-6392.6294949836,0.1137944646998221
FMNO_red_34_cutoff_7.5.inp.out,1368.8161685102173,-0.0683,0.2773,12.662,46.0,-1304.7746693222,-677.9097831891092,-1494.7946175931052,-5640.4692856095,0.0896973688995785
FMNO_red_350_cutoff_7.5.inp.out,1375.907558721227,-0.0899,0.2782,22.5215,54.0,-1301.7492506112,531.5227326330877,2091.5373747592052,-6241.8244221314,0.1066313621995505
FMNO_red_351_cutoff_7.5.inp.out,1373.1526143356584,-0.0621,0.2877,18.7946,53.0,-1302.1033561075,19.43702346295701,988.9762043028098,-6166.5279755867,0.0830852031003814
FMNO_red_352_cutoff_7.5.inp.out,1370.9692213774752,-0.0914,0.274,19.655,46.0,-1304.4611119809,1219.0655398643044,2795.693347890551,-5640.2496713494,0.1044679787992208
FMNO_red_353_cutoff_7.5.inp.out,1370.8046379983018,-0.074,0.2952,18.8615,46.0,-1304.4322621799,-401.8203047123541,1143.239872022223,-5640.1857626949,0.089557706600317
FMNO_red_354_cutoff_7.5.inp.out,1369.4559065956512,-0.0731,0.2747,22.3162,46.0,-1304.6475537234,545.2117787876795,3255.3620613346566,-5640.3799451741,0.0939662342998417
FMNO_red_355_cutoff_7.5.inp.out,1365.341855448071,-0.1053,0.2779,22.0539,46.0,-1304.6219389567,1529.877964900004,4920.325940200043,-5640.435695979,0.1195184649996008
FMNO_red_356_cutoff_7.5.inp.out,1371.5389922559489,-0.0874,0.2735,17.2233,50.0,-1303.2192997364,2004.377498849445,4348.756381601708,-5941.1120739491,0.0982720176998555
FMNO_red_357_cutoff_7.5.inp.out,1369.6692632379918,-0.0675,0.2926,22.9125,51.0,-1303.0108026829,892.4733904760119,4463.813450179041,-6016.4671408435,0.0842649403002724
FMNO_red_358_cutoff_7.5.inp.out,1372.3945590832902,-0.087,0.2645,27.9502,55.0,-1301.5969862175,1950.156204331052,4813.881493401118,-6317.1716112333,0.098877807300596
FMNO_red_359_cutoff_7.5.inp.out,1364.1406600348137,-0.0932,0.281,23.1731,52.0,-1302.9744255263,1727.619770451449,4352.294579008637,-6091.9544163316,0.1099115893994167
FMNO_red_35_cutoff_7.5.inp.out,1369.012461504172,-0.0991,0.2866,17.4329,48.0,-1304.2699915398,-344.69240076408823,-715.0984158822101,-5791.0131019633,0.0995289148004303
FMNO_red_360_cutoff_7.5.inp.out,1367.33806088526,-0.0676,0.2939,28.6866,50.0,-1303.7477091931,2549.9347339321575,6233.211661805429,-5941.6335375564,0.0869892031996641
FMNO_red_361_cutoff_7.5.inp.out,1372.2856128372196,-0.0781,0.2992,33.25,51.0,-1302.8475157653,1374.4026780998756,5510.985111448225,-6016.2582870035,0.0895057458001247
FMNO_red_362_cutoff_7.5.inp.out,1373.6233196246726,-0.0571,0.3053,39.3557,52.0,-1302.7462105245,915.333488466117,5150.846540235294,-6091.6742042581,0.0784875344997999
FMNO_red_363_cutoff_7.5.inp.out,1370.9219196782817,-0.0837,0.2805,21.6354,54.0,-1301.924789771,845.5934967040872,5463.943813825701,-6241.9022824892,0.0885208957997747
FMNO_red_364_cutoff_7.5.inp.out,1358.2222478639762,-0.0993,0.2596,23.6638,49.0,-1303.2440764727,1464.15471559543,5915.492092673635,-5865.6597945683,0.1066775079998478
FMNO_red_365_cutoff_7.5.inp.out,1364.7078997421677,-0.0743,0.2717,30.8617,50.0,-1303.1020043709,509.0906882988059,3536.147098249347,-5940.9451015967,0.0843778668995582
FMNO_red_366_cutoff_7.5.inp.out,1358.0223448447923,-0.0499,0.2873,27.7601,48.0,-1304.1597880871,995.4474690334516,2085.006585680953,-5790.9535206909,0.0779350763996262
FMNO_red_367_cutoff_7.5.inp.out,1362.437077836832,-0.102,0.2777,32.7833,46.0,-1304.38230971,2427.062480935074,4407.076378919154,-5640.1530540519,0.107884874299998
FMNO_red_368_cutoff_7.5.inp.out,1368.7391796404054,-0.0548,0.2903,31.1697,52.0,-1302.9461077583,602.0348438297458,2426.5871644998097,-6091.8403143231,0.0799188329001481
FMNO_red_369_cutoff_7.5.inp.out,1374.049075370878,-0.0822,0.2783,35.6551,53.0,-1302.2795131316,531.1801991707069,3581.930072422373,-6166.7446335662,0.0906988024999009
FMNO_red_36_cutoff_7.5.inp.out,1358.4897884703869,-0.0427,0.3009,10.019,47.0,-1304.5000958779,-1255.2187080800272,-1609.4559183424767,-5715.6632674375,0.0734381483998731
FMNO_red_370_cutoff_7.5.inp.out,1359.769083010466,-0.0863,0.2749,27.32,51.0,-1303.2321008277,1508.3307063292011,3329.3329628596466,-6016.6328084245,0.0921632494000732
FMNO_red_371_cutoff_7.5.inp.out,1369.3847314036454,-0.0611,0.2769,24.0765,47.0,-1304.3924015396,1379.5538860000029,5528.075481700043,-5715.6103848401,0.0822360055999524
FMNO_red_372_cutoff_7.5.inp.out,1376.5751711411058,-0.0619,0.2923,19.6103,49.0,-1304.1527219733,-157.6079403366942,3358.3322400397883,-5866.4913512878,0.0682530827998562
FMNO_red_373_cutoff_7.5.inp.out,1365.4313006958173,-0.065,0.2834,11.4375,43.0,-1305.6715596979,2038.4542575436992,5210.677416617314,-5414.8059267435,0.0929512103002707
FMNO_red_374_cutoff_7.5.inp.out,1362.7859427488995,-0.0826,0.2737,15.285,47.0,-1304.2019701882,723.9545647547176,3053.1569072592188,-5715.5007531103,0.0981238200001826
FMNO_red_375_cutoff_7.5.inp.out,1367.2800842417826,-0.0865,0.2708,12.4541,44.0,-1305.5593565999,2879.4065099999816,5694.07893899995,-5490.1870656927,0.1039064801998392
FMNO_red_376_cutoff_7.5.inp.out,1372.1624200008785,-0.0728,0.2755,13.0635,47.0,-1304.5206158592,2019.795259367608,6196.857527016828,-5715.8125554327,0.0891579705003096
FMNO_red_377_cutoff_7.5.inp.out,1369.5723689501797,-0.0725,0.2726,16.5258,45.0,-1305.0069744073,167.48782172368692,1957.5518508884445,-5565.273592392,0.0854060144001778
FMNO_red_378_cutoff_7.5.inp.out,1376.5640170951965,-0.1017,0.2573,19.3122,47.0,-1304.3714476511,622.1122496730113,1304.0496715954323,-5715.640767373,0.1073829972992825
FMNO_red_379_cutoff_7.5.inp.out,1369.9471275715866,-0.0881,0.2755,24.1722,44.0,-1305.1453986088,-395.2198769586651,-685.2486523999547,-5489.7980103505,0.1013158656996893
FMNO_red_37_cutoff_7.5.inp.out,1367.80178733393,-0.072,0.2819,7.768,50.0,-1303.382068869,-827.8737314137421,-2083.3205309428195,-5941.1885851345,0.0858934402995146
FMNO_red_380_cutoff_7.5.inp.out,1373.153612495195,-0.1121,0.2477,15.2754,47.0,-1304.0927520657,1672.1019301907277,2199.717181931778,-5715.4196942519,0.1156405158999405
FMNO_red_381_cutoff_7.5.inp.out,1370.546795375035,-0.0912,0.2705,18.5601,47.0,-1304.1152500297,375.48152371299824,1704.2214136503258,-5715.4445535799,0.1007661167996047
FMNO_red_382_cutoff_7.5.inp.out,1368.1223422743476,-0.0664,0.305,18.6767,46.0,-1304.6069887956,-250.0722783292394,3061.472812496688,-5640.3549207952,0.0861995734003358
FMNO_red_383_cutoff_7.5.inp.out,1366.568640874069,-0.0853,0.2602,10.2586,48.0,-1304.031673416,1925.363256768143,2939.840487628937,-5790.9043944391,0.1013148754000212
FMNO_red_384_cutoff_7.5.inp.out,1371.1382212402498,-0.0676,0.2817,10.834,49.0,-1303.1917440928,787.9842142652785,1951.9794919511944,-5865.5364444531,0.09293588159926
FMNO_red_385_cutoff_7.5.inp.out,1372.6003977889543,-0.0934,0.2742,12.7376,52.0,-1302.1880619162,-187.12600126531663,-59.96128131809494,-6091.0593466112,0.1041707798003699
FMNO_red_386_cutoff_7.5.inp.out,1375.269044749787,-0.0934,0.2717,15.881,49.0,-1303.4740092688,3.2557832210026425,-249.58172938511044,-5865.8349123261,0.1018103297001289
FMNO_red_387_cutoff_7.5.inp.out,1372.8210469983478,-0.0886,0.2697,11.994,48.0,-1304.2977659442,544.6031944704129,-11.1678787544269,-5791.1800442331,0.103362809400096
FMNO_red_388_cutoff_7.5.inp.out,1371.3019640642208,-0.0789,0.2769,20.8301,49.0,-1303.7549084753,32.88433466213577,-576.6691061143445,-5866.1693040369,0.0933801675000722
FMNO_red_389_cutoff_7.5.inp.out,1362.6558419731805,-0.0969,0.2714,14.1521,47.0,-1304.4135501874,847.5127760999989,1693.208385399999,-5715.7466944784,0.1091121785002542
FMNO_red_38_cutoff_7.5.inp.out,1373.6322202966078,-0.0958,0.2854,6.4481,47.0,-1304.5312830281,-132.59197618342247,-1486.3117044174855,-5715.7655382632,0.0985796674995072
FMNO_red_390_cutoff_7.5.inp.out,1367.6597289048111,-0.0918,0.2844,18.8658,50.0,-1303.4066295689,824.4133075924938,1214.3002718898754,-5941.3107897084,0.1088227835007273
FMNO_red_391_cutoff_7.5.inp.out,1366.1958241745062,-0.0816,0.2961,31.0201,48.0,-1304.0047940065,-378.85322804639367,-326.9430474266259,-5790.8840850832,0.095349039100256
FMNO_red_392_cutoff_7.5.inp.out,1378.127437221006,-0.0768,0.293,31.8674,52.0,-1302.570012618,-447.587421258232,371.0386197125272,-6091.5428720411,0.0927261898004871
FMNO_red_393_cutoff_7.5.inp.out,1372.559537629142,-0.0733,0.2906,32.1546,49.0,-1303.3884153848,-1324.8264761497414,-336.8981886961729,-5865.8192711722,0.0885113002996149
FMNO_red_394_cutoff_7.5.inp.out,1363.9962583381405,-0.093,0.2657,29.6963,49.0,-1303.5714193203,1006.0095369457543,1445.9596631382244,-5865.9635357701,0.1075327526004912
FMNO_red_395_cutoff_7.5.inp.out,1373.519062725766,-0.0768,0.2855,32.4384,52.0,-1302.5924355094,-487.6337872000013,-139.21591200000006,-6091.5641288952,0.0881039378000423
FMNO_red_396_cutoff_7.5.inp.out,1365.0363550488205,-0.0906,0.2909,28.0296,50.0,-1302.9962773447,-85.21043678947797,862.214189584941,-5940.8502328828,0.1046952208998845
FMNO_red_397_cutoff_7.5.inp.out,1367.3139442437391,-0.0889,0.2807,22.798,50.0,-1302.5225246993,563.1994793964978,-24.42494802493627,-5940.3824135127,0.105324440500226
FMNO_red_398_cutoff_7.5.inp.out,1376.480569112943,-0.0853,0.2931,16.6124,51.0,-1302.4300025964,217.66171814964525,621.4004386883047,-6015.780259101,0.1020875669000815
FMNO_red_399_cutoff_7.5.inp.out,1367.6624370273005,-0.0846,0.2735,17.973,48.0,-1303.7066128111,-225.49086969064555,342.8513759510385,-5790.5410021026,0.0987398839997695
FMNO_red_39_cutoff_7.5.inp.out,1369.7210242328033,-0.0736,0.2839,5.1718,48.0,-1304.3216493003,291.58205052353696,25.059320096878707,-5790.9964458337,0.0878212857996914
FMNO_red_3_cutoff_7.5.inp.out,1364.5356944618793,-0.0829,0.2883,22.0704,52.0,-1302.6828573183,-302.832747718636,-1008.5120889687396,-6091.6732952307,0.1014506791998428
FMNO_red_400_cutoff_7.5.inp.out,1369.633444989349,-0.0729,0.2976,25.7528,45.0,-1304.3594275399,1052.8009198676232,2338.0098585749465,-5564.6394939734,0.0936892139006886
FMNO_red_401_cutoff_7.5.inp.out,1369.251190500371,-0.0734,0.2985,23.6199,46.0,-1303.923057898,25.75908487702274,1481.2498543362592,-5639.7105850111,0.0833902381000371
FMNO_red_402_cutoff_7.5.inp.out,1365.7287545583229,-0.116,0.2626,28.6589,49.0,-1303.2883022728,2039.290108327808,2309.88009478343,-5865.678976617,0.1197963409003932
FMNO_red_403_cutoff_7.5.inp.out,1364.3092656842532,-0.0795,0.2872,25.4469,48.0,-1303.7018461964,18.758946276669953,-425.4660368942818,-5790.5084112278,0.0902169277997018
FMNO_red_404_cutoff_7.5.inp.out,1364.1679762809497,-0.0628,0.3019,24.1403,49.0,-1303.1894935053,-1535.9655350329388,-2207.36941202839,-5865.5581050147,0.0855493476992705
FMNO_red_405_cutoff_7.5.inp.out,1370.8004060208868,-0.0869,0.2843,25.589,49.0,-1303.5198634608,-1099.741217929682,-1663.8661640321627,-5865.8780046873,0.1026376503996289
FMNO_red_406_cutoff_7.5.inp.out,1373.772532857137,-0.1097,0.2587,25.2134,48.0,-1303.8442701151,264.664526691199,-40.31058793140111,-5790.706393625,0.1200275044993759
FMNO_red_407_cutoff_7.5.inp.out,1372.9617339530032,-0.0894,0.2777,25.3178,50.0,-1303.1363812726,1391.5130455116705,2200.182826480588,-5941.0871281251,0.1109831035000752
FMNO_red_408_cutoff_7.5.inp.out,1363.7586605405434,-0.0838,0.2747,18.0208,49.0,-1303.345818636,1053.978336332071,-373.8609163520427,-5865.6921156155,0.104704918599964
FMNO_red_409_cutoff_7.5.inp.out,1348.04929775119,-0.0878,0.267,17.3912,46.0,-1304.3673676419,56.02277990798367,2056.0897296081953,-5640.1494421744,0.0994210546996328
FMNO_red_40_cutoff_7.5.inp.out,1365.3291141739808,-0.0955,0.277,14.1255,51.0,-1303.1677222495,245.8025454054245,1231.1666640749104,-6016.4831712357,0.1078229431004729
FMNO_red_410_cutoff_7.5.inp.out,1360.1486931925874,-0.1041,0.2521,15.8943,45.0,-1304.8669640854,2263.396624860262,2308.1294948948657,-5565.1155632806,0.1178210731004583
FMNO_red_411_cutoff_7.5.inp.out,1358.379071555872,-0.1051,0.2675,19.0543,42.0,-1305.5092996056,818.0075832915924,970.3638668351714,-5339.2005028451,0.1101722176999828
FMNO_red_412_cutoff_7.5.inp.out,1377.187795525377,-0.0791,0.2865,17.6145,42.0,-1305.8406437599,-460.86320844545935,-211.91964497518995,-5339.4776327751,0.0884125102993493
FMNO_red_413_cutoff_7.5.inp.out,1374.4334920021156,-0.0966,0.2837,25.5624,43.0,-1305.6398358212,-1411.8212882198784,-3092.9963611031976,-5414.7741889851,0.1003289252003014
FMNO_red_414_cutoff_7.5.inp.out,1364.0654036730164,-0.1063,0.2508,18.0473,43.0,-1305.5735272887,831.2404064195796,1166.7923690911855,-5414.7089307851,0.1145275371000025
FMNO_red_415_cutoff_7.5.inp.out,1366.290251825022,-0.0794,0.2818,25.9108,43.0,-1305.4726679184,-319.52700177267906,118.23878366109744,-5414.5850549398,0.0915717927000514
FMNO_red_416_cutoff_7.5.inp.out,1359.4029979029374,-0.0617,0.3005,24.2479,42.0,-1305.999278056,-1151.8053908734655,-146.3838756470573,-5339.5965574154,0.0733948733004581
FMNO_red_417_cutoff_7.5.inp.out,1366.8087503732263,-0.0888,0.2627,19.6356,47.0,-1304.2383268243,1708.6541671441194,4400.16328323224,-5715.5058549377,0.0984271397001066
FMNO_red_418_cutoff_7.5.inp.out,1368.9114060905492,-0.0767,0.291,32.4008,44.0,-1304.9582059307,-110.7189348374265,3086.87897564562,-5489.6256323947,0.0865537546997075
FMNO_red_419_cutoff_7.5.inp.out,1366.560887208939,-0.0951,0.2512,25.3642,44.0,-1305.2130689377,1499.0616409601323,2779.3724013696187,-5489.9035462459,0.1062206873002651
FMNO_red_41_cutoff_7.5.inp.out,1358.337428567748,-0.071,0.2922,3.864,50.0,-1303.4849076218,358.8931298927717,1206.4401035389103,-5941.2996905373,0.0828435820003505
FMNO_red_420_cutoff_7.5.inp.out,1370.7605770359269,-0.0732,0.3006,19.9526,46.0,-1304.4753922931,-496.71547781896464,860.6319133603995,-5640.1839779347,0.0799184081997737
FMNO_red_421_cutoff_7.5.inp.out,1370.4507335852204,-0.0811,0.2822,18.7034,51.0,-1302.3694497263,243.7377415110306,2285.17272583758,-6015.6818975728,0.0957843516998764
FMNO_red_422_cutoff_7.5.inp.out,1366.9666166347138,-0.0771,0.2955,18.9452,49.0,-1303.1673686119,106.98092028081336,1604.2344529328814,-5865.4284866839,0.0880519005995665
FMNO_red_423_cutoff_7.5.inp.out,1363.8912237578131,-0.0545,0.2883,18.2928,52.0,-1302.3871586705,-255.97730552243925,39.13927236068905,-6091.203594748,0.0778797374996429
FMNO_red_424_cutoff_7.5.inp.out,1362.948323991514,-0.0973,0.2765,25.4793,53.0,-1301.6308848669,-132.45387263732528,-605.5358525056002,-6166.0211065623,0.101565719300197
FMNO_red_425_cutoff_7.5.inp.out,1359.7107984709376,-0.106,0.2506,23.8906,52.0,-1302.4611361494,1895.557844969981,4966.341031500028,-6091.3531294129,0.1106403142002818
FMNO_red_426_cutoff_7.5.inp.out,1355.7497471164352,-0.0961,0.2349,16.0595,50.0,-1303.4053334883,2027.6458122842996,2635.998766062754,-5941.1054861848,0.1067381100001512
FMNO_red_427_cutoff_7.5.inp.out,1356.5588299542462,-0.0835,0.2722,19.0948,46.0,-1304.7061495998,1401.822538754989,3732.664906861121,-5640.3850291553,0.1000115346996608
FMNO_red_428_cutoff_7.5.inp.out,1370.6111297591524,-0.104,0.2683,16.6481,49.0,-1303.526395478,1116.255548556605,2318.9998842287705,-5865.8390627383,0.1133389149999857
FMNO_red_429_cutoff_7.5.inp.out,1369.0070755642398,-0.0809,0.2664,16.8183,50.0,-1303.1452063296,1523.8694173148242,2115.8696725987174,-5940.8284232648,0.1026819970993528
FMNO_red_42_cutoff_7.5.inp.out,1358.2815249808536,-0.0729,0.2657,7.3735,42.0,-1306.3143402203,2399.4984360991743,4906.751264603864,-5339.9023572755,0.0936345969994363
FMNO_red_430_cutoff_7.5.inp.out,1371.8499184785044,-0.108,0.2615,24.0862,48.0,-1303.8000243037,2174.666634324562,4770.266893514653,-5790.4879158068,0.1131875499004309
FMNO_red_431_cutoff_7.5.inp.out,1362.2812430495935,-0.0913,0.2684,21.3468,49.0,-1303.3006860982,1100.0742573731618,2099.2992994972305,-5865.5537185634,0.1004259691999323
FMNO_red_432_cutoff_7.5.inp.out,1367.9127987586082,-0.0709,0.2729,17.2639,47.0,-1304.2176525636,213.97785702192928,2192.45421214363,-5715.3704981435,0.0832344933996864
FMNO_red_433_cutoff_7.5.inp.out,1362.9007728538202,-0.1004,0.2494,16.7383,45.0,-1305.1181724239,2496.1499558475075,5013.636042358901,-5565.3066433523,0.111980197700177
FMNO_red_434_cutoff_7.5.inp.out,1367.1687391876485,-0.088,0.2806,18.2878,46.0,-1304.8961370913,-334.07429443374076,-450.7286860858869,-5640.5429519755,0.0986050815999988
FMNO_red_435_cutoff_7.5.inp.out,1364.196857890552,-0.0857,0.2617,9.3946,44.0,-1305.1333581382,-27.775642448603516,478.56044569719535,-5489.6887259085,0.1006445384000471
FMNO_red_436_cutoff_7.5.inp.out,1368.5325741456768,-0.1017,0.2711,10.9303,46.0,-1304.6237025772,1556.2700469338758,2866.974788678104,-5640.2385462295,0.1139339899000333
FMNO_red_437_cutoff_7.5.inp.out,1372.8210469983478,-0.0886,0.2697,11.994,48.0,-1304.2978876332,544.5887022428693,-11.189931003465002,-5791.1801676093,0.1033637400996667
FMNO_red_438_cutoff_7.5.inp.out,1371.1970209689189,-0.0736,0.277,20.3644,49.0,-1303.7249463382,-60.88478499999974,-736.4015007000002,-5866.1311385948,0.0907809571999678
FMNO_red_439_cutoff_7.5.inp.out,1362.5782825547606,-0.0937,0.2795,20.5872,48.0,-1303.8513743745,460.0256679738712,121.98566501421324,-5790.7797225806,0.1043330267002602
FMNO_red_43_cutoff_7.5.inp.out,1362.47393924575,-0.0835,0.2891,13.2692,46.0,-1305.2590260058,-238.14220559547388,-642.7996448931575,-5640.9969775747,0.0945006464007747
FMNO_red_440_cutoff_7.5.inp.out,1365.042047420657,-0.0722,0.2901,18.0912,49.0,-1303.4306026823,-929.972417561136,-1009.4514550537532,-5865.86416412,0.0904935237003883
FMNO_red_441_cutoff_7.5.inp.out,1361.1426329575309,-0.0888,0.2803,29.1556,50.0,-1303.0616670616,631.3493676999947,-618.0069791999938,-5941.020685148,0.1046042165999097
FMNO_red_442_cutoff_7.5.inp.out,1365.758912102983,-0.0503,0.3292,36.7958,48.0,-1303.7667479003,-2583.8149315319315,-3924.996830014196,-5790.6209083311,0.0741719670995735
FMNO_red_443_cutoff_7.5.inp.out,1365.7917665490595,-0.0717,0.289,27.7897,51.0,-1302.6527640087,-678.9582573686642,-357.7104826382309,-6016.0697048306,0.0929979530001219
FMNO_red_444_cutoff_7.5.inp.out,1358.9809912591113,-0.0618,0.2976,20.9705,51.0,-1302.85863851,-1207.1861719006863,-1335.520398368624,-6016.3351822809,0.0864595165994615
FMNO_red_445_cutoff_7.5.inp.out,1367.296349234014,-0.0697,0.2873,24.9415,49.0,-1303.6145968505,-1930.616573225432,-3152.0075802025676,-5865.9424140962,0.0786786978005693
FMNO_red_446_cutoff_7.5.inp.out,1368.259687084618,-0.0675,0.2882,21.1531,50.0,-1303.3926909199,-847.5352995672064,-914.384707765752,-5941.3022380475,0.0878704755996295
FMNO_red_447_cutoff_7.5.inp.out,1371.2281167889073,-0.0798,0.2892,12.5336,50.0,-1303.165875391,-1261.0579550567004,-1268.214378413106,-5941.0274790252,0.0859067710007366
FMNO_red_448_cutoff_7.5.inp.out,1369.6448286804518,-0.0788,0.281,13.2871,53.0,-1302.5361625589,-539.4866587261226,-570.7053886048102,-6166.979927185,0.0910205550999307
FMNO_red_449_cutoff_7.5.inp.out,1360.7543938569136,-0.0858,0.283,25.8737,52.0,-1302.6987401629,-470.47040003623744,-714.9169938971635,-6091.6126023842,0.0940375071995731
FMNO_red_44_cutoff_7.5.inp.out,1366.1591460583618,-0.0765,0.2912,7.3042,46.0,-1304.6445887248,-293.3773876273396,539.5860509259255,-5640.3372590763,0.0909591121999255
FMNO_red_450_cutoff_7.5.inp.out,1373.475856571083,-0.0683,0.303,32.4563,54.0,-1302.320670816,-862.4424407495758,-1027.0569227615308,-6242.2536784905,0.0853225307000684
FMNO_red_451_cutoff_7.5.inp.out,1371.821696192182,-0.088,0.2707,33.8123,54.0,-1302.4075237563,527.9773469272872,-420.3742201188794,-6242.3589147694,0.1023650431998248
FMNO_red_452_cutoff_7.5.inp.out,1361.162300119548,-0.0733,0.2866,31.5948,53.0,-1302.4599271597,-1892.1499538923367,-1681.4682322297508,-6166.9177697158,0.0855703406004977
FMNO_red_453_cutoff_7.5.inp.out,1356.0175696930849,-0.0619,0.2897,34.169,54.0,-1302.024888723,-726.5448398677305,-1036.3530261855103,-6241.9629760406,0.0862409151004612
FMNO_red_454_cutoff_7.5.inp.out,1365.3190463754552,-0.0548,0.293,25.8185,52.0,-1302.7888049035,-515.6516445012265,501.6402846785642,-6091.6787620063,0.075790887200128
FMNO_red_455_cutoff_7.5.inp.out,1365.499201630866,-0.0663,0.295,30.2223,48.0,-1304.329228085,-1262.8796510000034,-3809.385995999986,-5791.0700061168,0.0878236782991734
FMNO_red_456_cutoff_7.5.inp.out,1367.277656313181,-0.0681,0.2829,25.2511,47.0,-1304.5061877415,-1450.2845110000044,-1625.8586562300036,-5715.6249885007,0.0855547361998105
FMNO_red_457_cutoff_7.5.inp.out,1368.0021188827372,-0.0887,0.2718,26.7635,48.0,-1304.1780465439,479.43641252525816,-573.1580674815664,-5790.916894101,0.1045030195991785
FMNO_red_458_cutoff_7.5.inp.out,1362.6983182906129,-0.0498,0.3081,15.8527,46.0,-1305.2508253463,-2500.0304068000223,-2827.1887881999987,-5640.8913654663,0.0695348905001083
FMNO_red_459_cutoff_7.5.inp.out,1365.2934278860712,-0.0579,0.2935,23.2385,49.0,-1303.7346512436,-77.18962337893758,-1361.557686989931,-5865.9623085686,0.0831848716006788
FMNO_red_45_cutoff_7.5.inp.out,1361.263521920579,-0.0629,0.2803,9.6268,49.0,-1303.7058909856,370.8214043999995,2055.6525923299714,-5865.9831460583,0.0867970479002906
FMNO_red_460_cutoff_7.5.inp.out,1366.7580365837828,-0.0738,0.28,19.3341,51.0,-1303.403343208,-280.46695441757674,259.8572557964713,-6016.725971052,0.0910688789999767
FMNO_red_461_cutoff_7.5.inp.out,1371.5012651235709,-0.0753,0.2891,16.6133,51.0,-1303.2804863291,-1498.7915648097592,-2433.2016375545436,-6016.5753798209,0.0847551403003308
FMNO_red_462_cutoff_7.5.inp.out,1368.722170554035,-0.0777,0.2825,27.3601,50.0,-1303.6709864588,-1630.8707431276243,-2108.565204362701,-5941.4859257481,0.0922607577995222
FMNO_red_463_cutoff_7.5.inp.out,1363.8849856368438,-0.0688,0.2876,29.3782,52.0,-1302.6497038874,-760.4091436967068,-1968.1213576576024,-6091.4849715665,0.0902057544999479
FMNO_red_464_cutoff_7.5.inp.out,1366.6617102187176,-0.0843,0.2863,35.7549,53.0,-1302.3598721799,-810.5774772251438,-2527.5613654613157,-6166.6898525756,0.1033617148996199
FMNO_red_465_cutoff_7.5.inp.out,1371.57718755197,-0.0711,0.2876,33.7542,47.0,-1304.1589347127,-1091.9108129172423,-4143.135192613805,-5715.4452966165,0.0881563693001226
FMNO_red_466_cutoff_7.5.inp.out,1363.1628399443089,-0.0832,0.2914,44.0306,48.0,-1304.081543126,-846.2822626414124,-1317.449284447967,-5790.8092212893,0.0900120917003732
FMNO_red_467_cutoff_7.5.inp.out,1367.51100985191,-0.0795,0.2684,40.7239,46.0,-1304.9786945345,-2136.350480999988,-4346.877415839994,-5640.6188414782,0.0892387653002515
FMNO_red_468_cutoff_7.5.inp.out,1366.8035174708266,-0.0846,0.2746,40.5673,50.0,-1302.9692255591,-1201.2894251163384,-2091.918657024323,-5940.7992618506,0.0953074641001876
FMNO_red_469_cutoff_7.5.inp.out,1359.0238251833637,-0.0868,0.251,38.3497,51.0,-1302.5845122887,-490.47059358380506,-777.8761472245593,-6015.8531851526,0.1063457655000092
FMNO_red_46_cutoff_7.5.inp.out,1360.690094909609,-0.1047,0.2681,20.4493,51.0,-1303.0125984918,1822.8300856504911,2934.1237644580083,-6016.3756485003,0.1142983311001444
FMNO_red_470_cutoff_7.5.inp.out,1368.411484823766,-0.108,0.2438,29.1058,54.0,-1301.6645207883,161.23707079999906,167.3480695430008,-6241.6145505929,0.1178472758001589
FMNO_red_471_cutoff_7.5.inp.out,1362.5917249844647,-0.1332,0.2454,24.5492,49.0,-1303.1975514096,21.79295241400819,-492.7417483245345,-5865.4594996119,0.1291378859004908
FMNO_red_472_cutoff_7.5.inp.out,1355.0631490017356,-0.0668,0.2547,24.6678,51.0,-1302.6765137228,-87.00314698602108,-1813.114816511721,-6015.8855537485,0.0966953501001626
FMNO_red_473_cutoff_7.5.inp.out,1362.4353686674378,-0.0931,0.2786,28.0356,54.0,-1301.648253502,-1630.482632028219,-2166.2096048121434,-6241.4439722409,0.0986952621997261
FMNO_red_474_cutoff_7.5.inp.out,1363.230264664561,-0.0956,0.2686,19.7899,54.0,-1301.75582488,-2165.144351702641,-2438.973910542433,-6241.5493982869,0.1043090099001347
FMNO_red_475_cutoff_7.5.inp.out,1362.6227784680286,-0.0627,0.2866,19.3518,52.0,-1302.4091473439,-1753.511843510111,-1161.166017694863,-6091.2337938726,0.0803357019003669
FMNO_red_476_cutoff_7.5.inp.out,1363.2584359583032,-0.0942,0.2815,25.1965,49.0,-1303.2585110477,-1889.353083698605,-3041.2163499205303,-5865.4404645561,0.0983114029004355
FMNO_red_477_cutoff_7.5.inp.out,1351.3314037752114,-0.0882,0.2744,20.3239,51.0,-1302.937132656,9.851900048090233,19.37454102543962,-6016.2008775208,0.1023658112999328
FMNO_red_478_cutoff_7.5.inp.out,1360.573349981811,-0.0754,0.2875,23.2149,48.0,-1303.5496756425,41.16497473944239,-1302.1519690712837,-5790.2032878534,0.100691291700059
FMNO_red_479_cutoff_7.5.inp.out,1363.6173737279885,-0.1277,0.255,23.3138,48.0,-1303.7120368589,2719.3314806657886,4843.238519256681,-5790.3847214135,0.135011221899731
FMNO_red_47_cutoff_7.5.inp.out,1364.8507720421348,-0.0785,0.2855,17.4309,51.0,-1302.8395657525,523.8656735922979,2466.433490378268,-6016.2405203377,0.0931900618006693
FMNO_red_480_cutoff_7.5.inp.out,1364.2012374095182,-0.0604,0.2764,27.4157,48.0,-1304.0980756493,1093.0126886282112,2716.476487905004,-5790.7316393694,0.0950279320995832
FMNO_red_481_cutoff_7.5.inp.out,1369.9607007419077,-0.1044,0.2754,23.9135,47.0,-1304.4554456127,194.0744719117931,1790.4375051448133,-5715.5624428513,0.1094726183000602
FMNO_red_482_cutoff_7.5.inp.out,1367.633531097365,-0.0625,0.2808,18.5156,49.0,-1303.4152247714,173.90706065342533,1839.615930644491,-5865.5860651195,0.0831556372004342
FMNO_red_483_cutoff_7.5.inp.out,1368.6606457688097,-0.0867,0.2895,23.5717,47.0,-1304.3817068422,-540.2046683631436,-242.26306777860233,-5715.5434300957,0.0929027532001782
FMNO_red_484_cutoff_7.5.inp.out,1363.5052120080202,-0.0681,0.2604,20.9815,46.0,-1304.4596445087,-182.9656111346285,177.07036739569733,-5639.9879143529,0.091231460200106
FMNO_red_485_cutoff_7.5.inp.out,1364.34283269624,-0.0605,0.2864,25.78,47.0,-1304.5015892478,-1622.5085014898675,-2203.3007296970777,-5715.6437940212,0.0750782223994974
FMNO_red_486_cutoff_7.5.inp.out,1358.9098881851255,-0.0658,0.2969,22.8023,46.0,-1304.3891535183,-996.3610773600792,1311.8492488479092,-5639.993119405,0.0805700103001072
FMNO_red_48_cutoff_7.5.inp.out,1367.7523365200018,-0.0749,0.3115,21.4638,50.0,-1303.3559520624,-123.29659040632626,2327.147805445076,-5941.0995305125,0.080585363099999
FMNO_red_49_cutoff_7.5.inp.out,1371.9716349024836,-0.0604,0.3094,21.4382,45.0,-1304.8667966919,1561.5948095932467,2623.03128972865,-5564.9746076752,0.0825169057998209
FMNO_red_4_cutoff_7.5.inp.out,1361.293630439535,-0.0478,0.3127,18.8665,48.0,-1304.0557334223,-535.3327519969301,93.92659971935458,-5790.9020870926,0.0716984383998351
FMNO_red_50_cutoff_7.5.inp.out,1372.9416422461052,-0.0874,0.2706,11.9265,48.0,-1304.2895509774,446.482735544188,-159.531268592368,-5791.1714037996,0.1021081394001157
FMNO_red_51_cutoff_7.5.inp.out,1369.232662797395,-0.0743,0.2824,24.034,48.0,-1304.119275807,-785.1837101909267,-762.3169708162106,-5790.9743721736,0.0880912309994528
FMNO_red_52_cutoff_7.5.inp.out,1361.5874184876966,-0.0986,0.2661,22.1865,49.0,-1303.829724474,1764.1965907016497,1191.0918805069298,-5866.251437835,0.1131770766996851
FMNO_red_53_cutoff_7.5.inp.out,1363.500400924763,-0.0939,0.2703,30.3086,48.0,-1304.4255142493,481.0542932165079,1119.848295550545,-5791.308151528,0.1083686965994275
FMNO_red_54_cutoff_7.5.inp.out,1365.6230911794382,-0.0833,0.2929,32.6527,50.0,-1303.4517066136,668.8574160596384,1318.0470710906195,-5941.3200013556,0.0998212990998581
FMNO_red_55_cutoff_7.5.inp.out,1369.0897390807954,-0.1068,0.2861,35.7672,50.0,-1303.1045465165,-499.33176024079114,-521.2922633721009,-5941.0509337131,0.1110050963998219
FMNO_red_56_cutoff_7.5.inp.out,1363.5502426586545,-0.0967,0.2614,29.8491,52.0,-1302.3556185685,1046.8321353600757,195.90346140614128,-6091.3304231513,0.1078587037000033
FMNO_red_57_cutoff_7.5.inp.out,1364.7072120982466,-0.0924,0.2759,24.7112,51.0,-1302.7973399367,274.75930255902733,1680.7852033835222,-6016.2014619702,0.1050179912999738
FMNO_red_58_cutoff_7.5.inp.out,1362.184051972668,-0.0852,0.2706,36.6315,56.0,-1301.0695760475,193.5110604398607,-1180.3577356818053,-6392.1700757688,0.1033289123997747
FMNO_red_59_cutoff_7.5.inp.out,1364.847528676848,-0.0779,0.2808,33.4137,51.0,-1302.5094670665,643.4209187000025,868.3486159999862,-6015.9760968403,0.0985761219008054
FMNO_red_5_cutoff_7.5.inp.out,1366.0926720284094,-0.0931,0.2933,16.7003,50.0,-1303.433737428,1834.595868084397,2846.9669576225506,-5941.3663203907,0.1035928886003603
FMNO_red_60_cutoff_7.5.inp.out,1363.6118777771817,-0.0867,0.2783,32.5918,50.0,-1302.6673811769,-884.7862451000024,-1556.5369998000176,-5940.5072314076,0.0978402529999584
FMNO_red_61_cutoff_7.5.inp.out,1353.1964954520363,-0.0832,0.2576,32.4434,50.0,-1302.6979091793,-657.6349774495668,-831.2757705836108,-5940.588576499,0.0964949497001725
FMNO_red_62_cutoff_7.5.inp.out,1360.2188299847417,-0.0963,0.2679,28.8331,46.0,-1304.1165761539,596.3760655454855,10.068196733565392,-5639.8642186956,0.1145899736993669
FMNO_red_63_cutoff_7.5.inp.out,1368.9077084768005,-0.0953,0.2542,30.5092,50.0,-1302.7717288302,-408.0633997398727,-1738.3803123509228,-5940.6271921534,0.1095029494999835
FMNO_red_64_cutoff_7.5.inp.out,1360.83764974034,-0.0699,0.2726,29.7876,51.0,-1302.2731752026,11.374978624293265,773.9706987569691,-6015.6661137955,0.0938244580001992
FMNO_red_65_cutoff_7.5.inp.out,1370.9679455343737,-0.0919,0.2986,32.0074,50.0,-1302.9426902632,-1015.9455104543288,-1080.868348085244,-5940.8186043529,0.0982308687998738
FMNO_red_66_cutoff_7.5.inp.out,1360.8067429693544,-0.095,0.272,31.2863,51.0,-1302.6625496324,246.43642710969192,365.8712309142116,-6016.0126380516,0.1114615719998255
FMNO_red_67_cutoff_7.5.inp.out,1359.5629722782248,-0.0823,0.2469,23.5832,51.0,-1302.5990950214,-755.1052208670329,-1894.681433443943,-6015.9309204963,0.0964859532004993
FMNO_red_68_cutoff_7.5.inp.out,1360.4435432202204,-0.1111,0.2599,21.3491,49.0,-1303.1335286401,354.08965796578474,545.826465994482,-5865.4347365947,0.1195250593000309
FMNO_red_69_cutoff_7.5.inp.out,1360.624686312334,-0.0746,0.2661,29.2055,50.0,-1302.9474343026,-441.4904429791195,-953.1009660981256,-5940.7336833259,0.0926648693994138
FMNO_red_6_cutoff_7.5.inp.out,1366.3109775058713,-0.0563,0.288,17.0431,53.0,-1302.2300499776,-302.10060689274013,1656.7413274081764,-6166.6918612668,0.0818354274997545
FMNO_red_70_cutoff_7.5.inp.out,1365.4573435715836,-0.0755,0.2814,16.4096,50.0,-1302.8542932901,970.280920034279,1548.8308728320524,-5940.7371440979,0.096149557800345
FMNO_red_71_cutoff_7.5.inp.out,1364.3399038894916,-0.1132,0.2671,30.2727,46.0,-1304.416801663,689.1960296048593,194.79476706781696,-5640.1437209358,0.1217481603998749
FMNO_red_72_cutoff_7.5.inp.out,1358.9983858228074,-0.0902,0.2591,34.3272,44.0,-1305.1630555038,1756.663766886819,714.4357106157192,-5489.7952024236,0.1073216485001467
FMNO_red_73_cutoff_7.5.inp.out,1362.822127121674,-0.0965,0.2411,33.3128,46.0,-1304.2987399365,2084.62778047775,1444.6811897016455,-5640.0422373661,0.1209927607005738
FMNO_red_74_cutoff_7.5.inp.out,1367.9403854865184,-0.1144,0.2618,34.7685,49.0,-1303.2045457946,2261.835167474133,2562.3493062819994,-5865.5407894958,0.1295133640996937
FMNO_red_75_cutoff_7.5.inp.out,1368.7855438243569,-0.0834,0.2806,26.4312,49.0,-1303.3686804818,-399.8967554119156,-934.700939968348,-5865.6573309278,0.1035657690999869
FMNO_red_76_cutoff_7.5.inp.out,1367.2912632655086,-0.0844,0.2919,17.8618,47.0,-1303.8800643036,719.1477706607315,2031.158400977318,-5715.1371339373,0.0941714286000205
FMNO_red_77_cutoff_7.5.inp.out,1356.4559686562798,-0.0656,0.2939,30.8495,49.0,-1303.5218693624,511.4211783571061,3660.857957569572,-5865.7618805856,0.0889093040996158
FMNO_red_78_cutoff_7.5.inp.out,1372.1675930200377,-0.0757,0.2718,22.7152,49.0,-1303.1547107547,2694.732949455122,6358.33769064998,-5865.4538428418,0.0943210814002668
FMNO_red_79_cutoff_7.5.inp.out,1369.4385396346393,-0.0721,0.296,23.1018,48.0,-1303.674714868,381.68222078183527,3477.936084432598,-5790.4221358274,0.0933150085993475
FMNO_red_7_cutoff_7.5.inp.out,1367.3146955227733,-0.0821,0.2887,27.7822,53.0,-1302.0727202036,1613.6220324860576,896.841840318279,-6166.6076509239,0.0990801728994483
FMNO_red_80_cutoff_7.5.inp.out,1364.927365412081,-0.0852,0.2925,27.7055,48.0,-1303.3378648702,1158.0334357092147,1722.8101282446876,-5790.0591390966,0.1024844951998602
FMNO_red_81_cutoff_7.5.inp.out,1363.2271341665082,-0.0587,0.2914,31.9923,51.0,-1302.6343131978,-2083.2513767353853,-3065.0642690652344,-6015.9624070506,0.0836436659992614
FMNO_red_82_cutoff_7.5.inp.out,1350.4371823653676,-0.0819,0.2904,20.7781,48.0,-1303.3865350248,91.62781567209198,1792.6826846355102,-5790.1860544025,0.0961896382004852
FMNO_red_83_cutoff_7.5.inp.out,1356.6091554628354,-0.1017,0.2453,20.3741,43.0,-1305.2799264865,699.8217755283713,906.808720565674,-5414.3301856125,0.1130385713995565
FMNO_red_84_cutoff_7.5.inp.out,1348.245355200938,-0.0829,0.2525,18.2419,48.0,-1303.8600098243,1195.324118349516,2542.1164193643463,-5790.649999835,0.102769934900607
FMNO_red_85_cutoff_7.5.inp.out,1358.5079962806844,-0.0827,0.263,7.6292,46.0,-1303.9120873678,493.9427340000037,1335.6093795999948,-5639.6450866165,0.105361858300057
FMNO_red_86_cutoff_7.5.inp.out,1362.2050716200013,-0.0877,0.2647,10.8875,47.0,-1303.6791792859,766.2895364760169,-105.70551541060792,-5714.9314647607,0.1054837083993334
FMNO_red_87_cutoff_7.5.inp.out,1365.867136962498,-0.0729,0.3038,4.7952,49.0,-1302.8446323476,-583.4946862106883,-1374.7142978447373,-5865.1480975996,0.0868626401997971
FMNO_red_88_cutoff_7.5.inp.out,1362.2520226042425,-0.0721,0.2904,10.848,46.0,-1303.9905145363,-1240.7740484469412,-2590.0458398979977,-5639.6170148954,0.0848095820001617
FMNO_red_89_cutoff_7.5.inp.out,1358.643882294978,-0.0787,0.2874,7.2952,43.0,-1305.0769961837,-988.0447672330288,-1724.457291381686,-5414.1873200923,0.0915417059995888
FMNO_red_8_cutoff_7.5.inp.out,1371.0529069532513,-0.0596,0.2944,31.4476,53.0,-1302.0428865684,-1086.4399438755258,-356.30581791021194,-6166.5202174596,0.076901461300622
FMNO_red_90_cutoff_7.5.inp.out,1366.5950851226407,-0.0779,0.2948,12.4668,43.0,-1305.0965099737,833.6984287929456,1160.8141502748158,-5414.2194155316,0.0920744243003355
FMNO_red_91_cutoff_7.5.inp.out,1365.193154499833,-0.1043,0.2756,15.8622,44.0,-1305.020044014,374.8410321197211,-872.9221136584795,-5489.6620283679,0.1189046358003906
FMNO_red_92_cutoff_7.5.inp.out,1366.8246838642174,-0.0646,0.2905,13.3792,43.0,-1305.5084270832,-707.9185493178443,-3089.651178648072,-5414.5702648469,0.0837330228996506
FMNO_red_93_cutoff_7.5.inp.out,1367.638951843296,-0.0832,0.3046,9.6546,45.0,-1304.8126993537,-1627.7276837260451,-1970.8060258040612,-5564.9629111544,0.0889656769004432
FMNO_red_94_cutoff_7.5.inp.out,1365.7391281586015,-0.0799,0.2872,11.5718,46.0,-1304.6099613438,-492.743892999994,-2767.362403999987,-5640.3517567016,0.0916845290003038
FMNO_red_95_cutoff_7.5.inp.out,1357.784608698783,-0.0717,0.2979,13.2068,44.0,-1304.8351740506,-198.03125413669844,-1601.5852838230255,-5489.4858075564,0.0892235298997548
FMNO_red_96_cutoff_7.5.inp.out,1365.0970555301656,-0.0758,0.3027,15.039,44.0,-1304.9391648581,1.8836206982080757,555.6452391085579,-5489.6218527164,0.0883351753991519
FMNO_red_97_cutoff_7.5.inp.out,1368.355370534752,-0.0939,0.2806,15.3881,47.0,-1303.8757309368,-37.156641215864,-2509.5011914313145,-5715.1480043771,0.1062037269994107
FMNO_red_98_cutoff_7.5.inp.out,1368.755135847679,-0.082,0.2688,12.5085,44.0,-1304.7295481525,-1264.9981080006296,-3230.661271935577,-5489.3522130654,0.0915246335998745
FMNO_red_99_cutoff_7.5.inp.out,1365.901153792009,-0.0675,0.3065,22.2819,47.0,-1303.6182592004,-3036.7553039726413,-5132.457531747992,-5714.8932704834,0.0795685019002121
FMNO_red_9_cutoff_7.5.inp.out,1368.981912444772,-0.0784,0.2827,35.8377,50.0,-1303.2371580638,590.6451634073168,1832.9937047052576,-5941.1563917059,0.093669618300737
