file_name,NRE,HOMO,LUMO,Dipole_mom,Num_waters,chg_chg,elec5,elec10,delE_hf,delE_dft
FMNO_red_0_cutoff_0.0.inp.out,1372.8210469983478,-0.1285,0.1489,20.5863,0.0,-1320.9418537372,544.5972560967103,-11.161370952359611,-2187.9557024071,0.09424442239969721
FMNO_red_100_cutoff_0.0.inp.out,1372.9205702060447,-0.1276,0.1496,20.5417,0.0,-1320.9366114695,507.01581544799035,-105.97806695484448,-2187.9516819019,0.09339247990010335
FMNO_red_101_cutoff_0.0.inp.out,1370.0948664462128,-0.1189,0.1725,21.8561,0.0,-1320.8048066025,-533.5160658155289,-840.7327581319176,-2187.7819025227,0.08265321350017985
FMNO_red_102_cutoff_0.0.inp.out,1363.2845823323455,-0.1403,0.1307,20.9814,0.0,-1320.9296423551,1484.7273850711301,3109.9491789476956,-2187.9466560278,0.1062080604001494
FMNO_red_103_cutoff_0.0.inp.out,1363.554179849745,-0.1345,0.1527,21.5537,0.0,-1320.7866035318,565.623768345276,-16.201458002850714,-2187.7773574099,0.0977972939999745
FMNO_red_104_cutoff_0.0.inp.out,1369.5822254367947,-0.1433,0.1461,22.9325,0.0,-1321.0763281503,1413.9384030711483,2949.2252005385994,-2188.0917966477,0.10379864099968472
FMNO_red_105_cutoff_0.0.inp.out,1370.782939357708,-0.1351,0.1759,22.0034,0.0,-1320.2695548896,-1360.0872208690091,-423.01033445897855,-2187.2769562777,0.09666552560020136
FMNO_red_106_cutoff_0.0.inp.out,1372.5357019466765,-0.1274,0.1509,22.0664,0.0,-1320.8257161381,-889.382113381222,472.75476415429284,-2187.8417914014,0.09624672370000553
FMNO_red_107_cutoff_0.0.inp.out,1374.963301369993,-0.1311,0.1749,23.6320,0.0,-1320.4684815445,-1186.407135499995,-441.8442712000012,-2187.4977049866,0.09406103799983612
FMNO_red_108_cutoff_0.0.inp.out,1363.9438784867,-0.1249,0.1646,22.2648,0.0,-1320.5464909920,-150.017333017183,308.3117858114774,-2187.5260632097,0.08831584969993855
FMNO_red_109_cutoff_0.0.inp.out,1361.6254985353842,-0.1064,0.1636,22.3467,0.0,-1320.8540427677,-835.9346787,-1510.4757766899947,-2187.8433770106,0.07408802469990405
FMNO_red_10_cutoff_0.0.inp.out,1369.074897073785,-0.1186,0.1572,21.6104,0.0,-1320.7617537773,-29.39466983572575,2357.4865098792475,-2187.7561143025,0.08224846370012528
FMNO_red_110_cutoff_0.0.inp.out,1368.1295488539938,-0.1147,0.1538,21.5392,0.0,-1320.7308636913,-1051.3025121014575,-1172.9174263162558,-2187.7252647081,0.08150159929982692
FMNO_red_111_cutoff_0.0.inp.out,1359.4142129299198,-0.1023,0.1729,21.9568,0.0,-1320.9188518856,-1649.8808030999958,-1685.0357340000014,-2187.8627754231,0.06855776509974021
FMNO_red_112_cutoff_0.0.inp.out,1367.8010002775948,-0.1385,0.1594,22.3015,0.0,-1320.5741893952,-387.9162342478047,-1086.359899810524,-2187.5742035646,0.1003791498001192
FMNO_red_113_cutoff_0.0.inp.out,1364.792032901073,-0.1428,0.1535,22.9316,0.0,-1320.5560290652,604.9336486000013,-605.4219605800064,-2187.5743659446,0.10827271990001464
FMNO_red_114_cutoff_0.0.inp.out,1361.0437728038453,-0.1208,0.1698,22.1195,0.0,-1320.1752644407,-1784.1089677749278,-3467.7684776491733,-2187.1540304298,0.08388010310000027
FMNO_red_115_cutoff_0.0.inp.out,1362.7018402097176,-0.1196,0.1489,22.9438,0.0,-1320.4270946779,-37.05619968745235,-997.3197133565908,-2187.3958620906,0.08660530930001187
FMNO_red_116_cutoff_0.0.inp.out,1359.1005436171754,-0.1014,0.1758,23.1372,0.0,-1320.5093748990,-2780.328744668476,-3801.531035705158,-2187.4963968345,0.06485321490026763
FMNO_red_117_cutoff_0.0.inp.out,1368.7442250605284,-0.1322,0.1630,23.3577,0.0,-1320.4793832551,134.56985385975435,-245.9806726376714,-2187.4922471804,0.09486317829987456
FMNO_red_118_cutoff_0.0.inp.out,1376.7904155164877,-0.1202,0.1470,21.8628,0.0,-1320.2707638794,-129.05277955265072,-1790.9335245317338,-2187.2646869744,0.08990444080018278
FMNO_red_119_cutoff_0.0.inp.out,1361.7494356231687,-0.1205,0.1584,23.5056,0.0,-1320.2528060327,-1174.2038435876173,-947.9613304735452,-2187.2592065206,0.08538320560001011
FMNO_red_11_cutoff_0.0.inp.out,1366.7077213422979,-0.1057,0.1576,20.5661,0.0,-1320.4054291961,-202.20800060779823,383.4469477465643,-2187.377160216,0.07302728919967194
FMNO_red_120_cutoff_0.0.inp.out,1369.6066671493095,-0.1031,0.1569,21.1555,0.0,-1320.4687372734,20.713038499999456,-1095.4776089999955,-2187.451417156,0.07166240669994295
FMNO_red_121_cutoff_0.0.inp.out,1354.2359181488544,-0.1269,0.1628,21.7285,0.0,-1320.3804342457,1194.2373240000038,1331.41418420001,-2187.3666926401,0.0913792074002231
FMNO_red_122_cutoff_0.0.inp.out,1359.287057303805,-0.1366,0.1538,22.2899,0.0,-1320.4510458194,-952.1595696586163,-3464.055928652451,-2187.4164274863,0.09587740119968657
FMNO_red_123_cutoff_0.0.inp.out,1364.9797422495506,-0.1046,0.1672,20.1143,0.0,-1320.4897557703,178.2510357508581,701.1708247893232,-2187.4353717109,0.07056084870009727
FMNO_red_124_cutoff_0.0.inp.out,1364.5246910530743,-0.1023,0.1427,19.6394,0.0,-1320.4550212559,-989.4572567980026,-2202.1749749000055,-2187.3929405221,0.0710924722998243
FMNO_red_125_cutoff_0.0.inp.out,1364.5346602526665,-0.1279,0.1397,19.6300,0.0,-1320.3585667860,119.49623249611327,-966.6718162708522,-2187.3214973139,0.09023230299999341
FMNO_red_126_cutoff_0.0.inp.out,1358.1441790718386,-0.1019,0.1652,19.3236,0.0,-1320.5019629025,-409.59055919014975,-2212.5115949093884,-2187.4416502028,0.0708117525000489
FMNO_red_127_cutoff_0.0.inp.out,1368.5153299859849,-0.1004,0.1669,22.0729,0.0,-1320.3234819882,-2104.850736648626,-2677.860566557891,-2187.2842481843,0.06737510580023809
FMNO_red_128_cutoff_0.0.inp.out,1361.283096380643,-0.1276,0.1702,23.2481,0.0,-1320.6001749308,-1708.186307811981,-3943.2493727466804,-2187.5902070407,0.09164389100033077
FMNO_red_129_cutoff_0.0.inp.out,1370.1637811615299,-0.0983,0.1682,22.0805,0.0,-1320.3966651725,-1915.0935280916115,-3499.6594636559576,-2187.3506661234,0.06452823750032621
FMNO_red_12_cutoff_0.0.inp.out,1373.2040606470066,-0.1149,0.1485,22.7736,0.0,-1320.7572299627,703.446455000002,1578.0632085099949,-2187.7193480316,0.0798016655999163
FMNO_red_130_cutoff_0.0.inp.out,1372.769830488573,-0.1218,0.1606,21.2996,0.0,-1320.7654928950,-491.9246454873238,-2593.528921047482,-2187.765640193,0.08784040050022668
FMNO_red_131_cutoff_0.0.inp.out,1369.5726734475734,-0.1287,0.1617,22.1782,0.0,-1320.6901040931,-622.7396272132801,-2645.6128875148497,-2187.6725247978,0.09463882379986899
FMNO_red_132_cutoff_0.0.inp.out,1370.8372385115917,-0.1012,0.1705,22.3464,0.0,-1320.8789367446,-1737.1683663297924,-3151.6065619005176,-2187.8450455517,0.06612354020035127
FMNO_red_133_cutoff_0.0.inp.out,1364.5462991065558,-0.1330,0.1558,22.5245,0.0,-1320.5874857918,-188.73931847788165,-3023.9259955399066,-2187.5663624782,0.0930462154997258
FMNO_red_134_cutoff_0.0.inp.out,1367.632488658263,-0.1044,0.1788,22.0615,0.0,-1320.7383153162,-1244.522163079999,-717.5300672999978,-2187.7029470816,0.0663702557999386
FMNO_red_135_cutoff_0.0.inp.out,1367.3342299648668,-0.1047,0.1600,20.6251,0.0,-1320.6219431007,-307.50114043000127,-658.9776190000005,-2187.5904630028,0.072271152200301
FMNO_red_136_cutoff_0.0.inp.out,1368.1958217665763,-0.1174,0.1533,24.4553,0.0,-1320.5357332081,-529.1645399688028,-1761.6521062887361,-2187.5214363076,0.07987795829967581
FMNO_red_137_cutoff_0.0.inp.out,1366.552306307315,-0.0890,0.1814,20.8785,0.0,-1320.5203603622,-1014.1696312000021,23.774707240000197,-2187.4520885803,0.05804998249959681
FMNO_red_138_cutoff_0.0.inp.out,1363.9959507392016,-0.1087,0.1461,20.4409,0.0,-1320.9854455267,860.3308669999988,2261.4459912000016,-2187.950171116,0.0772870289997627
FMNO_red_139_cutoff_0.0.inp.out,1363.1305181558184,-0.1151,0.1412,21.3708,0.0,-1320.8332343089,959.5744964735381,1553.677258205707,-2187.800976845,0.07839932239994596
FMNO_red_13_cutoff_0.0.inp.out,1367.4365833300499,-0.1031,0.1691,20.9100,0.0,-1320.6942044942,-646.6030485963047,435.713486086076,-2187.6393652332,0.06942572119987744
FMNO_red_140_cutoff_0.0.inp.out,1362.41305990636,-0.1255,0.1304,20.4742,0.0,-1320.7372865779,1488.9971852999963,-12.974070000000257,-2187.7263239491,0.0930785929999729
FMNO_red_141_cutoff_0.0.inp.out,1363.5081917682417,-0.1118,0.1649,22.7643,0.0,-1320.6078344895,-0.7993442973643792,303.06388215068114,-2187.6002487753,0.07688713419975102
FMNO_red_142_cutoff_0.0.inp.out,1358.2846639917102,-0.1059,0.1602,20.4063,0.0,-1320.6301415182,324.9418001716755,-310.0779970232185,-2187.5926877314,0.07493656509996072
FMNO_red_143_cutoff_0.0.inp.out,1372.4946230910102,-0.0968,0.1748,21.7960,0.0,-1320.6900063578,-1104.940760058136,-1666.6082921900438,-2187.640357693,0.060891561699918384
FMNO_red_144_cutoff_0.0.inp.out,1371.4677947580985,-0.1028,0.1554,19.0123,0.0,-1320.6320028138,815.905016094167,2062.1699878379472,-2187.5822304275,0.06952148370010036
FMNO_red_145_cutoff_0.0.inp.out,1363.3138720212135,-0.1143,0.1490,21.1285,0.0,-1320.4342175287,1778.2998663931605,3022.3368153242727,-2187.4205024827,0.08277608649996182
FMNO_red_146_cutoff_0.0.inp.out,1371.7811184186671,-0.0980,0.1680,21.2862,0.0,-1320.4326035993,-558.6462149456572,-1106.870998569891,-2187.3962706947,0.06341871990025538
FMNO_red_147_cutoff_0.0.inp.out,1370.4368299489129,-0.0836,0.1526,19.7662,0.0,-1320.3400286227,-1561.5580782775967,-3246.6619317631207,-2187.2739592364,0.0507733517001725
FMNO_red_148_cutoff_0.0.inp.out,1371.1690286997841,-0.1098,0.1652,21.7430,0.0,-1320.2964167608,486.59770259721535,841.5121134112702,-2187.2744576774,0.07139946410006814
FMNO_red_149_cutoff_0.0.inp.out,1366.6798056403727,-0.1163,0.1499,23.2961,0.0,-1320.5114698052,1495.0703189346543,2205.8612689137126,-2187.5190075793,0.08408221709987629
FMNO_red_14_cutoff_0.0.inp.out,1367.9804517276727,-0.1132,0.1570,22.3880,0.0,-1320.8276755406,339.21774621740565,2859.969345366492,-2187.8031467297,0.0793437626002742
FMNO_red_150_cutoff_0.0.inp.out,1372.920567100478,-0.1276,0.1496,20.5412,0.0,-1320.9368052812,506.99874770074473,-106.02101013888422,-2187.9518641514,0.09337915130026886
FMNO_red_151_cutoff_0.0.inp.out,1370.6504387565838,-0.1184,0.1713,21.7826,0.0,-1320.7828765188,-473.95473080756705,-832.5613412193492,-2187.7611094265,0.08234486940000352
FMNO_red_152_cutoff_0.0.inp.out,1363.198662082259,-0.1437,0.1168,21.3365,0.0,-1320.6742934260,1367.5181929581488,3721.6992546866068,-2187.7045575265,0.10992085140014751
FMNO_red_153_cutoff_0.0.inp.out,1371.9682448365545,-0.1165,0.1451,20.5505,0.0,-1320.5026856499,-508.9895406267983,-1332.1751426625865,-2187.479325597,0.08411932359967977
FMNO_red_154_cutoff_0.0.inp.out,1369.332338865929,-0.1195,0.1777,22.6547,0.0,-1320.4622104499,-1608.0363484620473,-2163.482928954916,-2187.4356292031,0.07942075719984132
FMNO_red_155_cutoff_0.0.inp.out,1364.511128060567,-0.1615,0.1429,22.6373,0.0,-1320.2301497390,603.3390580000015,-1006.1575752000034,-2187.2502467369,0.1218209426001522
FMNO_red_156_cutoff_0.0.inp.out,1368.583444059043,-0.1364,0.1369,23.4958,0.0,-1320.9145063862,1205.5426501414443,741.4821812814444,-2187.9096343374,0.10387587100012752
FMNO_red_157_cutoff_0.0.inp.out,1363.2554044577096,-0.1420,0.1505,23.1233,0.0,-1320.6436875227,680.5427179999988,-81.40448609999989,-2187.6647638031,0.10614217009970162
FMNO_red_158_cutoff_0.0.inp.out,1377.7829855684995,-0.1343,0.1505,22.7555,0.0,-1319.9832847002,1453.408257900003,1393.1173322999928,-2187.0002653434,0.10109375620004357
FMNO_red_159_cutoff_0.0.inp.out,1372.697161672734,-0.1266,0.1654,23.8406,0.0,-1320.4298508921,596.8596241397778,2612.41269648469,-2187.4722476935,0.08849176700005046
FMNO_red_15_cutoff_0.0.inp.out,1366.6620745757596,-0.1051,0.1616,21.7433,0.0,-1320.2797610169,-628.7779655999999,374.9653860500031,-2187.2341047378,0.06979311559962298
FMNO_red_160_cutoff_0.0.inp.out,1361.5557894198303,-0.1359,0.1575,25.2527,0.0,-1320.3454606227,1112.1892841169831,2340.854672281304,-2187.3693942719,0.09630032480026784
FMNO_red_161_cutoff_0.0.inp.out,1372.3446850565792,-0.0966,0.1761,24.0115,0.0,-1320.0775882388,-1215.0710020697884,-1325.245279693962,-2187.0574168044,0.06379087889990842
FMNO_red_162_cutoff_0.0.inp.out,1368.1043900241905,-0.1367,0.1530,23.2079,0.0,-1320.4784947376,-573.287766587195,-573.3096181090426,-2187.4712552468,0.09992828280019239
FMNO_red_163_cutoff_0.0.inp.out,1364.7859919826296,-0.1105,0.1375,21.5073,0.0,-1320.0149183674,1330.970188800005,2708.000593000008,-2186.9945231146,0.08072685909974098
FMNO_red_164_cutoff_0.0.inp.out,1371.8083410286736,-0.1182,0.1368,22.4573,0.0,-1320.2079484984,1146.2476169906438,2299.9489088885975,-2187.2034788205,0.08382652700038307
FMNO_red_165_cutoff_0.0.inp.out,1361.230594758823,-0.1256,0.1319,21.4734,0.0,-1320.1402624551,1578.691207507223,4356.939894455783,-2187.1509309754,0.09009611359988412
FMNO_red_166_cutoff_0.0.inp.out,1371.0742680088194,-0.1060,0.1090,20.7605,0.0,-1320.2316939499,2577.659347999999,5482.289784999971,-2187.1983774271,0.076727602399842
FMNO_red_167_cutoff_0.0.inp.out,1364.3025177591533,-0.1334,0.1432,22.7749,0.0,-1320.1925541665,2859.9087620000023,6074.214245510027,-2187.1896165454,0.09588874810015113
FMNO_red_168_cutoff_0.0.inp.out,1362.2107924921968,-0.1243,0.1575,23.4855,0.0,-1320.3695146273,2351.9819015443927,5608.031900041348,-2187.3886183115,0.09111562080033764
FMNO_red_169_cutoff_0.0.inp.out,1370.6108501028448,-0.1252,0.1492,22.0141,0.0,-1320.1799618121,1764.4938771806947,4291.724519631876,-2187.1818918323,0.08811261540040505
FMNO_red_16_cutoff_0.0.inp.out,1372.944478106123,-0.1182,0.1559,21.6026,0.0,-1320.6745469120,744.7473283023631,29.100742698398673,-2187.6605804453,0.08189872730008574
FMNO_red_170_cutoff_0.0.inp.out,1365.433715523956,-0.1135,0.1764,21.2271,0.0,-1320.3873277881,-147.60450560435754,1905.0574767655746,-2187.3381529101,0.07320507129998077
FMNO_red_171_cutoff_0.0.inp.out,1364.8005327980393,-0.1257,0.1731,22.0188,0.0,-1320.1883757231,-712.5322215315127,713.1139986132813,-2187.1721681444,0.08707515740024974
FMNO_red_172_cutoff_0.0.inp.out,1365.2432889821912,-0.0993,0.1631,21.2026,0.0,-1319.8866888571,-171.80703447279362,230.42777488199724,-2186.8707131973,0.06269148899991706
FMNO_red_173_cutoff_0.0.inp.out,1372.4364540095298,-0.1287,0.1607,23.2861,0.0,-1319.8866763996,-351.9847186149316,3092.4906502062713,-2186.8796516934,0.08906929260001561
FMNO_red_174_cutoff_0.0.inp.out,1366.735094170489,-0.1199,0.1575,23.5380,0.0,-1319.7618289010,1213.5331460656364,4187.075161920654,-2186.771090993,0.08550459409980249
FMNO_red_175_cutoff_0.0.inp.out,1368.031500787865,-0.1179,0.1444,21.9364,0.0,-1320.0522442595,1178.5464043501756,3651.080763282846,-2187.0315517273,0.08280382900011318
FMNO_red_176_cutoff_0.0.inp.out,1370.1904041628482,-0.1521,0.1389,21.8996,0.0,-1319.9970313263,1471.845288699998,2066.518654999995,-2187.0130028597,0.11459162649998689
FMNO_red_177_cutoff_0.0.inp.out,1369.8330862152932,-0.1309,0.1445,23.0199,0.0,-1320.2363199258,1839.8057280999997,3386.4828010000165,-2187.2222670319,0.09583435790000294
FMNO_red_178_cutoff_0.0.inp.out,1371.4059178527318,-0.1344,0.1678,22.4121,0.0,-1320.1984563794,449.89439310515496,1722.1431064551675,-2187.2255708827,0.09870499389990073
FMNO_red_179_cutoff_0.0.inp.out,1363.5466899803844,-0.1127,0.1698,22.1831,0.0,-1320.0268311596,631.171281400002,2573.4031538000077,-2187.0113939233,0.08220691640008226
FMNO_red_17_cutoff_0.0.inp.out,1371.4960244149422,-0.0979,0.1691,22.1875,0.0,-1320.5464196985,150.25523480000004,2635.8108329999777,-2187.5306154939,0.0663840212996547
FMNO_red_180_cutoff_0.0.inp.out,1369.7469637971528,-0.1076,0.1672,21.7781,0.0,-1320.0279165163,-231.6005416992263,2145.8442604935744,-2187.0252683567,0.07392062300004909
FMNO_red_181_cutoff_0.0.inp.out,1372.8900634073652,-0.1164,0.1643,22.3675,0.0,-1320.5538423407,-191.5598220000004,1575.9145197900066,-2187.5600937488,0.08195261330001813
FMNO_red_182_cutoff_0.0.inp.out,1366.260363875093,-0.1270,0.1632,21.5144,0.0,-1320.2242985020,388.65330104631073,1665.6664177319255,-2187.2248819792,0.08928114050013392
FMNO_red_183_cutoff_0.0.inp.out,1360.1764853187353,-0.1370,0.1479,21.8226,0.0,-1320.3413980582,219.82455590000097,465.4697313999987,-2187.3431583503,0.10004366840030343
FMNO_red_184_cutoff_0.0.inp.out,1368.4556954390507,-0.1472,0.1234,21.6026,0.0,-1320.1421884841,2353.505332492315,3160.8597160871013,-2187.1708572328,0.11195098849975693
FMNO_red_185_cutoff_0.0.inp.out,1372.2586795171685,-0.1193,0.1724,22.0089,0.0,-1320.0814313210,775.4119326907646,3439.436212058679,-2187.0755191453,0.08343793059975724
FMNO_red_186_cutoff_0.0.inp.out,1362.6937080574228,-0.1433,0.1362,23.7592,0.0,-1319.9707031441,3691.028704025006,6188.990515984308,-2186.9669562147,0.10952586680014065
FMNO_red_187_cutoff_0.0.inp.out,1357.1512767486827,-0.1443,0.1519,21.7899,0.0,-1320.0358387166,3105.6637298999885,5649.967096840006,-2187.0059220899,0.10693909990004613
FMNO_red_188_cutoff_0.0.inp.out,1356.391422183386,-0.1520,0.1555,23.7255,0.0,-1320.0966804255,2093.0125669999943,4430.392041200031,-2187.066201743,0.11153474260026996
FMNO_red_189_cutoff_0.0.inp.out,1365.2407538877246,-0.1358,0.1536,22.2248,0.0,-1320.2492938870,2281.2045358930877,4901.564875250518,-2187.2265294311,0.09720784699993601
FMNO_red_18_cutoff_0.0.inp.out,1362.5590521344861,-0.1337,0.1526,22.4623,0.0,-1321.0381603128,1585.3515227499336,2873.274308271435,-2188.0456583116,0.09723402930012526
FMNO_red_190_cutoff_0.0.inp.out,1364.9641788337744,-0.1384,0.1448,21.7273,0.0,-1320.1950666600,1980.9395018710834,5165.247670129687,-2187.2005975691,0.09944844450001256
FMNO_red_191_cutoff_0.0.inp.out,1360.0927341083507,-0.1237,0.1568,24.0847,0.0,-1320.4040297180,2665.0024830834554,5511.0906917224365,-2187.3927191439,0.09160386009989452
FMNO_red_192_cutoff_0.0.inp.out,1358.0936261183542,-0.1355,0.1637,24.5608,0.0,-1319.6968433632,2494.298351999998,6985.966841000043,-2186.6859357008,0.09957632159967034
FMNO_red_193_cutoff_0.0.inp.out,1356.9013616546454,-0.1062,0.1589,21.9120,0.0,-1320.4407636169,612.008337999998,3195.196250999994,-2187.4041596535,0.07416056130023208
FMNO_red_194_cutoff_0.0.inp.out,1363.3184313629972,-0.1437,0.1663,22.8557,0.0,-1320.3127559847,845.0668440659989,1418.7214208200135,-2187.3092556083,0.10281924330001857
FMNO_red_195_cutoff_0.0.inp.out,1366.6776668589591,-0.1136,0.1387,20.9880,0.0,-1320.1345080481,1264.2182836315098,2137.0111741138126,-2187.1001547687,0.08132249070013131
FMNO_red_196_cutoff_0.0.inp.out,1366.5314551350616,-0.1152,0.1526,22.7365,0.0,-1320.1899507865,120.30141879668066,2177.9760397392197,-2187.1816342391,0.08073680289999174
FMNO_red_197_cutoff_0.0.inp.out,1367.6155127862412,-0.1157,0.1515,20.5136,0.0,-1320.1730159427,1062.1690898298577,2837.864070133083,-2187.167061923,0.0816869259001578
FMNO_red_198_cutoff_0.0.inp.out,1369.1977801862784,-0.0992,0.1531,22.6486,0.0,-1320.1415392554,-137.9608929999979,877.5972460000136,-2187.1227070185,0.062896494800043
FMNO_red_199_cutoff_0.0.inp.out,1374.897319903721,-0.1094,0.1744,23.7269,0.0,-1320.5022194022,-1981.021012950056,-22.90903398184285,-2187.4954751615,0.07297312950004198
FMNO_red_19_cutoff_0.0.inp.out,1361.5182155039092,-0.1029,0.1393,18.3860,0.0,-1321.0463734876,634.5848562145086,4283.782124513576,-2187.9802725797,0.07025646710008004
FMNO_red_1_cutoff_0.0.inp.out,1372.0723362604688,-0.1168,0.1660,20.2386,0.0,-1320.7595476099,-40.627118327077795,-732.8028327020976,-2187.7315686101,0.08141927469978327
FMNO_red_200_cutoff_0.0.inp.out,1372.8210469983478,-0.1285,0.1489,20.5864,0.0,-1320.9416997680,544.6072777067327,-11.168132568421791,-2187.95554746,0.09424316420017931
FMNO_red_201_cutoff_0.0.inp.out,1370.3564865898434,-0.1154,0.1679,20.6230,0.0,-1320.7311415034,-129.10504119999996,-807.3227909000012,-2187.7027128014,0.08011144910005896
FMNO_red_202_cutoff_0.0.inp.out,1360.9356287026994,-0.1241,0.1510,19.6240,0.0,-1320.5512726021,35.05611409999973,35.79311210000039,-2187.5468333486,0.08725336570023501
FMNO_red_203_cutoff_0.0.inp.out,1364.2383670763693,-0.1320,0.1420,19.9013,0.0,-1320.7546070170,358.48874290000003,800.0325059000015,-2187.7171216708,0.09497809020012937
FMNO_red_204_cutoff_0.0.inp.out,1361.2048330962232,-0.1360,0.1354,20.3668,0.0,-1320.6216912535,1392.6721729264352,1355.84879184985,-2187.6178487743,0.10165783010006635
FMNO_red_205_cutoff_0.0.inp.out,1367.3878534861217,-0.1098,0.1607,21.5460,0.0,-1320.4792583818,-2224.9307759669978,-3818.863283042902,-2187.4467415795,0.07300180099991849
FMNO_red_206_cutoff_0.0.inp.out,1363.2780455057257,-0.1346,0.1637,22.4881,0.0,-1320.7073032699,-201.87777684363934,-794.5322767322633,-2187.7120682865,0.09830234799983373
FMNO_red_207_cutoff_0.0.inp.out,1363.662578344507,-0.0988,0.1219,18.8430,0.0,-1320.6763582878,-1442.1683649999954,-3068.517859899995,-2187.6330250881,0.06732608130005246
FMNO_red_208_cutoff_0.0.inp.out,1363.6408848461256,-0.1176,0.1489,22.6314,0.0,-1320.5160920556,-271.5992476799994,-389.1524015000006,-2187.5143450655,0.08293550200005484
FMNO_red_209_cutoff_0.0.inp.out,1350.0668567688883,-0.1144,0.1386,20.6408,0.0,-1320.1840914965,-91.81863373690044,-1341.366523997685,-2187.1374950636,0.08420676690002438
FMNO_red_20_cutoff_0.0.inp.out,1376.4082641539135,-0.1138,0.1407,21.1950,0.0,-1320.8624729168,907.8069841921106,2721.931994065241,-2187.8412841278,0.07890839350011447
FMNO_red_210_cutoff_0.0.inp.out,1368.0691642497345,-0.1210,0.1635,22.5163,0.0,-1320.2708279577,-432.7966490000006,-1546.6191066000024,-2187.2847650975,0.08423551480018432
FMNO_red_211_cutoff_0.0.inp.out,1369.7933809318554,-0.1055,0.1730,22.8286,0.0,-1320.7364135149,-2327.5910284066363,-4553.32510129034,-2187.7330337315,0.07152346020029654
FMNO_red_212_cutoff_0.0.inp.out,1369.3538522437593,-0.1348,0.1217,22.7796,0.0,-1320.2367652720,713.8879929099992,-1034.833578900001,-2187.256445691,0.10204892899992046
FMNO_red_213_cutoff_0.0.inp.out,1369.6353047525158,-0.1077,0.1754,19.9472,0.0,-1320.3080008295,-2334.140725856938,-5577.799625094805,-2187.2841905648,0.0742169036998348
FMNO_red_214_cutoff_0.0.inp.out,1363.356724715272,-0.1322,0.1532,23.3745,0.0,-1320.3794957472,-431.2692581883436,-3083.723238802531,-2187.3885333962,0.09510416269995403
FMNO_red_215_cutoff_0.0.inp.out,1364.5529654112406,-0.1211,0.1580,22.1155,0.0,-1320.1171500719,-1841.4095625885923,-4572.8104648849785,-2187.1169925378,0.08735529370005679
FMNO_red_216_cutoff_0.0.inp.out,1364.8597072141754,-0.1185,0.1773,23.4725,0.0,-1320.1025168912,-2385.1953831999926,-4055.119540000015,-2187.0686216544,0.07791192540025804
FMNO_red_217_cutoff_0.0.inp.out,1368.1411185485795,-0.1020,0.1806,23.1079,0.0,-1320.0661577918,-2565.8995060979314,-3817.4883083078853,-2187.047739271,0.0683995261997552
FMNO_red_218_cutoff_0.0.inp.out,1369.1125766176572,-0.1022,0.1591,23.1149,0.0,-1320.3681446746,108.61267891257101,-73.69072069064677,-2187.3278060433,0.07007553189987448
FMNO_red_219_cutoff_0.0.inp.out,1361.0980295292322,-0.1265,0.1421,24.1216,0.0,-1320.3042264384,1468.1547849999968,3618.302168300012,-2187.2860511906,0.09184310060027201
FMNO_red_21_cutoff_0.0.inp.out,1367.4553115104186,-0.1241,0.1536,22.4148,0.0,-1320.9897864623,496.2668357663366,2628.968981066367,-2187.9516530218,0.08496486029980588
FMNO_red_220_cutoff_0.0.inp.out,1357.281118753325,-0.1263,0.1395,23.7058,0.0,-1320.6458373179,2130.707076065625,5083.850402680429,-2187.63664171,0.09130236459986918
FMNO_red_221_cutoff_0.0.inp.out,1364.3671898749844,-0.1211,0.1345,21.7113,0.0,-1320.3894156007,871.3806211800028,3382.6375379999813,-2187.3692442959,0.08391831860035381
FMNO_red_222_cutoff_0.0.inp.out,1373.520903827189,-0.1101,0.1605,21.1356,0.0,-1320.3073002618,-1321.9107920878823,-2228.0096377881273,-2187.2918154833,0.07765072560005137
FMNO_red_223_cutoff_0.0.inp.out,1372.8156339666446,-0.1191,0.1525,22.4066,0.0,-1320.4370972228,427.1681010000007,799.1460224999955,-2187.4524784525,0.0872740642998906
FMNO_red_224_cutoff_0.0.inp.out,1368.3375225931336,-0.1220,0.1563,22.5590,0.0,-1320.1746963756,735.9397049999998,-151.81017980000328,-2187.1791156933,0.0879709104997346
FMNO_red_225_cutoff_0.0.inp.out,1365.3601400957723,-0.1061,0.1567,21.3433,0.0,-1320.5784293090,-987.5139485492683,-1395.8839704755258,-2187.5450803482,0.072139625300224
FMNO_red_226_cutoff_0.0.inp.out,1366.009390062076,-0.1156,0.1434,20.7627,0.0,-1320.1069804381,1149.3429969000033,-573.3245373000053,-2187.0623073736,0.08543524339984288
FMNO_red_227_cutoff_0.0.inp.out,1364.8872977778594,-0.1181,0.1447,21.6495,0.0,-1320.1431305028,845.4139582131129,175.3494642492898,-2187.1124814126,0.08911133719993813
FMNO_red_228_cutoff_0.0.inp.out,1376.7070598890275,-0.1236,0.1433,20.0706,0.0,-1319.9696934473,1319.019006200003,1400.5362634400037,-2186.9379068991,0.08878014250012711
FMNO_red_229_cutoff_0.0.inp.out,1375.8514740121145,-0.1221,0.1225,19.8596,0.0,-1320.3467060776,904.8233026429863,-149.04296228532877,-2187.3295678075,0.0916620960997534
FMNO_red_22_cutoff_0.0.inp.out,1368.0752717197038,-0.1011,0.1674,23.0734,0.0,-1321.2943050770,868.0388451742192,2874.910465909448,-2188.2556247467,0.06856916390006518
FMNO_red_230_cutoff_0.0.inp.out,1373.7714829164495,-0.1210,0.1578,21.4434,0.0,-1320.3790439389,-1175.757195952402,-1233.465473718369,-2187.3813524438,0.08642249120021006
FMNO_red_231_cutoff_0.0.inp.out,1369.928030978979,-0.1211,0.1374,21.9467,0.0,-1320.3029037906,351.20666190000077,-1423.3361653999975,-2187.2828760143,0.08754747210014102
FMNO_red_232_cutoff_0.0.inp.out,1364.9209116862123,-0.1269,0.1355,21.2699,0.0,-1320.5917936118,1627.5336795261296,1366.950052694421,-2187.5436743794,0.0900584483001694
FMNO_red_233_cutoff_0.0.inp.out,1359.2776636868764,-0.1075,0.1577,22.3017,0.0,-1320.1460354832,-1519.7768451753254,-1408.372248770839,-2187.1038178264,0.07119335919969672
FMNO_red_234_cutoff_0.0.inp.out,1365.8556432852401,-0.1149,0.1636,21.3823,0.0,-1320.1319192670,-1398.1249891736145,-1496.0209719775403,-2187.1076142091,0.07908920459976798
FMNO_red_235_cutoff_0.0.inp.out,1368.631697292924,-0.1230,0.1463,21.3990,0.0,-1320.3593040153,227.46993543896085,-1872.9513038951093,-2187.3350035519,0.09144308439999804
FMNO_red_236_cutoff_0.0.inp.out,1373.1070507449458,-0.1242,0.1516,21.0593,0.0,-1320.3793105816,98.15947868064981,-595.9806485663232,-2187.3453133721,0.09097397439973065
FMNO_red_237_cutoff_0.0.inp.out,1372.8210469983478,-0.1285,0.1489,20.5864,0.0,-1320.9417435452,544.6012108002467,-11.17152405680351,-2187.9555919704,0.0942437865996908
FMNO_red_238_cutoff_0.0.inp.out,1371.0673785982221,-0.1135,0.1688,20.4346,0.0,-1320.7429455024,-230.33842388265563,-751.4656407363146,-2187.7121928296,0.07900895710008626
FMNO_red_239_cutoff_0.0.inp.out,1363.535918534165,-0.1356,0.1363,19.1692,0.0,-1320.5719884844,913.7543542447354,646.0530811462681,-2187.569507664,0.10125545170012629
FMNO_red_23_cutoff_0.0.inp.out,1370.1223374919991,-0.1059,0.1401,21.1219,0.0,-1320.6657316517,971.8809570000013,2467.4757193800247,-2187.6119020191,0.07232487220016992
FMNO_red_240_cutoff_0.0.inp.out,1366.7704891545368,-0.1357,0.1453,21.4317,0.0,-1320.6344248467,937.2408960000008,1042.225799529993,-2187.6241314796,0.10086432989965033
FMNO_red_241_cutoff_0.0.inp.out,1355.5057140871515,-0.1384,0.1444,22.4312,0.0,-1320.7893289059,1781.2230586531437,981.0404045123818,-2187.7771777565,0.10573923039964939
FMNO_red_242_cutoff_0.0.inp.out,1360.0013010487105,-0.1547,0.1313,22.1442,0.0,-1320.3138351739,350.6569959999996,-964.6620455999966,-2187.3281557575,0.1163249967999036
FMNO_red_243_cutoff_0.0.inp.out,1363.163762687355,-0.1294,0.1397,20.4404,0.0,-1320.3169593442,912.6977263000014,643.8561886999985,-2187.2988228215,0.09980527739980971
FMNO_red_244_cutoff_0.0.inp.out,1360.5482781153137,-0.1270,0.1600,21.3016,0.0,-1320.4401996634,1266.5377917999979,2392.11879407,-2187.4136143341,0.09178940390029311
FMNO_red_245_cutoff_0.0.inp.out,1370.9602606313847,-0.1303,0.1737,22.0425,0.0,-1320.5033365492,-1055.832488266452,377.58688771273347,-2187.4981261853,0.09285862699971403
FMNO_red_246_cutoff_0.0.inp.out,1357.3590415165716,-0.1136,0.1611,22.6580,0.0,-1320.5323615588,838.0527811910837,979.497148101781,-2187.5017593502,0.07957436940023399
FMNO_red_247_cutoff_0.0.inp.out,1368.2034689010204,-0.1040,0.1600,23.1841,0.0,-1320.9482606169,-888.4400060000015,228.27215389999992,-2187.9287463904,0.0675991497000723
FMNO_red_248_cutoff_0.0.inp.out,1371.4305367344793,-0.1309,0.1672,22.5297,0.0,-1320.6717693128,-623.0285967707773,737.0725412267204,-2187.6690082676,0.09054554120029934
FMNO_red_249_cutoff_0.0.inp.out,1368.4818898230956,-0.1124,0.1514,20.7311,0.0,-1320.7751376040,1609.54933289223,3418.5427203717654,-2187.6997545611,0.08503073499969105
FMNO_red_24_cutoff_0.0.inp.out,1370.0667907604652,-0.0977,0.1402,20.1680,0.0,-1320.7954775392,279.31064637758857,1592.687773218088,-2187.727085918,0.06490544720008984
FMNO_red_250_cutoff_0.0.inp.out,1367.0014225517382,-0.1325,0.1578,22.7645,0.0,-1320.7925634479,452.7972734968211,2837.919806616973,-2187.7442437316,0.09428421729990077
FMNO_red_251_cutoff_0.0.inp.out,1368.0177290470062,-0.1108,0.1542,20.0731,0.0,-1320.6843386877,-37.54957634953886,527.6592798587529,-2187.6119825383,0.07719608530032929
FMNO_red_252_cutoff_0.0.inp.out,1361.0027077665995,-0.1083,0.1676,19.9820,0.0,-1320.2650553623,-1503.596911200164,-391.1189982604368,-2187.1682828029,0.07345984709991171
FMNO_red_253_cutoff_0.0.inp.out,1364.7680211175661,-0.1092,0.1534,21.1079,0.0,-1321.0141249442,-124.27243640000025,383.8612653999988,-2187.9124757537,0.06950343420021454
FMNO_red_254_cutoff_0.0.inp.out,1367.2425381795726,-0.1026,0.1525,19.6281,0.0,-1320.5030744811,-1127.2140352299982,284.7849811000022,-2187.3965293733,0.06882122849992811
FMNO_red_255_cutoff_0.0.inp.out,1359.594844032235,-0.1195,0.1218,19.2737,0.0,-1320.6165409471,738.9481161489973,1440.0884724316145,-2187.5087694242,0.08767624689971854
FMNO_red_256_cutoff_0.0.inp.out,1366.6588222529624,-0.1056,0.1273,20.8938,0.0,-1320.8043652702,757.0629840622288,1863.928571626705,-2187.7269024338,0.07654827540000042
FMNO_red_257_cutoff_0.0.inp.out,1369.169939025733,-0.1093,0.1422,23.6019,0.0,-1320.5818519747,57.28542542892007,2153.795425290554,-2187.508636084,0.07448090009984298
FMNO_red_258_cutoff_0.0.inp.out,1372.5112340427597,-0.0996,0.1567,21.2189,0.0,-1320.8348556569,20.98833751164091,2501.901965995519,-2187.7547532381,0.06726630330012995
FMNO_red_259_cutoff_0.0.inp.out,1363.1764916244051,-0.1036,0.1558,21.1495,0.0,-1320.4257080489,264.7931097851602,1481.1070372081504,-2187.3365502608,0.06992604769993704
FMNO_red_25_cutoff_0.0.inp.out,1374.4164643944746,-0.0743,0.1484,22.5282,0.0,-1321.0165709293,238.1476081473693,774.4222024214241,-2187.9425895075,0.048905664100402646
FMNO_red_260_cutoff_0.0.inp.out,1360.1732649213952,-0.1038,0.1427,17.7232,0.0,-1320.4947331734,1254.289639319794,1837.6530963241685,-2187.3716105465,0.0730105575999005
FMNO_red_261_cutoff_0.0.inp.out,1353.5857892259473,-0.1326,0.1521,24.3145,0.0,-1320.4645201962,1430.609732800004,2930.5101593999916,-2187.3456455151,0.09665367789966695
FMNO_red_262_cutoff_0.0.inp.out,1362.745994578814,-0.1171,0.1406,22.0564,0.0,-1320.4757830799,668.4950945999992,1034.0426014600112,-2187.3748295553,0.08173707449986978
FMNO_red_263_cutoff_0.0.inp.out,1363.5857773892926,-0.1053,0.1543,20.4757,0.0,-1320.7604409487,-626.1269087513116,1018.1797260353836,-2187.6792458807,0.06788279600004898
FMNO_red_264_cutoff_0.0.inp.out,1363.3241999975871,-0.1254,0.1598,24.9907,0.0,-1320.7115798773,-170.28727255477344,557.7637444702824,-2187.6426609855,0.08702651480007262
FMNO_red_265_cutoff_0.0.inp.out,1355.5822649194283,-0.1161,0.1663,26.2998,0.0,-1320.4138089985,-184.03350899999978,426.63188450000126,-2187.3423679034,0.07587745059981899
FMNO_red_266_cutoff_0.0.inp.out,1359.0019742118743,-0.1296,0.1450,23.0524,0.0,-1320.5545482241,1335.1652599999966,2077.560099209998,-2187.4788655603,0.09394974030010417
FMNO_red_267_cutoff_0.0.inp.out,1371.3391760241545,-0.1091,0.1718,22.5265,0.0,-1320.6193638135,430.34073724030725,3175.3437089405447,-2187.5297345108,0.07422580079992258
FMNO_red_268_cutoff_0.0.inp.out,1353.05218937767,-0.1221,0.1768,24.2424,0.0,-1320.5345335156,-297.1388289385306,2706.98419598151,-2187.4492305178,0.08024993399976665
FMNO_red_269_cutoff_0.0.inp.out,1370.7432779497956,-0.0857,0.1756,20.6696,0.0,-1320.3768003352,923.2284787532639,2651.4704558202984,-2187.236140835,0.05343397500018909
FMNO_red_26_cutoff_0.0.inp.out,1367.1160706568953,-0.0951,0.1469,20.3600,0.0,-1320.7120484658,1101.4700904689898,3434.2134485100273,-2187.6453837594,0.06291273590022683
FMNO_red_270_cutoff_0.0.inp.out,1364.1853606186382,-0.1189,0.1641,20.3605,0.0,-1320.5808791972,120.3252627746165,537.5023116721483,-2187.4637462804,0.08528782890016373
FMNO_red_271_cutoff_0.0.inp.out,1358.1938689913702,-0.1124,0.1776,20.1518,0.0,-1320.5632316352,-1086.7658816925816,-1469.398619890923,-2187.4356335391,0.07080847670022195
FMNO_red_272_cutoff_0.0.inp.out,1378.995160606177,-0.1153,0.1510,19.5802,0.0,-1320.6360449770,-110.31617194371762,774.9029831962453,-2187.5370843981,0.08037272369983839
FMNO_red_273_cutoff_0.0.inp.out,1353.4681437049128,-0.1017,0.1674,19.0495,0.0,-1320.8523998995,-1126.145573704348,968.3372421216376,-2187.7219152593,0.06420260270033395
FMNO_red_274_cutoff_0.0.inp.out,1356.4358515082092,-0.1284,0.1573,17.9573,0.0,-1320.4339542666,-1238.2593270999946,791.1206330999986,-2187.2810669651,0.09038020959997084
FMNO_red_275_cutoff_0.0.inp.out,1359.5890900469208,-0.1155,0.1453,20.3375,0.0,-1320.3944920680,703.3746282739245,1831.2190512172144,-2187.3046832984,0.0770514020000519
FMNO_red_276_cutoff_0.0.inp.out,1367.5355878448888,-0.1200,0.1681,21.0371,0.0,-1320.6456833808,202.27740183038523,1355.337395099989,-2187.5196554114,0.08175212649985042
FMNO_red_277_cutoff_0.0.inp.out,1359.0510264552113,-0.1093,0.1494,19.5353,0.0,-1320.1848547187,-142.34975174961016,1995.940048438052,-2187.0570244695,0.07389861299998302
FMNO_red_278_cutoff_0.0.inp.out,1362.0525872816695,-0.1270,0.1565,21.6146,0.0,-1320.6067022238,791.102137101348,2200.549451547248,-2187.4866321035,0.09259510599986243
FMNO_red_279_cutoff_0.0.inp.out,1367.493867579178,-0.1443,0.1436,22.9505,0.0,-1320.3750424130,2375.9872840159233,4779.509420562023,-2187.2846419021,0.10696281109994743
FMNO_red_27_cutoff_0.0.inp.out,1366.1205620976734,-0.1295,0.1460,22.5763,0.0,-1320.7074034578,1723.5034516861988,3837.4322733201066,-2187.6847148564,0.09375787979979577
FMNO_red_280_cutoff_0.0.inp.out,1363.1822189916961,-0.1158,0.1411,20.5932,0.0,-1320.6444575308,2925.5110832081564,6056.0211980151225,-2187.4807062189,0.0861137172000781
FMNO_red_281_cutoff_0.0.inp.out,1351.3725726544606,-0.1192,0.1551,23.2252,0.0,-1320.3708885449,1090.9304235600023,1727.4215345999862,-2187.2750875723,0.0873242869997739
FMNO_red_282_cutoff_0.0.inp.out,1358.3370173348967,-0.1219,0.1414,22.4429,0.0,-1320.4064753929,1256.7789880999992,2187.9688019999944,-2187.2682583779,0.08566412489972208
FMNO_red_283_cutoff_0.0.inp.out,1361.0665595570015,-0.1199,0.1551,24.6005,0.0,-1320.9320601105,84.93241499999962,306.6832597000016,-2187.8532417792,0.08367488230032905
FMNO_red_284_cutoff_0.0.inp.out,1360.032580315982,-0.1259,0.1565,21.8108,0.0,-1320.5143356505,2043.3519598974815,4692.105617774557,-2187.3672174307,0.08750677489979353
FMNO_red_285_cutoff_0.0.inp.out,1350.7931176293052,-0.1540,0.1543,22.9675,0.0,-1320.8203780985,1316.649342796052,3014.5645622588277,-2187.6881528722,0.1109737483002391
FMNO_red_286_cutoff_0.0.inp.out,1345.7169407368629,-0.1235,0.1726,22.4939,0.0,-1320.4407193423,1817.2320245302049,5837.835533629727,-2187.2772852944,0.09201994719978757
FMNO_red_287_cutoff_0.0.inp.out,1372.920567100478,-0.1276,0.1496,20.5413,0.0,-1320.9364201491,507.0128017999995,-105.99423723000005,-2187.9514803965,0.09338019459983116
FMNO_red_288_cutoff_0.0.inp.out,1370.0919491161353,-0.1189,0.1724,21.8246,0.0,-1320.7939351070,-522.7217178777585,-828.67275193642,-2187.7708537116,0.08262811240001611
FMNO_red_289_cutoff_0.0.inp.out,1366.429066630698,-0.1386,0.1248,21.0933,0.0,-1320.9096327760,1594.8245757999987,3241.414044799986,-2187.9320464221,0.1023981792000086
FMNO_red_28_cutoff_0.0.inp.out,1363.0378609545908,-0.1246,0.1461,22.9735,0.0,-1320.3278732198,511.4065236999997,1505.2523438000094,-2187.2433678885,0.08694037159966683
FMNO_red_290_cutoff_0.0.inp.out,1367.2654463425176,-0.1148,0.1775,22.4090,0.0,-1320.7417284723,-621.4277531000009,524.8386866000022,-2187.7347234542,0.07898464749996492
FMNO_red_291_cutoff_0.0.inp.out,1366.1596301199245,-0.1104,0.1503,22.6999,0.0,-1321.1531314221,-257.25608574365657,48.4776616322909,-2188.1536109077,0.07593446779992519
FMNO_red_292_cutoff_0.0.inp.out,1367.355403415899,-0.1462,0.1384,21.8856,0.0,-1320.4641337431,1059.3138383680875,1404.1267427408977,-2187.4980701305,0.10732527779964585
FMNO_red_293_cutoff_0.0.inp.out,1369.8564003891688,-0.1432,0.1387,22.4939,0.0,-1320.8222428364,1003.0632319357674,1371.990525008101,-2187.8634312633,0.10625248979977187
FMNO_red_294_cutoff_0.0.inp.out,1371.090823658766,-0.1370,0.1281,21.1969,0.0,-1320.6093871550,990.21009961,920.0843517370021,-2187.6272974688,0.10362201210000421
FMNO_red_295_cutoff_0.0.inp.out,1368.638717749398,-0.1186,0.1773,20.4830,0.0,-1320.0488079689,-598.8348051999998,159.6589262000009,-2187.0551916695,0.08405961369999204
FMNO_red_296_cutoff_0.0.inp.out,1356.2678096761338,-0.1265,0.1617,23.1890,0.0,-1320.2782630813,460.0653060648463,2177.4754682732955,-2187.3168291171,0.0889709913999468
FMNO_red_297_cutoff_0.0.inp.out,1358.3219532113328,-0.1225,0.1646,22.7313,0.0,-1320.4172314635,162.2016634981737,-59.94882888111226,-2187.4448402629,0.08811041799981467
FMNO_red_298_cutoff_0.0.inp.out,1365.4155558033751,-0.1069,0.1884,24.2310,0.0,-1319.9818920774,-1611.5444700624992,-2423.790132370564,-2186.9906799003,0.06744813559998875
FMNO_red_299_cutoff_0.0.inp.out,1370.1550609896708,-0.1122,0.1796,22.8037,0.0,-1320.4761970737,-1443.9859993662255,-337.1174462335486,-2187.4776641379,0.07522588939991692
FMNO_red_29_cutoff_0.0.inp.out,1359.1487274255771,-0.1042,0.1590,22.3213,0.0,-1320.8093588557,-1574.2988863959285,-766.8498186973013,-2187.7125274067,0.06844422680023854
FMNO_red_2_cutoff_0.0.inp.out,1361.3105915865558,-0.1342,0.1382,19.1184,0.0,-1320.8288898036,826.1374332802649,1145.5298578001155,-2187.8325941182,0.09771990380022544
FMNO_red_300_cutoff_0.0.inp.out,1371.1194339753133,-0.1139,0.1606,24.1020,0.0,-1319.9059493414,-1473.7257437727826,-2259.15395784378,-2186.9110109073,0.07891156439973201
FMNO_red_301_cutoff_0.0.inp.out,1373.7682064770934,-0.1104,0.1589,21.9554,0.0,-1320.6746029819,23.575963251832025,1356.731328457235,-2187.648631417,0.07517124000014519
FMNO_red_302_cutoff_0.0.inp.out,1373.3163086708112,-0.1309,0.1629,22.5361,0.0,-1320.6608152842,186.74011551866482,-133.94532722477584,-2187.6615610463,0.08976180870013195
FMNO_red_303_cutoff_0.0.inp.out,1375.8653996255666,-0.1216,0.1563,19.8773,0.0,-1320.4628795695,-501.9323840627592,-1950.8264424910744,-2187.4647483002,0.08366369860004852
FMNO_red_304_cutoff_0.0.inp.out,1373.8137080884787,-0.1247,0.1598,21.9311,0.0,-1320.5244377042,-752.1346368646118,-2849.198765998383,-2187.5238620275,0.08741046190016277
FMNO_red_305_cutoff_0.0.inp.out,1364.5623720523745,-0.1300,0.1461,22.2332,0.0,-1320.2981729017,-1320.9728981815772,-2068.452610770544,-2187.2877018674,0.09228471880032885
FMNO_red_306_cutoff_0.0.inp.out,1365.9308738778436,-0.1234,0.1450,22.6146,0.0,-1320.4054897401,-816.5973810000003,-1320.3216770000083,-2187.4047342637,0.08998251320008421
FMNO_red_307_cutoff_0.0.inp.out,1365.4847301807579,-0.1291,0.1622,22.7606,0.0,-1320.4729533284,-1847.8004499977033,-2062.9907960071364,-2187.4899566946,0.09010515239970118
FMNO_red_308_cutoff_0.0.inp.out,1368.1795547568656,-0.1296,0.1281,22.2186,0.0,-1320.2367815461,1649.6906169121655,2269.472467445999,-2187.2349693809,0.09612622739996368
FMNO_red_309_cutoff_0.0.inp.out,1367.1138433838305,-0.1153,0.1427,21.6693,0.0,-1320.6869690662,-528.4845922999972,-315.8918871900031,-2187.6515834775,0.08183317349994468
FMNO_red_30_cutoff_0.0.inp.out,1362.4599283126697,-0.1010,0.1692,23.8926,0.0,-1320.8221033722,-2141.6300427313645,-3777.3189959469023,-2187.7169924339,0.06722535300013988
FMNO_red_310_cutoff_0.0.inp.out,1366.6582958092945,-0.1190,0.1544,21.6807,0.0,-1320.1161368887,832.0498330490011,2710.905853103153,-2187.1168482035,0.08772442779991252
FMNO_red_311_cutoff_0.0.inp.out,1370.3435047670728,-0.1083,0.1770,20.1820,0.0,-1319.9607493093,-624.9267911439196,-1637.98833135679,-2186.9571857797,0.07967255500034298
FMNO_red_312_cutoff_0.0.inp.out,1370.875365132158,-0.1369,0.1575,21.5217,0.0,-1320.5987178359,1895.8750739999973,2795.2088616999977,-2187.6126934436,0.1006078236000576
FMNO_red_313_cutoff_0.0.inp.out,1367.157419579488,-0.1200,0.1591,19.7170,0.0,-1320.4810262484,723.5473052917172,1713.808847170843,-2187.4520171955,0.08424688769991917
FMNO_red_314_cutoff_0.0.inp.out,1370.2472735629362,-0.1094,0.1702,21.3790,0.0,-1320.0357911485,-597.4492805501218,460.6935324660065,-2187.0291479189,0.07574398309998287
FMNO_red_315_cutoff_0.0.inp.out,1372.363916941046,-0.1257,0.1601,20.7558,0.0,-1320.8952522037,-1649.5264704718813,-2503.549770547722,-2187.8746989865,0.08932950989992605
FMNO_red_316_cutoff_0.0.inp.out,1376.7060024861407,-0.1407,0.1538,20.7765,0.0,-1320.8768813258,-284.90410842999904,-1969.8810050999912,-2187.8821011261,0.10324079909969441
FMNO_red_317_cutoff_0.0.inp.out,1371.8817190712734,-0.1448,0.1603,21.3783,0.0,-1320.3959977402,-254.85416450731014,-1209.5976471904698,-2187.4165450724,0.10440661399979945
FMNO_red_318_cutoff_0.0.inp.out,1374.2334721301024,-0.1071,0.1770,22.5146,0.0,-1320.6002815216,-1576.0009732917497,-1763.5959500010424,-2187.5885605183,0.06916560790023141
FMNO_red_319_cutoff_0.0.inp.out,1362.3853727481,-0.1419,0.1650,23.3024,0.0,-1320.4613947633,32.979497910872254,179.1135254722317,-2187.4848457802,0.10465693559990541
FMNO_red_31_cutoff_0.0.inp.out,1357.2440647355768,-0.1061,0.1485,23.0470,0.0,-1320.8519096569,-659.8420518572892,-750.3775237217299,-2187.7402733214,0.07203201389984315
FMNO_red_320_cutoff_0.0.inp.out,1367.8627377656458,-0.1330,0.1429,22.6492,0.0,-1320.4797138953,1077.3608836380354,2029.3029319950294,-2187.4883048824,0.09812185069995394
FMNO_red_321_cutoff_0.0.inp.out,1371.3253476271764,-0.1372,0.1603,23.8184,0.0,-1320.6890805155,-280.57242442729483,131.9495316503351,-2187.7088549654,0.09839457299995047
FMNO_red_322_cutoff_0.0.inp.out,1367.5738521326384,-0.1287,0.1529,25.0471,0.0,-1320.8661849272,-104.95525104464394,574.5266313727939,-2187.8947244988,0.0897996856001555
FMNO_red_323_cutoff_0.0.inp.out,1366.4472954243088,-0.1396,0.1526,23.3445,0.0,-1320.3866115601,-31.009661147530114,288.87572547140365,-2187.4015878863,0.09868963319968316
FMNO_red_324_cutoff_0.0.inp.out,1374.4840798044688,-0.1445,0.1513,22.8278,0.0,-1320.5019638562,393.6074629999988,365.1759220999981,-2187.5506935597,0.10567804480024279
FMNO_red_325_cutoff_0.0.inp.out,1369.201560982736,-0.1003,0.1701,22.6490,0.0,-1320.4827727431,-1562.2265327719074,-2400.390423707193,-2187.4397883521,0.06312943970033302
FMNO_red_326_cutoff_0.0.inp.out,1369.0421747852047,-0.1417,0.1517,21.9811,0.0,-1320.4986629510,2105.166300658974,3066.9475667925753,-2187.5021113819,0.10463746419964082
FMNO_red_327_cutoff_0.0.inp.out,1363.220745129829,-0.1169,0.1652,22.9180,0.0,-1320.3553187048,-196.32501942482358,-64.62024162017777,-2187.3195480165,0.08373473150004429
FMNO_red_328_cutoff_0.0.inp.out,1360.9662501175105,-0.1063,0.1788,21.7240,0.0,-1320.3059804430,-633.58399174627,665.8441640005003,-2187.2546223451,0.06726153520003209
FMNO_red_329_cutoff_0.0.inp.out,1361.2314046490521,-0.1146,0.1564,22.6630,0.0,-1320.3642888707,1098.7889148980828,1642.668498147712,-2187.3472808044,0.07946470570004749
FMNO_red_32_cutoff_0.0.inp.out,1361.8759140948728,-0.1018,0.1584,22.9677,0.0,-1320.8023678980,-1554.59587,-4197.95486840001,-2187.7178902927,0.0716145313999732
FMNO_red_330_cutoff_0.0.inp.out,1366.580285934402,-0.1235,0.1407,20.6254,0.0,-1320.3620371410,906.91986060605,-344.56813480195024,-2187.3746689522,0.08789656370026933
FMNO_red_331_cutoff_0.0.inp.out,1363.9049981748153,-0.1278,0.1434,21.6290,0.0,-1320.2068838807,907.3805661185271,673.9807474185822,-2187.20748975,0.08991770800002996
FMNO_red_332_cutoff_0.0.inp.out,1358.941306483075,-0.1290,0.1489,19.6090,0.0,-1320.0619743082,51.29697740000017,-867.2161002999999,-2187.0585141883,0.09266251859980912
FMNO_red_333_cutoff_0.0.inp.out,1361.857670109765,-0.1462,0.1455,22.5839,0.0,-1320.3375113638,1597.6893810877748,2398.3743968719914,-2187.3374651559,0.10584460909967675
FMNO_red_334_cutoff_0.0.inp.out,1359.4228351404354,-0.1007,0.1514,20.3989,0.0,-1320.1134041677,-697.6532840525875,1145.5642455630955,-2187.0750153395,0.0667961290000676
FMNO_red_335_cutoff_0.0.inp.out,1370.964268811632,-0.1064,0.1695,22.7476,0.0,-1319.8568762151,-1201.7680545307412,-738.6830267162304,-2186.801632463,0.07022191030000613
FMNO_red_336_cutoff_0.0.inp.out,1365.1996086190197,-0.1244,0.1583,22.3070,0.0,-1320.1801118971,18.067081067062915,-22.851720551699238,-2187.1852324562,0.09026537709996774
FMNO_red_337_cutoff_0.0.inp.out,1372.920567100478,-0.1276,0.1496,20.5413,0.0,-1320.9363785017,507.00713219999966,-105.99714763000003,-2187.9514386703,0.09338014490003843
FMNO_red_338_cutoff_0.0.inp.out,1372.5391172826035,-0.1166,0.1698,21.4819,0.0,-1320.8570687780,-419.3762903758713,-878.9995913487124,-2187.8343575618,0.08181406759968013
FMNO_red_339_cutoff_0.0.inp.out,1363.253954756519,-0.1364,0.1305,21.8905,0.0,-1321.0386438955,583.4202802,2423.007018600008,-2188.0469224315,0.0995868683999106
FMNO_red_33_cutoff_0.0.inp.out,1370.1727816462023,-0.1025,0.1434,23.8524,0.0,-1320.8827066841,-2272.4321545655703,-4968.5921425028955,-2187.8045768694,0.06578857509975933
FMNO_red_340_cutoff_0.0.inp.out,1371.4469060472748,-0.1333,0.1502,22.8948,0.0,-1320.6852497894,809.4070724621166,558.2476647517793,-2187.7114682059,0.09700347609987148
FMNO_red_341_cutoff_0.0.inp.out,1373.0250959734221,-0.1387,0.1583,24.1007,0.0,-1320.7151358180,63.75575934417576,-445.0807129188427,-2187.7557511696,0.10105117910006811
FMNO_red_342_cutoff_0.0.inp.out,1368.2052272623687,-0.1243,0.1631,22.3223,0.0,-1320.6580972857,-1156.1716209747337,-2859.356703204152,-2187.6512386787,0.08419161839992739
FMNO_red_343_cutoff_0.0.inp.out,1369.8736634415163,-0.1367,0.1497,23.3112,0.0,-1320.7095798621,1009.4979915009966,600.0568845325206,-2187.7363291158,0.10114108209972983
FMNO_red_344_cutoff_0.0.inp.out,1358.4333225846988,-0.1206,0.1429,22.3629,0.0,-1321.1692118470,5.253311046683885,-163.27373792609896,-2188.167570127,0.08659796230040229
FMNO_red_345_cutoff_0.0.inp.out,1369.4447762146633,-0.1072,0.1279,21.9993,0.0,-1320.3632132887,-81.56571263420561,-1167.3140696847713,-2187.3522024529,0.07825854909970076
FMNO_red_346_cutoff_0.0.inp.out,1368.3991643824452,-0.1283,0.1598,22.7433,0.0,-1321.0509303434,-836.1265044256693,-1146.4993197981828,-2188.0467568859,0.09000076260008427
FMNO_red_347_cutoff_0.0.inp.out,1367.8386139683723,-0.1150,0.1522,19.9449,0.0,-1320.5951208494,-360.8343372339757,-2651.7625298598723,-2187.5559048714,0.08010865500000364
FMNO_red_348_cutoff_0.0.inp.out,1374.0178604180287,-0.1322,0.1320,20.0375,0.0,-1320.6268792218,-137.7528759770008,-1650.8300693999986,-2187.6209648573,0.09545613579985002
FMNO_red_349_cutoff_0.0.inp.out,1366.26010364505,-0.1321,0.1423,21.9513,0.0,-1320.9110339239,1546.540717457737,1619.4401114822645,-2187.9206118707,0.0967335996001566
FMNO_red_34_cutoff_0.0.inp.out,1368.8161685102173,-0.1083,0.1367,20.4510,0.0,-1320.6785091579,-677.9097831891028,-1494.794617593124,-2187.639843156,0.07715924420017473
FMNO_red_350_cutoff_0.0.inp.out,1375.9075587212267,-0.1193,0.1485,19.2808,0.0,-1320.4736916589,531.5184804809871,2091.5206425772653,-2187.4706637536,0.08814473499978703
FMNO_red_351_cutoff_0.0.inp.out,1373.1526143356584,-0.1013,0.1611,20.3922,0.0,-1320.4076758291,19.437042900000034,988.9771932800011,-2187.3602914099,0.06844974589967023
FMNO_red_352_cutoff_0.0.inp.out,1370.9692213774752,-0.1357,0.1371,20.7438,0.0,-1320.3851457943,1219.0631017356782,2795.68775650946,-2187.3765616444,0.09976520600002914
FMNO_red_353_cutoff_0.0.inp.out,1370.8046379983018,-0.1160,0.1673,20.6894,0.0,-1320.3507803913,-401.82231382191225,1143.245588244443,-2187.318665722,0.07920914660007838
FMNO_red_354_cutoff_0.0.inp.out,1369.4559065956512,-0.1105,0.1479,20.0504,0.0,-1320.5404707425,545.2128692123193,3255.3685720652998,-2187.5100479228,0.0815709202997823
FMNO_red_355_cutoff_0.0.inp.out,1365.3418554480713,-0.1415,0.1399,20.9027,0.0,-1320.5673783844,1529.8749051440745,4920.316099548124,-2187.5562016427,0.10386164200008352
FMNO_red_356_cutoff_0.0.inp.out,1371.5389922559489,-0.1228,0.1441,21.0167,0.0,-1320.5121433347,2004.3895251505412,4348.782474218286,-2187.4909664533,0.08907590239959973
FMNO_red_357_cutoff_0.0.inp.out,1369.6692632379918,-0.1018,0.1451,20.9581,0.0,-1320.7275967942,892.4733904760106,4463.813450179024,-2187.6906979581,0.06711000579980464
FMNO_red_358_cutoff_0.0.inp.out,1372.3945590832902,-0.1220,0.1420,22.7686,0.0,-1320.6679276118,1950.1562043310694,4813.88149340112,-2187.6667316708,0.08829036949964575
FMNO_red_359_cutoff_0.0.inp.out,1364.1406600348137,-0.1316,0.1400,20.0172,0.0,-1321.0470561069,1727.6145876128544,4352.281522177184,-2188.0252438837,0.09387352359999568
FMNO_red_35_cutoff_0.0.inp.out,1369.012461504172,-0.1279,0.1551,22.8645,0.0,-1320.8588223151,-344.6913666910214,-715.0962705955548,-2187.8228357438,0.08707803920015067
FMNO_red_360_cutoff_0.0.inp.out,1367.3380608852601,-0.1107,0.1350,19.2950,0.0,-1321.0615962993,2549.9296340678034,6233.199195394589,-2188.016036626,0.07675160710005002
FMNO_red_361_cutoff_0.0.inp.out,1372.2856128372196,-0.1126,0.1583,20.3205,0.0,-1320.5137669619,1374.402678099859,5510.985111448198,-2187.4839949285,0.0746016952998616
FMNO_red_362_cutoff_0.0.inp.out,1373.6233196246726,-0.1009,0.1604,20.6074,0.0,-1320.7430231395,915.336234483059,5150.861992867646,-2187.713276691,0.06705741740006488
FMNO_red_363_cutoff_0.0.inp.out,1370.9219196782817,-0.1084,0.1538,23.8968,0.0,-1320.6042248300,845.5994158999958,5463.98206170002,-2187.5963445845,0.07312200909973399
FMNO_red_364_cutoff_0.0.inp.out,1358.2222478639762,-0.1294,0.1423,22.9191,0.0,-1320.2411972965,1464.1459307022815,5915.456599863167,-2187.2616389387,0.09051917080023486
FMNO_red_365_cutoff_0.0.inp.out,1364.7078997421677,-0.1048,0.1525,22.9629,0.0,-1320.3911150209,509.0917064811958,3536.1541705506347,-2187.3664475048,0.06939906410025287
FMNO_red_366_cutoff_0.0.inp.out,1358.0223448447925,-0.0988,0.1721,21.1111,0.0,-1320.7856614817,995.4454781444854,2085.0024156803343,-2187.7266080154,0.06849965909987077
FMNO_red_367_cutoff_0.0.inp.out,1362.437077836832,-0.1362,0.1355,21.9819,0.0,-1320.3031267154,2427.0673350649085,4407.085193080789,-2187.2822555296,0.09788255629973719
FMNO_red_368_cutoff_0.0.inp.out,1368.7391796404054,-0.1010,0.1649,22.6999,0.0,-1320.8998977072,602.0312316351293,2426.5726050350936,-2187.8662492289,0.07042338750034105
FMNO_red_369_cutoff_0.0.inp.out,1374.049075370878,-0.1081,0.1713,24.1094,0.0,-1320.6134937671,531.1817927176742,3581.9408182556062,-2187.5989798664,0.07313858379984595
FMNO_red_36_cutoff_0.0.inp.out,1358.4897884703867,-0.0942,0.1534,20.9503,0.0,-1320.7388226043,-1255.219963300003,-1609.457527799998,-2187.6640483798,0.06581780629994682
FMNO_red_370_cutoff_0.0.inp.out,1359.7690830104661,-0.1239,0.1364,22.2873,0.0,-1320.8777581912,1508.3337229875892,3329.339621518896,-2187.8529729443,0.08458186300003945
FMNO_red_371_cutoff_0.0.inp.out,1369.3847314036454,-0.0965,0.1609,21.6435,0.0,-1320.5964735476,1379.5497473383436,5528.058897473553,-2187.5756640215,0.0674765941998885
FMNO_red_372_cutoff_0.0.inp.out,1376.5751711411058,-0.0920,0.1816,23.3726,0.0,-1321.1264142545,-157.60904360000038,3358.355748529979,-2188.1044682583,0.05696744109991414
FMNO_red_373_cutoff_0.0.inp.out,1365.4313006958173,-0.1109,0.1413,19.2453,0.0,-1320.5301097856,2038.4583344563066,5210.687837982618,-2187.5026658592,0.08087357060003342
FMNO_red_374_cutoff_0.0.inp.out,1362.7859427488997,-0.1171,0.1707,22.3413,0.0,-1320.4704782523,723.950944999998,3053.1416415510184,-2187.4523474791,0.0833702293002716
FMNO_red_375_cutoff_0.0.inp.out,1367.2800842417826,-0.1286,0.1241,20.7214,0.0,-1320.7169052988,2879.4093894065063,5694.084633078951,-2187.7117992205,0.094899633699697
FMNO_red_376_cutoff_0.0.inp.out,1372.1624200008785,-0.1104,0.1545,22.0180,0.0,-1320.7998874331,2019.7871802107968,6196.832739661093,-2187.7873831101,0.07712358989965651
FMNO_red_377_cutoff_0.0.inp.out,1369.5723689501795,-0.1088,0.1730,23.2179,0.0,-1320.6315935708,167.48815669999993,1957.5557660000054,-2187.6206163991,0.07212928519993511
FMNO_red_378_cutoff_0.0.inp.out,1376.5640170951965,-0.1288,0.1540,22.8564,0.0,-1320.6018515442,622.1110054460243,1304.0470634908856,-2187.5971830159,0.09306055160004689
FMNO_red_379_cutoff_0.0.inp.out,1369.9471275715866,-0.1234,0.1635,22.4197,0.0,-1320.3206864870,-395.22185306200095,-685.2520786500639,-2187.3193017622,0.08678491659975407
FMNO_red_37_cutoff_0.0.inp.out,1367.80178733393,-0.1089,0.1607,21.4449,0.0,-1320.6912621453,-827.8720756712476,-2083.3163643142793,-2187.6090000144,0.07413935720023801
FMNO_red_380_cutoff_0.0.inp.out,1373.153612495195,-0.1359,0.1485,23.5537,0.0,-1320.3562712351,1672.0918976092632,2199.7039836682575,-2187.3974511716,0.10057376299982934
FMNO_red_381_cutoff_0.0.inp.out,1370.546795375035,-0.1199,0.1592,22.8154,0.0,-1320.3831704584,375.48340113000023,1704.2299347999938,-2187.392415022,0.08099595659996339
FMNO_red_382_cutoff_0.0.inp.out,1368.1223422743476,-0.1051,0.1668,20.6578,0.0,-1320.5126843493,-250.07477907452986,3061.503427500349,-2187.4792878659,0.06806481479998183
FMNO_red_383_cutoff_0.0.inp.out,1366.568640874069,-0.1210,0.1571,22.3337,0.0,-1320.6879293949,1925.35555535363,2939.828728325782,-2187.6723322735,0.08754480099969442
FMNO_red_384_cutoff_0.0.inp.out,1371.1382212402498,-0.1114,0.1599,21.8584,0.0,-1320.1721137327,787.9842142652764,1951.9794919511787,-2187.1225146162,0.07990823189993534
FMNO_red_385_cutoff_0.0.inp.out,1372.6003977889543,-0.1251,0.1621,23.5213,0.0,-1320.1392902685,-187.12712402693688,-59.96164108758106,-2187.1187936274,0.08832699499998853
FMNO_red_386_cutoff_0.0.inp.out,1375.2690447497873,-0.1231,0.1561,21.0361,0.0,-1320.4493938288,3.2557929884015913,-249.58247813404526,-2187.4298607329,0.08645752660004291
FMNO_red_387_cutoff_0.0.inp.out,1372.8210469983478,-0.1285,0.1489,20.5864,0.0,-1320.9416881837,544.6064621059177,-11.167945762034348,-2187.9555359305,0.09424319039999318
FMNO_red_388_cutoff_0.0.inp.out,1371.3019640642208,-0.1173,0.1669,20.6499,0.0,-1320.7711154595,32.88446620000002,-576.6714128000001,-2187.7407189175,0.08217983709982946
FMNO_red_389_cutoff_0.0.inp.out,1362.6558419731803,-0.1329,0.1456,19.7778,0.0,-1320.7245932345,847.5144711255537,1693.2117718167751,-2187.7146267862,0.09740008120024868
FMNO_red_38_cutoff_0.0.inp.out,1373.6322202966078,-0.1266,0.1555,23.5097,0.0,-1320.7985622245,-132.59171100000074,-1486.308731799999,-2187.7372610617,0.08551552990002165
FMNO_red_390_cutoff_0.0.inp.out,1367.6597289048113,-0.1301,0.1293,20.1144,0.0,-1320.7778783419,824.4083611274962,1214.292986110116,-2187.7392281791,0.09286334850003186
FMNO_red_391_cutoff_0.0.inp.out,1366.1958241745062,-0.1216,0.1470,18.8919,0.0,-1320.6783293480,-378.85284919278655,-326.9427204832486,-2187.6505431562,0.08552289650015155
FMNO_red_392_cutoff_0.0.inp.out,1378.127437221006,-0.1157,0.1605,20.5686,0.0,-1320.6681710107,-447.58563091392034,371.03713556249414,-2187.6435179452,0.07868133959982515
FMNO_red_393_cutoff_0.0.inp.out,1372.559537629142,-0.1051,0.1586,19.9163,0.0,-1320.4482221206,-1324.833100328495,-336.89987319890565,-2187.3979948839,0.07116214740017313
FMNO_red_394_cutoff_0.0.inp.out,1363.9962583381403,-0.1348,0.1502,22.3327,0.0,-1320.5646956592,1006.0135609999999,1445.9654470000007,-2187.5503804425,0.0985718915999314
FMNO_red_395_cutoff_0.0.inp.out,1373.519062725766,-0.1126,0.1710,22.4463,0.0,-1320.6506281705,-487.6362253689349,-139.2166080795597,-2187.6333897977,0.07481588590007959
FMNO_red_396_cutoff_0.0.inp.out,1365.0363550488203,-0.1302,0.1712,24.0090,0.0,-1320.2536886998,-85.21069242104461,862.216776230102,-2187.2611615996,0.09210061139992831
FMNO_red_397_cutoff_0.0.inp.out,1367.3139442437393,-0.1314,0.1611,21.9391,0.0,-1319.8037564228,563.2000425976628,-24.424972449957355,-2186.7948802592,0.09536462760024733
FMNO_red_398_cutoff_0.0.inp.out,1376.480569112943,-0.1222,0.1614,21.1446,0.0,-1320.0327093860,217.66237113741087,621.4023028970751,-2186.9947181359,0.08639954689988372
FMNO_red_399_cutoff_0.0.inp.out,1367.6624370273003,-0.1232,0.1591,22.1994,0.0,-1320.3637363412,-225.4906442000005,342.8510331000032,-2187.3463016806,0.08830761869967318
FMNO_red_39_cutoff_0.0.inp.out,1369.7210242328033,-0.1123,0.1651,20.3548,0.0,-1320.8625754166,291.5811757808831,25.059244919219548,-2187.7669907443,0.0778239512997061
FMNO_red_3_cutoff_0.0.inp.out,1364.5356944618793,-0.1200,0.1406,19.2944,0.0,-1320.7546679327,-302.835473235171,-1008.5211656501583,-2187.7170444286,0.08480694279978707
FMNO_red_400_cutoff_0.0.inp.out,1369.633444989349,-0.1178,0.1427,19.9796,0.0,-1319.9874375832,1052.7924975107878,2337.991154608337,-2186.9711306182,0.08323589739984527
FMNO_red_401_cutoff_0.0.inp.out,1369.251190500371,-0.1166,0.1578,21.5804,0.0,-1319.9102666993,25.759059118014733,1481.2483730908305,-2186.8925425489,0.07741917529983766
FMNO_red_402_cutoff_0.0.inp.out,1365.7287545583229,-0.1448,0.1421,21.8714,0.0,-1320.2567453370,2039.2819511999994,2309.870855300031,-2187.2850739216,0.10652421480017438
FMNO_red_403_cutoff_0.0.inp.out,1364.3092656842532,-0.1146,0.1653,22.0925,0.0,-1320.3204036067,18.75885248222005,-425.4639095704809,-2187.2817249761,0.07824625430021115
FMNO_red_404_cutoff_0.0.inp.out,1364.1679762809495,-0.0998,0.1661,20.2154,0.0,-1320.1727301302,-1535.9686069670672,-2207.3738267716126,-2187.1298786115,0.06678373810018456
FMNO_red_405_cutoff_0.0.inp.out,1370.8004060208868,-0.1226,0.1495,22.6479,0.0,-1320.5208240892,-1099.7412179296812,-1663.8661640321702,-2187.5037643756,0.08844988249984453
FMNO_red_406_cutoff_0.0.inp.out,1373.772532857137,-0.1441,0.1521,22.0987,0.0,-1320.4830715679,264.6634680362666,-40.310426689533244,-2187.4965203386,0.10692911590012955
FMNO_red_407_cutoff_0.0.inp.out,1372.9617339530032,-0.1336,0.1403,20.5079,0.0,-1320.5312231039,1391.511653999999,2200.18062630001,-2187.5231902829,0.09882316230005017
FMNO_red_408_cutoff_0.0.inp.out,1363.7586605405434,-0.1251,0.1582,20.3201,0.0,-1320.3064220260,1053.969904555979,-373.85792548265385,-2187.2608471876,0.09106986779988802
FMNO_red_409_cutoff_0.0.inp.out,1348.0492977511901,-0.1232,0.1723,23.9790,0.0,-1320.3077631039,56.02300400000053,2056.0979539999944,-2187.2857226332,0.08514579470011086
FMNO_red_40_cutoff_0.0.inp.out,1365.3291141739808,-0.1301,0.1608,21.7184,0.0,-1320.7853596518,245.80180800000002,1231.1629705859975,-2187.7043529378,0.09517264009991777
FMNO_red_410_cutoff_0.0.inp.out,1360.1486931925874,-0.1407,0.1400,23.6124,0.0,-1320.4181716973,2263.4011516761684,2308.134111176898,-2187.4457105847,0.10620872060007969
FMNO_red_411_cutoff_0.0.inp.out,1358.379071555872,-0.1420,0.1427,23.0372,0.0,-1320.0778020948,818.0084013000001,970.3648371999955,-2187.0696908143,0.10219856210005673
FMNO_red_412_cutoff_0.0.inp.out,1377.187795525377,-0.1144,0.1617,22.9346,0.0,-1320.3708235892,-460.86136500000066,-211.9187973,-2187.3732983263,0.07886002679970261
FMNO_red_413_cutoff_0.0.inp.out,1374.4334920021156,-0.1312,0.1540,21.9616,0.0,-1320.4989413099,-1411.8212882198736,-3092.996361103261,-2187.4679009954,0.0921901676001653
FMNO_red_414_cutoff_0.0.inp.out,1364.0654036730164,-0.1434,0.1584,23.2855,0.0,-1320.4155392812,831.240406419574,1166.7923690912075,-2187.4085639047,0.10475302389977514
FMNO_red_415_cutoff_0.0.inp.out,1366.290251825022,-0.1132,0.1470,23.3590,0.0,-1320.2943340305,-319.52796035464155,118.2391383778031,-2187.2873754265,0.07844181509972259
FMNO_red_416_cutoff_0.0.inp.out,1359.4029979029374,-0.1062,0.1700,24.1954,0.0,-1320.5201609228,-1151.8111499176925,-146.38460756862972,-2187.4993688884,0.06860799039986887
FMNO_red_417_cutoff_0.0.inp.out,1366.8087503732263,-0.1261,0.1411,23.8003,0.0,-1320.4815794396,1708.6558758000026,4400.167683399979,-2187.4725943063,0.09079305969999041
FMNO_red_418_cutoff_0.0.inp.out,1368.9114060905492,-0.1094,0.1699,23.1820,0.0,-1320.1787684321,-110.71838124385927,3086.8635412815875,-2187.1527771154,0.07233935869999186
FMNO_red_419_cutoff_0.0.inp.out,1366.560887208939,-0.1330,0.1481,22.6029,0.0,-1320.4142436666,1499.0586428398612,2779.3668426303548,-2187.4168246631,0.1001514309000413
FMNO_red_41_cutoff_0.0.inp.out,1358.337428567748,-0.1147,0.1649,23.3094,0.0,-1320.7655053193,358.8927710000011,1206.438897099998,-2187.6899618583,0.07631257679986447
FMNO_red_420_cutoff_0.0.inp.out,1370.7605770359269,-0.1110,0.1754,24.4976,0.0,-1320.3334380658,-496.7149811044841,860.6310527301928,-2187.3094825985,0.07090756270008569
FMNO_red_421_cutoff_0.0.inp.out,1370.4507335852204,-0.1203,0.1609,22.2969,0.0,-1319.9847450207,243.7370102999999,2285.1658703400035,-2186.9229126881,0.08306227250022857
FMNO_red_422_cutoff_0.0.inp.out,1366.9666166347138,-0.1206,0.1396,22.3139,0.0,-1320.0546837403,106.98081329999992,1604.2328487000068,-2187.0214642882,0.08387952779958141
FMNO_red_423_cutoff_0.0.inp.out,1363.8912237578131,-0.1014,0.1663,22.5431,0.0,-1320.3016497824,-255.97756150000114,39.13931149999956,-2187.2339827193,0.06986686749996807
FMNO_red_424_cutoff_0.0.inp.out,1362.9483239915141,-0.1325,0.1502,23.2424,0.0,-1319.9040021350,-132.4547998190697,-605.5400912777628,-2186.8912166971,0.09351771999990888
FMNO_red_425_cutoff_0.0.inp.out,1359.7107984709376,-0.1391,0.1582,24.1528,0.0,-1320.4039946415,1895.5559494121578,4966.336065158939,-2187.4067524094,0.09992436479979006
FMNO_red_426_cutoff_0.0.inp.out,1355.7497471164352,-0.1349,0.1536,24.2850,0.0,-1320.5589449748,2027.6559505539244,2636.01194610932,-2187.522072652,0.09866153450002457
FMNO_red_427_cutoff_0.0.inp.out,1356.5588299542462,-0.1234,0.1499,23.0374,0.0,-1320.5679326385,1401.8169314816682,3732.6499762462936,-2187.5261235728,0.08998980990008931
FMNO_red_428_cutoff_0.0.inp.out,1370.6111297591524,-0.1390,0.1487,22.4551,0.0,-1320.4224191307,1116.2510835478024,2318.9906082570747,-2187.4410698261,0.10441836459995102
FMNO_red_429_cutoff_0.0.inp.out,1369.0070755642398,-0.1260,0.1522,22.0529,0.0,-1320.3249429083,1523.8739889459289,2115.876020239503,-2187.2461526552,0.09585904360028508
FMNO_red_42_cutoff_0.0.inp.out,1358.2815249808536,-0.1134,0.1436,20.4593,0.0,-1320.8324379145,2399.5008356000053,4906.756171360042,-2187.7895006524,0.08415230709988464
FMNO_red_430_cutoff_0.0.inp.out,1371.8499184785044,-0.1388,0.1558,24.9721,0.0,-1320.3041312052,2174.6601103377134,4770.25258274263,-2187.2665584633,0.10112683050010673
FMNO_red_431_cutoff_0.0.inp.out,1362.2812430495935,-0.1312,0.1478,23.8242,0.0,-1320.2023451833,1100.0731572999985,2099.2972001999924,-2187.1277064485,0.09107540790000712
FMNO_red_432_cutoff_0.0.inp.out,1367.9127987586082,-0.1097,0.1624,22.4385,0.0,-1320.4063606034,213.97742906578551,2192.4498272307737,-2187.3639220119,0.07316949940013728
FMNO_red_433_cutoff_0.0.inp.out,1362.9007728538202,-0.1383,0.1519,24.0960,0.0,-1320.6534917266,2496.1524520000003,5013.641056000004,-2187.6352768408,0.099488298900269
FMNO_red_434_cutoff_0.0.inp.out,1367.1687391876483,-0.1195,0.1695,21.8562,0.0,-1320.7443519297,-334.07195592771205,-450.7255310040187,-2187.6899459518,0.08076400719983212
FMNO_red_435_cutoff_0.0.inp.out,1364.1968578905519,-0.1208,0.1610,22.9715,0.0,-1320.2627704626,-27.775725775697325,478.5618813814032,-2187.2300837503,0.08775057989987545
FMNO_red_436_cutoff_0.0.inp.out,1368.5325741456768,-0.1420,0.1535,22.6130,0.0,-1320.4966602332,1556.2669344000064,2866.9690547399896,-2187.4156005221,0.10431592050008476
FMNO_red_437_cutoff_0.0.inp.out,1372.8210469983478,-0.1285,0.1489,20.5864,0.0,-1320.9418101857,544.5914252000002,-11.189986953399801,-2187.955659334,0.0942441690999658
FMNO_red_438_cutoff_0.0.inp.out,1371.1970209689187,-0.1128,0.1631,20.2732,0.0,-1320.7363596519,-60.884906769570016,-736.4029735030053,-2187.6990272156,0.07859887779977726
FMNO_red_439_cutoff_0.0.inp.out,1362.5782825547606,-0.1301,0.1486,20.0541,0.0,-1320.5548358020,460.0256679738712,121.985665014213,-2187.5512333997,0.09316542119995574
FMNO_red_43_cutoff_0.0.inp.out,1362.47393924575,-0.1226,0.1470,22.2728,0.0,-1321.1722774142,-238.1412530295084,-642.7970737022839,-2188.1439414843,0.08695997919994625
FMNO_red_440_cutoff_0.0.inp.out,1365.0420474206567,-0.1108,0.1679,19.5601,0.0,-1320.4982077197,-929.9798574000004,-1009.4595307300015,-2187.4581192476,0.07668940360008492
FMNO_red_441_cutoff_0.0.inp.out,1361.1426329575309,-0.1240,0.1328,20.2410,0.0,-1320.4496272831,631.3481050012641,-618.0057431860424,-2187.4075718744,0.08864241330002187
FMNO_red_442_cutoff_0.0.inp.out,1365.758912102983,-0.0946,0.1493,19.3489,0.0,-1320.4495141384,-2583.8252668226887,-3925.012530048601,-2187.4003026204,0.05905580760008888
FMNO_red_443_cutoff_0.0.inp.out,1365.7917665490597,-0.1127,0.1451,19.4953,0.0,-1320.3495872045,-678.9575784124398,-357.710124928821,-2187.3041893975,0.08147112310007287
FMNO_red_444_cutoff_0.0.inp.out,1358.9809912591113,-0.1041,0.1565,21.3887,0.0,-1320.5675422536,-1207.1813431801377,-1335.51505631372,-2187.5286659765,0.07160171539999283
FMNO_red_445_cutoff_0.0.inp.out,1367.296349234014,-0.1028,0.1621,22.9344,0.0,-1320.5597196821,-1930.6088507745812,-3151.994972197458,-2187.5356025264,0.06794652429971393
FMNO_red_446_cutoff_0.0.inp.out,1368.259687084618,-0.1080,0.1684,22.0680,0.0,-1320.7271912763,-847.5336045000021,-914.3828789999948,-2187.6918446678,0.07396925850025582
FMNO_red_447_cutoff_0.0.inp.out,1371.2281167889073,-0.1096,0.1646,23.6629,0.0,-1320.4484182191,-1261.0554329433098,-1268.211841986896,-2187.4463719521,0.06979829919964686
FMNO_red_448_cutoff_0.0.inp.out,1369.6448286804518,-0.1147,0.1601,22.4148,0.0,-1320.8380274088,-539.4866587261156,-570.7053886048274,-2187.8383433902,0.07936888089989225
FMNO_red_449_cutoff_0.0.inp.out,1360.7543938569136,-0.1223,0.1666,22.2539,0.0,-1320.6757544949,-470.47322287275193,-714.9212834205667,-2187.6579980931,0.08330804600018382
FMNO_red_44_cutoff_0.0.inp.out,1366.1591460583618,-0.1197,0.1596,22.5908,0.0,-1320.5516187065,-293.3750406246657,539.5817342677233,-2187.4955778191,0.08399333599982128
FMNO_red_450_cutoff_0.0.inp.out,1373.475856571083,-0.1105,0.1548,19.9132,0.0,-1321.0104792201,-862.4372661104409,-1027.0507604384786,-2187.9542392248,0.07517301810003119
FMNO_red_451_cutoff_0.0.inp.out,1371.821696192182,-0.1225,0.1541,22.3292,0.0,-1321.0640130038,527.9773469272878,-420.3742201188752,-2188.0444138439,0.08801582840033007
FMNO_red_452_cutoff_0.0.inp.out,1361.162300119548,-0.1106,0.1871,24.8231,0.0,-1320.8046856817,-1892.1442774538293,-1681.463187835136,-2187.7677069166,0.07329007659973286
FMNO_red_453_cutoff_0.0.inp.out,1356.0175696930849,-0.1055,0.1745,21.6925,0.0,-1320.7010132325,-726.5404806161306,-1036.346808092241,-2187.6271230039,0.07467353300035029
FMNO_red_454_cutoff_0.0.inp.out,1365.3190463754552,-0.0954,0.1690,21.5397,0.0,-1320.8012369438,-515.6506131999993,501.63928139999956,-2187.7422232357,0.0628034300998479
FMNO_red_455_cutoff_0.0.inp.out,1365.4992016308659,-0.1113,0.1612,21.2405,0.0,-1320.9153326680,-1262.8783881203517,-3809.38218661401,-2187.843400577,0.07922840099990935
FMNO_red_456_cutoff_0.0.inp.out,1367.277656313181,-0.1108,0.1622,21.7895,0.0,-1320.7109597102,-1450.2801601464646,-1625.8537786540335,-2187.6556748772,0.07685940510009459
FMNO_red_457_cutoff_0.0.inp.out,1368.0021188827372,-0.1282,0.1648,21.9633,0.0,-1320.7861723625,479.4378508373703,-573.1597869592108,-2187.7249442137,0.09544826650017058
FMNO_red_458_cutoff_0.0.inp.out,1362.6983182906129,-0.0917,0.1827,19.8796,0.0,-1321.1242062137,-2500.0379068912202,-2827.1972697663587,-2188.0518933643,0.05916246939978009
FMNO_red_459_cutoff_0.0.inp.out,1365.2934278860712,-0.1010,0.1407,19.9624,0.0,-1320.6704368040,-77.18946899999983,-1361.5549638800087,-2187.5828597338,0.07049317769997288
FMNO_red_45_cutoff_0.0.inp.out,1361.263521920579,-0.1055,0.1678,23.3397,0.0,-1320.6894196305,370.8210335785959,2055.650536677403,-2187.6240714107,0.07734718739993696
FMNO_red_460_cutoff_0.0.inp.out,1366.7580365837828,-0.1093,0.1661,21.7183,0.0,-1321.0016565706,-280.469198168917,259.85933466907494,-2187.9456892865,0.07689913039985186
FMNO_red_461_cutoff_0.0.inp.out,1371.5012651235709,-0.1095,0.1658,23.0733,0.0,-1320.8664325358,-1498.7990587975619,-2433.2138036113647,-2187.8075940356,0.07163754260000132
FMNO_red_462_cutoff_0.0.inp.out,1368.722170554035,-0.1112,0.1819,21.9515,0.0,-1320.9731224839,-1630.8658505105072,-2108.5588786607477,-2187.8941159547,0.07589445260009597
FMNO_red_463_cutoff_0.0.inp.out,1363.8849856368438,-0.1107,0.1523,19.4431,0.0,-1320.6376473438,-760.4061020753398,-1968.11348521151,-2187.5226204148,0.0772483407999971
FMNO_red_464_cutoff_0.0.inp.out,1366.6617102187176,-0.1272,0.1399,20.2325,0.0,-1320.6620911044,-810.5726137748641,-2527.546200138649,-2187.5702458988,0.09019274840011349
FMNO_red_465_cutoff_0.0.inp.out,1371.57718755197,-0.1049,0.1485,20.4901,0.0,-1320.4355022950,-1091.9097210086236,-4143.131049486916,-2187.3752317008,0.06974786740011041
FMNO_red_466_cutoff_0.0.inp.out,1363.1628399443089,-0.1154,0.1529,20.4537,0.0,-1320.6563622625,-846.2814163599985,-1317.4479669999926,-2187.5998321237,0.07620727829998941
FMNO_red_467_cutoff_0.0.inp.out,1367.51100985191,-0.1090,0.1709,21.3523,0.0,-1320.8427467915,-2136.3568900514438,-4346.8904564722425,-2187.7740757852,0.07636197559986613
FMNO_red_468_cutoff_0.0.inp.out,1366.8035174708266,-0.1147,0.1584,21.5479,0.0,-1320.3142381285,-1201.291827699997,-2091.922840870012,-2187.2107289126,0.07831758060001448
FMNO_red_469_cutoff_0.0.inp.out,1359.0238251833637,-0.1198,0.1670,22.0269,0.0,-1320.1929481322,-490.4720649999993,-777.8784808599944,-2187.0922307664,0.08754605180001818
FMNO_red_46_cutoff_0.0.inp.out,1360.6900949096087,-0.1415,0.1397,23.5420,0.0,-1320.6432322493,1822.8373769999966,2934.1355009999706,-2187.6094789449,0.1039442484002393
FMNO_red_470_cutoff_0.0.inp.out,1368.411484823766,-0.1336,0.1629,23.7423,0.0,-1320.3065911901,161.23707079999906,167.34806954299984,-2187.2800196715,0.09875323210007991
FMNO_red_471_cutoff_0.0.inp.out,1362.5917249844647,-0.1590,0.1583,25.7242,0.0,-1320.1258145304,21.792995999999956,-492.7427338100003,-2187.0803922891,0.11623947429961845
FMNO_red_472_cutoff_0.0.inp.out,1355.0631490017356,-0.1123,0.1477,22.0855,0.0,-1320.2420551942,-87.003233989515,-1813.1166296337935,-2187.1309488968,0.08706088239978271
FMNO_red_473_cutoff_0.0.inp.out,1362.4353686674378,-0.1281,0.1579,22.9555,0.0,-1320.2286921196,-1630.4875234858878,-2166.2161034539517,-2187.1239462161,0.08862001009993037
FMNO_red_474_cutoff_0.0.inp.out,1363.230264664561,-0.1312,0.1550,21.1201,0.0,-1320.3720763606,-2165.1530122973672,-2438.9836664575682,-2187.2460170475,0.09637969110008271
FMNO_red_475_cutoff_0.0.inp.out,1362.6227784680286,-0.1013,0.1549,20.4621,0.0,-1320.4183314562,-1753.5135970201818,-1161.16717885971,-2187.2858867798,0.07028595269957805
FMNO_red_476_cutoff_0.0.inp.out,1363.2584359583032,-0.1286,0.1606,22.5068,0.0,-1320.1774229899,-1889.3493049999972,-3041.210267500014,-2187.059345777,0.08916055550025703
FMNO_red_477_cutoff_0.0.inp.out,1351.3314037752114,-0.1250,0.1623,21.4280,0.0,-1320.5584630653,9.851909899999562,19.374560399999623,-2187.430417519,0.08890090239992787
FMNO_red_478_cutoff_0.0.inp.out,1360.5733499818107,-0.1252,0.1472,21.0481,0.0,-1320.1675316336,41.16534522569713,-1302.16368848588,-2187.011844474,0.09178742110043459
FMNO_red_479_cutoff_0.0.inp.out,1363.6173737279883,-0.1643,0.1280,22.8023,0.0,-1320.2688425306,2719.3342000000034,4843.243362500011,-2187.1856501089,0.12706385759975092
FMNO_red_47_cutoff_0.0.inp.out,1364.8507720421348,-0.1144,0.1675,20.4636,0.0,-1320.5314445292,523.865673592305,2466.4334903782456,-2187.4662113282,0.08177400949989533
FMNO_red_480_cutoff_0.0.inp.out,1364.2012374095182,-0.1073,0.1445,17.7702,0.0,-1320.7201045135,1093.0094096000012,2716.4683385000026,-2187.5593807792,0.08169509310027934
FMNO_red_481_cutoff_0.0.inp.out,1369.9607007419077,-0.1376,0.1548,21.7121,0.0,-1320.7162738005,194.07350154622645,1790.4285530199559,-2187.5458074184,0.09669744420034476
FMNO_red_482_cutoff_0.0.inp.out,1367.633531097365,-0.1036,0.1612,20.1485,0.0,-1320.3856038409,173.90671284000015,1839.6122514200072,-2187.1882908497,0.07295295750009245
FMNO_red_483_cutoff_0.0.inp.out,1368.6606457688097,-0.1196,0.1748,21.7408,0.0,-1320.6207424531,-540.2079096073683,-242.26452136428048,-2187.5375222889,0.08110325340021518
FMNO_red_484_cutoff_0.0.inp.out,1363.5052120080202,-0.1134,0.1701,22.3983,0.0,-1320.3383922074,-182.9661600336573,177.07089860892546,-2187.1418938788,0.08172429640035261
FMNO_red_485_cutoff_0.0.inp.out,1364.34283269624,-0.0999,0.1533,22.5156,0.0,-1320.7563672024,-1622.510123999996,-2203.3029329999877,-2187.6256829494,0.06766728030015656
FMNO_red_486_cutoff_0.0.inp.out,1358.9098881851255,-0.1025,0.1638,21.8799,0.0,-1320.2823248509,-996.359084639919,1311.846625152061,-2187.1339746914,0.06541909040015526
FMNO_red_48_cutoff_0.0.inp.out,1367.7523365200018,-0.1140,0.1769,21.2915,0.0,-1320.6513124673,-123.29696029683737,2327.154786902467,-2187.5591832134,0.07380823150015203
FMNO_red_49_cutoff_0.0.inp.out,1371.9716349024836,-0.1117,0.1472,20.6630,0.0,-1320.4093157650,1561.5948095932476,2623.0312897286635,-2187.3172443199,0.07744637919995512
FMNO_red_4_cutoff_0.0.inp.out,1361.293630439535,-0.0938,0.1409,18.8918,0.0,-1320.7193736819,-535.3354286687184,93.92706935376351,-2187.6748173955,0.06168287939999573
FMNO_red_50_cutoff_0.0.inp.out,1372.9416422461052,-0.1270,0.1496,20.5487,0.0,-1320.9321346600,446.4822890627919,-159.53110906157968,-2187.9473534811,0.092852809699707
FMNO_red_51_cutoff_0.0.inp.out,1369.232662797395,-0.1105,0.1592,20.7675,0.0,-1320.7622296713,-785.1852805567711,-762.3184954486276,-2187.7331367266,0.07524745589989834
FMNO_red_52_cutoff_0.0.inp.out,1361.5874184876966,-0.1397,0.1318,19.1682,0.0,-1320.8365285769,1764.194826503288,1191.0906894138693,-2187.8228082709,0.10506922290005605
FMNO_red_53_cutoff_0.0.inp.out,1363.500400924763,-0.1274,0.1427,21.5675,0.0,-1321.0909288225,481.0566985000009,1119.8538948199955,-2188.076900356,0.0913024028000109
FMNO_red_54_cutoff_0.0.inp.out,1365.6230911794382,-0.1273,0.1582,21.0730,0.0,-1320.7485490991,668.8607603600915,1318.0536613523414,-2187.7420631398,0.09072021459996904
FMNO_red_55_cutoff_0.0.inp.out,1369.0897390807954,-0.1399,0.1464,21.4494,0.0,-1320.4639355952,-499.33026225000026,-521.2906994999992,-2187.4712011343,0.1001942527996107
FMNO_red_56_cutoff_0.0.inp.out,1363.5502426586543,-0.1324,0.1387,21.5343,0.0,-1320.3706643689,1046.8300417000025,195.90306960000024,-2187.3702155751,0.09735213920021124
FMNO_red_57_cutoff_0.0.inp.out,1364.7072120982466,-0.1323,0.1277,21.3042,0.0,-1320.4264657598,274.7587530409739,1680.781841816473,-2187.399547716,0.0950931347997539
FMNO_red_58_cutoff_0.0.inp.out,1362.184051972668,-0.1247,0.1382,19.5224,0.0,-1320.5270064298,193.51260853608392,-1180.3671785909214,-2187.482219836,0.09190047789979872
FMNO_red_59_cutoff_0.0.inp.out,1364.847528676848,-0.1226,0.1401,19.3049,0.0,-1320.2318460686,643.4196318581629,868.3468793027747,-2187.1946290339,0.0876789115000065
FMNO_red_5_cutoff_0.0.inp.out,1366.0926720284094,-0.1309,0.1380,20.3668,0.0,-1320.8166988953,1834.5885297155985,2846.955569777485,-2187.7795438022,0.09196963980002693
FMNO_red_60_cutoff_0.0.inp.out,1363.6118777771817,-0.1205,0.1577,22.3926,0.0,-1319.9528911195,-884.7880146724893,-1556.5401128739995,-2186.9052589144,0.08423006010025347
FMNO_red_61_cutoff_0.0.inp.out,1353.1964954520365,-0.1118,0.1618,21.5557,0.0,-1320.0038278010,-657.6362927247877,-831.2774331418055,-2186.9615804822,0.07695242940008029
FMNO_red_62_cutoff_0.0.inp.out,1360.2188299847417,-0.1346,0.1338,21.0535,0.0,-1320.0527737247,596.379047431777,10.068247074651483,-2187.0027379086,0.09969570260000182
FMNO_red_63_cutoff_0.0.inp.out,1368.9077084768003,-0.1303,0.1482,22.2432,0.0,-1320.0486479628,-408.0650319999998,-1738.387265900001,-2187.0579829668,0.09599862789991676
FMNO_red_64_cutoff_0.0.inp.out,1360.8376497403399,-0.1017,0.1524,20.4866,0.0,-1319.9209537168,11.37492174979764,773.966828930565,-2186.8854541645,0.07601884830000927
FMNO_red_65_cutoff_0.0.inp.out,1370.9679455343737,-0.1237,0.1754,22.0163,0.0,-1320.2558282928,-1015.9465264028822,-1080.869428956813,-2187.2474795251,0.08572814620038116
FMNO_red_66_cutoff_0.0.inp.out,1360.8067429693544,-0.1371,0.1535,22.1596,0.0,-1320.2820676721,246.4351949349482,365.8694015690339,-2187.2557406958,0.1022398083000553
FMNO_red_67_cutoff_0.0.inp.out,1359.5629722782248,-0.1145,0.1543,21.6213,0.0,-1320.1771006783,-755.1089964082413,-1894.6909068890177,-2187.1410851007,0.08375040100008846
FMNO_red_68_cutoff_0.0.inp.out,1360.4435432202204,-0.1429,0.1503,22.7653,0.0,-1320.0600156861,354.08788752280765,545.823736870341,-2187.0174061471,0.10355491259997507
FMNO_red_69_cutoff_0.0.inp.out,1360.624686312334,-0.1195,0.1661,22.6939,0.0,-1320.1790970029,-441.4913259582391,-953.1028722962454,-2187.1510604263,0.084078084000339
FMNO_red_6_cutoff_0.0.inp.out,1366.3109775058713,-0.0956,0.1544,19.0792,0.0,-1320.5889984941,-302.1021174018164,1656.7496111479581,-2187.5227445205,0.06597148650007512
FMNO_red_70_cutoff_0.0.inp.out,1365.4573435715836,-0.1186,0.1502,20.2633,0.0,-1320.1603724904,970.282860599998,1548.8339704999948,-2187.1279813735,0.08469628659986483
FMNO_red_71_cutoff_0.0.inp.out,1364.3399038894916,-0.1506,0.1409,22.5549,0.0,-1320.2993960201,689.1994755987876,194.7957410455458,-2187.2975239416,0.10969021860000794
FMNO_red_72_cutoff_0.0.inp.out,1358.9983858228074,-0.1268,0.1436,21.5231,0.0,-1320.3317495488,1756.6743069115812,714.4399972471363,-2187.3037458958,0.09325040019984954
FMNO_red_73_cutoff_0.0.inp.out,1362.822127121674,-0.1379,0.1415,22.1340,0.0,-1320.1972971932,2084.6215266194363,1444.6768556754064,-2187.1864980461,0.10682472619964756
FMNO_red_74_cutoff_0.0.inp.out,1367.9403854865184,-0.1540,0.1133,19.9859,0.0,-1320.1444434106,2261.841952999993,2562.356993353014,-2187.1088976292,0.11750337200010108
FMNO_red_75_cutoff_0.0.inp.out,1368.7855438243569,-0.1203,0.1554,19.0624,0.0,-1320.3331914690,-399.8967554119118,-934.7009399683427,-2187.2562549384,0.08815227889999733
FMNO_red_76_cutoff_0.0.inp.out,1367.2912632655086,-0.1193,0.1632,19.7899,0.0,-1320.1669044103,719.144894086909,2031.150276392425,-2187.0915073232,0.08250052609992053
FMNO_red_77_cutoff_0.0.inp.out,1356.4559686562798,-0.1099,0.1766,19.8249,0.0,-1320.4645388863,511.42373547322387,3660.876261932618,-2187.3576372228,0.07588504319983258
FMNO_red_78_cutoff_0.0.inp.out,1372.1675930200377,-0.1128,0.1555,20.6842,0.0,-1320.1308113529,2694.7221705448906,6358.312257350042,-2187.0421477488,0.08120492019997982
FMNO_red_79_cutoff_0.0.inp.out,1369.4385396346393,-0.1135,0.1658,19.9607,0.0,-1320.2972035603,381.6822207818403,3477.9360844325906,-2187.2400233371,0.08096749129981617
FMNO_red_7_cutoff_0.0.inp.out,1367.3146955227733,-0.1255,0.1389,20.6917,0.0,-1320.4335037239,1613.6284869999945,896.8454276999983,-2187.4482385008,0.08962676819965054
FMNO_red_80_cutoff_0.0.inp.out,1364.927365412081,-0.1289,0.1579,20.5640,0.0,-1319.8898736173,1158.0392259169187,1722.8187423556285,-2186.8285856769,0.09287620429995513
FMNO_red_81_cutoff_0.0.inp.out,1363.2271341665082,-0.0992,0.1724,20.3845,0.0,-1320.2545552045,-2083.2430437548746,-3065.0520088449193,-2187.1701131068,0.0699577044997568
FMNO_red_82_cutoff_0.0.inp.out,1350.4371823653676,-0.1211,0.1718,21.3433,0.0,-1320.0307464888,91.62763241627779,1792.6790992665626,-2186.9650722271,0.08294561489992702
FMNO_red_83_cutoff_0.0.inp.out,1356.6091554628354,-0.1357,0.1581,23.0985,0.0,-1320.1230703496,699.8238749999987,906.8114409999998,-2187.0469528258,0.10412729849986135
FMNO_red_84_cutoff_0.0.inp.out,1348.245355200938,-0.1258,0.1593,23.6117,0.0,-1320.4751701637,1195.3324856601919,2542.1342142682656,-2187.4346783642,0.09471652320007706
FMNO_red_85_cutoff_0.0.inp.out,1358.5079962806844,-0.1235,0.1579,22.8405,0.0,-1319.8949510716,493.94421582820155,1335.6133864281442,-2186.8450699567,0.09311952840016602
FMNO_red_86_cutoff_0.0.inp.out,1362.2050716200013,-0.1274,0.1548,20.6036,0.0,-1319.9253835626,766.2887701880034,-105.7054097053024,-2186.9142218699,0.09675150139992184
FMNO_red_87_cutoff_0.0.inp.out,1365.867136962498,-0.1139,0.1748,21.1849,0.0,-1319.8385079019,-583.4964367000022,-1374.7184219999967,-2186.7525865008,0.07652554430023883
FMNO_red_88_cutoff_0.0.inp.out,1362.2520226042425,-0.1123,0.1751,21.2829,0.0,-1319.8833085076,-1240.775289223469,-2590.048429948983,-2186.8093040309,0.07499980859984134
FMNO_red_89_cutoff_0.0.inp.out,1358.6438822949779,-0.1171,0.1692,21.4726,0.0,-1319.9586579534,-988.0368629223218,-1724.4434958061051,-2186.8718999773,0.07949547740008711
FMNO_red_8_cutoff_0.0.inp.out,1371.0529069532513,-0.0937,0.1619,23.1321,0.0,-1320.4180671368,-1086.4388574377772,-356.3054616051068,-2187.3873274436,0.060840605100111134
FMNO_red_90_cutoff_0.0.inp.out,1366.5950851226407,-0.1203,0.1525,19.8736,0.0,-1320.0311230903,833.7025973017641,1160.8199543687879,-2186.9405640771,0.08182507330002409
FMNO_red_91_cutoff_0.0.inp.out,1365.1931544998333,-0.1458,0.1518,20.8828,0.0,-1320.2443182645,374.8395327600924,-872.9186219805046,-2187.177642764,0.1090956033999646
FMNO_red_92_cutoff_0.0.inp.out,1366.8246838642174,-0.1097,0.1567,19.5344,0.0,-1320.3901881300,-707.9178414000012,-3089.648088999995,-2187.2976943688,0.07548056809991976
FMNO_red_93_cutoff_0.0.inp.out,1367.638951843296,-0.1191,0.1720,20.3954,0.0,-1320.3574192570,-1627.7276837260597,-1970.8060258040498,-2187.2895294622,0.07685087710024163
FMNO_red_94_cutoff_0.0.inp.out,1365.7391281586017,-0.1176,0.1587,21.5883,0.0,-1320.5757397792,-492.7448784877859,-2767.367938724794,-2187.4972458128,0.08083027410020804
FMNO_red_95_cutoff_0.0.inp.out,1357.7846086987827,-0.1092,0.1675,20.6402,0.0,-1320.0827840567,-198.03244232660123,-1601.5948933539505,-2187.0039247494,0.07376661930038608
FMNO_red_96_cutoff_0.0.inp.out,1365.0970555301656,-0.1145,0.1688,20.9091,0.0,-1320.2052068938,1.8836263491030625,555.6469060542847,-2187.1512611117,0.07609090980031397
FMNO_red_97_cutoff_0.0.inp.out,1368.355370534752,-0.1279,0.1664,20.1805,0.0,-1320.1582637108,-37.15675268634561,-2509.5087199725403,-2187.1186819983,0.09190316149988575
FMNO_red_98_cutoff_0.0.inp.out,1368.755135847679,-0.1146,0.1631,21.2341,0.0,-1319.9201853890,-1265.0019029987427,-3230.6709639290025,-2186.8871111423,0.08180105869996623
FMNO_red_99_cutoff_0.0.inp.out,1365.901153792009,-0.1040,0.1788,22.0094,0.0,-1319.9114152803,-3036.749230486313,-5132.447266873987,-2186.8517805337,0.06759277419996579
FMNO_red_9_cutoff_0.0.inp.out,1368.981912444772,-0.1161,0.1589,22.5922,0.0,-1320.5498878685,590.6469353463445,1832.9992036973729,-2187.5610328111,0.08015995670029952
