file_name,NRE,HOMO,LUMO,Dipole_mom,Num_waters,chg_chg,elec5,elec10,delE_hf,delE_dft
FMNO_red_0_cutoff_7.5.inp.out,1372.8210469983478,-0.1418,0.1418,13.4890,48.0,-1304.2979230399,544.5918101295955,-11.161259338761779,-5821.1245330506,0.10336397290029709
FMNO_red_100_cutoff_7.5.inp.out,1372.9205702060447,-0.1410,0.1424,13.4692,48.0,-1304.2942109220,507.01733649999477,-105.97838488999986,-5821.1203794669,0.10259976430006645
FMNO_red_101_cutoff_7.5.inp.out,1370.0948664462128,-0.1335,0.1568,23.2643,48.0,-1304.1288783049,-533.5176663621259,-840.7352803276651,-5820.978443997,0.09430936719945748
FMNO_red_102_cutoff_7.5.inp.out,1363.2845823323455,-0.1546,0.1258,22.4021,45.0,-1305.2736296006,1484.724415613395,3109.942959043106,-5594.0430408754,0.11701316380003846
FMNO_red_103_cutoff_7.5.inp.out,1363.554179849745,-0.1489,0.1442,19.4136,44.0,-1305.5227622220,565.6220714773518,-16.20140939857431,-5518.2099109347,0.10923833879951417
FMNO_red_104_cutoff_7.5.inp.out,1369.5822254367947,-0.1594,0.1326,24.4714,46.0,-1305.1652512644,1413.9384030711722,2949.22520053859,-5669.8427434449,0.11707562510036951
FMNO_red_105_cutoff_7.5.inp.out,1370.782939357708,-0.1447,0.1622,20.3517,48.0,-1303.6266550978,-1360.0804204465064,-423.00821941153254,-5820.4493317444,0.10294069899919123
FMNO_red_106_cutoff_7.5.inp.out,1372.5357019466765,-0.1382,0.1489,17.4413,48.0,-1304.3015264292,-889.3812239999976,472.75429139999346,-5821.0055312513,0.10390401929998916
FMNO_red_107_cutoff_7.5.inp.out,1374.963301369993,-0.1465,0.1612,16.0341,48.0,-1303.9347738591,-1186.4095083142706,-441.84515488853714,-5820.6563182963,0.1068093741996563
FMNO_red_108_cutoff_7.5.inp.out,1363.9438784867,-0.1381,0.1520,26.7636,49.0,-1303.5874347449,-150.0179330859155,308.3130190573869,-5896.3505926742,0.09891936809981416
FMNO_red_109_cutoff_7.5.inp.out,1361.6254985353842,-0.1196,0.1499,23.1915,49.0,-1303.9043533594,-835.9363505693588,-1510.4787976415619,-5896.7248300024,0.08524397549990681
FMNO_red_10_cutoff_7.5.inp.out,1369.074897073785,-0.1342,0.1431,44.4662,49.0,-1303.7804218126,-29.394728625241882,2357.491224866442,-5896.6288987829,0.0948950046004029
FMNO_red_110_cutoff_7.5.inp.out,1368.1295488539938,-0.1253,0.1407,23.5093,51.0,-1303.0943370657,-1051.3025121014732,-1172.9174263162395,-6047.9441454282,0.08858419610078272
FMNO_red_111_cutoff_7.5.inp.out,1359.4142129299198,-0.1140,0.1539,20.3077,45.0,-1305.3807104828,-1649.8791532191888,-1685.0340489642538,-5594.0081991932,0.07779031729933195
FMNO_red_112_cutoff_7.5.inp.out,1367.8010002775948,-0.1487,0.1516,19.4083,46.0,-1304.6835383902,-387.9189496695936,-1086.3675043526364,-5669.3673818967,0.10748404650075827
FMNO_red_113_cutoff_7.5.inp.out,1364.792032901073,-0.1561,0.1417,25.5576,45.0,-1305.0093129901,604.9348584672977,-605.4231714239265,-5593.6544722483,0.11841796950011485
FMNO_red_114_cutoff_7.5.inp.out,1361.0437728038453,-0.1355,0.1602,27.2364,49.0,-1303.2015704790,-1784.1089677749148,-3467.768477649236,-5896.0383278354,0.09476894149975124
FMNO_red_115_cutoff_7.5.inp.out,1362.7018402097176,-0.1320,0.1418,26.8575,50.0,-1303.0312249877,-37.05634791254749,-997.3237026434214,-5971.9469240309,0.096222570300597
FMNO_red_116_cutoff_7.5.inp.out,1359.1005436171754,-0.1137,0.1675,19.9590,46.0,-1304.5937939585,-2780.33430533152,-3801.53863877481,-5669.2776684731,0.07387948319956195
FMNO_red_117_cutoff_7.5.inp.out,1368.7442250605284,-0.1432,0.1473,29.7616,48.0,-1303.7952736769,134.570795850617,-245.9823945058247,-5820.6571096672,0.10354454099979193
FMNO_red_118_cutoff_7.5.inp.out,1376.7904155164877,-0.1309,0.1408,27.9708,45.0,-1304.6277351828,-129.0525214473478,-1790.929942668281,-5593.4166286282,0.09806662880055228
FMNO_red_119_cutoff_7.5.inp.out,1361.7494356231687,-0.1329,0.1529,23.2892,47.0,-1303.9685013302,-1174.201495175224,-947.9594345470846,-5744.7716628683,0.09571439369938162
FMNO_red_11_cutoff_7.5.inp.out,1366.7077213422979,-0.1144,0.1445,41.4631,49.0,-1303.4051140682,-202.2073939844029,383.4457974068727,-5896.2304546936,0.07799574029922951
FMNO_red_120_cutoff_7.5.inp.out,1369.6066671493095,-0.1178,0.1486,32.6695,45.0,-1304.7567911361,20.71305921303903,-1095.4787044776135,-5593.5752494527,0.08346491620068264
FMNO_red_121_cutoff_7.5.inp.out,1354.2359181488544,-0.1437,0.1421,27.2562,45.0,-1304.7335645335,1194.2444894239306,1331.4221726851179,-5593.4868520446,0.1049562916996365
FMNO_red_122_cutoff_7.5.inp.out,1359.287057303805,-0.1445,0.1421,33.0568,46.0,-1304.4229402638,-952.164330451708,-3464.0732489148213,-5669.2193138492,0.09973673090007651
FMNO_red_123_cutoff_7.5.inp.out,1364.9797422495506,-0.1170,0.1567,33.0980,46.0,-1304.5416712066,178.25050099828417,701.1687212789633,-5669.2699846305,0.08034406660044624
FMNO_red_124_cutoff_7.5.inp.out,1364.5246910530743,-0.1139,0.1373,21.3301,46.0,-1304.5347291942,-989.4493411399478,-2202.1573575002762,-5669.2523694657,0.08010603660022753
FMNO_red_125_cutoff_7.5.inp.out,1364.5346602526665,-0.1392,0.1366,24.8662,44.0,-1305.1003366345,119.495993503888,-966.6698829291543,-5517.7179112989,0.09940754029958043
FMNO_red_126_cutoff_7.5.inp.out,1358.1441790718386,-0.1113,0.1508,26.2280,41.0,-1306.2669297662,-409.5934263211966,-2212.5270824750583,-5290.8143942136,0.07836660690009012
FMNO_red_127_cutoff_7.5.inp.out,1368.5153299859849,-0.1124,0.1621,28.3425,45.0,-1304.6823168469,-2104.8317930109856,-2677.8364658368127,-5593.4079203632,0.07677004210017913
FMNO_red_128_cutoff_7.5.inp.out,1361.283096380643,-0.1439,0.1571,26.6370,50.0,-1303.2418931866,-1708.1948487520624,-3943.269089013277,-5972.1518252919,0.10449902989967086
FMNO_red_129_cutoff_7.5.inp.out,1370.1637811615299,-0.1085,0.1581,30.8620,52.0,-1302.3616986744,-1915.0916129999946,-3499.655963999993,-6123.2541483733,0.0724767930996677
FMNO_red_12_cutoff_7.5.inp.out,1373.2040606470066,-0.1279,0.1334,42.3942,46.0,-1304.8396641113,703.4513791251802,1578.0742549524798,-5669.5531501484,0.09068587240017223
FMNO_red_130_cutoff_7.5.inp.out,1372.769830488573,-0.1338,0.1467,28.8512,49.0,-1303.8650274760,-491.92464548732386,-2593.5289210474034,-5896.587567663,0.09685426089981775
FMNO_red_131_cutoff_7.5.inp.out,1369.5726734475734,-0.1405,0.1518,23.4330,48.0,-1304.1062925712,-622.7333998356924,-2645.586431465375,-5820.8511020799,0.10202263699920877
FMNO_red_132_cutoff_7.5.inp.out,1370.8372385115917,-0.1116,0.1665,28.5533,50.0,-1303.5891509757,-1737.1718406595428,-3151.6128651010285,-5972.3770163419,0.07298291369988874
FMNO_red_133_cutoff_7.5.inp.out,1364.5462991065558,-0.1477,0.1457,18.5460,53.0,-1302.2523314134,-188.73969595576486,-3023.9320433797943,-6199.1536323938,0.10404257949994644
FMNO_red_134_cutoff_7.5.inp.out,1367.632488658263,-0.1242,0.1556,22.9352,54.0,-1302.0574623211,-1244.523407602159,-717.5307848300669,-6274.9848999981,0.08289335819972621
FMNO_red_135_cutoff_7.5.inp.out,1367.3342299648668,-0.1198,0.1494,20.3581,53.0,-1302.2964064457,-307.4992954231602,-658.9736651342776,-6199.2280293882,0.08382414580046316
FMNO_red_136_cutoff_7.5.inp.out,1368.1958217665763,-0.1279,0.1461,23.0572,56.0,-1301.1667250405,-529.165069134404,-1761.6538679443775,-6426.2252433431,0.08712821209974209
FMNO_red_137_cutoff_7.5.inp.out,1366.552306307315,-0.1087,0.1631,18.4554,50.0,-1303.1136545187,-1014.1716595392568,23.7747547894152,-5972.0011216923,0.0749833887002751
FMNO_red_138_cutoff_7.5.inp.out,1363.9959507392016,-0.1247,0.1388,15.4083,49.0,-1304.0745350329,860.3325876617323,2261.450514091918,-5896.8374590991,0.09027375049936381
FMNO_red_139_cutoff_7.5.inp.out,1363.1305181558184,-0.1315,0.1397,29.3075,47.0,-1304.5845484687,959.57065817939,1553.6710435028724,-5745.3350168507,0.0926780702002361
FMNO_red_13_cutoff_7.5.inp.out,1367.4365833300499,-0.1129,0.1508,44.9619,46.0,-1304.7784574151,-646.6056350110871,435.7152289417619,-5669.4719327592,0.07622395070029597
FMNO_red_140_cutoff_7.5.inp.out,1362.41305990636,-0.1389,0.1320,15.8120,47.0,-1304.5015163029,1489.0001632943618,-12.974095948139906,-5745.2055971724,0.1029509802992834
FMNO_red_141_cutoff_7.5.inp.out,1363.5081917682417,-0.1257,0.1514,15.2636,46.0,-1304.6698096039,-0.7993363039535536,303.06085152398424,-5669.4025911051,0.0873928375003743
FMNO_red_142_cutoff_7.5.inp.out,1358.2846639917102,-0.1199,0.1508,13.8373,48.0,-1303.9818102608,324.9427749999955,-310.0789272599958,-5820.8009076842,0.08599862459959695
FMNO_red_143_cutoff_7.5.inp.out,1372.4946230910102,-0.1096,0.1538,17.9518,48.0,-1304.0765069900,-1104.9429699418743,-1666.6116254099786,-5820.8245009409,0.0708583854002427
FMNO_red_144_cutoff_7.5.inp.out,1371.4677947580985,-0.1162,0.1444,17.6930,45.0,-1305.0094293416,815.9058319999981,2062.1720500099873,-5593.7264506979,0.0804966470996078
FMNO_red_145_cutoff_7.5.inp.out,1363.3138720212135,-0.1277,0.1348,11.4311,48.0,-1303.8699169454,1778.315871123962,3022.3640164100175,-5820.5777226289,0.09350340250057343
FMNO_red_146_cutoff_7.5.inp.out,1371.7811184186671,-0.1135,0.1464,18.3629,45.0,-1304.8948478270,-558.6467735913124,-1106.8721054398115,-5593.5342690801,0.07718324350025796
FMNO_red_147_cutoff_7.5.inp.out,1370.4368299489129,-0.0998,0.1506,11.6979,49.0,-1303.4095981651,-1561.5471473491948,-3246.6392050841782,-5896.1139185791,0.06434161910055991
FMNO_red_148_cutoff_7.5.inp.out,1371.1690286997841,-0.1216,0.1483,19.9347,46.0,-1304.3643060754,486.59867579164955,841.513796433829,-5669.0878430601,0.08098039920059819
FMNO_red_149_cutoff_7.5.inp.out,1366.6798056403727,-0.1296,0.1328,12.8564,49.0,-1303.6208545467,1495.0703189346605,2205.8612689137503,-5896.4114352227,0.09478700680028851
FMNO_red_14_cutoff_7.5.inp.out,1367.9804517276727,-0.1217,0.1484,39.4425,50.0,-1303.4699900541,339.21401482593126,2859.9378857351303,-5972.3454576508,0.08522709340013535
FMNO_red_150_cutoff_7.5.inp.out,1372.920567100478,-0.1410,0.1424,13.4689,48.0,-1304.2944055882,506.9982407014919,-106.02090411776699,-5821.1205617476,0.10258688729936694
FMNO_red_151_cutoff_7.5.inp.out,1370.6504387565838,-0.1335,0.1551,22.8700,48.0,-1304.1070728792,-473.9528349924397,-832.5580109806459,-5820.9622825675,0.09449431570010347
FMNO_red_152_cutoff_7.5.inp.out,1363.198662082259,-0.1570,0.1146,18.9319,46.0,-1304.7068614532,1367.5250305627806,3721.717863220045,-5669.4715216208,0.11959077170013188
FMNO_red_153_cutoff_7.5.inp.out,1371.9682448365545,-0.1333,0.1420,23.4880,50.0,-1303.1670743940,-508.9936125553417,-1332.1858000957059,-5972.0527163899,0.09807817729961243
FMNO_red_154_cutoff_7.5.inp.out,1369.332338865929,-0.1361,0.1601,28.2512,50.0,-1303.1363441442,-1608.0379565000233,-2163.4850924399775,-5971.9930936218,0.093836613899839
FMNO_red_155_cutoff_7.5.inp.out,1364.511128060567,-0.1727,0.1356,31.9601,50.0,-1302.9273206849,603.3432813733931,-1006.1646183030289,-5971.8140378895,0.128777795300266
FMNO_red_156_cutoff_7.5.inp.out,1368.583444059043,-0.1488,0.1275,31.0222,52.0,-1302.9048686141,1205.5462667657844,741.4844057257678,-6123.8732911255,0.11266388619969803
FMNO_red_157_cutoff_7.5.inp.out,1363.2554044577096,-0.1519,0.1420,35.1359,54.0,-1301.9052688966,680.5440790854377,-81.4046489089733,-6274.9340120627,0.11253837430012936
FMNO_red_158_cutoff_7.5.inp.out,1377.7829855684995,-0.1458,0.1435,22.0522,50.0,-1302.7025550608,1453.4097113082453,1393.118725417316,-5971.5849683611,0.10948576299961132
FMNO_red_159_cutoff_7.5.inp.out,1372.697161672734,-0.1449,0.1509,16.9805,50.0,-1303.1445887813,596.8632053010909,2612.428370976545,-5972.0676050081,0.1035871132999091
FMNO_red_15_cutoff_7.5.inp.out,1366.6620745757596,-0.1139,0.1508,30.0056,45.0,-1304.6851050545,-628.7817382677961,374.9676358423135,-5593.3658349122,0.07525229239945475
FMNO_red_160_cutoff_7.5.inp.out,1361.5557894198303,-0.1511,0.1433,28.5449,50.0,-1303.0644594450,1112.1837231594247,2340.8429679844894,-5971.9125368472,0.10876660450048803
FMNO_red_161_cutoff_7.5.inp.out,1372.3446850565792,-0.1138,0.1588,26.2042,50.0,-1302.7976839627,-1215.0722171395687,-1325.2466049379252,-5971.6212483923,0.07858106059939018
FMNO_red_162_cutoff_7.5.inp.out,1368.1043900241905,-0.1486,0.1484,24.1161,53.0,-1302.1618508274,-573.2843268640352,-573.3061782547899,-6199.0819083294,0.10722842359973583
FMNO_red_163_cutoff_7.5.inp.out,1364.7859919826296,-0.1248,0.1324,23.3550,52.0,-1302.0558730562,1330.979505591328,2708.019549004141,-6122.8880919888,0.09060091270021076
FMNO_red_164_cutoff_7.5.inp.out,1371.8083410286736,-0.1330,0.1344,20.5108,52.0,-1302.2725440206,1146.2533482172728,2299.9604086102277,-6123.1531538503,0.09441552930002217
FMNO_red_165_cutoff_7.5.inp.out,1361.230594758823,-0.1412,0.1287,11.4696,50.0,-1302.8568293627,1578.6848927360772,4356.922466678745,-5971.6965410841,0.10203976819957461
FMNO_red_166_cutoff_7.5.inp.out,1371.0742680088194,-0.1233,0.1054,25.4620,51.0,-1302.5813436259,2577.6593480000247,5482.289784999888,-6047.4543831673,0.09116315960000065
FMNO_red_167_cutoff_7.5.inp.out,1364.3025177591533,-0.1490,0.1366,25.5507,48.0,-1303.5716032265,2859.908761999973,6074.214245509981,-5820.3859370816,0.10727690870044171
FMNO_red_168_cutoff_7.5.inp.out,1362.2107924921968,-0.1396,0.1368,26.5379,49.0,-1303.4176146044,2351.9748456128004,5608.015075979226,-5896.2879532306,0.10306040320028842
FMNO_red_169_cutoff_7.5.inp.out,1370.6108501028448,-0.1394,0.1386,19.5633,49.0,-1303.2003575034,1764.490348199996,4291.715936199871,-5896.0550664749,0.09993416060024174
FMNO_red_16_cutoff_7.5.inp.out,1372.944478106123,-0.1262,0.1416,17.4974,45.0,-1305.0953782080,744.7510520464505,29.10088820240317,-5593.7883035603,0.08740000570014672
FMNO_red_170_cutoff_7.5.inp.out,1365.433715523956,-0.1297,0.1595,30.8590,47.0,-1304.1034024607,-147.60421039564292,1905.0536666544385,-5744.854003645,0.08699620409970521
FMNO_red_171_cutoff_7.5.inp.out,1364.8005327980393,-0.1356,0.1467,33.2773,48.0,-1303.5996098580,-712.5258087479262,713.1075805937093,-5820.3348734594,0.09343257609998545
FMNO_red_172_cutoff_7.5.inp.out,1365.2432889821912,-0.1146,0.1558,30.7412,48.0,-1303.2105173638,-171.80806531603048,230.42915745002807,-5820.0251463659,0.07472571369999059
FMNO_red_173_cutoff_7.5.inp.out,1372.4364540095298,-0.1442,0.1534,34.2289,49.0,-1302.8868969828,-351.98155074929684,3092.4628177625546,-5895.7606534216,0.10094277799998963
FMNO_red_174_cutoff_7.5.inp.out,1366.735094170489,-0.1388,0.1492,32.8182,50.0,-1302.4982885196,1213.5295054625644,4187.06260068258,-5971.3608104932,0.10110416970019287
FMNO_red_175_cutoff_7.5.inp.out,1368.031500787865,-0.1319,0.1410,29.3962,50.0,-1302.7517978600,1178.5499400000165,3651.0917165579212,-5971.6319245961,0.09383736930067244
FMNO_red_176_cutoff_7.5.inp.out,1370.1904041628482,-0.1630,0.1285,39.0645,48.0,-1303.3273849584,1471.8408731641346,2066.5124554440135,-5820.1990078988,0.12118102719978197
FMNO_red_177_cutoff_7.5.inp.out,1369.8330862152932,-0.1437,0.1355,37.4481,48.0,-1303.6502686821,1839.8057281000154,3386.482800999982,-5820.4172465223,0.10543266320019029
FMNO_red_178_cutoff_7.5.inp.out,1371.4059178527318,-0.1447,0.1485,34.4462,50.0,-1302.8809897078,449.8961926845294,1722.1499950344805,-5971.7489173335,0.10568665889968543
FMNO_red_179_cutoff_7.5.inp.out,1363.5466899803844,-0.1294,0.1540,23.0477,48.0,-1303.3712638974,631.1706502287258,2573.4005803968525,-5820.1983597807,0.0958384635996481
FMNO_red_17_cutoff_7.5.inp.out,1371.4960244149422,-0.1138,0.1531,26.3257,48.0,-1303.9434615163,150.25418301335574,2635.7923823241736,-5820.6903212156,0.08028434280004149
FMNO_red_180_cutoff_7.5.inp.out,1369.7469637971528,-0.1190,0.1509,24.1503,45.0,-1304.4548160479,-231.6007732999993,2145.8464063399756,-5593.1168824144,0.08343070770024497
FMNO_red_181_cutoff_7.5.inp.out,1372.8900634073652,-0.1312,0.1579,31.0394,51.0,-1302.8511024895,-191.560971358932,1575.923975277117,-6047.8100460705,0.09327442590074497
FMNO_red_182_cutoff_7.5.inp.out,1366.260363875093,-0.1394,0.1449,33.6616,49.0,-1303.2746794094,388.6521350852404,1665.6614207276573,-5896.0744748584,0.09865815690045565
FMNO_red_183_cutoff_7.5.inp.out,1360.1764853187353,-0.1537,0.1389,34.1382,50.0,-1303.0581670897,219.8241162508897,465.4688004605275,-5971.9305478174,0.11309145999985049
FMNO_red_184_cutoff_7.5.inp.out,1368.4556954390507,-0.1626,0.1259,43.5035,54.0,-1301.4016849927,2353.5100395076443,3160.866037812886,-6274.438960898,0.12376850109922088
FMNO_red_185_cutoff_7.5.inp.out,1372.2586795171685,-0.1302,0.1556,37.6466,50.0,-1302.7283383663,775.4080556388567,3439.419014911985,-5971.647508116,0.09193075340044743
FMNO_red_186_cutoff_7.5.inp.out,1362.6937080574228,-0.1579,0.1246,42.2734,49.0,-1302.9674948896,3691.021321975011,6188.978138015548,-5895.814657433,0.12088142020002124
FMNO_red_187_cutoff_7.5.inp.out,1357.1512767486827,-0.1585,0.1436,45.4385,47.0,-1303.7058749454,3105.6637298999985,5649.967096840036,-5744.4951489483,0.11765252829991368
FMNO_red_188_cutoff_7.5.inp.out,1356.391422183386,-0.1663,0.1453,45.3881,49.0,-1303.0990584231,2093.0209390502573,4430.4097627680985,-5895.9270428821,0.12231630980022601
FMNO_red_189_cutoff_7.5.inp.out,1365.2407538877246,-0.1485,0.1420,44.4154,49.0,-1303.2432229440,2281.197692299995,4901.550170600081,-5896.1563717648,0.1068974347999756
FMNO_red_18_cutoff_7.5.inp.out,1362.5590521344861,-0.1432,0.1396,19.6179,44.0,-1305.8478804774,1585.342010650316,2873.2570686428417,-5518.4354278619,0.10448416380040726
FMNO_red_190_cutoff_7.5.inp.out,1364.9641788337744,-0.1531,0.1414,42.6058,50.0,-1302.8388055962,1980.935540000003,5165.237339655048,-5971.7778044067,0.11102009770002041
FMNO_red_191_cutoff_7.5.inp.out,1360.0927341083507,-0.1413,0.1375,38.6311,50.0,-1303.0771796125,2664.978498133095,5511.041092055036,-5971.9841709565,0.10728027420009312
FMNO_red_192_cutoff_7.5.inp.out,1358.0936261183542,-0.1516,0.1486,39.8671,51.0,-1302.0221536567,2494.2883748066206,6985.938897132527,-6046.8683699832,0.1134208564999426
FMNO_red_193_cutoff_7.5.inp.out,1356.9013616546454,-0.1197,0.1483,32.7630,53.0,-1302.0527368484,612.0083380000032,3195.1962509999184,-6199.0084656184,0.0853851776000738
FMNO_red_194_cutoff_7.5.inp.out,1363.3184313629972,-0.1600,0.1530,42.9945,49.0,-1303.3504263274,845.0634638019973,1418.7157459399984,-5896.1597040681,0.11702494480050518
FMNO_red_195_cutoff_7.5.inp.out,1366.6776668589591,-0.1267,0.1272,35.6702,50.0,-1302.7911261416,1264.2132267684854,2137.002626086119,-5971.6415779209,0.09113910529958957
FMNO_red_196_cutoff_7.5.inp.out,1366.5314551350616,-0.1239,0.1406,25.9122,53.0,-1301.7979880281,120.30177970165829,2177.9825736803946,-6198.8001230176,0.08760883469949476
FMNO_red_197_cutoff_7.5.inp.out,1367.6155127862412,-0.1279,0.1441,44.8857,50.0,-1302.7980060453,1062.1669654895381,2837.8583943992635,-5971.6884768518,0.09042141470035858
FMNO_red_198_cutoff_7.5.inp.out,1369.1977801862784,-0.1141,0.1515,32.7598,49.0,-1303.1497516369,-137.96144484357157,877.6007563889775,-5895.9719627632,0.07504535839962045
FMNO_red_199_cutoff_7.5.inp.out,1374.897319903721,-0.1222,0.1571,45.9706,49.0,-1303.6120987472,-1981.0289370499765,-22.90912561816305,-5896.3657469652,0.08293270180001855
FMNO_red_19_cutoff_7.5.inp.out,1361.5182155039092,-0.1159,0.1335,20.9183,47.0,-1304.7274754499,634.5854907999935,4283.786408300072,-5745.4969616651,0.08004026360049465
FMNO_red_1_cutoff_7.5.inp.out,1372.0723362604688,-0.1308,0.1495,23.5113,49.0,-1303.7419298921,-40.626955818767236,-732.7999014937014,-5896.6165254233,0.09218901399981405
FMNO_red_200_cutoff_7.5.inp.out,1372.8210469983478,-0.1418,0.1418,13.4888,48.0,-1304.2977775047,544.6012870326723,-11.168009719085935,-5821.1243870354,0.10336278260001563
FMNO_red_201_cutoff_7.5.inp.out,1370.3564865898434,-0.1302,0.1494,23.4887,49.0,-1303.7125319563,-129.10517030504028,-807.3235982227843,-5896.5930331562,0.09184960379934637
FMNO_red_202_cutoff_7.5.inp.out,1360.9356287026994,-0.1398,0.1447,17.5235,48.0,-1303.8742875953,35.0557635388591,35.79275416887624,-5820.7080172096,0.09970218200032832
FMNO_red_203_cutoff_7.5.inp.out,1364.2383670763693,-0.1513,0.1371,18.9578,51.0,-1303.0368047361,358.4923277874316,800.0405062250577,-6047.9834155994,0.1107032779000292
FMNO_red_204_cutoff_7.5.inp.out,1361.2048330962232,-0.1498,0.1312,17.9753,48.0,-1304.0376135113,1392.673565599984,1355.8501476999768,-5820.819336713,0.11292141479952988
FMNO_red_205_cutoff_7.5.inp.out,1367.3878534861217,-0.1242,0.1534,14.5689,48.0,-1303.8750542684,-2224.930775966967,-3818.863283042917,-5820.6519231835,0.08516544909980439
FMNO_red_206_cutoff_7.5.inp.out,1363.2780455057257,-0.1498,0.1507,11.8899,53.0,-1302.3840600857,-201.8771712090955,-794.5298931306663,-6199.2899472015,0.11053435199937667
FMNO_red_207_cutoff_7.5.inp.out,1363.662578344507,-0.1145,0.1188,9.1003,47.0,-1304.3889751920,-1442.169807168364,-3068.520928417885,-5745.1298475141,0.07997586639976362
FMNO_red_208_cutoff_7.5.inp.out,1363.6408848461256,-0.1308,0.1450,6.5698,47.0,-1304.3037871055,-271.5984328822547,-389.15123404279024,-5745.0253549291,0.0932704382994416
FMNO_red_209_cutoff_7.5.inp.out,1350.0668567688883,-0.1261,0.1339,10.9187,47.0,-1303.9290595147,-91.8185419184499,-1341.365182633836,-5744.6450153939,0.09243616969979485
FMNO_red_20_cutoff_7.5.inp.out,1376.4082641539135,-0.1273,0.1246,22.4203,46.0,-1304.9848721635,907.8069841921184,2721.9319940653145,-5669.6720527637,0.08980759880068945
FMNO_red_210_cutoff_7.5.inp.out,1368.0691642497345,-0.1362,0.1526,9.9804,49.0,-1303.3674139921,-432.7970817966539,-1546.6206532191036,-5896.1576161681,0.0962214720002521
FMNO_red_211_cutoff_7.5.inp.out,1369.7933809318554,-0.1198,0.1615,6.7315,49.0,-1303.7820046491,-2327.6119767468545,-4553.36608125732,-5896.5686671601,0.08249796950076416
FMNO_red_212_cutoff_7.5.inp.out,1369.3538522437593,-0.1443,0.1218,7.1715,49.0,-1303.3204714370,713.882281806062,-1034.8253002313788,-5896.1345662983,0.10818824840043817
FMNO_red_213_cutoff_7.5.inp.out,1369.6353047525158,-0.1220,0.1655,10.1042,49.0,-1303.3832886654,-2334.143059999943,-5577.805202899977,-5896.154484965,0.08501058290039509
FMNO_red_214_cutoff_7.5.inp.out,1363.356724715272,-0.1448,0.1452,14.3688,50.0,-1303.1458635261,-431.2701207294513,-3083.7294062674787,-5971.923929244,0.10443520139961038
FMNO_red_215_cutoff_7.5.inp.out,1364.5529654112406,-0.1341,0.1551,20.1208,49.0,-1303.2253221228,-1841.4114039999918,-4572.815037699999,-5896.0109126276,0.09758420300022408
FMNO_red_216_cutoff_7.5.inp.out,1364.8597072141754,-0.1290,0.1620,11.6817,48.0,-1303.5321292024,-2385.1977683953996,-4055.123595119531,-5820.2559463119,0.08641070920020866
FMNO_red_217_cutoff_7.5.inp.out,1368.1411185485795,-0.1124,0.1662,15.4157,46.0,-1304.2667775492,-2565.886676587554,-3817.469220847197,-5668.8421165555,0.07682785710039752
FMNO_red_218_cutoff_7.5.inp.out,1369.1125766176572,-0.1123,0.1356,22.6916,47.0,-1304.2291133451,108.61191862457807,-73.69020485611622,-5744.7974327851,0.07791400309997698
FMNO_red_219_cutoff_7.5.inp.out,1361.0980295292322,-0.1382,0.1408,34.3274,50.0,-1303.0742601850,1468.145976071281,3618.2804584870078,-5971.8519063753,0.10147438990043156
FMNO_red_21_cutoff_7.5.inp.out,1367.4553115104186,-0.1360,0.1412,25.0883,50.0,-1303.6753999222,496.26633950000206,2628.9663520999434,-5972.5166725279,0.09394347470060893
FMNO_red_220_cutoff_7.5.inp.out,1357.281118753325,-0.1394,0.1285,40.0535,47.0,-1304.4557466038,2130.7006839571727,5083.835151159736,-5745.1272860164,0.101599026200347
FMNO_red_221_cutoff_7.5.inp.out,1364.3671898749844,-0.1393,0.1273,22.2707,48.0,-1303.8250766431,871.3806211799898,3382.637537999952,-5820.5996344311,0.09911366029973578
FMNO_red_222_cutoff_7.5.inp.out,1373.520903827189,-0.1240,0.1538,14.0331,49.0,-1303.3071794551,-1321.9081482636564,-2228.0051817644085,-5896.1527404936,0.08856526400086295
FMNO_red_223_cutoff_7.5.inp.out,1372.8156339666446,-0.1354,0.1346,29.4258,49.0,-1303.4835958050,427.16639232759104,799.1428259159115,-5896.2914654508,0.09987618279956223
FMNO_red_224_cutoff_7.5.inp.out,1368.3375225931336,-0.1366,0.1352,10.3500,49.0,-1303.2310686116,735.9419128191211,-151.81063523053967,-5896.0453608411,0.10020472660016821
FMNO_red_225_cutoff_7.5.inp.out,1365.3601400957723,-0.1221,0.1512,9.6135,49.0,-1303.7235028245,-987.5218486845562,-1395.895137580758,-5896.4493916022,0.08449395279967575
FMNO_red_226_cutoff_7.5.inp.out,1366.009390062076,-0.1283,0.1303,24.0249,47.0,-1303.8612067916,1149.3429968999994,-573.3245372999984,-5744.579964709,0.09463358969969704
FMNO_red_227_cutoff_7.5.inp.out,1364.8872977778594,-0.1293,0.1330,27.2511,48.0,-1303.5330487158,845.4156490393356,175.34981494786976,-5820.2503875193,0.09635896110012254
FMNO_red_228_cutoff_7.5.inp.out,1376.7070598890275,-0.1442,0.1332,27.7764,49.0,-1302.9903599575,1319.0190061999997,1400.536263439979,-5895.8621141328,0.10591773629948875
FMNO_red_229_cutoff_7.5.inp.out,1375.8514740121145,-0.1378,0.1186,21.4826,51.0,-1302.6923467410,904.8196833570239,-149.04236611466956,-6047.5810694609,0.10305408249951142
FMNO_red_22_cutoff_7.5.inp.out,1368.0752717197038,-0.1131,0.1453,18.7310,50.0,-1303.9435190280,868.0414492855485,2874.9190906235976,-5972.8077386219,0.07813297749999037
FMNO_red_230_cutoff_7.5.inp.out,1373.7714829164495,-0.1379,0.1477,15.5417,53.0,-1302.0400491174,-1175.7548444286067,-1233.4630067775583,-6199.0052419813,0.09922988369999075
FMNO_red_231_cutoff_7.5.inp.out,1369.928030978979,-0.1379,0.1338,20.1887,51.0,-1302.6648963225,351.20701310665885,-1423.3375887361603,-6047.5520260019,0.09994848669975909
FMNO_red_232_cutoff_7.5.inp.out,1364.9209116862123,-0.1423,0.1303,25.0729,45.0,-1305.0180412765,1627.5385621369294,1366.954153552795,-5593.6611022716,0.10260998620015016
FMNO_red_233_cutoff_7.5.inp.out,1359.2776636868764,-0.1242,0.1439,18.3671,47.0,-1303.9107028979,-1519.773805624671,-1408.3694320291877,-5744.624587954,0.08497507570064045
FMNO_red_234_cutoff_7.5.inp.out,1365.8556432852401,-0.1286,0.1583,8.6669,50.0,-1302.7877675441,-1398.1277854264,-1496.0239640224806,-5971.6446466379,0.08872389489988564
FMNO_red_235_cutoff_7.5.inp.out,1368.631697292924,-0.1414,0.1442,21.0785,51.0,-1302.6579211095,227.46925303052018,-1872.945685052408,-6047.5903613627,0.10594735550057521
FMNO_red_236_cutoff_7.5.inp.out,1373.1070507449458,-0.1383,0.1349,19.7913,51.0,-1302.7244316930,98.15947868064895,-595.9806485663111,-6047.5837737326,0.10110882339995442
FMNO_red_237_cutoff_7.5.inp.out,1372.8210469983478,-0.1418,0.1418,13.4888,48.0,-1304.2978213056,544.5946755987811,-11.171389998783226,-5821.1244315197,0.10336340410049161
FMNO_red_238_cutoff_7.5.inp.out,1371.0673785982221,-0.1285,0.1515,24.3008,49.0,-1303.7294936977,-230.33865422177223,-751.4663922042096,-5896.5970984092,0.09078250890070194
FMNO_red_239_cutoff_7.5.inp.out,1363.535918534165,-0.1497,0.1312,16.8951,49.0,-1303.5488835606,913.7552680000038,646.0537271999956,-5896.4385402194,0.11135405020013422
FMNO_red_23_cutoff_7.5.inp.out,1370.1223374919991,-0.1161,0.1322,20.2594,48.0,-1304.0479633734,971.8838726428706,2467.4831218071604,-5820.8202450793,0.0798990881003192
FMNO_red_240_cutoff_7.5.inp.out,1366.7704891545368,-0.1527,0.1394,23.6100,48.0,-1303.9764595712,937.2362097955191,1042.220588401014,-5820.8071027244,0.11460290199920564
FMNO_red_241_cutoff_7.5.inp.out,1355.5057140871515,-0.1531,0.1339,24.0908,47.0,-1304.4243457011,1781.2248398708375,981.0413855498338,-5745.2491010008,0.11682146790008119
FMNO_red_242_cutoff_7.5.inp.out,1360.0013010487105,-0.1658,0.1274,24.4391,49.0,-1303.3883795667,350.65559337201427,-964.658186951821,-5896.1869860451,0.12372881280043657
FMNO_red_243_cutoff_7.5.inp.out,1363.163762687355,-0.1444,0.1318,23.2009,52.0,-1302.3332787304,912.7013770908983,643.8587641247651,-6123.2407182881,0.11259584609979356
FMNO_red_244_cutoff_7.5.inp.out,1360.5482781153137,-0.1434,0.1364,19.4692,50.0,-1303.1415540201,1266.5441244889612,2392.1307546638996,-5971.9460859371,0.10614140130019223
FMNO_red_245_cutoff_7.5.inp.out,1370.9602606313847,-0.1434,0.1629,23.6153,46.0,-1304.5636515210,-1055.8335440999829,377.5872652999936,-5669.2994132491,0.10248771060014406
FMNO_red_246_cutoff_7.5.inp.out,1357.3590415165716,-0.1245,0.1529,15.8323,48.0,-1303.9905341507,838.0544573000006,979.4991070999889,-5820.6696742338,0.0881395678006811
FMNO_red_247_cutoff_7.5.inp.out,1368.2034689010204,-0.1192,0.1506,13.5362,48.0,-1304.3647326584,-888.4408944400034,228.27238217215853,-5821.1305629575,0.08045807969938323
FMNO_red_248_cutoff_7.5.inp.out,1371.4305367344793,-0.1481,0.1593,13.1730,49.0,-1303.7026263509,-623.0279737415641,737.0718041534334,-5896.5447034783,0.10472674380071112
FMNO_red_249_cutoff_7.5.inp.out,1368.4818898230956,-0.1246,0.1382,10.3939,51.0,-1303.0527645592,1609.5445042538809,3418.5324647641933,-6047.9560904048,0.09402191869958187
FMNO_red_24_cutoff_7.5.inp.out,1370.0667907604652,-0.1073,0.1348,19.0714,51.0,-1303.0830954986,279.31064637759187,1592.6877732180983,-6047.9871323682,0.07088903600015328
FMNO_red_250_cutoff_7.5.inp.out,1367.0014225517382,-0.1444,0.1517,17.6462,49.0,-1303.7906634643,452.7981790904669,2837.9254824508907,-5896.6038282372,0.102847449699766
FMNO_red_251_cutoff_7.5.inp.out,1368.0177290470062,-0.1200,0.1463,2.9286,48.0,-1304.0123150729,-37.54976409723322,527.661918152513,-5820.7404727337,0.08377959590052342
FMNO_red_252_cutoff_7.5.inp.out,1361.0027077665995,-0.1221,0.1572,1.5285,47.0,-1303.9755790990,-1503.607436399612,-391.12173609890255,-5744.6214672137,0.08485507690056693
FMNO_red_253_cutoff_7.5.inp.out,1364.7680211175661,-0.1220,0.1482,5.8104,45.0,-1305.4266634339,-124.27268494487303,383.8620331225194,-5593.9984014802,0.08140504089988099
FMNO_red_254_cutoff_7.5.inp.out,1367.2425381795726,-0.1189,0.1445,6.0424,48.0,-1303.8474589255,-1127.2140352299898,284.78498109999884,-5820.5671141682,0.08300548129955132
FMNO_red_255_cutoff_7.5.inp.out,1359.594844032235,-0.1313,0.1255,11.0026,47.0,-1304.3197831047,738.9481161489962,1440.0884724316497,-5745.0033591319,0.0952839261999543
FMNO_red_256_cutoff_7.5.inp.out,1366.6588222529624,-0.1244,0.1298,3.8143,51.0,-1303.1095391150,757.0614699377784,1863.9248437732763,-6048.0128617355,0.09307913219981856
FMNO_red_257_cutoff_7.5.inp.out,1369.169939025733,-0.1229,0.1445,18.3727,51.0,-1302.8920070911,57.286055569860665,2153.819117087563,-6047.7278241531,0.08442575959998067
FMNO_red_258_cutoff_7.5.inp.out,1372.5112340427597,-0.1131,0.1507,13.5804,51.0,-1303.1603801891,20.988358500000356,2501.904467900005,-6047.9530582252,0.07747187840050174
FMNO_red_259_cutoff_7.5.inp.out,1363.1764916244051,-0.1146,0.1382,11.6189,50.0,-1303.1031577434,264.7931097851607,1481.1070372081667,-5971.9220683597,0.07727685679947172
FMNO_red_25_cutoff_7.5.inp.out,1374.4164643944746,-0.0880,0.1426,15.1154,52.0,-1302.9774574959,238.14641741052023,774.4183303142914,-6123.8609952285,0.060603277899645036
FMNO_red_260_cutoff_7.5.inp.out,1360.1732649213952,-0.1158,0.1306,13.0979,50.0,-1303.1121761527,1254.2821135593797,1837.642070372521,-5971.8947858053,0.08051052579958196
FMNO_red_261_cutoff_7.5.inp.out,1353.5857892259473,-0.1505,0.1395,11.4794,50.0,-1303.0928201202,1430.606871580541,2930.50429837961,-5971.905822167,0.11207723959978466
FMNO_red_262_cutoff_7.5.inp.out,1362.745994578814,-0.1335,0.1401,15.9847,52.0,-1302.4167271569,668.4924206196206,1034.0384652895793,-6123.3269384757,0.09424655929979053
FMNO_red_263_cutoff_7.5.inp.out,1363.5857773892926,-0.1264,0.1472,16.1199,55.0,-1301.7248183455,-626.1262826256699,1018.1787078577031,-6350.6862720798,0.08515841430016735
FMNO_red_264_cutoff_7.5.inp.out,1363.3241999975871,-0.1358,0.1532,8.7844,51.0,-1303.1046157826,-170.28710226716106,557.7631867054084,-6047.8894719175,0.09500772840056015
FMNO_red_265_cutoff_7.5.inp.out,1355.5822649194283,-0.1281,0.1546,22.3972,47.0,-1304.1739555003,-184.0335089999983,426.631884499996,-5744.8934128916,0.0852128858996366
FMNO_red_266_cutoff_7.5.inp.out,1359.0019742118743,-0.1421,0.1345,25.3965,47.0,-1304.2507098635,1335.1665951652678,2077.5621767701145,-5744.9630195411,0.10306422580015351
FMNO_red_267_cutoff_7.5.inp.out,1371.3391760241545,-0.1224,0.1368,23.7952,47.0,-1304.3242610453,430.34159792091464,3175.3500596216277,-5745.0667262722,0.08408767660057492
FMNO_red_268_cutoff_7.5.inp.out,1353.05218937767,-0.1327,0.1561,20.7836,48.0,-1303.9632200748,-297.1385318000012,2706.9814889999902,-5820.6773654666,0.08804640210018988
FMNO_red_269_cutoff_7.5.inp.out,1370.7432779497956,-0.0986,0.1488,12.5586,47.0,-1304.1393623574,923.2257090733708,2651.462501424794,-5744.6755413749,0.06392274600057135
FMNO_red_26_cutoff_7.5.inp.out,1367.1160706568953,-0.1088,0.1384,13.1662,52.0,-1302.7021227451,1101.4689889999802,3434.210014300063,-6123.5524912699,0.07430967080017581
FMNO_red_270_cutoff_7.5.inp.out,1364.1853606186382,-0.1267,0.1460,18.9963,48.0,-1304.0345587431,120.32610505229786,537.5060741920971,-5820.666974321,0.09107987910010706
FMNO_red_271_cutoff_7.5.inp.out,1358.1938689913702,-0.1266,0.1608,14.9465,52.0,-1302.6356025678,-1086.7713155382787,-1469.4059669060505,-6123.3883665566,0.0828692297991438
FMNO_red_272_cutoff_7.5.inp.out,1378.995160606177,-0.1241,0.1448,22.9548,51.0,-1302.9806553148,-110.31639257628191,774.9045330037544,-6047.7697482512,0.08579568169989216
FMNO_red_273_cutoff_7.5.inp.out,1353.4681437049128,-0.1132,0.1503,23.1866,52.0,-1302.8942821603,-1126.148952147807,968.34014713919,-6123.6526789248,0.07405090030079009
FMNO_red_274_cutoff_7.5.inp.out,1356.4358515082092,-0.1387,0.1501,22.2768,53.0,-1302.0702394090,-1238.2506592847296,791.1150952555589,-6198.9049334034,0.09721639730014431
FMNO_red_275_cutoff_7.5.inp.out,1359.5890900469208,-0.1283,0.1360,21.1789,51.0,-1302.7633171959,703.3711114043033,1831.2098951311,-6047.5397812206,0.08672744289924594
FMNO_red_276_cutoff_7.5.inp.out,1367.5355878448888,-0.1321,0.1508,21.3770,52.0,-1302.6960473577,202.27679500000005,1355.3333291000042,-6123.444387537,0.0904998590995092
FMNO_red_277_cutoff_7.5.inp.out,1359.0510264552113,-0.1251,0.1450,16.6392,49.0,-1303.2113478144,-142.34904000156257,1995.9300687477953,-5895.885343292,0.08585841569947661
FMNO_red_278_cutoff_7.5.inp.out,1362.0525872816695,-0.1358,0.1488,19.1330,50.0,-1303.3400372983,791.095808290584,2200.5318471692663,-5972.0551362433,0.09891208669978369
FMNO_red_279_cutoff_7.5.inp.out,1367.493867579178,-0.1531,0.1277,17.3455,50.0,-1303.1025388788,2375.9944119920488,4779.523759119019,-5971.8464667766,0.11186263819945452
FMNO_red_27_cutoff_7.5.inp.out,1366.1205620976734,-0.1442,0.1389,15.4023,49.0,-1303.7563676690,1723.5000046723887,3837.424598440257,-5896.5706671694,0.10600765350045549
FMNO_red_280_cutoff_7.5.inp.out,1363.1822189916961,-0.1303,0.1355,10.4428,51.0,-1302.9990432669,2925.4964556673362,6055.990917939426,-6047.7457825136,0.09713608950005437
FMNO_red_281_cutoff_7.5.inp.out,1351.3725726544606,-0.1299,0.1471,18.4609,51.0,-1302.7125524179,1090.934787281695,1727.4284442861322,-6047.5101880428,0.09406289239996113
FMNO_red_282_cutoff_7.5.inp.out,1358.3370173348967,-0.1367,0.1319,24.6685,50.0,-1303.0939432701,1256.780244878978,2187.9709899688232,-5971.8233516655,0.0972661487003279
FMNO_red_283_cutoff_7.5.inp.out,1361.0665595570015,-0.1326,0.1541,12.0564,52.0,-1302.9805119686,84.93207527033867,306.68203296696515,-6123.7465822712,0.09304175639954337
FMNO_red_284_cutoff_7.5.inp.out,1360.032580315982,-0.1374,0.1516,18.7303,52.0,-1302.5272653114,2043.3396998225078,4692.077465225399,-6123.2719277616,0.09511814799952845
FMNO_red_285_cutoff_7.5.inp.out,1350.7931176293052,-0.1659,0.1416,20.1383,55.0,-1301.7849726583,1316.6559260559295,3014.579635111772,-6350.6036359955,0.11993606729993189
FMNO_red_286_cutoff_7.5.inp.out,1345.7169407368629,-0.1412,0.1560,27.0050,49.0,-1303.5021775354,1817.2338417604246,5837.841371459502,-5896.1235886752,0.1062526676005291
FMNO_red_287_cutoff_7.5.inp.out,1372.920567100478,-0.1410,0.1424,13.4689,48.0,-1304.2940210794,507.0128017999963,-105.99423723000022,-5821.1201777889,0.1025879361995976
FMNO_red_288_cutoff_7.5.inp.out,1370.0919491161353,-0.1335,0.1568,23.3624,48.0,-1304.1176538783,-522.7248542112001,-828.6777239778992,-5820.9675472387,0.09433937450012309
FMNO_red_289_cutoff_7.5.inp.out,1366.429066630698,-0.1522,0.1211,17.7729,46.0,-1304.8950120661,1594.818196501692,3241.401079143833,-5669.7302467706,0.11269382689988561
FMNO_red_28_cutoff_7.5.inp.out,1363.0378609545908,-0.1412,0.1324,15.2853,50.0,-1303.0458866047,511.4070351065236,1505.2538490523243,-5971.7941303516,0.10086191529990174
FMNO_red_290_cutoff_7.5.inp.out,1367.2654463425176,-0.1352,0.1628,23.0526,47.0,-1304.3967670617,-621.4252673889923,524.8365872452589,-5745.2507710698,0.09738684019976063
FMNO_red_291_cutoff_7.5.inp.out,1366.1596301199245,-0.1281,0.1447,22.0731,48.0,-1304.5424252034,-257.2558284873106,48.4776131545792,-5821.3338113051,0.09161860709991743
FMNO_red_292_cutoff_7.5.inp.out,1367.355403415899,-0.1605,0.1346,23.8068,48.0,-1303.8339275016,1059.3201942638407,1404.1351675181756,-5820.6343193854,0.11849688239999523
FMNO_red_293_cutoff_7.5.inp.out,1369.8564003891688,-0.1563,0.1384,8.7511,51.0,-1303.2067282431,1003.0602227430596,1371.9864090324058,-6048.0999265451,0.11620282069998211
FMNO_red_294_cutoff_7.5.inp.out,1371.090823658766,-0.1492,0.1212,16.6207,47.0,-1304.3003863652,990.2130702402982,920.0871119900621,-5745.0873040482,0.11278139690057287
FMNO_red_295_cutoff_7.5.inp.out,1368.638717749398,-0.1368,0.1602,11.7609,49.0,-1303.1595231957,-598.8336075303878,159.65860688214673,-5895.9188303938,0.09884458639953664
FMNO_red_296_cutoff_7.5.inp.out,1356.2678096761338,-0.1415,0.1461,9.3514,50.0,-1303.1085123611,460.06300574061515,2177.464580906893,-5971.8438420001,0.10144080159989244
FMNO_red_297_cutoff_7.5.inp.out,1358.3219532113328,-0.1386,0.1552,15.2845,49.0,-1303.5324287494,162.20101469087368,-59.94858908555422,-5896.2673085945,0.10213395900063915
FMNO_red_298_cutoff_7.5.inp.out,1365.4155558033751,-0.1255,0.1697,12.6965,50.0,-1302.6709252645,-1611.531577732499,-2423.7707420883094,-5971.5706140756,0.08294252789983148
FMNO_red_299_cutoff_7.5.inp.out,1370.1550609896708,-0.1255,0.1590,29.3854,49.0,-1303.4877440008,-1443.9773354675378,-337.11542353290696,-5896.2881855124,0.08502456989936036
FMNO_red_29_cutoff_7.5.inp.out,1359.1487274255771,-0.1164,0.1539,12.9949,51.0,-1303.1464482724,-1574.30203500001,-766.8513523999974,-6048.0141057718,0.07832607999989705
FMNO_red_2_cutoff_7.5.inp.out,1361.3105915865558,-0.1487,0.1255,17.8431,47.0,-1304.5143369430,826.1399117000045,1145.5332943999724,-5745.312028404,0.10894498680045217
FMNO_red_300_cutoff_7.5.inp.out,1371.1194339753133,-0.1311,0.1515,29.5571,49.0,-1302.9574019492,-1473.7272174999862,-2259.1562170000398,-5895.8149264509,0.09271243730017886
FMNO_red_301_cutoff_7.5.inp.out,1373.7682064770934,-0.1256,0.1379,27.0819,46.0,-1304.6998102762,23.57605755549611,1356.7367553717015,-5669.476289089,0.08673493500009499
FMNO_red_302_cutoff_7.5.inp.out,1373.3163086708112,-0.1459,0.1479,22.9316,49.0,-1303.6829031787,186.7388083417785,-133.94438961030045,-5896.5211700163,0.100938706499619
FMNO_red_303_cutoff_7.5.inp.out,1375.8653996255666,-0.1353,0.1496,20.2728,47.0,-1304.2415349963,-501.9288705431011,-1950.8127867332812,-5744.8836183236,0.09492482180030493
FMNO_red_304_cutoff_7.5.inp.out,1373.8137080884787,-0.1366,0.1488,22.8428,50.0,-1303.1870235989,-752.1361411353917,-2849.2044644016023,-5972.064827513,0.09618160890022409
FMNO_red_305_cutoff_7.5.inp.out,1364.5623720523745,-0.1400,0.1488,24.9676,46.0,-1304.3415312674,-1320.9702562384218,-2068.448473869455,-5669.0789763205,0.09786277449984482
FMNO_red_306_cutoff_7.5.inp.out,1365.9308738778436,-0.1379,0.1450,15.7159,47.0,-1304.1733299528,-816.598197597372,-1320.3229973216753,-5744.8700655862,0.10067872380022891
FMNO_red_307_cutoff_7.5.inp.out,1365.4847301807579,-0.1420,0.1607,10.6882,49.0,-1303.5179642302,-1847.794906590811,-2062.984607028595,-5896.3503556684,0.0991491467002561
FMNO_red_308_cutoff_7.5.inp.out,1368.1795547568656,-0.1499,0.1246,17.4812,48.0,-1303.6126416351,1649.6988653817527,2269.4838148310073,-5820.38708337,0.11260553539977991
FMNO_red_309_cutoff_7.5.inp.out,1367.1138433838305,-0.1312,0.1407,24.4565,51.0,-1303.0029905593,-528.4856492691713,-315.8925189737705,-6047.8335347377,0.09306361919971096
FMNO_red_30_cutoff_7.5.inp.out,1362.4599283126697,-0.1176,0.1544,21.3100,50.0,-1303.4599840609,-2141.630042731325,-3777.318995946867,-5972.2884646376,0.08176941730016551
FMNO_red_310_cutoff_7.5.inp.out,1366.6582958092945,-0.1389,0.1468,18.0741,48.0,-1303.4953346231,832.0498330490061,2710.9058531031174,-5820.3589989094,0.10371904460043879
FMNO_red_311_cutoff_7.5.inp.out,1370.3435047670728,-0.1282,0.1658,14.6704,46.0,-1304.0146640934,-624.9274160719566,-1637.9899693483676,-5668.7462942665,0.09679224560022703
FMNO_red_312_cutoff_7.5.inp.out,1370.875365132158,-0.1458,0.1495,14.4684,44.0,-1305.3434401734,1895.8788657501514,2795.214452117687,-5518.0351720773,0.1058999862998462
FMNO_red_313_cutoff_7.5.inp.out,1367.157419579488,-0.1306,0.1570,20.9300,47.0,-1304.1497311693,723.5451346541445,1713.8037057545791,-5744.9530341694,0.09107382359979965
FMNO_red_314_cutoff_7.5.inp.out,1370.2472735629362,-0.1219,0.1553,9.4274,49.0,-1303.0822338475,-597.4456958508515,460.6907683020531,-5895.8676447238,0.08514158300022245
FMNO_red_315_cutoff_7.5.inp.out,1372.363916941046,-0.1387,0.1549,2.7864,49.0,-1303.8895283611,-1649.5330685843653,-2503.5597847567983,-5896.7366372249,0.09804532080033823
FMNO_red_316_cutoff_7.5.inp.out,1376.7060024861407,-0.1525,0.1399,11.3565,48.0,-1304.2549795583,-284.9038235258893,-1969.879035219003,-5821.0270677589,0.11119245129975752
FMNO_red_317_cutoff_7.5.inp.out,1371.8817190712734,-0.1616,0.1487,5.3227,47.0,-1304.1802182984,-254.85441936096598,-1209.5988567856891,-5744.9023717103,0.11727542469998298
FMNO_red_318_cutoff_7.5.inp.out,1374.2334721301024,-0.1238,0.1510,3.5570,49.0,-1303.7359472790,-1576.0057013041337,-1763.6012407994904,-5896.4363877159,0.08279423109979689
FMNO_red_319_cutoff_7.5.inp.out,1362.3853727481,-0.1591,0.1392,15.8793,51.0,-1302.9326855879,32.97956387000013,179.1138837000029,-6047.7216074929,0.11784595500012074
FMNO_red_31_cutoff_7.5.inp.out,1357.2440647355768,-0.1210,0.1430,21.0527,47.0,-1304.5264831045,-659.8400723291439,-750.3752725869052,-5745.2228542473,0.08488474719979422
FMNO_red_320_cutoff_7.5.inp.out,1367.8627377656458,-0.1539,0.1361,17.5979,51.0,-1302.8966604285,1077.3544194662627,2029.290756165302,-6047.7068095434,0.11451481610038172
FMNO_red_321_cutoff_7.5.inp.out,1371.3253476271764,-0.1501,0.1562,18.5806,52.0,-1302.6884568851,-280.5710215637688,131.94887190202132,-6123.6126192116,0.10652926619968639
FMNO_red_322_cutoff_7.5.inp.out,1367.5738521326384,-0.1427,0.1445,13.0853,53.0,-1302.5729490030,-104.95609068749195,574.531227590441,-6199.48207348,0.10131457199986471
FMNO_red_323_cutoff_7.5.inp.out,1366.4472954243088,-0.1559,0.1494,20.8447,52.0,-1302.4265375999,-31.00950610000004,288.8742811000025,-6123.374402727,0.11140399329997308
FMNO_red_324_cutoff_7.5.inp.out,1374.4840798044688,-0.1597,0.1458,18.4144,54.0,-1301.8439041573,393.6074629999974,365.1759220999963,-6274.8390925445,0.11701690330028214
FMNO_red_325_cutoff_7.5.inp.out,1369.201560982736,-0.1225,0.1554,10.9575,52.0,-1302.5277498391,-1562.2265327719158,-2400.3904237072006,-6123.3852347953,0.08292812150011741
FMNO_red_326_cutoff_7.5.inp.out,1369.0421747852047,-0.1603,0.1370,16.2843,53.0,-1302.2123790317,2105.1705110000007,3066.953700699982,-6199.1179221703,0.11975537879970943
FMNO_red_327_cutoff_7.5.inp.out,1363.220745129829,-0.1322,0.1500,13.0452,46.0,-1304.5182158891,-196.32423412552794,-64.61998313946941,-5669.075290747,0.09548409109993372
FMNO_red_328_cutoff_7.5.inp.out,1360.9662501175105,-0.1261,0.1654,20.8378,49.0,-1303.3808473866,-633.5814574179093,665.8415006318435,-5896.1011725137,0.08390615769985743
FMNO_red_329_cutoff_7.5.inp.out,1361.2314046490521,-0.1320,0.1391,21.9845,50.0,-1303.1213113360,1098.7779270528783,1642.652071528428,-5971.9339554378,0.09417575439965731
FMNO_red_32_cutoff_7.5.inp.out,1361.8759140948728,-0.1129,0.1534,13.0108,51.0,-1303.1791270350,-1554.6083067669608,-4197.988452038924,-6047.9537168975,0.08057738119987334
FMNO_red_330_cutoff_7.5.inp.out,1366.580285934402,-0.1376,0.1363,11.2509,49.0,-1303.4479922806,906.9225813765119,-344.56916851048305,-5896.2448261925,0.09883145060030074
FMNO_red_331_cutoff_7.5.inp.out,1363.9049981748153,-0.1391,0.1390,14.6069,47.0,-1303.9642593928,907.3851030258996,673.9841173256823,-5744.7458766148,0.09866734509978414
FMNO_red_332_cutoff_7.5.inp.out,1358.941306483075,-0.1400,0.1485,13.0822,47.0,-1303.8309569241,51.29692610302308,-867.2152330838935,-5744.5527070435,0.09998123370041867
FMNO_red_333_cutoff_7.5.inp.out,1361.857670109765,-0.1596,0.1308,14.7140,51.0,-1302.7215248877,1597.6829903366543,2398.3648033839972,-6047.5883677173,0.11575969960085786
FMNO_red_334_cutoff_7.5.inp.out,1359.4228351404354,-0.1166,0.1495,22.6976,53.0,-1301.8101460691,-697.6532840525845,1145.5642455630968,-6198.6981624536,0.07906659580021369
FMNO_red_335_cutoff_7.5.inp.out,1370.964268811632,-0.1204,0.1526,22.0022,51.0,-1302.1975043119,-1201.7656509922394,-738.6815493487071,-6047.0823486293,0.08021490299961442
FMNO_red_336_cutoff_7.5.inp.out,1365.1996086190197,-0.1472,0.1405,20.1595,54.0,-1301.4896639586,18.066990731748433,-22.85160629321068,-6274.4657880395,0.10898417780026648
FMNO_red_337_cutoff_7.5.inp.out,1372.920567100478,-0.1410,0.1424,13.4689,48.0,-1304.2939792374,507.007132199996,-105.99714762999906,-5821.120136102,0.1025878828995701
FMNO_red_338_cutoff_7.5.inp.out,1372.5391172826035,-0.1308,0.1558,24.9640,47.0,-1304.5262720177,-419.3771291276139,-879.0013493461443,-5745.3387766886,0.09310854470004415
FMNO_red_339_cutoff_7.5.inp.out,1363.253954756519,-0.1508,0.1250,16.5213,46.0,-1305.0604036707,583.4208636202786,2423.0094416069946,-5669.8265993717,0.11007067889931932
FMNO_red_33_cutoff_7.5.inp.out,1370.1727816462023,-0.1164,0.1400,12.4793,49.0,-1303.9308958546,-2272.441244303276,-4968.612016891318,-5896.6950946462,0.07641261480057437
FMNO_red_340_cutoff_7.5.inp.out,1371.4469060472748,-0.1522,0.1369,24.6013,46.0,-1304.7545067673,809.4062630542332,558.2471065035613,-5669.5245035129,0.11390154550008447
FMNO_red_341_cutoff_7.5.inp.out,1373.0250959734221,-0.1505,0.1544,24.5943,45.0,-1305.1526992617,63.756014367469426,-445.0824932434702,-5593.8332167138,0.11081728659974033
FMNO_red_342_cutoff_7.5.inp.out,1368.2052272623687,-0.1424,0.1552,31.0424,48.0,-1303.9754648799,-1156.1739333249088,-2859.362421934662,-5820.8512762939,0.09934050519950688
FMNO_red_343_cutoff_7.5.inp.out,1369.8736634415163,-0.1592,0.1443,28.9200,49.0,-1303.7175173194,1009.4969820019977,600.0562844750425,-5896.5739680616,0.1201120527994135
FMNO_red_344_cutoff_7.5.inp.out,1358.4333225846988,-0.1372,0.1422,24.9262,48.0,-1304.5951514434,5.253295286734883,-163.27324810439447,-5821.3090634916,0.0994354499007386
FMNO_red_345_cutoff_7.5.inp.out,1369.4447762146633,-0.1248,0.1222,27.8238,51.0,-1302.7269835601,-81.56546793682291,-1167.310567739052,-6047.5877756175,0.092265331300041
FMNO_red_346_cutoff_7.5.inp.out,1368.3991643824452,-0.1449,0.1511,19.9981,51.0,-1303.4324627354,-836.1223237973323,-1146.4935873072711,-6048.3683824389,0.10368853389991273
FMNO_red_347_cutoff_7.5.inp.out,1367.8386139683723,-0.1295,0.1420,18.6814,52.0,-1302.6242842254,-360.8339764000043,-2651.7598781000215,-6123.4728408401,0.09118690820014308
FMNO_red_348_cutoff_7.5.inp.out,1374.0178604180287,-0.1461,0.1253,27.7657,53.0,-1302.2763793463,-137.75356474137982,-1650.838323550328,-6199.2151594766,0.1044277046003117
FMNO_red_349_cutoff_7.5.inp.out,1366.26010364505,-0.1527,0.1352,18.2835,56.0,-1301.5339679156,1546.540717457756,1619.4401114822804,-6426.6079259366,0.11379446469982213
FMNO_red_34_cutoff_7.5.inp.out,1368.8161685102173,-0.1243,0.1263,12.4439,46.0,-1304.7746693222,-677.9084273708954,-1494.791628006845,-5669.4269715747,0.08969736889957858
FMNO_red_350_cutoff_7.5.inp.out,1375.9075587212267,-0.1423,0.1433,24.6921,54.0,-1301.7492506112,531.5216695950496,2091.533191713691,-6274.7947999609,0.1066313621995505
FMNO_red_351_cutoff_7.5.inp.out,1373.1526143356584,-0.1186,0.1482,20.7493,53.0,-1302.1033561075,19.437081774085808,988.9791712343878,-6199.0037355983,0.08308520310038148
FMNO_red_352_cutoff_7.5.inp.out,1370.9692213774752,-0.1446,0.1350,21.2228,46.0,-1304.4611119809,1219.0679779929583,2795.6989392716046,-5669.1944853705,0.10446797879922087
FMNO_red_353_cutoff_7.5.inp.out,1370.8046379983018,-0.1295,0.1597,20.0675,46.0,-1304.4322621799,-401.82231382191173,1143.2455882444535,-5669.1321570893,0.08955770660031703
FMNO_red_354_cutoff_7.5.inp.out,1369.4559065956512,-0.1263,0.1417,24.1560,46.0,-1304.6475537234,545.2139596369744,3255.3750827959666,-5669.3200138318,0.09396623429984174
FMNO_red_355_cutoff_7.5.inp.out,1365.3418554480713,-0.1603,0.1332,22.2530,46.0,-1304.6219389567,1529.8856142898157,4920.350541829769,-5669.4099632591,0.11951846499960084
FMNO_red_356_cutoff_7.5.inp.out,1371.5389922559489,-0.1356,0.1413,18.0568,50.0,-1303.2192997364,2004.3795032329915,4348.760730371198,-5972.08502724,0.0982720176998555
FMNO_red_357_cutoff_7.5.inp.out,1369.6692632379918,-0.1224,0.1464,24.5730,51.0,-1303.0108026829,892.4733904760095,4463.813450179007,-6047.9535517279,0.08426494030027243
FMNO_red_358_cutoff_7.5.inp.out,1372.3945590832902,-0.1352,0.1419,29.4583,55.0,-1301.5969862175,1950.1523040303755,4813.87186566703,-6350.6514228727,0.09887780730059603
FMNO_red_359_cutoff_7.5.inp.out,1364.1406600348137,-0.1511,0.1426,24.9707,52.0,-1302.9744255263,1727.607677161427,4352.264113068541,-6123.9105696255,0.1099115893994167
FMNO_red_35_cutoff_7.5.inp.out,1369.012461504172,-0.1432,0.1435,18.1542,48.0,-1304.2699915398,-344.69067730897876,-715.094840404436,-5820.9633971483,0.09952891480043036
FMNO_red_360_cutoff_7.5.inp.out,1367.3380608852601,-0.1247,0.1330,30.5290,50.0,-1303.7477091931,2549.932184000026,6233.205428599959,-5972.5924613835,0.08698920319966419
FMNO_red_361_cutoff_7.5.inp.out,1372.2856128372196,-0.1308,0.1532,35.1026,51.0,-1302.8475157653,1374.399929300004,5510.9740894999895,-6047.7015846252,0.08950574580012471
FMNO_red_362_cutoff_7.5.inp.out,1373.6233196246726,-0.1153,0.1517,41.1419,52.0,-1302.7462105245,915.3398958389799,5150.882596377459,-6123.6323496925,0.07848753449979995
FMNO_red_363_cutoff_7.5.inp.out,1370.9219196782817,-0.1266,0.1439,22.5197,54.0,-1301.9247897710,845.6070262947355,5464.031237538657,-6274.8701940737,0.08852089579977473
FMNO_red_364_cutoff_7.5.inp.out,1358.2222478639762,-0.1487,0.1397,25.4674,49.0,-1303.2440764727,1464.157643893172,5915.50392361068,-5896.1178056389,0.10667750799984788
FMNO_red_365_cutoff_7.5.inp.out,1364.7078997421677,-0.1213,0.1448,32.0266,50.0,-1303.1020043709,509.0906882988009,3536.1470982494434,-5971.9095293186,0.08437786689955828
FMNO_red_366_cutoff_7.5.inp.out,1358.0223448447925,-0.1107,0.1639,30.4025,48.0,-1304.1597880871,995.4414963665545,2084.9940756790106,-5820.9318471246,0.07793507639962627
FMNO_red_367_cutoff_7.5.inp.out,1362.437077836832,-0.1492,0.1357,35.6901,46.0,-1304.3823097100,2427.0624809350948,4407.076378919052,-5669.1115291781,0.10788487429999805
FMNO_red_368_cutoff_7.5.inp.out,1368.7391796404054,-0.1131,0.1493,33.3975,52.0,-1302.9461077583,602.0336397648786,2426.582311344873,-6123.8356917467,0.07991883290014812
FMNO_red_369_cutoff_7.5.inp.out,1374.049075370878,-0.1277,0.1564,38.4275,53.0,-1302.2795131316,531.1828550823203,3581.9479821443388,-6199.2428404588,0.09069880249990092
FMNO_red_36_cutoff_7.5.inp.out,1358.4897884703867,-0.1051,0.1491,10.5278,47.0,-1304.5000958779,-1255.223728959885,-1609.462356172612,-5745.0972095107,0.07343814839987317
FMNO_red_370_cutoff_7.5.inp.out,1359.7690830104661,-0.1351,0.1367,30.5680,51.0,-1303.2321008277,1508.3367396459994,3329.346280178224,-6048.1140722542,0.09216324940007325
FMNO_red_371_cutoff_7.5.inp.out,1369.3847314036454,-0.1136,0.1551,25.3382,47.0,-1304.3924015396,1379.5456086766844,5528.0423132470605,-5745.0672871975,0.08223600559995248
FMNO_red_372_cutoff_7.5.inp.out,1376.5751711411058,-0.1059,0.1731,20.3624,49.0,-1304.1527219733,-157.60888599095534,3358.352390174205,-5896.9500966826,0.0682530827998562
FMNO_red_373_cutoff_7.5.inp.out,1365.4313006958173,-0.1249,0.1393,12.0291,43.0,-1305.6715596979,2038.4542575437206,5210.677416617418,-5442.2231182622,0.09295121030027076
FMNO_red_374_cutoff_7.5.inp.out,1362.7859427488997,-0.1340,0.1525,15.5626,47.0,-1304.2019701882,723.9531168528273,3053.150800975921,-5744.9404990087,0.0981238200001826
FMNO_red_375_cutoff_7.5.inp.out,1367.2800842417826,-0.1399,0.1197,13.5902,44.0,-1305.5593565999,2879.4266658455376,5694.118797552658,-5518.1259348917,0.10390648019983928
FMNO_red_376_cutoff_7.5.inp.out,1372.1624200008785,-0.1238,0.1350,13.8331,47.0,-1304.5206158592,2019.7952593675889,6196.857527016814,-5745.2810216409,0.0891579705003096
FMNO_red_377_cutoff_7.5.inp.out,1369.5723689501795,-0.1237,0.1617,17.8525,45.0,-1305.0069744073,167.48832418815923,1957.5577235557184,-5593.7442194989,0.08540601440017781
FMNO_red_378_cutoff_7.5.inp.out,1376.5640170951965,-0.1457,0.1458,20.7641,47.0,-1304.3714476511,622.1110054460321,1304.0470634908936,-5745.1188580105,0.10738299729928258
FMNO_red_379_cutoff_7.5.inp.out,1369.9471275715866,-0.1411,0.1543,26.3059,44.0,-1305.1453986088,-395.2186912966646,-685.2465966498829,-5517.7362615966,0.10131586569968931
FMNO_red_37_cutoff_7.5.inp.out,1367.80178733393,-0.1245,0.1484,9.5062,50.0,-1303.3820688690,-827.8720756712485,-2083.3163643142307,-5972.1656492176,0.08589344029951462
FMNO_red_380_cutoff_7.5.inp.out,1373.153612495195,-0.1540,0.1469,16.1385,47.0,-1304.0927520657,1672.0935697061661,2199.7061833788152,-5744.8733419615,0.11564051589994051
FMNO_red_381_cutoff_7.5.inp.out,1370.546795375035,-0.1418,0.1455,21.0220,47.0,-1304.1152500297,375.48189919639526,1704.2231178802463,-5744.9085449045,0.10076611679960479
FMNO_red_382_cutoff_7.5.inp.out,1368.1223422743476,-0.1258,0.1563,20.5275,46.0,-1304.6069887956,-250.0747790745291,3061.5034275003695,-5669.3104499274,0.0861995734003358
FMNO_red_383_cutoff_7.5.inp.out,1366.568640874069,-0.1374,0.1279,10.9031,48.0,-1304.0316734160,1925.3555553536423,2939.828728325795,-5820.8721274164,0.10131487540002126
FMNO_red_384_cutoff_7.5.inp.out,1371.1382212402498,-0.1273,0.1448,11.0360,49.0,-1303.1917440928,787.9842142652741,1951.9794919511974,-5895.9939125865,0.09293588159926003
FMNO_red_385_cutoff_7.5.inp.out,1372.6003977889543,-0.1440,0.1449,14.3021,52.0,-1302.1880619162,-187.1280596616215,-59.96194089548634,-6123.0267109553,0.10417077980036993
FMNO_red_386_cutoff_7.5.inp.out,1375.2690447497873,-0.1420,0.1486,16.2059,49.0,-1303.4740092688,3.25579624420038,-249.58272771702727,-5896.2865588397,0.10181032970012893
FMNO_red_387_cutoff_7.5.inp.out,1372.8210469983478,-0.1418,0.1418,13.4888,48.0,-1304.2977659442,544.6004714408219,-11.167822914753742,-5821.1243755042,0.10336280940009601
FMNO_red_388_cutoff_7.5.inp.out,1371.3019640642208,-0.1316,0.1482,23.2296,49.0,-1303.7549084753,32.88440043106753,-576.6702594571726,-5896.6306475903,0.09338016750007228
FMNO_red_389_cutoff_7.5.inp.out,1362.6558419731803,-0.1481,0.1359,16.6282,47.0,-1304.4135501874,847.5076910233377,1693.1982261496557,-5745.1826731466,0.10911217850025423
FMNO_red_38_cutoff_7.5.inp.out,1373.6322202966078,-0.1431,0.1525,6.5746,47.0,-1304.5312830281,-132.5921087751327,-1486.3131907262084,-5745.2134172658,0.0985796674995072
FMNO_red_390_cutoff_7.5.inp.out,1367.6597289048113,-0.1491,0.1229,22.0926,50.0,-1303.4066295689,824.4091855383368,1214.294200406727,-5972.2656506704,0.10882278350072738
FMNO_red_391_cutoff_7.5.inp.out,1366.1958241745062,-0.1344,0.1417,34.1660,48.0,-1304.0047940065,-378.8532280463974,-326.94304742662945,-5820.8396175245,0.09534903910025605
FMNO_red_392_cutoff_7.5.inp.out,1378.127437221006,-0.1313,0.1482,35.1781,52.0,-1302.5700126180,-447.5865260860793,371.0378776375043,-6123.4984159229,0.09272618980048719
FMNO_red_393_cutoff_7.5.inp.out,1372.559537629142,-0.1257,0.1515,36.1506,49.0,-1303.3884153848,-1324.8291258212548,-336.89886249726993,-5896.2935553161,0.08851130029961496
FMNO_red_394_cutoff_7.5.inp.out,1363.9962583381403,-0.1465,0.1403,33.3880,49.0,-1303.5714193203,1006.0135610000028,1445.9654470000157,-5896.4155910778,0.10753275260049122
FMNO_red_395_cutoff_7.5.inp.out,1373.519062725766,-0.1286,0.1585,36.2560,52.0,-1302.5924355094,-487.6328119324279,-139.21563356817865,-6123.5158670408,0.08810393780004233
FMNO_red_396_cutoff_7.5.inp.out,1365.0363550488203,-0.1452,0.1449,32.5336,50.0,-1302.9962773447,-85.21026636843274,862.2124651548503,-5971.8067263559,0.10469522089988459
FMNO_red_397_cutoff_7.5.inp.out,1367.3139442437393,-0.1447,0.1458,25.9681,50.0,-1302.5225246993,563.2039850058385,-24.42514342510677,-5971.3174961957,0.10532444050022605
FMNO_red_398_cutoff_7.5.inp.out,1376.480569112943,-0.1411,0.1466,19.4801,51.0,-1302.4300025964,217.6628064625866,621.4035457029175,-6047.2147305986,0.10208756690008158
FMNO_red_399_cutoff_7.5.inp.out,1367.6624370273003,-0.1373,0.1521,20.7571,48.0,-1303.7066128111,-225.4899677280667,342.85000454690083,-5820.4612203933,0.09873988399976952
FMNO_red_39_cutoff_7.5.inp.out,1369.7210242328033,-0.1248,0.1501,5.9007,48.0,-1304.3216493003,291.5811757808819,25.059244919221,-5820.9585149665,0.0878212857996914
FMNO_red_3_cutoff_7.5.inp.out,1364.5356944618793,-0.1389,0.1312,22.8226,52.0,-1302.6828573183,-302.8354732351685,-1008.521165650158,-6123.6482010178,0.10145067919984285
FMNO_red_400_cutoff_7.5.inp.out,1369.633444989349,-0.1309,0.1347,29.5125,45.0,-1304.3594275399,1052.7977614838032,2338.0028445874823,-5593.0962231996,0.09368921390068863
FMNO_red_401_cutoff_7.5.inp.out,1369.251190500371,-0.1249,0.1486,27.5897,46.0,-1303.9230578980,25.759239431069037,1481.2587418086982,-5668.6549020036,0.0833902381000371
FMNO_red_402_cutoff_7.5.inp.out,1365.7287545583229,-0.1614,0.1345,32.9110,49.0,-1303.2883022728,2039.2860297639306,2309.8754750417506,-5896.1122513572,0.11979634090039326
FMNO_red_403_cutoff_7.5.inp.out,1364.3092656842532,-0.1287,0.1566,28.4010,48.0,-1303.7018461964,18.75892751777986,-425.46561142951583,-5820.465459021,0.09021692779970181
FMNO_red_404_cutoff_7.5.inp.out,1364.1679762809495,-0.1218,0.1551,27.1707,49.0,-1303.1894935053,-1535.971678901235,-2207.378241514845,-5896.0067265137,0.08554934769927058
FMNO_red_405_cutoff_7.5.inp.out,1370.8004060208868,-0.1402,0.1397,28.3708,49.0,-1303.5198634608,-1099.7368189604194,-1663.8595085608715,-5896.3399612422,0.10263765039962891
FMNO_red_406_cutoff_7.5.inp.out,1373.772532857137,-0.1607,0.1393,27.4989,48.0,-1303.8442701151,264.6629387088005,-40.31034606860072,-5820.66552359,0.12002750449937594
FMNO_red_407_cutoff_7.5.inp.out,1372.9617339530032,-0.1489,0.1308,28.3294,50.0,-1303.1363812726,1391.5019134184129,2200.1652250356747,-5972.0635031431,0.11098310350007523
FMNO_red_408_cutoff_7.5.inp.out,1363.7586605405434,-0.1424,0.1427,19.9377,49.0,-1303.3458186360,1053.9699045559655,-373.85792548265067,-5896.1665381577,0.104704918599964
FMNO_red_409_cutoff_7.5.inp.out,1348.0492977511901,-0.1397,0.1551,20.0204,46.0,-1304.3673676419,56.023116046008084,2056.10206619593,-5669.0994046984,0.0994210546996328
FMNO_red_40_cutoff_7.5.inp.out,1365.3291141739808,-0.1457,0.1381,12.9068,51.0,-1303.1677222495,245.80229960361456,1231.1654329119542,-6047.9613211562,0.10782294310047291
FMNO_red_410_cutoff_7.5.inp.out,1360.1486931925874,-0.1551,0.1295,17.7130,45.0,-1304.8669640854,2263.4056784920576,2308.138727458981,-5593.5602420613,0.1178210731004583
FMNO_red_411_cutoff_7.5.inp.out,1358.379071555872,-0.1523,0.1357,20.4334,42.0,-1305.5092996056,818.0124913420144,970.3696890241994,-5366.1444197543,0.11017221769998287
FMNO_red_412_cutoff_7.5.inp.out,1377.187795525377,-0.1265,0.1569,19.6558,42.0,-1305.8406437599,-460.8604432772713,-211.91837346240632,-5366.4414614928,0.08841251029934938
FMNO_red_413_cutoff_7.5.inp.out,1374.4334920021156,-0.1421,0.1485,27.7832,43.0,-1305.6398358212,-1411.8184645801364,-3092.990175116781,-5442.2397070207,0.10032892520030146
FMNO_red_414_cutoff_7.5.inp.out,1364.0654036730164,-0.1568,0.1445,20.3344,43.0,-1305.5735272887,831.2370814612846,1166.787701926408,-5442.1481230003,0.11452753710000252
FMNO_red_415_cutoff_7.5.inp.out,1366.290251825022,-0.1288,0.1415,28.2339,43.0,-1305.4726679184,-319.52572366339007,118.23831070549143,-5442.030933679,0.09157179270005145
FMNO_red_416_cutoff_7.5.inp.out,1359.4029979029374,-0.1135,0.1567,26.2455,42.0,-1305.9992780560,-1151.8088463000036,-146.38431479999684,-5366.532045793,0.07339487330045813
FMNO_red_417_cutoff_7.5.inp.out,1366.8087503732263,-0.1356,0.1254,21.5774,47.0,-1304.2383268243,1708.6439152088553,4400.136882226238,-5744.9682374252,0.09842713970010664
FMNO_red_418_cutoff_7.5.inp.out,1368.9114060905492,-0.1255,0.1414,34.3534,44.0,-1304.9582059307,-110.7188241187122,3086.8758887727927,-5517.5681216451,0.0865537546997075
FMNO_red_419_cutoff_7.5.inp.out,1366.560887208939,-0.1431,0.1467,27.3515,44.0,-1305.2130689377,1499.0616409601605,2779.3724013696124,-5517.8434644194,0.10622068730026513
FMNO_red_41_cutoff_7.5.inp.out,1358.337428567748,-0.1243,0.1537,3.0305,50.0,-1303.4849076218,358.8906176433788,1206.4316584665646,-5972.2931626341,0.08284358200035058
FMNO_red_420_cutoff_7.5.inp.out,1370.7605770359269,-0.1220,0.1629,21.0582,46.0,-1304.4753922931,-496.71448438999835,860.6301921000089,-5669.142277924,0.0799184081997737
FMNO_red_421_cutoff_7.5.inp.out,1370.4507335852204,-0.1363,0.1479,19.2366,51.0,-1302.3694497263,243.7384727220611,2285.1795813352164,-6047.1459743615,0.09578435169987642
FMNO_red_422_cutoff_7.5.inp.out,1366.9666166347138,-0.1280,0.1361,19.2419,49.0,-1303.1673686119,106.98049235756007,1604.228036001468,-5895.8883438238,0.08805190059956658
FMNO_red_423_cutoff_7.5.inp.out,1363.8912237578131,-0.1112,0.1537,18.6391,52.0,-1302.3871586705,-255.9796093204934,39.139624614492035,-6123.1667930901,0.07787973749964294
FMNO_red_424_cutoff_7.5.inp.out,1362.9483239915141,-0.1438,0.1521,27.7990,53.0,-1301.6308848669,-132.45400509185987,-605.536458044481,-6198.4610094557,0.10156571930019709
FMNO_red_425_cutoff_7.5.inp.out,1359.7107984709376,-0.1532,0.1437,26.4290,52.0,-1302.4611361494,1895.559740527836,4966.345997841071,-6123.3170826375,0.11064031420028186
FMNO_red_426_cutoff_7.5.inp.out,1355.7497471164352,-0.1459,0.1395,18.1712,50.0,-1303.4053334883,2027.6437846303832,2635.9961300535215,-5972.0569506388,0.10673811000015121
FMNO_red_427_cutoff_7.5.inp.out,1356.5588299542462,-0.1367,0.1456,20.6748,46.0,-1304.7061495998,1401.8211369366675,3732.6611742074333,-5669.3305580341,0.10001153469966084
FMNO_red_428_cutoff_7.5.inp.out,1370.6111297591524,-0.1520,0.1433,18.2676,49.0,-1303.5263954780,1116.2533160522114,2318.9952462428882,-5896.3022740156,0.11333891499998572
FMNO_red_429_cutoff_7.5.inp.out,1369.0070755642398,-0.1360,0.1406,17.6024,50.0,-1303.1452063296,1523.878560577049,2115.882367880234,-5971.8070789677,0.10268199709935288
FMNO_red_42_cutoff_7.5.inp.out,1358.2815249808536,-0.1261,0.1397,8.6955,42.0,-1306.3143402203,2399.5056346016913,4906.765984872235,-5366.8275909286,0.09363459699943633
FMNO_red_430_cutoff_7.5.inp.out,1371.8499184785044,-0.1530,0.1325,26.1029,48.0,-1303.8000243037,2174.673158311432,4770.281204286807,-5820.4844700753,0.1131875499004309
FMNO_red_431_cutoff_7.5.inp.out,1362.2812430495935,-0.1442,0.1435,23.9539,49.0,-1303.3006860982,1100.078657665778,2099.307696686061,-5896.0365683403,0.1004259691999323
FMNO_red_432_cutoff_7.5.inp.out,1367.9127987586082,-0.1229,0.1526,17.8411,47.0,-1304.2176525636,213.978071000001,2192.456404599969,-5744.8203330077,0.08323449339968647
FMNO_red_433_cutoff_7.5.inp.out,1362.9007728538202,-0.1536,0.1412,18.7577,45.0,-1305.1181724239,2496.149955847526,5013.6360423588985,-5593.7712355729,0.11198019770017709
FMNO_red_434_cutoff_7.5.inp.out,1367.1687391876483,-0.1400,0.1478,18.4077,46.0,-1304.8961370913,-334.07061963854966,-450.7237281000911,-5669.4915158737,0.09860508159999881
FMNO_red_435_cutoff_7.5.inp.out,1364.1968578905519,-0.1366,0.1505,11.6194,44.0,-1305.1333581382,-27.77567022430195,478.5609242585938,-5517.6087364539,0.10064453840004717
FMNO_red_436_cutoff_7.5.inp.out,1368.5325741456768,-0.1554,0.1446,11.9629,46.0,-1304.6237025772,1556.2731594677412,2866.9805226161884,-5669.1719909773,0.11393398990003334
FMNO_red_437_cutoff_7.5.inp.out,1372.8210469983478,-0.1418,0.1418,13.4889,48.0,-1304.2978876332,544.5859792857501,-11.189875053530214,-5821.1244989705,0.10336374009966676
FMNO_red_438_cutoff_7.5.inp.out,1371.1970209689187,-0.1282,0.1465,23.1027,49.0,-1303.7249463382,-60.88435880650524,-736.3963458894895,-5896.5906787526,0.09078095719996782
FMNO_red_439_cutoff_7.5.inp.out,1362.5782825547606,-0.1448,0.1405,23.1722,48.0,-1303.8513743745,460.02704805225477,121.98603097157505,-5820.7404212667,0.10433302670026023
FMNO_red_43_cutoff_7.5.inp.out,1362.47393924575,-0.1343,0.1425,13.8147,46.0,-1305.2590260058,-238.14220559547195,-642.7996448931397,-5669.9712845862,0.09450064640077471
FMNO_red_440_cutoff_7.5.inp.out,1365.0420474206567,-0.1275,0.1583,21.6701,49.0,-1303.4306026823,-929.9770674604295,-1009.4565023513933,-5896.326724574,0.09049352370038832
FMNO_red_441_cutoff_7.5.inp.out,1361.1426329575309,-0.1430,0.1216,32.5985,50.0,-1303.0616670616,631.345579603787,-618.0032711581293,-5971.9993100434,0.1046042165999097
FMNO_red_442_cutoff_7.5.inp.out,1365.758912102983,-0.1118,0.1390,40.1722,48.0,-1303.7667479003,-2583.820099177313,-3925.004680031389,-5820.5873743609,0.07417196709957352
FMNO_red_443_cutoff_7.5.inp.out,1365.7917665490597,-0.1274,0.1361,30.2316,51.0,-1302.6527640087,-678.9555415437737,-357.7090518005942,-6047.5316522219,0.09299795300012192
FMNO_red_444_cutoff_7.5.inp.out,1358.9809912591113,-0.1218,0.1474,23.3132,51.0,-1302.8586385100,-1207.1837575404027,-1335.5177273411819,-6047.8135055221,0.0864595165994615
FMNO_red_445_cutoff_7.5.inp.out,1367.296349234014,-0.1174,0.1559,26.6554,49.0,-1303.6145968505,-1930.6165732254296,-3152.007580202514,-5896.3975705235,0.07867869780056935
FMNO_red_446_cutoff_7.5.inp.out,1368.259687084618,-0.1254,0.1544,24.2829,50.0,-1303.3926909199,-847.532756966403,-914.3819646171278,-5972.2601276192,0.08787047559962957
FMNO_red_447_cutoff_7.5.inp.out,1371.2281167889073,-0.1292,0.1534,15.2747,50.0,-1303.1658753910,-1261.061738226804,-1268.218183052448,-5971.9942848879,0.08590677100073663
FMNO_red_448_cutoff_7.5.inp.out,1369.6448286804518,-0.1288,0.1556,15.4025,53.0,-1302.5361625589,-539.4839612955224,-570.7025350807243,-6199.446004506,0.09102055509993079
FMNO_red_449_cutoff_7.5.inp.out,1360.7543938569136,-0.1360,0.1589,28.4451,52.0,-1302.6987401629,-470.47087050898756,-714.9177088177292,-6123.5702955419,0.09403750719957316
FMNO_red_44_cutoff_7.5.inp.out,1366.1591460583618,-0.1297,0.1530,7.4051,46.0,-1304.6445887248,-293.37680087667377,539.584971761394,-5669.2992601422,0.09095911219992558
FMNO_red_450_cutoff_7.5.inp.out,1373.475856571083,-0.1246,0.1526,34.7719,54.0,-1302.3206708160,-862.4415783097002,-1027.0558957076787,-6275.2218887722,0.08532253070006846
FMNO_red_451_cutoff_7.5.inp.out,1371.821696192182,-0.1412,0.1521,36.9426,54.0,-1302.4075237563,527.9773469272941,-420.37422011887,-6275.3208117577,0.10236504319982487
FMNO_red_452_cutoff_7.5.inp.out,1361.162300119548,-0.1259,0.1629,34.1376,53.0,-1302.4599271597,-1892.146169600012,-1681.4648693000354,-6199.3413861497,0.08557034060049773
FMNO_red_453_cutoff_7.5.inp.out,1356.0175696930849,-0.1211,0.1557,36.0664,54.0,-1302.0248887230,-726.54483986774,-1036.353026185541,-6274.9032334457,0.08624091510046128
FMNO_red_454_cutoff_7.5.inp.out,1365.3190463754552,-0.1114,0.1517,29.1808,52.0,-1302.7888049035,-515.6500975493947,501.63877976071024,-6123.6417147425,0.07579088720012805
FMNO_red_455_cutoff_7.5.inp.out,1365.4992016308659,-0.1232,0.1552,33.2758,48.0,-1304.3292280850,-1262.884702518595,-3809.4012335440293,-5821.043567009,0.08782367829917348
FMNO_red_456_cutoff_7.5.inp.out,1367.277656313181,-0.1227,0.1589,27.6796,47.0,-1304.5061877415,-1450.2874115690163,-1625.861907947328,-5745.0676787378,0.08555473619981058
FMNO_red_457_cutoff_7.5.inp.out,1368.0021188827372,-0.1398,0.1451,28.2971,48.0,-1304.1780465439,479.4397685868499,-573.1620795960636,-5820.8786336053,0.10450301959917851
FMNO_red_458_cutoff_7.5.inp.out,1362.6983182906129,-0.1049,0.1709,17.2103,46.0,-1305.2508253463,-2500.03790689121,-2827.1972697663555,-5669.8384701952,0.0695348905001083
FMNO_red_459_cutoff_7.5.inp.out,1365.2934278860712,-0.1161,0.1341,25.6893,49.0,-1303.7346512436,-77.18939181053153,-1361.5536023250409,-5896.4222585019,0.08318487160067889
FMNO_red_45_cutoff_7.5.inp.out,1361.263521920579,-0.1169,0.1534,9.6105,49.0,-1303.7058909856,370.8225168642181,2055.6587592877677,-5896.4444238074,0.08679704790029064
FMNO_red_460_cutoff_7.5.inp.out,1366.7580365837828,-0.1269,0.1525,20.6509,51.0,-1303.4033432080,-280.46891769999513,259.85907480999964,-6048.1725721173,0.09106887899997673
FMNO_red_461_cutoff_7.5.inp.out,1371.5012651235709,-0.1244,0.1535,19.2100,51.0,-1303.2804863291,-1498.794562404879,-2433.2065039772833,-6048.0357190768,0.08475514030033082
FMNO_red_462_cutoff_7.5.inp.out,1368.722170554035,-0.1316,0.1619,28.8584,50.0,-1303.6709864588,-1630.86748138287,-2108.5609872280547,-5972.4522381479,0.09226075779952225
FMNO_red_463_cutoff_7.5.inp.out,1363.8849856368438,-0.1278,0.1452,31.8547,52.0,-1302.6497038874,-760.406862480677,-1968.1154533230376,-6123.444591315,0.09020575449994794
FMNO_red_464_cutoff_7.5.inp.out,1366.6617102187176,-0.1439,0.1409,38.4521,53.0,-1302.3598721799,-810.5718031998125,-2527.543672584868,-6199.171932769,0.10336171489961998
FMNO_red_465_cutoff_7.5.inp.out,1371.57718755197,-0.1264,0.1513,37.1598,47.0,-1304.1589347127,-1091.9097210086252,-4143.131049486906,-5744.9046084482,0.0881563693001226
FMNO_red_466_cutoff_7.5.inp.out,1363.1628399443089,-0.1322,0.1497,47.7811,48.0,-1304.0815431260,-846.2856477670896,-1317.454554239821,-5820.7547797464,0.09001209170037328
FMNO_red_467_cutoff_7.5.inp.out,1367.51100985191,-0.1251,0.1590,44.3047,46.0,-1304.9786945345,-2136.3504810000222,-4346.877415839943,-5669.5515243733,0.08923876530025154
FMNO_red_468_cutoff_7.5.inp.out,1366.8035174708266,-0.1353,0.1554,43.7588,50.0,-1302.9692255591,-1201.3002367428044,-2091.9374843298638,-5971.7803434378,0.09530746410018764
FMNO_red_469_cutoff_7.5.inp.out,1359.0238251833637,-0.1427,0.1516,41.5373,51.0,-1302.5845122887,-490.47255547206635,-777.8792587384703,-6047.32318299,0.10634576550000929
FMNO_red_46_cutoff_7.5.inp.out,1360.6900949096087,-0.1548,0.1289,21.3101,51.0,-1303.0125984918,1822.828262813108,2934.120830322474,-6047.8326883637,0.11429833110014442
FMNO_red_470_cutoff_7.5.inp.out,1368.411484823766,-0.1549,0.1443,32.6900,54.0,-1301.6645207883,161.23674832585803,167.34773484686036,-6274.6133012561,0.11784727580015897
FMNO_red_471_cutoff_7.5.inp.out,1362.5917249844647,-0.1732,0.1464,26.0252,49.0,-1303.1975514096,21.792995999999846,-492.7427338100009,-5895.9301590941,0.1291378859004908
FMNO_red_472_cutoff_7.5.inp.out,1355.0631490017356,-0.1255,0.1328,27.1959,51.0,-1302.6765137228,-87.0033209930107,-1813.118442755872,-6047.3573873593,0.09669535010016261
FMNO_red_473_cutoff_7.5.inp.out,1362.4353686674378,-0.1413,0.1515,31.8206,54.0,-1301.6482535020,-1630.4793710564145,-2166.205272384251,-6274.4257612823,0.09869526219972613
FMNO_red_474_cutoff_7.5.inp.out,1363.230264664561,-0.1430,0.1508,22.5206,54.0,-1301.7558248800,-2165.1421865539437,-2438.9714715637015,-6274.5144764973,0.1043090099001347
FMNO_red_475_cutoff_7.5.inp.out,1362.6227784680286,-0.1143,0.1537,21.0892,52.0,-1302.4091473439,-1753.5118435100824,-1161.1660176948417,-6123.2030007625,0.08033570190036698
FMNO_red_476_cutoff_7.5.inp.out,1363.2584359583032,-0.1418,0.1509,25.4294,49.0,-1303.2585110477,-1889.3455263013761,-3041.2041850795126,-5895.8982970906,0.0983114029004355
FMNO_red_477_cutoff_7.5.inp.out,1351.3314037752114,-0.1414,0.1533,22.1901,51.0,-1302.9371326560,9.85191975191044,19.37457977455969,-6047.6702155066,0.10236581129993283
FMNO_red_478_cutoff_7.5.inp.out,1360.5733499818107,-0.1378,0.1468,24.9342,48.0,-1303.5496756425,41.16530406055754,-1302.1623863287277,-5820.1852569164,0.10069129170005908
FMNO_red_479_cutoff_7.5.inp.out,1363.6173737279883,-0.1770,0.1276,24.7919,48.0,-1303.7120368589,2719.323322663191,4843.223989526553,-5820.3402251711,0.13501122189973103
FMNO_red_47_cutoff_7.5.inp.out,1364.8507720421348,-0.1288,0.1533,18.4609,51.0,-1302.8395657525,523.8630542717973,2466.421158247821,-6047.7079190396,0.09319006180066935
FMNO_red_480_cutoff_7.5.inp.out,1364.2012374095182,-0.1240,0.1438,30.9545,48.0,-1304.0980756493,1093.00066552472,2716.4466067533053,-5820.6881111208,0.09502793209958327
FMNO_red_481_cutoff_7.5.inp.out,1369.9607007419077,-0.1536,0.1491,25.9700,47.0,-1304.4554456127,194.07253118066077,1790.4196008951064,-5745.027470238,0.10947261830006028
FMNO_red_482_cutoff_7.5.inp.out,1367.633531097365,-0.1157,0.1494,22.1763,49.0,-1303.4152247714,173.90549549300914,1839.599374134263,-5896.1006566189,0.08315563720043428
FMNO_red_483_cutoff_7.5.inp.out,1368.6606457688097,-0.1344,0.1575,26.3394,47.0,-1304.3817068422,-540.206829192635,-242.26403683572187,-5744.991119073,0.09290275320017827
FMNO_red_484_cutoff_7.5.inp.out,1363.5052120080202,-0.1251,0.1599,24.1764,46.0,-1304.4596445087,-182.96634300000025,177.0710756800021,-5668.9443770534,0.09123146020010608
FMNO_red_485_cutoff_7.5.inp.out,1364.34283269624,-0.1113,0.1495,27.7642,47.0,-1304.5015892478,-1622.4987664291293,-2203.28750987947,-5745.1090849138,0.07507822239949746
FMNO_red_486_cutoff_7.5.inp.out,1358.9098881851255,-0.1203,0.1629,23.8501,46.0,-1304.3891535183,-996.3580882798349,1311.8453133041062,-5668.9439439677,0.08057001030010724
FMNO_red_48_cutoff_7.5.inp.out,1367.7523365200018,-0.1245,0.1605,22.5810,50.0,-1303.3559520624,-123.29683700000074,2327.152459750007,-5972.0607701962,0.08058536309999909
FMNO_red_49_cutoff_7.5.inp.out,1371.9716349024836,-0.1201,0.1420,22.3318,45.0,-1304.8667966919,1561.5932480000006,2623.0286667000205,-5593.4321724618,0.08251690579982096
FMNO_red_4_cutoff_7.5.inp.out,1361.293630439535,-0.1048,0.1332,20.2687,48.0,-1304.0557334223,-535.3359640030719,93.92716328064307,-5820.875563754,0.07169843839983514
FMNO_red_50_cutoff_7.5.inp.out,1372.9416422461052,-0.1404,0.1428,13.4177,48.0,-1304.2895509774,446.4796101744171,-159.53015187683656,-5821.1158116139,0.10210813940011576
FMNO_red_51_cutoff_7.5.inp.out,1369.232662797395,-0.1262,0.1615,26.7522,48.0,-1304.1192758070,-785.1837101909232,-762.3169708162203,-5820.9218614533,0.08809123099945282
FMNO_red_52_cutoff_7.5.inp.out,1361.5874184876966,-0.1523,0.1263,25.1697,49.0,-1303.8297244740,1764.1983548999951,1191.0930716000091,-5896.6992879763,0.11317707669968513
FMNO_red_53_cutoff_7.5.inp.out,1363.500400924763,-0.1472,0.1333,34.0081,48.0,-1304.4255142493,481.05573638659854,1119.8516551122425,-5821.2760055248,0.1083686965994275
FMNO_red_54_cutoff_7.5.inp.out,1365.6230911794382,-0.1394,0.1388,37.2399,50.0,-1303.4517066136,668.8574160596345,1318.047071090627,-5972.2761718075,0.09982129909985815
FMNO_red_55_cutoff_7.5.inp.out,1369.0897390807954,-0.1543,0.1420,39.3057,50.0,-1303.1045465165,-499.3272662684264,-521.2875717558065,-5971.9940594844,0.11100509639982192
FMNO_red_56_cutoff_7.5.inp.out,1363.5502426586543,-0.1466,0.1401,33.8576,52.0,-1302.3556185685,1046.8227138897296,195.90169827851193,-6123.2888071833,0.10785870370000339
FMNO_red_57_cutoff_7.5.inp.out,1364.7072120982466,-0.1459,0.1281,28.5938,51.0,-1302.7973399367,274.7579287638877,1680.7767994658889,-6047.6781226984,0.1050179912999738
FMNO_red_58_cutoff_7.5.inp.out,1362.184051972668,-0.1405,0.1363,41.4571,56.0,-1301.0695760475,193.51260853608443,-1180.3671785909144,-6426.1384632184,0.10332891239977471
FMNO_red_59_cutoff_7.5.inp.out,1364.847528676848,-0.1375,0.1373,36.2569,51.0,-1302.5094670665,643.4222055418322,868.3503526972374,-6047.427155984,0.09857612190080545
FMNO_red_5_cutoff_7.5.inp.out,1366.0926720284094,-0.1461,0.1325,17.8992,50.0,-1303.4337374280,1834.5866951234111,2846.952722816155,-5972.3005410566,0.10359288860036031
FMNO_red_60_cutoff_7.5.inp.out,1363.6118777771817,-0.1381,0.1520,36.0578,50.0,-1302.6673811769,-884.786245100005,-1556.5369997999808,-5971.4447044535,0.09784025299995847
FMNO_red_61_cutoff_7.5.inp.out,1353.1964954520365,-0.1349,0.1507,36.8484,50.0,-1302.6979091793,-657.6382656376032,-831.2799269790942,-5971.5375223907,0.09649494970017258
FMNO_red_62_cutoff_7.5.inp.out,1360.2188299847417,-0.1524,0.1274,32.4107,46.0,-1304.1165761539,596.3772582999932,10.068216869998775,-5668.7928117808,0.11458997369936696
FMNO_red_63_cutoff_7.5.inp.out,1368.9077084768003,-0.1472,0.1314,35.4814,50.0,-1302.7717288302,-408.06503199999514,-1738.3872658999599,-5971.576871498,0.10950294949998352
FMNO_red_64_cutoff_7.5.inp.out,1360.8376497403399,-0.1218,0.1404,34.1168,51.0,-1302.2731752026,11.374967249394302,773.9699247916972,-6047.1255548258,0.09382445800019923
FMNO_red_65_cutoff_7.5.inp.out,1370.9679455343737,-0.1395,0.1467,36.2484,50.0,-1302.9426902632,-1015.9526220942356,-1080.8759141863607,-5971.7797261045,0.09823086879987386
FMNO_red_66_cutoff_7.5.inp.out,1360.8067429693544,-0.1498,0.1376,34.0729,51.0,-1302.6625496324,246.4356878048482,365.870133307108,-6047.4557736191,0.11146157199982554
FMNO_red_67_cutoff_7.5.inp.out,1359.5629722782248,-0.1291,0.1384,26.3063,51.0,-1302.5990950214,-755.1052208670349,-1894.6814334439327,-6047.3844180509,0.09648595320049935
FMNO_red_68_cutoff_7.5.inp.out,1360.4435432202204,-0.1616,0.1380,23.4995,49.0,-1303.1335286401,354.0903661429822,545.8275576441503,-5895.9032653726,0.11952505930003099
FMNO_red_69_cutoff_7.5.inp.out,1360.624686312334,-0.1301,0.1431,32.2083,50.0,-1302.9474343026,-441.4904429791223,-953.1009660981142,-5971.6893910753,0.09266486939941387
FMNO_red_6_cutoff_7.5.inp.out,1366.3109775058713,-0.1146,0.1440,17.6381,53.0,-1302.2300499776,-302.1006068927348,1656.7413274081532,-6199.154678043,0.08183542749975459
FMNO_red_70_cutoff_7.5.inp.out,1365.4573435715836,-0.1326,0.1380,17.3410,50.0,-1302.8542932901,970.278979468554,1548.827775164125,-5971.715784852,0.09614955780034506
FMNO_red_71_cutoff_7.5.inp.out,1364.3399038894916,-0.1661,0.1312,34.1913,46.0,-1304.4168016630,689.2001647975774,194.7959358410904,-5669.0900896067,0.1217481603998749
FMNO_red_72_cutoff_7.5.inp.out,1358.9983858228074,-0.1435,0.1305,36.5598,44.0,-1305.1630555038,1756.6725502408076,714.4392828085729,-5517.7250858878,0.1073216485001467
FMNO_red_73_cutoff_7.5.inp.out,1362.822127121674,-0.1547,0.1295,36.7422,46.0,-1304.2987399365,2084.6277804777856,1444.6811897016319,-5669.0017765662,0.12099276070057385
FMNO_red_74_cutoff_7.5.inp.out,1367.9403854865184,-0.1694,0.1064,36.9405,49.0,-1303.2045457946,2261.8396911580767,2562.354430995984,-5896.017245939,0.12951336409969372
FMNO_red_75_cutoff_7.5.inp.out,1368.7855438243569,-0.1397,0.1473,28.7419,49.0,-1303.3686804818,-399.89715530787066,-934.7018746674173,-5896.1492786088,0.10356576909998694
FMNO_red_76_cutoff_7.5.inp.out,1367.2912632655086,-0.1344,0.1493,19.5311,47.0,-1303.8800643036,719.1448940869052,2031.150276392425,-5744.6168504582,0.09417142860002059
FMNO_red_77_cutoff_7.5.inp.out,1356.4559686562798,-0.1263,0.1531,34.1079,49.0,-1303.5218693624,511.42168978032646,3660.861618442268,-5896.2232024851,0.08890930409961584
FMNO_red_78_cutoff_7.5.inp.out,1372.1675930200377,-0.1292,0.1376,24.7991,49.0,-1303.1547107547,2694.732949455088,6358.33769064993,-5895.9561881267,0.09432108140026685
FMNO_red_79_cutoff_7.5.inp.out,1369.4385396346393,-0.1298,0.1535,24.9055,48.0,-1303.6747148680,381.68069405448125,3477.922172702154,-5820.3967007434,0.0933150085993475
FMNO_red_7_cutoff_7.5.inp.out,1367.3146955227733,-0.1386,0.1357,30.8962,53.0,-1302.0727202036,1613.630100628474,896.8463245454185,-6199.0781754451,0.09908017289944837
FMNO_red_80_cutoff_7.5.inp.out,1364.927365412081,-0.1417,0.1371,28.8675,48.0,-1303.3378648702,1158.04270004155,1722.8239108221883,-5820.040914259,0.10248449519986025
FMNO_red_81_cutoff_7.5.inp.out,1363.2271341665082,-0.1156,0.1477,34.2367,51.0,-1302.6343131978,-2083.2409605097364,-3065.0489437898545,-6047.4575501847,0.08364366599926143
FMNO_red_82_cutoff_7.5.inp.out,1350.4371823653676,-0.1373,0.1583,22.8723,48.0,-1303.3865350248,91.62772404418341,1792.6808919510604,-5820.1290730537,0.0961896382004852
FMNO_red_83_cutoff_7.5.inp.out,1356.6091554628354,-0.1479,0.1426,21.8403,43.0,-1305.2799264865,699.8224753522504,906.8096273771265,-5441.775449077,0.11303857139955653
FMNO_red_84_cutoff_7.5.inp.out,1348.245355200938,-0.1366,0.1384,20.7448,48.0,-1303.8600098243,1195.328899669908,2542.1265878808967,-5820.5959260273,0.10276993490060704
FMNO_red_85_cutoff_7.5.inp.out,1358.5079962806844,-0.1375,0.1456,7.7349,46.0,-1303.9120873678,493.9437218854715,1335.6120508187842,-5668.587562579,0.10536185830005707
FMNO_red_86_cutoff_7.5.inp.out,1362.2050716200013,-0.1386,0.1302,12.8286,47.0,-1303.6791792859,766.281873595961,-105.70445835756715,-5744.3762316026,0.10548370839933341
FMNO_red_87_cutoff_7.5.inp.out,1365.867136962498,-0.1273,0.1602,5.8606,49.0,-1302.8446323476,-583.4952697071282,-1374.7156725631764,-5895.6156961346,0.08686264019979717
FMNO_red_88_cutoff_7.5.inp.out,1362.2520226042425,-0.1266,0.1603,11.0016,46.0,-1303.9905145363,-1240.7814931061152,-2590.061380204098,-5668.5435635553,0.08480958200016175
FMNO_red_89_cutoff_7.5.inp.out,1358.6438822949779,-0.1330,0.1513,8.7249,43.0,-1305.0769961837,-988.039827038832,-1724.4486691469451,-5441.6550256474,0.09154170599958888
FMNO_red_8_cutoff_7.5.inp.out,1371.0529069532513,-0.1127,0.1528,34.6583,53.0,-1302.0428865684,-1086.4323388111497,-356.30332377447394,-6198.9784371832,0.07690146130062203
FMNO_red_90_cutoff_7.5.inp.out,1366.5950851226407,-0.1338,0.1460,14.1153,43.0,-1305.0965099737,833.7075995123403,1160.8269192815442,-5441.6484431348,0.09207442430033552
FMNO_red_91_cutoff_7.5.inp.out,1365.1931544998333,-0.1599,0.1481,18.1913,44.0,-1305.0200440140,374.83690888073664,-872.9125115440414,-5517.6106584684,0.11890463580039068
FMNO_red_92_cutoff_7.5.inp.out,1366.8246838642174,-0.1211,0.1460,15.3699,43.0,-1305.5084270832,-707.9171334821655,-3089.6449993519254,-5442.002279191,0.08373302289965068
FMNO_red_93_cutoff_7.5.inp.out,1367.638951843296,-0.1335,0.1497,9.0696,45.0,-1304.8126993537,-1627.7244282739553,-1970.8020841959371,-5593.3987623591,0.08896567690044321
FMNO_red_94_cutoff_7.5.inp.out,1365.7391281586017,-0.1326,0.1565,12.8703,46.0,-1304.6099613438,-492.7438929999982,-2767.3624040000473,-5669.3176182293,0.09168452900030388
FMNO_red_95_cutoff_7.5.inp.out,1357.7846086987827,-0.1282,0.1586,14.2019,44.0,-1304.8351740506,-198.0326403582512,-1601.5964949424279,-5517.4185750681,0.0892235298997548
FMNO_red_96_cutoff_7.5.inp.out,1365.0970555301656,-0.1291,0.1510,17.7943,44.0,-1304.9391648581,1.8836451854249663,555.6524625400058,-5517.5691540665,0.08833517539915192
FMNO_red_97_cutoff_7.5.inp.out,1368.355370534752,-0.1450,0.1539,17.0091,47.0,-1303.8757309368,-37.15686415682662,-2509.5162485137407,-5744.5883608469,0.10620372699941072
FMNO_red_98_cutoff_7.5.inp.out,1368.755135847679,-0.1275,0.1498,13.2715,44.0,-1304.7295481525,-1264.9981080006175,-3230.6612719354666,-5517.3067092207,0.0915246335998745
FMNO_red_99_cutoff_7.5.inp.out,1365.901153792009,-0.1189,0.1612,23.1076,47.0,-1303.6182592004,-3036.743157000013,-5132.437001999924,-5744.3665652982,0.07956850190021214
FMNO_red_9_cutoff_7.5.inp.out,1368.981912444772,-0.1326,0.1455,39.0728,50.0,-1303.2371580638,590.6463446999927,1832.9973706999888,-5972.1116631552,0.09366961830073706
