file_name,NRE,HOMO,LUMO,Dipole_mom,Num_waters,chg_chg,elec5,elec10,SCF_E,delE_dft
INDO_red_0_cutoff_0.0.inp.out,395.80558483122326,-0.3303,0.1147,3.5426,0.0,-1325.1296000001,-3.1581300204974188,-1.4138156729445714,-1684.2654902999,0.3169710761003443
INDO_red_100_cutoff_0.0.inp.out,397.620286721493,-0.2936,0.1503,3.3189,0.0,-1325.0756565743,0.2758726716798406,-1.6610304330973604,-1684.218200466,0.2771363542997278
INDO_red_101_cutoff_0.0.inp.out,395.0559826994941,-0.3058,0.1367,2.5891,0.0,-1325.3855136256,1.3430179270675464,2.8886206749719463,-1684.5159223917,0.2955404613994687
INDO_red_102_cutoff_0.0.inp.out,399.0241836753944,-0.3165,0.1376,3.1842,0.0,-1325.4347618038,4.614735528906256,10.211854150607715,-1684.5679279945,0.2991955523993965
INDO_red_103_cutoff_0.0.inp.out,397.5360096046588,-0.3127,0.1348,3.6411,0.0,-1325.0216138172,2.189279925782454,0.6314876582381039,-1684.1486277912,0.3033922485001312
INDO_red_104_cutoff_0.0.inp.out,397.0360511238323,-0.3064,0.1438,3.2773,0.0,-1324.8978305736,-1.476804626153349,0.9387728253992396,-1684.0304967285,0.2942006111998125
INDO_red_105_cutoff_0.0.inp.out,395.9231235700643,-0.3095,0.1304,2.744,0.0,-1325.0553921973,-0.3488734457680799,-2.8038375147800925,-1684.179806566,0.2911461410003539
INDO_red_106_cutoff_0.0.inp.out,396.4858078464947,-0.2865,0.1653,2.7882,0.0,-1325.2022044368,1.697867402747133,-2.6443318425643456,-1684.3208707193,0.2793865778994586
INDO_red_107_cutoff_0.0.inp.out,397.9720970490326,-0.2818,0.16,3.5201,0.0,-1325.0682541065,-2.404935970036902,1.6109183486517762,-1684.1926847335,0.2730490132998966
INDO_red_108_cutoff_0.0.inp.out,397.25459316619,-0.2814,0.1449,2.4775,0.0,-1325.3280953438,3.8449848020706616,3.010947135372875,-1684.4522919018,0.2784781826994731
INDO_red_109_cutoff_0.0.inp.out,395.0071010978532,-0.2935,0.1294,3.1226,0.0,-1325.4422152379,-2.0128706893136217,-0.662592620757982,-1684.5647817292,0.2913016342999981
INDO_red_10_cutoff_0.0.inp.out,394.5671319466952,-0.2815,0.1499,2.7592,0.0,-1325.1666291515,-7.646916083500325,-9.81494388046677,-1684.2850562852,0.2721661960003985
INDO_red_110_cutoff_0.0.inp.out,400.1630470583992,-0.2789,0.1763,3.1943,0.0,-1325.4780290896,-0.6439786767055277,1.2168719445372511,-1684.6192064083,0.2705698817999291
INDO_red_111_cutoff_0.0.inp.out,395.78649501674806,-0.2768,0.1618,3.2738,0.0,-1325.6346461046,0.103728254659715,-3.5241770496371285,-1684.75794798,0.2678294574006941
INDO_red_112_cutoff_0.0.inp.out,395.3196979093637,-0.2806,0.1659,3.1577,0.0,-1325.8800779328,-4.097910840537666,-3.847488130573238,-1685.0037070686,0.2708748168997772
INDO_red_113_cutoff_0.0.inp.out,396.062824351751,-0.2904,0.1555,2.975,0.0,-1325.4173705655,-3.565621021525508,-5.44779322509675,-1684.5513137341,0.279300047700417
INDO_red_114_cutoff_0.0.inp.out,398.6740606276176,-0.2687,0.1548,2.9433,0.0,-1326.1404168083,-5.106139819184673,-5.447340802668751,-1685.2580484992,0.2583243935996506
INDO_red_115_cutoff_0.0.inp.out,399.82357970772296,-0.2812,0.1607,3.4114,0.0,-1325.962157587,-1.6263365635657094,0.5608499064359832,-1685.0888892192,0.272817686099188
INDO_red_116_cutoff_0.0.inp.out,391.2476587949496,-0.2855,0.1468,2.8645,0.0,-1324.8117209858,-0.1958107361689552,-1.1039376717696603,-1683.9274341579,0.2792418438002642
INDO_red_117_cutoff_0.0.inp.out,394.2364482616753,-0.2992,0.1529,2.8149,0.0,-1325.5294858755,3.7342727640559503,3.1743228221891404,-1684.6479809859,0.2843822674994953
INDO_red_118_cutoff_0.0.inp.out,400.5082668556157,-0.3022,0.159,3.4222,0.0,-1325.4015177632,0.6476979437647786,2.2397720062073336,-1684.5319786136,0.2880504047998329
INDO_red_119_cutoff_0.0.inp.out,397.07301672025983,-0.2922,0.1565,3.0254,0.0,-1325.7735260965,2.980801409962917,3.879455764121237,-1684.8953823217,0.2761954046000028
INDO_red_11_cutoff_0.0.inp.out,396.0696811321039,-0.2832,0.1656,2.5655,0.0,-1325.2643045252,-3.7347383382626753,-4.312817883301008,-1684.3743840042,0.2842098358996736
INDO_red_120_cutoff_0.0.inp.out,396.05775365262485,-0.3016,0.1445,4.3666,0.0,-1325.074451669,-10.150494706099648,-16.573497968589706,-1684.2144433199,0.2918138615004864
INDO_red_121_cutoff_0.0.inp.out,397.186494126705,-0.2923,0.1567,2.9882,0.0,-1325.0478033564,-7.860870569996715,-9.9402855599257,-1684.1610626838,0.2860252280006534
INDO_red_122_cutoff_0.0.inp.out,396.17523039065,-0.2874,0.1515,3.0481,0.0,-1325.4351003298,-5.526144530673388,-11.859349645471957,-1684.5651708232,0.2788936340002692
INDO_red_123_cutoff_0.0.inp.out,396.1002578797055,-0.2712,0.1611,2.8633,0.0,-1325.0071345353,-5.513352736740787,-11.698901727078152,-1684.1287740815,0.2695407843002613
INDO_red_124_cutoff_0.0.inp.out,398.7423757127631,-0.2973,0.1512,3.3437,0.0,-1325.1951225966,-5.1921380922397296,-5.984302665152138,-1684.3179681836,0.2874567157005003
INDO_red_125_cutoff_0.0.inp.out,395.8923951585869,-0.2868,0.1467,3.2143,0.0,-1325.0793523899,-2.962731912536682,-6.760094594640832,-1684.2043331187,0.2766266320995783
INDO_red_126_cutoff_0.0.inp.out,396.6289671948556,-0.2972,0.1551,3.4386,0.0,-1324.9886434262,-4.783952447835984,-7.204467369323652,-1684.1223406771,0.2836954111999148
INDO_red_127_cutoff_0.0.inp.out,396.2113366069091,-0.2894,0.1454,2.981,0.0,-1324.901838127,-5.73163171104747,-4.493508109500535,-1684.0169099173,0.2880767955994088
INDO_red_128_cutoff_0.0.inp.out,396.202069662429,-0.2915,0.1612,1.974,0.0,-1325.0686212772,0.0452568537194326,-1.4279780572724323,-1684.1973415703,0.2819097391002287
INDO_red_129_cutoff_0.0.inp.out,395.792419099333,-0.3145,0.1132,2.4638,0.0,-1325.1774439981,-3.820349292748004,-5.6607673142598385,-1684.3041888093,0.2997781035001026
INDO_red_12_cutoff_0.0.inp.out,396.5778622293501,-0.2894,0.1398,3.3131,0.0,-1325.3240649039,-3.3670916596539633,-7.700486399408003,-1684.4422125824,0.2847533793001275
INDO_red_130_cutoff_0.0.inp.out,395.88776127396704,-0.3301,0.1154,3.5561,0.0,-1325.1322579725,-3.161476694820717,-1.481476447138969,-1684.2684369612,0.316900350099786
INDO_red_131_cutoff_0.0.inp.out,395.6637247812344,-0.2862,0.1476,3.0299,0.0,-1325.1721661204,-0.2105677148269497,-2.4785302972004764,-1684.2888520559,0.2741230263000034
INDO_red_132_cutoff_0.0.inp.out,393.7887467897796,-0.3035,0.14,2.5905,0.0,-1325.1487084568,1.5776010767130266,1.553443531023005,-1684.2817022765,0.2895519089997833
INDO_red_133_cutoff_0.0.inp.out,398.95810392262774,-0.2875,0.158,2.3854,0.0,-1324.9364389931,1.1554132542344884,-1.718382881130148,-1684.0763669908,0.2795257910001965
INDO_red_134_cutoff_0.0.inp.out,398.3434873781869,-0.3117,0.1451,2.9264,0.0,-1325.1501209581,-1.935318977213048,-3.629359015323919,-1684.287171669,0.2990517883999928
INDO_red_135_cutoff_0.0.inp.out,396.66967088294854,-0.2657,0.1625,3.3177,0.0,-1325.5250211195,0.8896592653324226,-2.9225056631369313,-1684.6597935858,0.2559396793994892
INDO_red_136_cutoff_0.0.inp.out,394.009336962073,-0.2959,0.1325,2.9993,0.0,-1325.1735057227,-3.179633605199287,-2.6907577540610705,-1684.307352949,0.2846275274996515
INDO_red_137_cutoff_0.0.inp.out,396.89125451562506,-0.2837,0.1682,3.9212,0.0,-1325.3846201425,-6.2811495545757765,-11.000638620163418,-1684.5202098367,0.2722453852002218
INDO_red_138_cutoff_0.0.inp.out,398.1589945654211,-0.2954,0.1417,3.4681,0.0,-1325.3619217264,-3.838272972370438,-8.270769590811959,-1684.4949337868,0.2836539922000156
INDO_red_139_cutoff_0.0.inp.out,397.0930576780885,-0.2991,0.1416,4.1361,0.0,-1325.0785388188,-1.5331315811747297,-11.346424571194014,-1684.2095642461,0.2885677136000595
INDO_red_13_cutoff_0.0.inp.out,398.114198347387,-0.292,0.1424,4.6064,0.0,-1325.2796404974,-5.179263395292218,-2.733572521882525,-1684.409194347,0.2854866393008706
INDO_red_140_cutoff_0.0.inp.out,394.2776727762021,-0.291,0.1322,4.1295,0.0,-1325.2279126082,-3.5300066595418365,-5.591821580100433,-1684.345744397,0.281502777100286
INDO_red_141_cutoff_0.0.inp.out,392.3992367666453,-0.2928,0.1505,3.4405,0.0,-1325.1470280417,-2.138150736219872,-6.17337947028776,-1684.2648738803,0.2835701517997222
INDO_red_142_cutoff_0.0.inp.out,399.401176763546,-0.3056,0.1332,3.0152,0.0,-1324.9066722876,-0.4100550351956769,-2.372913546295517,-1684.0391370176,0.292865411499406
INDO_red_143_cutoff_0.0.inp.out,395.92345123296633,-0.3094,0.1236,2.9162,0.0,-1325.0808609475,-4.148549937729239,-4.5131044265117275,-1684.199724527,0.2942490508994524
INDO_red_144_cutoff_0.0.inp.out,391.7245432499656,-0.2998,0.1377,3.6015,0.0,-1324.995189783,5.473372593371802,2.934066177971747,-1684.1195480191,0.288942508999753
INDO_red_145_cutoff_0.0.inp.out,396.90320036303297,-0.2925,0.1483,3.1389,0.0,-1324.858526783,5.456472728180591,0.6161589554346149,-1683.9824765992,0.2765634179004337
INDO_red_146_cutoff_0.0.inp.out,394.3512561551991,-0.304,0.1274,2.6837,0.0,-1325.0321508956,-1.9095774441892388,-2.077950919551352,-1684.1572249121,0.2899121886002831
INDO_red_147_cutoff_0.0.inp.out,396.85594557442454,-0.2927,0.1494,3.1635,0.0,-1325.4050802229,-0.7757677685456214,-1.8051441893205775,-1684.5404783753,0.2846668475003753
INDO_red_148_cutoff_0.0.inp.out,398.4948778531146,-0.2843,0.1552,3.1723,0.0,-1325.1029505435,6.418129493252659,1.8216208767604984,-1684.2289294278,0.2763046738000412
INDO_red_149_cutoff_0.0.inp.out,395.0129410690454,-0.2968,0.1391,2.8118,0.0,-1325.2500912361,0.7373805051152108,-0.6199639040271725,-1684.3704070928,0.2820672315992851
INDO_red_14_cutoff_0.0.inp.out,395.64099022016785,-0.3059,0.1327,3.868,0.0,-1324.6205258981,-4.188290822160331,-3.464413418189217,-1683.7448478881,0.3041066316000069
INDO_red_150_cutoff_0.0.inp.out,396.7631951216241,-0.3022,0.1404,2.4203,0.0,-1325.1771956195,1.496763281771997,1.2230480442395313,-1684.3012140037,0.2902066228998592
INDO_red_151_cutoff_0.0.inp.out,397.2737947700252,-0.2702,0.1504,2.615,0.0,-1325.2425080879,4.352129394750856,5.320982707419351,-1684.3575158711,0.2622463867992337
INDO_red_152_cutoff_0.0.inp.out,398.2070044016236,-0.2769,0.1575,3.4733,0.0,-1325.004846148,2.222423712315927,4.285552526971773,-1684.1305500941,0.2701326734004396
INDO_red_153_cutoff_0.0.inp.out,393.6138523256355,-0.2857,0.1482,3.2346,0.0,-1325.5239147909,1.298099913176609,2.997113040431352,-1684.6364914939,0.2791423563003263
INDO_red_154_cutoff_0.0.inp.out,395.2298814113139,-0.2902,0.1436,3.4236,0.0,-1325.3929292542,2.1824778881979228,-0.998972980311978,-1684.5262533758,0.278353499899822
INDO_red_155_cutoff_0.0.inp.out,398.65019565718853,-0.2865,0.1529,3.6775,0.0,-1325.2569754084,-2.077736282089119,-0.1504613429231826,-1684.3747465075,0.2792720594998172
INDO_red_156_cutoff_0.0.inp.out,395.6143396846778,-0.2726,0.167,3.1774,0.0,-1325.304211052,-1.490285546383612,-1.2209881666894602,-1684.4333894915,0.2656460008001886
INDO_red_157_cutoff_0.0.inp.out,391.4067458430976,-0.2784,0.1432,3.7058,0.0,-1324.9350351189,-6.571771911791928,-7.204778983095758,-1684.0638322618,0.2690449682995677
INDO_red_158_cutoff_0.0.inp.out,400.36595487610583,-0.3132,0.1379,3.5463,0.0,-1325.1998288955,-4.999751835655478,-5.513794886148832,-1684.343359089,0.2974855762004154
INDO_red_159_cutoff_0.0.inp.out,398.75400763774815,-0.3193,0.1321,3.5532,0.0,-1324.9044730388,-9.163478254420722,-3.2425861578179735,-1684.0454155512,0.3065055695005867
INDO_red_15_cutoff_0.0.inp.out,394.45270152540945,-0.3144,0.1126,3.3568,0.0,-1324.6532559337,-5.215344176300269,-5.5330988426988625,-1683.778028423,0.3045693218000451
INDO_red_160_cutoff_0.0.inp.out,395.2184125577448,-0.3022,0.1292,3.0748,0.0,-1325.0578339156,0.6835581406643145,-0.729390655513649,-1684.1959783946,0.2981577782002205
INDO_red_161_cutoff_0.0.inp.out,398.3952704336372,-0.2991,0.1427,2.6855,0.0,-1325.0193009629,0.0913751500997002,-1.0425356305763926,-1684.1359745352,0.2873397497005499
INDO_red_162_cutoff_0.0.inp.out,397.2310665092607,-0.2834,0.1439,2.8921,0.0,-1325.0695640997,0.0874270386736881,-2.063054029965808,-1684.1855731838,0.2803903058002106
INDO_red_163_cutoff_0.0.inp.out,396.31781951590995,-0.2918,0.1561,2.1841,0.0,-1325.1841229174,3.937418456024685,0.8996414008496778,-1684.2984506002,0.2794024677004927
INDO_red_164_cutoff_0.0.inp.out,395.9491856548711,-0.2998,0.1389,2.9004,0.0,-1325.305662137,3.032616643543173,5.099852340738762,-1684.4133936191,0.2972119559999555
INDO_red_165_cutoff_0.0.inp.out,396.7443221601814,-0.3031,0.1405,2.4843,0.0,-1325.3421967304,3.9288765399171193,2.6688971949010343,-1684.4779991223,0.2904636615003255
INDO_red_166_cutoff_0.0.inp.out,396.8753057161573,-0.2782,0.1667,2.8285,0.0,-1325.2380801323,2.3349881997263533,2.4766688960369314,-1684.3602372006,0.2716274451995559
INDO_red_167_cutoff_0.0.inp.out,397.4720061760095,-0.2729,0.1782,2.9149,0.0,-1325.2263024845,3.840783517249152,0.7339187747299817,-1684.3488078184,0.2612000415992952
INDO_red_168_cutoff_0.0.inp.out,398.1151027634025,-0.2783,0.1593,3.1611,0.0,-1325.4314340131,-0.2010970527515148,1.2596171526369486,-1684.5621000327,0.2694925217001582
INDO_red_169_cutoff_0.0.inp.out,395.95214069033017,-0.3066,0.1328,2.4371,0.0,-1325.0672698499,-2.7337202357375388,-1.5324462125067702,-1684.1908335076,0.2998980634001782
INDO_red_16_cutoff_0.0.inp.out,399.2720066416618,-0.3264,0.1271,3.1861,0.0,-1325.2048291066,-5.277450626211361,-5.571145653486067,-1684.3327685329,0.3153370076997817
INDO_red_170_cutoff_0.0.inp.out,397.4143257007891,-0.3113,0.1265,2.5039,0.0,-1325.7311960701,-0.0378303679172171,-0.632306639851783,-1684.8677383588,0.2987601462000384
INDO_red_171_cutoff_0.0.inp.out,397.72768771310103,-0.3025,0.1408,3.6609,0.0,-1325.3655694223,-3.094332003513752,-0.5973405099274892,-1684.484532202,0.2907797894004034
INDO_red_172_cutoff_0.0.inp.out,395.46515150392503,-0.2934,0.1351,2.9205,0.0,-1325.5626769957,1.0984908930310733,3.601973036197134,-1684.6939163889,0.2849942778993863
INDO_red_173_cutoff_0.0.inp.out,396.26227273433807,-0.2972,0.1324,3.3286,0.0,-1325.48171242,-3.3372311087735342,-8.36774755202171,-1684.6103785798,0.2854685897000308
INDO_red_174_cutoff_0.0.inp.out,398.7740390949056,-0.2946,0.1624,3.8056,0.0,-1324.9022798968,-4.3874526598628485,-4.466499620018913,-1684.042691916,0.281244172899278
INDO_red_175_cutoff_0.0.inp.out,395.18492486212233,-0.2869,0.1505,4.5934,0.0,-1325.1043320679,-9.062262638723103,-4.310758513569956,-1684.2328421595,0.2739259586005573
INDO_red_176_cutoff_0.0.inp.out,396.5720659813857,-0.3118,0.1348,3.0329,0.0,-1325.0279085709,-2.6082968174744834,-1.648495843555703,-1684.1550277156,0.2939556322999124
INDO_red_177_cutoff_0.0.inp.out,395.33785750608064,-0.293,0.134,3.417,0.0,-1325.0947355754,-2.0226253586873195,1.977079677617268,-1684.21937356,0.2901718006996816
INDO_red_178_cutoff_0.0.inp.out,396.3156223437858,-0.3104,0.1355,3.4236,0.0,-1325.3111764845,0.5897898187925403,-0.3417416179051048,-1684.4446014111,0.2993451231004655
INDO_red_179_cutoff_0.0.inp.out,394.6505450754199,-0.2803,0.146,4.0367,0.0,-1325.3348931568,-5.856776535360671,-2.284623220602889,-1684.4614077537,0.2735827788001188
INDO_red_17_cutoff_0.0.inp.out,394.259870130556,-0.2932,0.1445,2.6725,0.0,-1324.6766148789,-3.6765953320632176,-5.64002147832212,-1683.8046447655,0.2939033594002467
INDO_red_180_cutoff_0.0.inp.out,395.88776127396704,-0.3301,0.1154,3.5562,0.0,-1325.1321592802,-3.1613668268464585,-1.4813904456774392,-1684.2683382836,0.3168992630999128
INDO_red_181_cutoff_0.0.inp.out,395.89171009804954,-0.2882,0.1461,3.1005,0.0,-1325.171022201,-0.2236801050709896,-2.887265646795108,-1684.2903132802,0.2753810874000919
INDO_red_182_cutoff_0.0.inp.out,395.5049592258867,-0.3113,0.1305,2.794,0.0,-1325.0861493426,1.7834578189454124,-0.0941721386998263,-1684.2184218527,0.2962433520997365
INDO_red_183_cutoff_0.0.inp.out,397.71509031435966,-0.2909,0.1626,2.6539,0.0,-1324.6854919446,-0.8233671464895753,-3.196997135187897,-1683.8144597682,0.2841682276002757
INDO_red_184_cutoff_0.0.inp.out,397.775113647125,-0.2785,0.1715,3.5353,0.0,-1324.7008517046,-3.497066733402203,-2.7429585862436787,-1683.8383035006,0.2674233822999667
INDO_red_185_cutoff_0.0.inp.out,394.8671492182234,-0.269,0.155,2.3457,0.0,-1325.0368399621,3.0049068905690155,0.8985616007350067,-1684.1532299671,0.2670010898000328
INDO_red_186_cutoff_0.0.inp.out,395.91755692240287,-0.2943,0.1477,4.1109,0.0,-1325.1178735194,-7.167489167903402,-5.905510569942958,-1684.256255088,0.2791387146999113
INDO_red_187_cutoff_0.0.inp.out,396.996941427606,-0.3191,0.1433,3.144,0.0,-1324.9030760875,-1.867525465822614,-4.938906624087561,-1684.0444366125,0.3006192929997269
INDO_red_188_cutoff_0.0.inp.out,399.01589898205697,-0.2763,0.1451,3.7145,0.0,-1324.7933735428,-4.073705588160017,-2.860472050469542,-1683.9291735562,0.265906820300188
INDO_red_189_cutoff_0.0.inp.out,392.0971239040422,-0.2742,0.1543,3.3514,0.0,-1325.0369148546,3.4715861136813486,1.926962282632274,-1684.1507340981,0.2665026892000242
INDO_red_18_cutoff_0.0.inp.out,396.757598523349,-0.2947,0.1467,3.5701,0.0,-1325.3415728238,-1.7288601202298135,-3.311359657782305,-1684.4702414335,0.2859289969001111
INDO_red_190_cutoff_0.0.inp.out,397.82624364354746,-0.2827,0.1605,3.2501,0.0,-1325.2910301005,1.896178599693228,-3.246991528156526,-1684.4279704047,0.2772020560996679
INDO_red_191_cutoff_0.0.inp.out,396.35143180360546,-0.3029,0.1351,3.5124,0.0,-1324.9643372059,1.1374149322317988,3.5049857382976715,-1684.0932667953,0.2955855070003963
INDO_red_192_cutoff_0.0.inp.out,397.0792912729764,-0.2805,0.1553,3.9985,0.0,-1325.0748870482,-0.949401143322846,1.2369824637640645,-1684.2050308839,0.271477891899849
INDO_red_193_cutoff_0.0.inp.out,397.6857837656076,-0.2941,0.1531,2.9344,0.0,-1324.9905754847,3.424930150550794,2.5510678706721923,-1684.1213909322,0.2863671617005821
INDO_red_194_cutoff_0.0.inp.out,389.8025150515316,-0.2853,0.147,2.252,0.0,-1324.9094417649,4.401220074936064,1.204586925750008,-1684.0205518382,0.2763058378004643
INDO_red_195_cutoff_0.0.inp.out,397.6036868930543,-0.2968,0.1609,2.9616,0.0,-1325.2036906978,4.733878423420041,2.571892264927318,-1684.3368747956,0.2822728926994386
INDO_red_196_cutoff_0.0.inp.out,397.2706119670645,-0.2837,0.1409,3.0458,0.0,-1325.1338095554,1.8762101753671772,3.676401100790301,-1684.2625679253,0.2791360503997566
INDO_red_197_cutoff_0.0.inp.out,393.95029576182134,-0.3039,0.1308,2.8208,0.0,-1324.9459779678,-0.5577224510871734,3.309808944052227,-1684.0688816529,0.294301083999926
INDO_red_198_cutoff_0.0.inp.out,397.21533478976545,-0.3001,0.147,3.1384,0.0,-1325.0432954003,-1.265421203811208,3.6747929460913618,-1684.1879537359,0.2892812400996263
INDO_red_199_cutoff_0.0.inp.out,391.6124539151448,-0.2813,0.1442,3.3778,0.0,-1324.9306485249,-3.5198344607294856,0.0215302909351168,-1684.0413337813,0.278427405200091
INDO_red_19_cutoff_0.0.inp.out,397.90899326280936,-0.3067,0.125,3.2511,0.0,-1325.2481214301,-9.215934005821264,-10.674173857727297,-1684.3751846944,0.2968634720000409
INDO_red_1_cutoff_0.0.inp.out,396.2326900735581,-0.2847,0.1536,2.4321,0.0,-1325.1523895037,4.038101367795501,0.8384291014458642,-1684.2672179099,0.2706896538993533
INDO_red_200_cutoff_0.0.inp.out,399.9319409851629,-0.2827,0.1762,2.8228,0.0,-1324.5950987019,1.163252383170326,2.3162472115523705,-1683.715489999,0.2685393493993615
INDO_red_201_cutoff_0.0.inp.out,395.6881474457914,-0.2725,0.1698,2.7877,0.0,-1324.830023221,3.751165180585936,2.670790014037094,-1683.9475470598,0.2649573236994911
INDO_red_202_cutoff_0.0.inp.out,393.2919775400067,-0.2902,0.1337,3.0822,0.0,-1324.8298215064,-1.504279548460705,-2.4503226962381346,-1683.9492286933,0.2851577385999917
INDO_red_203_cutoff_0.0.inp.out,395.0885639669616,-0.2964,0.1237,2.2841,0.0,-1324.8996440836,1.2980834670384602,2.555822917347089,-1684.0111314962,0.291044434899959
INDO_red_204_cutoff_0.0.inp.out,396.9944368318792,-0.3094,0.14,3.3401,0.0,-1324.88361233,-2.474747864689067,-0.6954941825417811,-1684.0294877209,0.2914982874999623
INDO_red_205_cutoff_0.0.inp.out,398.2967082089012,-0.3018,0.1505,3.5193,0.0,-1324.4491477707,-2.7456809589416404,3.955047117348755,-1683.5895615427,0.2924022023998986
INDO_red_206_cutoff_0.0.inp.out,394.6154416470247,-0.2833,0.1477,3.7302,0.0,-1324.5110912298,-1.035684723422399,7.873732439547352,-1683.6348441125,0.28473846830002
INDO_red_207_cutoff_0.0.inp.out,396.5463056651278,-0.3001,0.1465,3.9369,0.0,-1324.7424109857,-5.464333143301756,-1.5602888285019416,-1683.8822710172,0.2881198884997502
INDO_red_208_cutoff_0.0.inp.out,395.40293775761774,-0.2932,0.1329,2.7646,0.0,-1324.8784855973,-2.12853316090467,3.7592771442790953,-1683.9948763873,0.2829726404997927
INDO_red_209_cutoff_0.0.inp.out,397.84949467780615,-0.2905,0.1287,2.6128,0.0,-1324.6991809645,0.7762950703185819,1.6366914635426355,-1683.8133852307,0.2845586267003455
INDO_red_20_cutoff_0.0.inp.out,395.88776127396704,-0.3301,0.1154,3.5561,0.0,-1325.1322683111,-3.1611671939832675,-1.481325338063688,-1684.2684472887,0.3168997949996992
INDO_red_210_cutoff_0.0.inp.out,396.4796075214744,-0.3034,0.1511,2.9785,0.0,-1325.1614099014,-4.022428370610324,0.8163778361205634,-1684.3013371285,0.2911486640996372
INDO_red_211_cutoff_0.0.inp.out,393.9146249003894,-0.2956,0.1495,3.5552,0.0,-1325.0775965105,0.8450525708716389,3.384792885667212,-1684.2213950646,0.2854115896998337
INDO_red_212_cutoff_0.0.inp.out,395.669243833743,-0.2878,0.1518,2.4483,0.0,-1325.2958299575,0.0881172277828805,3.043676468699662,-1684.4249097305,0.2743514814001173
INDO_red_213_cutoff_0.0.inp.out,397.8294336610202,-0.2941,0.1443,4.7383,0.0,-1325.367423666,-14.83857220947308,-5.7207682436583775,-1684.506945802,0.2808646850999139
INDO_red_214_cutoff_0.0.inp.out,396.7856715068337,-0.2886,0.1611,3.4342,0.0,-1325.1498173549,-4.325650922405269,-3.639790683056635,-1684.2765877206,0.276326619899919
INDO_red_215_cutoff_0.0.inp.out,394.5215460665869,-0.2844,0.1339,3.3178,0.0,-1325.1266983165,-5.581020493795074,-6.546736881148812,-1684.2452321991,0.2870329485003822
INDO_red_216_cutoff_0.0.inp.out,395.1960051274345,-0.2688,0.1709,3.8826,0.0,-1324.9050467206,-4.307030868275649,1.6404831794803434,-1684.0358654181,0.2663125876997583
INDO_red_217_cutoff_0.0.inp.out,397.52785463748353,-0.3078,0.1576,4.1971,0.0,-1325.1155324822,-2.816092376159362,-1.9328694129540345,-1684.251901975,0.3012539829996967
INDO_red_218_cutoff_0.0.inp.out,397.4044201259845,-0.3126,0.1138,4.3878,0.0,-1324.8534236931,-4.071792198973443,-1.1751966194874943,-1683.9951918906,0.3015997526999854
INDO_red_219_cutoff_0.0.inp.out,392.67410155060793,-0.2738,0.1575,3.6607,0.0,-1325.2099905709,-2.583830303896024,-2.135282557424748,-1684.3423840983,0.2756754461997843
INDO_red_21_cutoff_0.0.inp.out,395.7730090102892,-0.2872,0.1463,3.1212,0.0,-1325.1841907653,-0.2047556577743471,-2.5385011990579582,-1684.3027010108,0.2747176164994016
INDO_red_220_cutoff_0.0.inp.out,397.9800276101296,-0.3068,0.1251,2.8763,0.0,-1325.4090346551,-4.305199956545455,-1.1285244513972428,-1684.5370720307,0.2970918585006075
INDO_red_221_cutoff_0.0.inp.out,396.66602866552375,-0.298,0.1402,3.3044,0.0,-1325.2034035705,4.584727138553352,3.2905718063948335,-1684.3500524228,0.2946927351995327
INDO_red_222_cutoff_0.0.inp.out,395.3084754832575,-0.2863,0.152,2.5859,0.0,-1324.9817319887,2.783409047453874,-0.0390450975725132,-1684.0993083269,0.2773179247997177
INDO_red_223_cutoff_0.0.inp.out,394.5418330271966,-0.319,0.1388,2.6364,0.0,-1325.2181887739,-0.1436402753401401,-0.2319969362442481,-1684.343926528,0.3056695271998251
INDO_red_224_cutoff_0.0.inp.out,398.09004359770296,-0.3069,0.1261,3.01,0.0,-1325.1115351199,-0.0700788651218199,-0.9976606452988348,-1684.2287558815,0.3008709338000699
INDO_red_225_cutoff_0.0.inp.out,397.5133666609699,-0.2941,0.1427,3.665,0.0,-1325.2926581209,0.7692323503254119,5.740621578211035,-1684.4432925668,0.2908848865999971
INDO_red_226_cutoff_0.0.inp.out,394.37819502981495,-0.3,0.134,3.1988,0.0,-1324.6813217117,1.2256323102881823,3.565666495653285,-1683.8184631055,0.2903675000006842
INDO_red_227_cutoff_0.0.inp.out,394.6491518006079,-0.3064,0.1489,2.8876,0.0,-1325.1395272512,5.801546408580963,3.0728677183124806,-1684.2738027065,0.2958518529003413
INDO_red_228_cutoff_0.0.inp.out,396.8007962334591,-0.3036,0.1302,2.8231,0.0,-1325.2941916462,3.916790690483232,2.1646885093149253,-1684.4267891428,0.2949899573004586
INDO_red_229_cutoff_0.0.inp.out,397.6660620813996,-0.2918,0.1462,3.5208,0.0,-1325.2830261583,2.303718413455189,-0.0541790551278661,-1684.3936811669,0.2908220584004084
INDO_red_22_cutoff_0.0.inp.out,394.12146177412654,-0.322,0.117,2.4518,0.0,-1324.9817874148,0.0845194189750271,-1.888078721992691,-1684.1150298694,0.3047017152002809
INDO_red_230_cutoff_0.0.inp.out,396.23850394825865,-0.2923,0.146,3.8844,0.0,-1325.1366739453,-14.622449394315163,-17.6974280815573,-1684.2630101923,0.2794549816999279
INDO_red_231_cutoff_0.0.inp.out,395.9861204620301,-0.2916,0.1411,2.436,0.0,-1325.4470369604,-2.9203771736780513,-1.4722784801303608,-1684.5666482661,0.286999448700044
INDO_red_232_cutoff_0.0.inp.out,395.1872659647976,-0.2899,0.1565,2.7348,0.0,-1324.8390480047,-0.811393964904831,-4.249610264373768,-1683.9647196034,0.2786064052997972
INDO_red_233_cutoff_0.0.inp.out,397.21471477320586,-0.2993,0.1423,2.2161,0.0,-1325.178454122,-0.7833708839762645,-1.9703052628225055,-1684.3007352873,0.2817772222997519
INDO_red_234_cutoff_0.0.inp.out,397.935446937897,-0.3068,0.1523,2.0585,0.0,-1325.3480638891,-1.5245156526975217,-3.372862950655062,-1684.4633386288,0.2985765214998537
INDO_red_235_cutoff_0.0.inp.out,395.5341765970138,-0.2904,0.1406,3.8083,0.0,-1325.0262482624,-18.53761228690872,-17.941408378101617,-1684.1563791045,0.2814867175002291
INDO_red_236_cutoff_0.0.inp.out,396.50025311534495,-0.3017,0.1399,3.5122,0.0,-1325.0768355376,-8.68263471141068,-12.897312067587722,-1684.2062100945,0.2897578878000786
INDO_red_237_cutoff_0.0.inp.out,396.8518146408098,-0.3008,0.1511,2.7221,0.0,-1324.8635903337,-3.4533622029912094,-6.416234322042397,-1683.9903001679,0.2867879944005835
INDO_red_238_cutoff_0.0.inp.out,397.1270005151998,-0.2731,0.1629,2.7566,0.0,-1325.1801788879,-0.5339526769214957,-8.300043195005157,-1684.3175236463,0.2691735608004819
INDO_red_239_cutoff_0.0.inp.out,396.4531468037762,-0.3256,0.1358,2.8075,0.0,-1324.9321014814,-4.922939055962518,-8.451470395358406,-1684.0635756742,0.3119606954996925
INDO_red_23_cutoff_0.0.inp.out,399.7852797615221,-0.2973,0.1492,2.8291,0.0,-1325.2209382848,1.6668249703692903,-1.7309035586633794,-1684.3645188695,0.281408874599947
INDO_red_240_cutoff_0.0.inp.out,395.88776127396704,-0.3301,0.1154,3.5561,0.0,-1325.132266542,-3.1614752316220187,-1.4814823160043071,-1684.2684455178,0.3169005240997649
INDO_red_241_cutoff_0.0.inp.out,395.57810143308336,-0.2868,0.1471,3.0173,0.0,-1325.1533880835,-0.2688229551501006,-2.484340411185449,-1684.2701421876,0.274502489900442
INDO_red_242_cutoff_0.0.inp.out,394.23403653813466,-0.2996,0.1373,2.6685,0.0,-1325.0384703332,0.7549659314931795,-0.861925085401853,-1684.17358124,0.2878400671997951
INDO_red_243_cutoff_0.0.inp.out,398.2750781189861,-0.2967,0.1607,2.3385,0.0,-1324.7867716869,0.6626892816580423,-1.4566581346481244,-1683.9278838235,0.2849937903993123
INDO_red_244_cutoff_0.0.inp.out,397.84587452724026,-0.311,0.1433,2.8901,0.0,-1324.1732602108,2.0924876064122135,1.9658725310516072,-1683.3195201507,0.2965981880006438
INDO_red_245_cutoff_0.0.inp.out,394.2144472304309,-0.3047,0.124,2.6484,0.0,-1325.2054398685,-1.59043067465655,-5.181505348454847,-1684.3456171841,0.2895875071999398
INDO_red_246_cutoff_0.0.inp.out,397.1122813733176,-0.2746,0.1589,3.2059,0.0,-1324.6804279229,2.9304681809939286,-2.6312766280975945,-1683.8128650173,0.2649432176995105
INDO_red_247_cutoff_0.0.inp.out,397.2441729427674,-0.2894,0.1708,2.8065,0.0,-1324.8048211031,3.138848125964772,-0.8104117453148547,-1683.9390619447,0.27566646249943
INDO_red_248_cutoff_0.0.inp.out,400.01130849411845,-0.3006,0.1343,3.0337,0.0,-1324.8399460552,-2.2538111886476235,-3.367640388029027,-1683.9725766617,0.2863251069993566
INDO_red_249_cutoff_0.0.inp.out,393.1323146687804,-0.2897,0.1246,2.7431,0.0,-1324.6031505206,-1.2895008699956882,-3.29778838851889,-1683.7162372782,0.2792615042008037
INDO_red_24_cutoff_0.0.inp.out,396.7202072358005,-0.3066,0.1533,2.4451,0.0,-1324.7491462533,0.4050759016474523,-2.0334313284403063,-1683.8807266738,0.2905736806005734
INDO_red_250_cutoff_0.0.inp.out,395.98975080446536,-0.2958,0.1523,3.0172,0.0,-1324.6863653899,-7.045320900820285,-5.276439676552496,-1683.8240545552,0.2835938263997377
INDO_red_251_cutoff_0.0.inp.out,400.987357443185,-0.2908,0.1566,3.2211,0.0,-1325.3344164459,0.1590822641595883,-4.228774843221864,-1684.4707819441,0.2803375667999717
INDO_red_252_cutoff_0.0.inp.out,395.7655600491768,-0.2825,0.1548,3.0393,0.0,-1325.1346260774,-1.96234097954295,-3.368547941077285,-1684.2672482664,0.278689087100247
INDO_red_253_cutoff_0.0.inp.out,395.37885463296425,-0.3286,0.122,3.1786,0.0,-1325.1350319347,-0.0784084204860649,-0.5101859823437013,-1684.2723827224,0.3083414927004924
INDO_red_254_cutoff_0.0.inp.out,399.3056864484156,-0.3007,0.132,3.8959,0.0,-1325.1859719839,-3.4592900819926977,-6.126769175367485,-1684.3134320026,0.2947591393003677
INDO_red_255_cutoff_0.0.inp.out,397.457265966,-0.2966,0.1377,2.7398,0.0,-1325.2369882061,2.4595647581577382,-0.5217972243948388,-1684.3699851647,0.2873325064001619
INDO_red_256_cutoff_0.0.inp.out,396.2996358081211,-0.2865,0.1446,3.2637,0.0,-1325.3340883508,4.591543280002344,1.8426371624136448,-1684.4597729247,0.279494908199922
INDO_red_257_cutoff_0.0.inp.out,395.6978550072822,-0.2872,0.1522,3.7018,0.0,-1325.1925357987,1.7729868609090402,6.387290305556376,-1684.3134468222,0.284118605900403
INDO_red_258_cutoff_0.0.inp.out,399.7071537305832,-0.2893,0.1507,2.5761,0.0,-1325.2423251129,0.0584809243492594,-1.6694815078452656,-1684.3633493743,0.2808379416001116
INDO_red_259_cutoff_0.0.inp.out,394.4462965758945,-0.298,0.1358,3.1861,0.0,-1325.2518315269,4.27843906924024,3.2185684155078773,-1684.3718803647,0.2907296002003932
INDO_red_25_cutoff_0.0.inp.out,393.6526936788242,-0.2832,0.1437,3.3446,0.0,-1325.451802674,-2.882546552721968,-2.5807796557192906,-1684.5707591803,0.2831258421001621
INDO_red_260_cutoff_0.0.inp.out,395.4983094100287,-0.2951,0.1422,4.0822,0.0,-1325.1367534055,0.1247858060863812,-1.23048993447106,-1684.2736604903,0.2907209786999374
INDO_red_261_cutoff_0.0.inp.out,396.7820600120248,-0.304,0.1206,2.9906,0.0,-1325.2020088833,-0.604864622356931,-0.9533407260374112,-1684.324133589,0.2930847193001682
INDO_red_262_cutoff_0.0.inp.out,393.4000304554188,-0.2938,0.134,3.645,0.0,-1325.4896366263,-4.9561518053078295,-3.7332232669938006,-1684.6316235553,0.2848245238001254
INDO_red_263_cutoff_0.0.inp.out,395.7712881296068,-0.3017,0.1536,3.0875,0.0,-1325.1843008408,-3.3303075707641865,-5.316361271914483,-1684.3150771923,0.2878308091003418
INDO_red_264_cutoff_0.0.inp.out,398.390865937112,-0.3195,0.1126,3.7668,0.0,-1324.800662512,-3.423187593638634,2.1442058213911253,-1683.9216445082,0.3113509521999731
INDO_red_265_cutoff_0.0.inp.out,391.90736712728136,-0.3015,0.1199,2.7163,0.0,-1324.8489181009,-0.6817419010337351,-0.9293903773053256,-1683.9776469811,0.2950805140999364
INDO_red_266_cutoff_0.0.inp.out,396.7127915127349,-0.2891,0.1349,3.6864,0.0,-1325.6101638273,-0.0639673415705932,-0.8616183530719821,-1684.7381630953,0.2841430197004229
INDO_red_267_cutoff_0.0.inp.out,400.6303999305072,-0.2958,0.1581,4.6087,0.0,-1325.3621942098,-4.834587681322756,1.9598551608967385,-1684.5090404098,0.2841493463001825
INDO_red_268_cutoff_0.0.inp.out,395.2419805399885,-0.2932,0.1392,4.19,0.0,-1325.3057051595,-3.78757976123644,-7.1806559480114025,-1684.4330477798,0.2881948215999728
INDO_red_269_cutoff_0.0.inp.out,395.700158897121,-0.2842,0.1568,3.5998,0.0,-1325.1826877629,0.2695403442749872,-2.250073875297902,-1684.2985726655,0.277010590599275
INDO_red_26_cutoff_0.0.inp.out,397.7463176101345,-0.2929,0.1413,3.2626,0.0,-1325.2738208114,-2.331712465579145,-2.141882092445247,-1684.4084415366,0.2810918855002455
INDO_red_270_cutoff_0.0.inp.out,395.770556710984,-0.2966,0.1452,3.234,0.0,-1325.5248136569,0.4289487755358748,-0.4010283980664226,-1684.6461152012,0.2873144881996268
INDO_red_271_cutoff_0.0.inp.out,394.5010214039979,-0.2984,0.125,3.2341,0.0,-1325.5306017983,0.7135357976447184,1.3267841974387873,-1684.6467598271,0.2939502053995966
INDO_red_272_cutoff_0.0.inp.out,398.4378458621592,-0.2796,0.1514,3.9612,0.0,-1325.2525851509,-5.670423488805435,-6.348368900060182,-1684.3725279075,0.2720364183996935
INDO_red_273_cutoff_0.0.inp.out,394.4466407275759,-0.3033,0.1443,3.2667,0.0,-1325.5468938051,2.763865005731565,0.734780911060411,-1684.6648992948,0.2881050473997675
INDO_red_274_cutoff_0.0.inp.out,397.1700281262357,-0.2588,0.1709,3.178,0.0,-1325.3339668667,-3.468774555435951,-10.030160457268703,-1684.4480628854,0.2471959505000995
INDO_red_275_cutoff_0.0.inp.out,398.02363661599543,-0.2865,0.1534,2.8897,0.0,-1325.2330054196,1.44731811905068,2.586715139548887,-1684.3407580168,0.279938388899609
INDO_red_276_cutoff_0.0.inp.out,396.22987993401654,-0.2969,0.1283,2.3354,0.0,-1325.3242854454,0.4657339468517308,-0.6983694627044634,-1684.4139158045,0.2872105836995615
INDO_red_277_cutoff_0.0.inp.out,399.21343606191033,-0.3026,0.1392,3.2447,0.0,-1325.5115986003,1.1739417528780702,2.9446945903651076,-1684.6212453625,0.2922067772997252
INDO_red_278_cutoff_0.0.inp.out,390.422828573587,-0.2714,0.1503,2.664,0.0,-1325.9981845347,4.755314596811685,3.167773948909686,-1685.0945609014,0.2684222768002655
INDO_red_279_cutoff_0.0.inp.out,398.26978318829134,-0.2716,0.1714,3.5228,0.0,-1325.2158209904,2.8315831132251583,5.945526416790659,-1684.3417543159,0.2598668759001157
INDO_red_27_cutoff_0.0.inp.out,398.6843725894944,-0.3036,0.1446,2.5008,0.0,-1325.2857091665,-1.8607809232685073,-2.652353584161883,-1684.4153534061,0.2920179190005001
INDO_red_280_cutoff_0.0.inp.out,398.72502225791646,-0.2705,0.1812,2.9853,0.0,-1325.5710259536,5.259993609199886,4.592534725016622,-1684.6904958686,0.2533946307994483
INDO_red_281_cutoff_0.0.inp.out,395.37125338785575,-0.284,0.1496,3.131,0.0,-1325.9773411677,4.000022308528463,2.3457629693199444,-1685.0964493772,0.2700632689002304
INDO_red_282_cutoff_0.0.inp.out,395.5679567007612,-0.2701,0.1609,3.1978,0.0,-1325.4915555403,5.413622202706203,2.063042718325932,-1684.6038186512,0.2543656920006469
INDO_red_283_cutoff_0.0.inp.out,396.3016508923101,-0.2771,0.1587,3.2329,0.0,-1325.074555599,1.195204285131525,-1.1934650487842564,-1684.2017177759,0.2751148343004388
INDO_red_284_cutoff_0.0.inp.out,395.1748919102899,-0.2888,0.1472,3.0314,0.0,-1325.5305813293,1.9868049110335813,-3.5537357303577157,-1684.6380882787,0.2833094072002495
INDO_red_285_cutoff_0.0.inp.out,399.3403859846724,-0.3165,0.1314,2.3524,0.0,-1325.3159271676,-2.919038436932473,-4.212399001193827,-1684.4374663782,0.2956841128998348
INDO_red_286_cutoff_0.0.inp.out,397.43298123124623,-0.3139,0.1404,3.8948,0.0,-1325.4945603963,-6.368252451454057,-7.822913686587906,-1684.6274035484,0.3004688073006036
INDO_red_287_cutoff_0.0.inp.out,394.0133616210012,-0.3075,0.108,2.6895,0.0,-1325.2044091944,-7.531334462962143,-9.91171488284975,-1684.3279848504,0.3001744788998621
INDO_red_288_cutoff_0.0.inp.out,396.6420419815536,-0.2962,0.1349,3.6418,0.0,-1325.4768667533,-6.868601307520032,-3.6628576220181466,-1684.6141501337,0.2879517188002864
INDO_red_289_cutoff_0.0.inp.out,394.4848241866059,-0.3046,0.1368,4.3164,0.0,-1325.6580038529,-7.769054002432287,-10.51087081337394,-1684.7764241519,0.2929703845993572
INDO_red_28_cutoff_0.0.inp.out,393.47709938694715,-0.2826,0.163,2.612,0.0,-1325.3305505671,4.105811987330176,4.244447803729217,-1684.4498074745,0.2718082497995056
INDO_red_290_cutoff_0.0.inp.out,395.88776127396704,-0.3301,0.1154,3.5561,0.0,-1325.1322813069,-3.161477769519577,-1.4814768658800628,-1684.2684602742,0.3169002985996485
INDO_red_291_cutoff_0.0.inp.out,395.58556423895806,-0.286,0.148,2.9999,0.0,-1325.1647949926,-0.1423778135496745,-2.4411734591557757,-1684.2814530766,0.2746454846001143
INDO_red_292_cutoff_0.0.inp.out,394.9418927940088,-0.3105,0.1381,2.7103,0.0,-1325.0673250795,-0.3111553721385385,-2.2261380431210345,-1684.2040510128,0.2946570929007066
INDO_red_293_cutoff_0.0.inp.out,397.7018512668192,-0.289,0.1603,2.4956,0.0,-1325.093120301,-0.1611592456044293,-0.6102419126279895,-1684.2335683601,0.2789524944000732
INDO_red_294_cutoff_0.0.inp.out,395.4401396794634,-0.3023,0.1552,3.438,0.0,-1324.8838781818,0.6721932965956486,-1.9265462968093332,-1684.0260595241,0.2842969594003079
INDO_red_295_cutoff_0.0.inp.out,394.1083181553259,-0.3137,0.1132,2.5848,0.0,-1325.3285518426,-1.7795330899502155,-3.1987991876126816,-1684.460093282,0.3013502443000107
INDO_red_296_cutoff_0.0.inp.out,398.2019087060676,-0.3116,0.1332,2.5521,0.0,-1325.3502086346,0.6736603825380076,-2.364972940443973,-1684.4848942633,0.2965593123999497
INDO_red_297_cutoff_0.0.inp.out,397.1883365179803,-0.3193,0.1268,2.1788,0.0,-1325.2779063388,-4.481594295038986,-5.991103524872183,-1684.4060978446,0.3069488538003497
INDO_red_298_cutoff_0.0.inp.out,395.2654218834584,-0.2786,0.1513,2.9524,0.0,-1325.1995333335,-1.309020418548802,-4.245196457957472,-1684.3232799237,0.2682819553001536
INDO_red_299_cutoff_0.0.inp.out,397.8269698334752,-0.3212,0.135,2.9664,0.0,-1325.1623560138,-6.147360490990708,-4.319048005958222,-1684.2958718626,0.3035914138999942
INDO_red_29_cutoff_0.0.inp.out,396.09792823688207,-0.2696,0.1544,3.0528,0.0,-1324.9582452601,2.53568596645638,0.5180813547261274,-1684.0764655321,0.2625251495001066
INDO_red_2_cutoff_0.0.inp.out,394.9732340380421,-0.291,0.145,2.8098,0.0,-1325.2737212565,-0.0989949269841094,0.8060699637915563,-1684.4016241699,0.2835004778999064
INDO_red_300_cutoff_0.0.inp.out,398.32145298804073,-0.2875,0.1546,3.2299,0.0,-1325.7626277655,1.0632365357685976,-0.6530000530924183,-1684.909680061,0.2775785700996493
INDO_red_301_cutoff_0.0.inp.out,397.8271589926344,-0.3014,0.1387,2.4669,0.0,-1325.3742574914,-0.5030103025847615,-0.9609738808265814,-1684.5104453203,0.2931303413997739
INDO_red_302_cutoff_0.0.inp.out,396.4412671426448,-0.3003,0.142,2.9863,0.0,-1325.6734307825,0.9462109158427544,2.08538015242841,-1684.8094137596,0.2889758459996301
INDO_red_303_cutoff_0.0.inp.out,395.7012916435011,-0.2985,0.15,2.5895,0.0,-1325.4308916174,-0.8069788143919867,-2.559021182200486,-1684.5599628816,0.2901539490003415
INDO_red_304_cutoff_0.0.inp.out,401.1940120507025,-0.2924,0.1555,3.4553,0.0,-1325.3846886119,-3.177109198548595,-0.2102618083385745,-1684.5282592357,0.2813037864998478
INDO_red_305_cutoff_0.0.inp.out,399.09211521196414,-0.3048,0.1475,2.6706,0.0,-1325.567065363,0.8943119845414712,-0.5662719799370557,-1684.6974770397,0.2921376435997445
INDO_red_306_cutoff_0.0.inp.out,396.0202872183849,-0.2992,0.147,3.5485,0.0,-1325.5554661763,-1.6767652125208163,-2.68671955961004,-1684.6883488442,0.2852682703996834
INDO_red_307_cutoff_0.0.inp.out,397.4728695032698,-0.2815,0.1547,3.6446,0.0,-1325.474395804,-3.0108276712820192,-4.9939745428944375,-1684.6087253333,0.2756445930999689
INDO_red_308_cutoff_0.0.inp.out,398.4872961118047,-0.2889,0.153,3.2544,0.0,-1325.3844598389,-5.876321164380202,-7.389198902062498,-1684.5142002127,0.2763143592992492
INDO_red_309_cutoff_0.0.inp.out,398.27662708908736,-0.2826,0.1646,3.1284,0.0,-1325.1575427092,-4.911089793809247,-9.67911789986551,-1684.2878277128,0.2765634729003068
INDO_red_30_cutoff_0.0.inp.out,396.9445833816732,-0.2992,0.1443,2.6432,0.0,-1325.1981811613,3.370916779040415,1.6329413765401508,-1684.3242545358,0.2904113308995875
INDO_red_310_cutoff_0.0.inp.out,393.9949990253132,-0.2786,0.1578,3.343,0.0,-1325.1199410919,-4.019820825928986,-11.299433996096166,-1684.2510654393,0.2636925180995604
INDO_red_311_cutoff_0.0.inp.out,397.42654829302165,-0.299,0.1483,3.1305,0.0,-1325.1131389368,-16.007109263287017,-22.36844464245309,-1684.2455184365,0.2863918072998785
INDO_red_312_cutoff_0.0.inp.out,399.23762190823663,-0.3115,0.1326,2.9579,0.0,-1325.2352976765,-1.2167255215268138,-2.929554251985349,-1684.3657268223,0.2934296082003129
INDO_red_313_cutoff_0.0.inp.out,394.8083338220589,-0.3311,0.1037,2.6241,0.0,-1325.0524363103,-7.49594035672868,-5.662311573453359,-1684.1791177271,0.3176637184997162
INDO_red_314_cutoff_0.0.inp.out,393.7014548862013,-0.2806,0.141,2.7894,0.0,-1325.1335102192,-2.3113104149842427,-4.486020925622586,-1684.2633471051,0.2664741547005178
INDO_red_315_cutoff_0.0.inp.out,398.0833270757053,-0.2969,0.1487,2.9594,0.0,-1324.9271633859,-5.674274300784669,-8.604417986460703,-1684.0680354083,0.2822942892998981
INDO_red_316_cutoff_0.0.inp.out,398.8777301578413,-0.2975,0.1622,3.2215,0.0,-1324.7557428979,-3.97720734889341,-8.362828942675339,-1683.886713158,0.2818804566004473
INDO_red_317_cutoff_0.0.inp.out,394.9704696762195,-0.2911,0.1455,3.0988,0.0,-1324.8669556294,-7.670910649801657,-9.920518106423565,-1684.0023168528,0.2835723198995765
INDO_red_318_cutoff_0.0.inp.out,393.2094925841262,-0.2969,0.1355,3.2771,0.0,-1324.5026972314,-3.34889535406443,-3.599499106124962,-1683.631366627,0.2884984014008296
INDO_red_319_cutoff_0.0.inp.out,398.6013297489675,-0.3115,0.1279,3.0718,0.0,-1324.9824782917,-1.939859733650926,-4.070337537835068,-1684.1299612522,0.2987977010998293
INDO_red_31_cutoff_0.0.inp.out,397.14482620323776,-0.289,0.1484,2.7151,0.0,-1325.3179508443,1.7941050801024727,2.491278135085447,-1684.4269045909,0.284388471100101
INDO_red_320_cutoff_0.0.inp.out,398.5890952338047,-0.2923,0.1398,3.8086,0.0,-1324.7023264512,-12.923089386581074,-16.7706437905844,-1683.8434464118,0.2859839391003334
INDO_red_321_cutoff_0.0.inp.out,391.25353259476,-0.2995,0.1473,2.8982,0.0,-1324.4688608686,-5.428071828131531,-11.438572979198923,-1683.5932659042,0.2922244887004126
INDO_red_322_cutoff_0.0.inp.out,395.1969712221534,-0.3003,0.1407,3.6881,0.0,-1324.9708362538,-10.145090655112806,-12.667333823068772,-1684.1036837179,0.2890498696997383
INDO_red_323_cutoff_0.0.inp.out,398.4013604044438,-0.2877,0.1482,3.9495,0.0,-1325.0622753352,-14.570348491357798,-18.11931057977386,-1684.199509883,0.2896558926995567
INDO_red_324_cutoff_0.0.inp.out,395.29212840267985,-0.2847,0.1506,3.2433,0.0,-1324.9654081935,-8.911963320469559,-15.099112991432891,-1684.0916655955,0.2800901168002383
INDO_red_325_cutoff_0.0.inp.out,394.93163511146753,-0.2892,0.1526,2.8127,0.0,-1325.1068091638,-8.836995290094029,-14.58542864330737,-1684.2310932399,0.2835475266001594
INDO_red_326_cutoff_0.0.inp.out,393.4759849704515,-0.295,0.1342,2.9016,0.0,-1324.9596210953,-0.7598195429407314,-5.495142530283933,-1684.0941686051,0.2951833298993733
INDO_red_327_cutoff_0.0.inp.out,398.1991429823997,-0.305,0.1546,3.0813,0.0,-1325.3590997624,-1.5566911307666855,-8.834588628906648,-1684.4986216261,0.3007442946000083
INDO_red_328_cutoff_0.0.inp.out,395.81217978110226,-0.3183,0.1271,2.8918,0.0,-1325.4859318194,-0.7152190049282424,-8.502269059153507,-1684.6228384003,0.3107283863000702
INDO_red_329_cutoff_0.0.inp.out,396.1230955014256,-0.3039,0.1306,3.1787,0.0,-1325.0438714838,-5.355552121013531,-8.85150600064773,-1684.1743371284,0.303125252299651
INDO_red_32_cutoff_0.0.inp.out,394.4425360424001,-0.2843,0.1573,2.5219,0.0,-1325.2533583591,2.951497364859214,1.7450759910850424,-1684.3828213327,0.2758897593994334
INDO_red_330_cutoff_0.0.inp.out,395.82941456498855,-0.2706,0.1599,3.956,0.0,-1325.5237508065,-5.656263336998074,-17.916478124755763,-1684.6473635553,0.2725979859997096
INDO_red_331_cutoff_0.0.inp.out,396.274758858341,-0.3093,0.1393,4.0511,0.0,-1324.810624341,-10.600989779924134,-15.968966373643433,-1683.9429010421,0.3001545022998471
INDO_red_332_cutoff_0.0.inp.out,397.63026230260454,-0.2748,0.1582,2.7104,0.0,-1324.8655494231,-2.383828529179838,-7.516284196744178,-1683.9712872213,0.2730841764996512
INDO_red_333_cutoff_0.0.inp.out,394.92479363906864,-0.2718,0.164,3.1139,0.0,-1325.5523971464,2.537407164675566,-3.9302993130252624,-1684.6803029664,0.2712150505003592
INDO_red_334_cutoff_0.0.inp.out,397.25217522696875,-0.2887,0.1574,2.585,0.0,-1325.2236393985,-1.5157834542808473,-6.003209597212919,-1684.3421028622,0.2738940530998661
INDO_red_335_cutoff_0.0.inp.out,394.2580192375686,-0.2697,0.1621,2.6402,0.0,-1325.5082053893,-2.481603620953045,-4.421255312453341,-1684.6369851498,0.2715223780005544
INDO_red_336_cutoff_0.0.inp.out,396.1797023192297,-0.2993,0.1343,3.587,0.0,-1325.4348093393,-5.872725054103942,-4.425130990857792,-1684.5781131845,0.2866738776001512
INDO_red_337_cutoff_0.0.inp.out,398.1464076820424,-0.3034,0.1579,3.1988,0.0,-1325.3552618338,5.418116921173272,3.197488159144648,-1684.4924194108,0.290511065300052
INDO_red_338_cutoff_0.0.inp.out,392.8993438671219,-0.2992,0.1346,2.7288,0.0,-1325.5700564415,2.0518584537612603,-1.0733247797598602,-1684.7052424288,0.2898511715002314
INDO_red_339_cutoff_0.0.inp.out,396.04559463952467,-0.302,0.1391,1.9184,0.0,-1325.1316079231,1.8553294407983043,-0.8557822748297852,-1684.2550193864,0.2927306788997157
INDO_red_33_cutoff_0.0.inp.out,396.8020907735489,-0.2951,0.1585,3.4585,0.0,-1325.6481898424,-4.228292759008507,-0.387640438895716,-1684.7756693628,0.2803339055999458
INDO_red_340_cutoff_0.0.inp.out,398.45511584869695,-0.2849,0.1554,3.8955,0.0,-1324.7888880533,-5.519024496567811,-9.404239567954434,-1683.935877466,0.2753357602996402
INDO_red_341_cutoff_0.0.inp.out,397.2728109136455,-0.2963,0.1455,3.4845,0.0,-1325.1462574561,-4.236055718304683,-5.939819076951809,-1684.2699663719,0.2873123847002716
INDO_red_342_cutoff_0.0.inp.out,395.4162797580949,-0.3158,0.1215,2.9356,0.0,-1325.1669795186,2.476225991544855,1.172039605643603,-1684.2809012121,0.3019040444005441
INDO_red_343_cutoff_0.0.inp.out,395.2239091497284,-0.3007,0.1365,2.8057,0.0,-1325.6505854694,-3.329166733548416,-2.6119249234863897,-1684.776763918,0.2971520433002297
INDO_red_344_cutoff_0.0.inp.out,399.8819597469808,-0.3098,0.1198,3.8422,0.0,-1325.1631657508,-3.3025593064981034,-6.075912242472144,-1684.3106920618,0.2982004866998977
INDO_red_345_cutoff_0.0.inp.out,394.4155089254537,-0.3144,0.1351,3.3032,0.0,-1325.1092580979,-8.459757010845943,-11.19592724104726,-1684.2374016586,0.3052038469004401
INDO_red_346_cutoff_0.0.inp.out,396.811981096507,-0.3127,0.139,3.0501,0.0,-1325.1370556195,-9.991919580138251,-9.0964258486799,-1684.2785954399,0.2951121119003801
INDO_red_347_cutoff_0.0.inp.out,398.2098473519865,-0.2904,0.1334,3.7565,0.0,-1325.5284346561,-8.886227873377555,-8.042768829461787,-1684.6644191111,0.2847041226996225
INDO_red_348_cutoff_0.0.inp.out,397.4464526241896,-0.294,0.1404,3.1978,0.0,-1325.7055398892,-0.7233377841589278,-4.526367161152747,-1684.8361400829,0.2841534289000265
INDO_red_349_cutoff_0.0.inp.out,395.97287112552465,-0.3066,0.1544,2.7514,0.0,-1325.6013276376,-2.329401501731742,-5.217665286570549,-1684.7288007937,0.2922171155005344
INDO_red_34_cutoff_0.0.inp.out,398.5271460260475,-0.2928,0.155,3.1993,0.0,-1325.644682044,-0.4000215792969036,-1.3653300820907646,-1684.7736190873,0.2833154362997447
INDO_red_350_cutoff_0.0.inp.out,395.88776127396704,-0.3301,0.1154,3.5561,0.0,-1325.1322488404,-3.1613293004271723,-1.4813958755172063,-1684.2684277844,0.3168997496995871
INDO_red_351_cutoff_0.0.inp.out,395.46488130458806,-0.2892,0.1436,2.8147,0.0,-1325.203529847,1.19856686477068,-0.9000891778662402,-1684.3195916107,0.2762309452000409
INDO_red_352_cutoff_0.0.inp.out,395.7724882451214,-0.3139,0.1339,2.8472,0.0,-1325.1426307496,-1.9352099374309584,-2.5193205119618147,-1684.2737661827,0.298652989200491
INDO_red_353_cutoff_0.0.inp.out,397.67129055568097,-0.2956,0.1423,2.4124,0.0,-1324.8208590901,1.3357620943809871,0.3577962467099933,-1683.9451698929,0.2838553932006107
INDO_red_354_cutoff_0.0.inp.out,395.7914779573819,-0.3059,0.1443,3.358,0.0,-1325.1032300703,-3.1728890186873455,-2.966523074669347,-1684.2355136988,0.2942195221003203
INDO_red_355_cutoff_0.0.inp.out,395.6371218359748,-0.3107,0.1152,2.7284,0.0,-1324.965540734,-1.6877166258904823,-0.526403910529031,-1684.0988633404,0.3024628495004435
INDO_red_356_cutoff_0.0.inp.out,397.7147833099552,-0.3045,0.1385,2.9406,0.0,-1325.1758458467,-0.2966781307903059,0.7488070834033781,-1684.3093451683,0.2919460205002906
INDO_red_357_cutoff_0.0.inp.out,394.6875351162912,-0.3064,0.1473,2.5731,0.0,-1325.4806492967,1.6241118349796269,1.0825690766569145,-1684.605015815,0.2977742383000077
INDO_red_358_cutoff_0.0.inp.out,395.88084526002046,-0.2853,0.143,3.2483,0.0,-1324.9399906798,3.2185313479119797,-0.1610437506466329,-1684.0690653373,0.2879040463003548
INDO_red_359_cutoff_0.0.inp.out,397.0111258322424,-0.3047,0.1404,2.9364,0.0,-1325.2508108283,1.3813141131906654,0.8862445908947714,-1684.3825920737,0.295195692499874
INDO_red_35_cutoff_0.0.inp.out,395.3821193024617,-0.2936,0.1276,3.5945,0.0,-1325.3956055041,-2.8824672526896524,-1.4267162607365358,-1684.5263492163,0.2813794035000683
INDO_red_360_cutoff_0.0.inp.out,397.41146042074627,-0.2855,0.1528,3.3495,0.0,-1325.2257970867,3.581212333306792,2.5985551796961865,-1684.345471592,0.2891056695998486
INDO_red_361_cutoff_0.0.inp.out,396.5416219375032,-0.2928,0.1276,3.3337,0.0,-1325.0923547158,-1.2278394108156734,-1.12084021852435,-1684.2168148993,0.2912041880999823
INDO_red_362_cutoff_0.0.inp.out,394.9993493588208,-0.302,0.1359,3.0027,0.0,-1325.2407548791,-0.6401954183836793,0.0906442776519227,-1684.3477328752,0.2954506871001285
INDO_red_363_cutoff_0.0.inp.out,399.08088185845526,-0.3101,0.1386,3.1327,0.0,-1325.5905490776,0.3147731013434398,-0.9457184788387016,-1684.7101247531,0.303448806200322
INDO_red_364_cutoff_0.0.inp.out,400.681999774116,-0.3054,0.1422,2.9905,0.0,-1325.2028240238,4.917425648068147,3.830777496463454,-1684.3320163792,0.2952557569005876
INDO_red_365_cutoff_0.0.inp.out,394.73159368622066,-0.283,0.1454,3.4678,0.0,-1325.3658769917,2.247562711172003,-4.050015323859993,-1684.4736818705,0.2801877711999623
INDO_red_366_cutoff_0.0.inp.out,400.12113818441,-0.3147,0.1349,2.7108,0.0,-1325.5467469463,-1.2659870580656454,-3.7486723495748584,-1684.6778048303,0.3029587016999358
INDO_red_367_cutoff_0.0.inp.out,400.2432452309384,-0.2909,0.1511,2.9383,0.0,-1325.4085284124,-2.098751994157815,-4.638258931121001,-1684.5233299349,0.2829433896995397
INDO_red_368_cutoff_0.0.inp.out,396.706062512885,-0.3173,0.1218,4.4074,0.0,-1325.4516293144,-15.686885061029612,-10.694321873163924,-1684.5841087504,0.3122739360005653
INDO_red_369_cutoff_0.0.inp.out,397.8590096156667,-0.3185,0.1317,3.8897,0.0,-1325.587569549,-5.622102213023968,-2.6959325841484243,-1684.7192432724,0.3088001762998829
INDO_red_36_cutoff_0.0.inp.out,393.6080270432465,-0.3113,0.1346,2.896,0.0,-1325.2288221118,-2.986353790013484,-0.7094633595716048,-1684.354314085,0.2991590228002678
INDO_red_370_cutoff_0.0.inp.out,399.3728090156384,-0.2962,0.1378,3.9115,0.0,-1325.6402971296,-4.695112674529595,-4.5108443089786565,-1684.7769151582,0.2931477763995644
INDO_red_371_cutoff_0.0.inp.out,396.1326061625016,-0.326,0.1247,3.6147,0.0,-1325.7403717637,-1.9980696542193292,-1.7305663983373394,-1684.8732900783,0.3103459344001749
INDO_red_372_cutoff_0.0.inp.out,396.27834292208905,-0.3086,0.1184,3.9107,0.0,-1325.683729688,-0.9579270742406272,-1.800631320589882,-1684.806563942,0.3026840206002816
INDO_red_373_cutoff_0.0.inp.out,397.7238786701373,-0.3329,0.1213,3.7332,0.0,-1325.2158105083,-7.607393173084525,-3.359896133202561,-1684.3589248013,0.314230494000185
INDO_red_374_cutoff_0.0.inp.out,397.345983570668,-0.2759,0.1589,3.3416,0.0,-1325.1715444199,-0.406157364413967,-4.171641754075436,-1684.3012830456,0.268312701299692
INDO_red_375_cutoff_0.0.inp.out,397.6039619563189,-0.2828,0.1613,2.8144,0.0,-1324.8293978766,-0.8334006870689459,-1.485432470154849,-1683.956171075,0.2772551907000888
INDO_red_376_cutoff_0.0.inp.out,395.93846676519365,-0.288,0.1605,2.7602,0.0,-1325.5523175826,3.994969434385155,3.8249466198014823,-1684.6818111261,0.283773932400436
INDO_red_377_cutoff_0.0.inp.out,396.9294355380232,-0.2985,0.14,2.5328,0.0,-1325.3513578988,-1.55068321597398,-1.6755382993638506,-1684.4719766605,0.292003717400803
INDO_red_378_cutoff_0.0.inp.out,397.80041286810257,-0.3021,0.136,3.0647,0.0,-1325.3578984133,-4.963824735638298,-1.740614375001022,-1684.4853359917,0.2944520274004389
INDO_red_379_cutoff_0.0.inp.out,396.8954698469245,-0.3046,0.1568,2.1666,0.0,-1324.8870770362,2.1789905622671433,2.9830284080829843,-1684.0093369303,0.2913150591002704
INDO_red_37_cutoff_0.0.inp.out,396.84618773036726,-0.2777,0.1607,3.6825,0.0,-1325.4490299792,2.008025348343198,-1.0363656018685503,-1684.5891936264,0.2631374236998454
INDO_red_380_cutoff_0.0.inp.out,396.7798447375796,-0.2998,0.1294,2.6904,0.0,-1325.0184118334,0.1483129489496766,-0.5966949923895845,-1684.1498676815,0.283659029500086
INDO_red_381_cutoff_0.0.inp.out,393.3045337133339,-0.2779,0.1446,2.7868,0.0,-1325.1317120768,2.544356467278375,3.701198503195448,-1684.2480184366,0.2773953607002113
INDO_red_382_cutoff_0.0.inp.out,399.6399831179431,-0.3016,0.1578,3.6397,0.0,-1325.0316947996,-0.8220934317311588,-1.0972615746350227,-1684.1647225659,0.2865715740008454
INDO_red_383_cutoff_0.0.inp.out,401.44661224566505,-0.2855,0.1656,3.4903,0.0,-1325.2347491766,2.119402738031237,4.378182675707281,-1684.3562020353,0.2743205869001031
INDO_red_384_cutoff_0.0.inp.out,392.3570503400379,-0.3034,0.1265,2.6205,0.0,-1325.1256982516,1.47466347949578,-2.2575271061025415,-1684.2473999041,0.2921447870994598
INDO_red_385_cutoff_0.0.inp.out,396.81269865444494,-0.3039,0.1276,2.762,0.0,-1325.0582445785,5.866848193366632,6.295845912666735,-1684.1825971623,0.2939109763001397
INDO_red_386_cutoff_0.0.inp.out,398.644492362974,-0.2921,0.1444,2.4016,0.0,-1325.2853546521,5.2856756651529615,7.39877829660389,-1684.3950859534,0.2808689158000561
INDO_red_387_cutoff_0.0.inp.out,400.5336851301954,-0.2945,0.145,2.9308,0.0,-1325.4494016238,6.548367099252905,9.177824202665668,-1684.5921851233,0.2823979260001579
INDO_red_388_cutoff_0.0.inp.out,391.10932236009415,-0.2746,0.1652,2.8449,0.0,-1325.1984747366,4.1885964391520245,4.285875670544489,-1684.2995136866,0.2738582088995827
INDO_red_389_cutoff_0.0.inp.out,395.44164514523806,-0.3425,0.1067,3.3901,0.0,-1325.3974543834,0.732950086820197,8.284343431894255,-1684.535887511,0.3252657388002262
INDO_red_38_cutoff_0.0.inp.out,399.6755486741715,-0.302,0.1443,2.8423,0.0,-1325.2613071238,3.709228792750178,1.7469052454055214,-1684.397472501,0.2932126708992655
INDO_red_390_cutoff_0.0.inp.out,399.58482196181495,-0.3003,0.1415,3.1172,0.0,-1325.1868965031,-0.0812187082144798,0.7491784668380158,-1684.3151957948,0.2944386703002237
INDO_red_391_cutoff_0.0.inp.out,396.075700285134,-0.2951,0.1457,3.2388,0.0,-1325.4139745577,4.543460489012914,7.211676276378017,-1684.5338567594,0.2840949571000237
INDO_red_392_cutoff_0.0.inp.out,394.9806582677085,-0.299,0.1385,3.9267,0.0,-1325.5651699254,3.385755704305575,8.889944143868538,-1684.6958833588,0.2886570846003451
INDO_red_393_cutoff_0.0.inp.out,394.7025008017968,-0.2916,0.1401,3.9201,0.0,-1325.7732109046,4.957213707104855,12.708469366638964,-1684.8922003002,0.2851767550992008
INDO_red_394_cutoff_0.0.inp.out,397.1441430394654,-0.3133,0.1335,2.5703,0.0,-1325.2584062752,1.9135050057830496,3.870120057870523,-1684.3788716815,0.3053197528997771
INDO_red_395_cutoff_0.0.inp.out,397.7497577649432,-0.288,0.1538,3.1877,0.0,-1325.3329190724,5.028351471511624,3.5818995956572346,-1684.4451464084,0.2748988237008234
INDO_red_396_cutoff_0.0.inp.out,394.78963653502416,-0.2902,0.14,3.295,0.0,-1325.2749890329,6.6099871707107845,11.698086524925808,-1684.392263391,0.2827851068004747
INDO_red_397_cutoff_0.0.inp.out,395.0068042424375,-0.2743,0.1585,3.1349,0.0,-1325.3099513508,5.081995917446094,0.516578665672864,-1684.4363505529,0.2733113194999532
INDO_red_398_cutoff_0.0.inp.out,397.3590922082462,-0.3104,0.1349,3.5537,0.0,-1325.2676701503,-0.5747715987597216,-1.6232799025005251,-1684.4024849743,0.3036782711997148
INDO_red_399_cutoff_0.0.inp.out,395.0199208547104,-0.2887,0.1351,3.2743,0.0,-1325.4169484733,-2.758361458264993,-7.018173386365755,-1684.5492290169,0.2898955826995006
INDO_red_39_cutoff_0.0.inp.out,395.0593307641758,-0.3194,0.1217,2.759,0.0,-1325.257050562,-3.1168092425410077,-2.409672450939914,-1684.3948462209,0.3107140072006586
INDO_red_3_cutoff_0.0.inp.out,399.91229013072245,-0.2906,0.1507,2.1152,0.0,-1324.9323637283,0.3480928221038519,-0.0991906887840361,-1684.0622767799,0.2800457040002584
INDO_red_400_cutoff_0.0.inp.out,395.7997015259916,-0.3297,0.1157,3.5699,0.0,-1325.124680713,-3.3109621685978547,-1.6593208172906453,-1684.2612648212,0.3163469421997433
INDO_red_401_cutoff_0.0.inp.out,396.20893495661943,-0.29,0.1505,2.3892,0.0,-1325.3233564643,3.4591984904426987,-0.4804680662063047,-1684.4422635557,0.2758606024999608
INDO_red_402_cutoff_0.0.inp.out,395.5794398233894,-0.2843,0.1461,2.3825,0.0,-1324.7595082256,2.0699364903444573,0.8452514611300428,-1683.8847504628,0.2775571180000042
INDO_red_403_cutoff_0.0.inp.out,397.1011902415099,-0.2868,0.1572,2.5921,0.0,-1325.2754327322,2.583413098236914,0.275963445171623,-1684.416332549,0.2852700147004725
INDO_red_404_cutoff_0.0.inp.out,398.3089325862164,-0.3055,0.1514,3.1062,0.0,-1324.9073875377,-2.489789237869367,-2.304434292906487,-1684.0463551001,0.2977091826005562
INDO_red_405_cutoff_0.0.inp.out,395.2931443513857,-0.2842,0.1479,1.9241,0.0,-1324.9580294864,0.4594575129149965,-2.1375022950548828,-1684.0791389949,0.2779415297000014
INDO_red_406_cutoff_0.0.inp.out,393.8345234180487,-0.3149,0.1224,2.0591,0.0,-1325.2037011208,-0.2245762814832249,-1.8248776031534455,-1684.3288180901,0.3034090332002961
INDO_red_407_cutoff_0.0.inp.out,395.5819118591732,-0.301,0.157,3.149,0.0,-1324.2911269498,4.540298673881255,5.140289546824373,-1683.4132187273,0.2943401455995627
INDO_red_408_cutoff_0.0.inp.out,398.0877840926075,-0.2799,0.1527,3.4657,0.0,-1325.0665047626,-2.885771585450607,-0.865476070284305,-1684.1950519038,0.2743420867000168
INDO_red_409_cutoff_0.0.inp.out,395.99281751946376,-0.2744,0.1632,3.0814,0.0,-1324.9696593601,4.8924887272025295,3.4024629284165284,-1684.0973319243,0.2696245748002184
INDO_red_40_cutoff_0.0.inp.out,392.34977857600114,-0.3062,0.1459,3.1409,0.0,-1325.3940070979,-1.0897657597614956,-0.3436175980245224,-1684.526267003,0.2953980638003486
INDO_red_410_cutoff_0.0.inp.out,393.9258369881489,-0.2819,0.1516,2.9143,0.0,-1325.1316137536,4.141846702585699,3.987333462392077,-1684.2419665161,0.2815954141005932
INDO_red_411_cutoff_0.0.inp.out,396.99106396731474,-0.2543,0.1768,3.1099,0.0,-1325.403633752,4.571892161628882,2.8843237394788317,-1684.5296272181,0.2507152233001761
INDO_red_412_cutoff_0.0.inp.out,398.8816710948247,-0.2987,0.1511,2.9685,0.0,-1324.9614647864,0.8081138949859552,1.6400422761591726,-1684.0977537907,0.2929799231997094
INDO_red_413_cutoff_0.0.inp.out,394.149746853991,-0.2784,0.1565,3.0362,0.0,-1325.0229815108,5.940643057611103,4.539837349696095,-1684.1493101073,0.2730478009998478
INDO_red_414_cutoff_0.0.inp.out,396.21537919332366,-0.298,0.1366,2.1382,0.0,-1324.7959475784,2.982976847782279,3.0155785639833006,-1683.9127164344,0.2895620756999051
INDO_red_415_cutoff_0.0.inp.out,399.453466754472,-0.2933,0.1507,2.2422,0.0,-1325.0466848955,4.308724125869966,3.35319169242476,-1684.1671206591,0.289285060099246
INDO_red_416_cutoff_0.0.inp.out,395.277252906665,-0.2903,0.147,3.4202,0.0,-1324.8925432442,-1.1496669198287606,-1.7835340138562217,-1684.0209393756,0.2796942436007157
INDO_red_417_cutoff_0.0.inp.out,394.8041549426879,-0.3147,0.1242,2.0918,0.0,-1325.3105953165,1.448576672114679,-0.6622915549066312,-1684.4278400605,0.3031522460996712
INDO_red_418_cutoff_0.0.inp.out,397.92390058405226,-0.3018,0.1425,2.5174,0.0,-1324.9953944272,-2.610558905429788,-1.8448581060668383,-1684.119139282,0.2920401625997328
INDO_red_419_cutoff_0.0.inp.out,396.65242215614455,-0.2815,0.145,2.7349,0.0,-1325.5342129115,-1.5963341238244446,-4.172808622470028,-1684.6501922018,0.2838981979994059
INDO_red_41_cutoff_0.0.inp.out,397.916348296558,-0.3116,0.1214,4.3657,0.0,-1325.1857668501,-5.515026761722177,-3.4604597359232896,-1684.3309255043,0.2970005603001482
INDO_red_420_cutoff_0.0.inp.out,394.3425046355557,-0.2992,0.1413,3.3008,0.0,-1324.7884160627,-3.4145759994490583,-0.5744538984500023,-1683.9109979741,0.2943219537000914
INDO_red_421_cutoff_0.0.inp.out,396.0928347797894,-0.2931,0.1351,2.078,0.0,-1324.8825690997,0.8138648606340968,-0.9384784318029278,-1684.001445742,0.2874113893003596
INDO_red_422_cutoff_0.0.inp.out,397.8322456797365,-0.2837,0.1525,3.1539,0.0,-1325.2370802928,-1.160981425346578,-2.381541228438581,-1684.3542957222,0.270013138199829
INDO_red_423_cutoff_0.0.inp.out,396.618609980556,-0.2872,0.1544,3.5685,0.0,-1324.8039323437,-5.405483808242625,-4.767345941837817,-1683.9240419491,0.2802902900002664
INDO_red_424_cutoff_0.0.inp.out,399.2078187860668,-0.302,0.1428,3.0685,0.0,-1325.3133248903,-0.8204225133833468,-1.1621159873841664,-1684.4453873363,0.2901762768997287
INDO_red_425_cutoff_0.0.inp.out,392.0329573621038,-0.3036,0.1174,3.5545,0.0,-1324.8459933961,2.0898887990128623,1.172483091195037,-1683.9655839548,0.3013994973998706
INDO_red_426_cutoff_0.0.inp.out,399.0621419706108,-0.3045,0.1445,3.1502,0.0,-1325.0944295151,-1.2767003643363353,0.2629108904366468,-1684.2303606262,0.2974098006998247
INDO_red_427_cutoff_0.0.inp.out,398.383763069722,-0.2917,0.1608,3.5477,0.0,-1325.0692033047,-1.361067408942287,-0.559122487345618,-1684.2060299084,0.2835560966004777
INDO_red_428_cutoff_0.0.inp.out,394.64500417704454,-0.3142,0.1155,2.8746,0.0,-1324.7657268297,-1.0368093785614414,-0.096402035169319,-1683.8912992772,0.3005655408996972
INDO_red_429_cutoff_0.0.inp.out,398.0180629884391,-0.3007,0.1271,4.0417,0.0,-1324.9137500852,-1.716008810296802,-3.504332680155255,-1684.0513438131,0.289910951800266
INDO_red_42_cutoff_0.0.inp.out,400.1992257115727,-0.3132,0.1326,2.4739,0.0,-1325.4653836657,-2.563686715959846,-3.0123706361569473,-1684.5938951964,0.2940456598998935
INDO_red_430_cutoff_0.0.inp.out,397.98101624780713,-0.2979,0.154,3.4153,0.0,-1325.2735601166,-0.4612078205675466,-3.782570146507555,-1684.4093923656,0.2833463738998034
INDO_red_431_cutoff_0.0.inp.out,397.5778746863721,-0.2931,0.1282,3.8646,0.0,-1325.7118623214,-9.893496503503812,-8.670493201339694,-1684.8269427585,0.2865680018003331
INDO_red_432_cutoff_0.0.inp.out,396.38199871593025,-0.2856,0.1496,3.032,0.0,-1324.927646898,-1.2523283881378695,-5.250696310182979,-1684.0625489246,0.2736471332000292
INDO_red_433_cutoff_0.0.inp.out,394.0232173058584,-0.2647,0.1735,3.9378,0.0,-1325.0074228609,1.3671859557513384,-2.03064856560891,-1684.130055311,0.2593837991998953
INDO_red_434_cutoff_0.0.inp.out,396.6784340964368,-0.2851,0.1552,3.0196,0.0,-1325.0640880344,-0.5724967836853824,0.0605368624716362,-1684.1948738268,0.2785609932998341
INDO_red_435_cutoff_0.0.inp.out,397.58402837823945,-0.295,0.1433,2.8696,0.0,-1325.3901520321,-3.1784334180773692,-3.7670370523087127,-1684.5280359381,0.2829531296001732
INDO_red_436_cutoff_0.0.inp.out,396.064444005894,-0.2545,0.1864,3.058,0.0,-1325.2121734931,-1.3000659325481818,-3.5132047574405325,-1684.3438376177,0.2495268385000599
INDO_red_437_cutoff_0.0.inp.out,393.45382868303784,-0.2971,0.1385,2.8742,0.0,-1325.7586281632,-3.252733912160966,-3.628402618103605,-1684.8746040613,0.2920906150002338
INDO_red_438_cutoff_0.0.inp.out,400.122677743292,-0.2998,0.129,2.7317,0.0,-1325.5549592868,-1.8362654900877984,-1.6435189667347012,-1684.6853469594,0.2871554139001091
INDO_red_439_cutoff_0.0.inp.out,397.01520090105794,-0.2937,0.1473,3.3033,0.0,-1325.5617966065,-5.202132913086566,-6.021514813796326,-1684.6803831716,0.2872063878003246
INDO_red_43_cutoff_0.0.inp.out,395.81593338894095,-0.3197,0.1221,2.6817,0.0,-1325.6767861978,-0.6371763147136847,2.286256327989748,-1684.8087161859,0.3051482621995092
INDO_red_440_cutoff_0.0.inp.out,395.2743232812352,-0.2909,0.1507,2.7519,0.0,-1325.7904218556,-3.9941910262569778,-2.9574633804978787,-1684.9028222689,0.2850404139999227
INDO_red_441_cutoff_0.0.inp.out,395.306614311643,-0.3039,0.1272,3.1586,0.0,-1325.0632971661,-4.442442944992258,-2.5095668662648944,-1684.1991561247,0.2948064076999799
INDO_red_442_cutoff_0.0.inp.out,398.18999079445695,-0.2867,0.1553,2.4796,0.0,-1325.132758982,1.6113573463947353,-0.2730572395146356,-1684.2455270672,0.2778001150991258
INDO_red_443_cutoff_0.0.inp.out,396.5739257082129,-0.2947,0.1425,2.9277,0.0,-1325.1260919402,-1.255066471898917,-3.0055492523306984,-1684.2428104018,0.2836135420993741
INDO_red_444_cutoff_0.0.inp.out,395.2449882584307,-0.2715,0.161,3.0541,0.0,-1324.9337035243,-1.2343840927357168,-2.683380516222762,-1684.0409057017,0.2710184765001031
INDO_red_445_cutoff_0.0.inp.out,396.3988591264054,-0.2968,0.1426,2.5978,0.0,-1325.2073801761,-1.711819497349416,-5.208695263586719,-1684.3352115721,0.2896233913998003
INDO_red_446_cutoff_0.0.inp.out,399.42964048271887,-0.3084,0.1306,3.9554,0.0,-1325.035279025,-6.345214808207431,-2.9163025206795816,-1684.1652496414,0.3012665891992583
INDO_red_447_cutoff_0.0.inp.out,393.5903137051867,-0.2961,0.1241,3.1554,0.0,-1325.0216532018,-3.779552541922992,-1.04439873736447,-1684.1351303415,0.292481700400458
INDO_red_448_cutoff_0.0.inp.out,395.6298711504728,-0.3142,0.1234,2.0162,0.0,-1325.1005809371,-0.7955565857261857,-1.152112625204078,-1684.2131649638,0.3014493226000923
INDO_red_449_cutoff_0.0.inp.out,398.3802114915552,-0.2863,0.1565,3.4719,0.0,-1324.7638411744,0.7678776128080327,-1.8528994489542228,-1683.8648032157,0.276758005400552
INDO_red_44_cutoff_0.0.inp.out,395.31578534588976,-0.2967,0.1327,2.6576,0.0,-1325.2126149422,2.2156998346751515,0.9527209756401152,-1684.3332579421,0.2865527836002002
INDO_red_450_cutoff_0.0.inp.out,395.7714841669079,-0.3304,0.1158,3.5141,0.0,-1325.1348630826,-2.873996238490331,-1.6305996453930196,-1684.271986634,0.3169517428004837
INDO_red_451_cutoff_0.0.inp.out,397.2862057413955,-0.2984,0.1408,2.4698,0.0,-1325.3003077864,2.625324959216351,-0.346083925002146,-1684.4180472579,0.284030618300676
INDO_red_452_cutoff_0.0.inp.out,395.00494884610674,-0.3021,0.1416,2.4379,0.0,-1325.3482810062,-0.452801241416186,-1.75015209369475,-1684.4814129163,0.2890555703006612
INDO_red_453_cutoff_0.0.inp.out,398.5391794301145,-0.3088,0.1493,2.9869,0.0,-1325.1568443423,5.767041606860919,0.0862021270306178,-1684.3024741686,0.2933630222996726
INDO_red_454_cutoff_0.0.inp.out,398.85713758900533,-0.2935,0.1513,3.2929,0.0,-1325.2614619503,-4.06748146468693,-1.0675171734480815,-1684.3880644192,0.2845855681007379
INDO_red_455_cutoff_0.0.inp.out,394.34600474994903,-0.2908,0.1493,2.6351,0.0,-1325.4709874346,3.040136672945817,3.4281067711295523,-1684.6004935951,0.2869059019994893
INDO_red_456_cutoff_0.0.inp.out,395.3808562897271,-0.2996,0.1354,2.7603,0.0,-1325.9203756089,-2.887476578978177,-1.0752696750908348,-1685.045037292,0.2930740085002981
INDO_red_457_cutoff_0.0.inp.out,397.5122925581674,-0.3052,0.1583,2.6737,0.0,-1325.6319943033,0.402485561080395,-0.1839429545571076,-1684.7579816939,0.2963937383001394
INDO_red_458_cutoff_0.0.inp.out,397.73427367850127,-0.3273,0.1148,2.7175,0.0,-1325.2142325391,-1.942702089867528,2.863662371442986,-1684.3432308459,0.3125449637000201
INDO_red_459_cutoff_0.0.inp.out,397.1188908195108,-0.2963,0.1523,2.7507,0.0,-1325.8397487269,0.997936964226666,2.4706603630283936,-1684.9752754055,0.2926652492997164
INDO_red_45_cutoff_0.0.inp.out,393.6463467331196,-0.2901,0.1478,2.8705,0.0,-1325.6235122188,1.490600192532142,2.362881727141212,-1684.7473744945,0.2825030608992165
INDO_red_460_cutoff_0.0.inp.out,395.2695505679682,-0.3101,0.1266,2.9499,0.0,-1325.5226301821,-2.0891578756285702,0.6772460756159989,-1684.6635189416,0.3012864487000115
INDO_red_461_cutoff_0.0.inp.out,400.74490906170746,-0.2835,0.1721,3.353,0.0,-1325.4314310185,0.2886745559832922,0.3388664158482978,-1684.5739972335,0.2792139838002185
INDO_red_462_cutoff_0.0.inp.out,395.6573957885413,-0.2804,0.1582,2.8357,0.0,-1325.3497519802,1.3543722082696352,0.745320936400415,-1684.473117357,0.2798501875995498
INDO_red_463_cutoff_0.0.inp.out,395.5187203961526,-0.2935,0.1618,2.6947,0.0,-1325.4130125886,0.1712923761891098,-1.2088254629957451,-1684.5570899131,0.2788835740002469
INDO_red_464_cutoff_0.0.inp.out,399.044692373,-0.2935,0.1501,3.0575,0.0,-1325.1109616407,-0.0116560931369202,5.328120991859308,-1684.2429255817,0.2840133907002382
INDO_red_465_cutoff_0.0.inp.out,399.0584170337791,-0.3032,0.1368,3.2973,0.0,-1325.3873439283,-2.451260723658142,3.0692738890797227,-1684.5214156435,0.2882679317999645
INDO_red_466_cutoff_0.0.inp.out,396.4610102864531,-0.299,0.142,2.7834,0.0,-1324.9701281106,0.6254039940019098,-0.515501092393212,-1684.1061373626,0.2841575228003421
INDO_red_467_cutoff_0.0.inp.out,396.11249090710174,-0.2896,0.1588,3.9938,0.0,-1325.3314437039,-3.9458241344090137,1.8832695086276336,-1684.4729233873,0.2782008748999942
INDO_red_468_cutoff_0.0.inp.out,397.00681431348744,-0.3109,0.1444,2.867,0.0,-1325.2660163645,-1.1546705707483298,-1.6961413724380523,-1684.4092533258,0.2928724331995909
INDO_red_469_cutoff_0.0.inp.out,397.1239645974484,-0.3173,0.1183,2.4275,0.0,-1325.3007697733,-0.3854142953608849,-1.724850422346301,-1684.4336609216,0.3068763813998885
INDO_red_46_cutoff_0.0.inp.out,399.725691875068,-0.3197,0.1393,2.9786,0.0,-1325.1240156789,4.1681590420968995,3.618983985886112,-1684.2500955512,0.3069597738995071
INDO_red_470_cutoff_0.0.inp.out,393.36941035504736,-0.2895,0.1474,3.302,0.0,-1325.163513664,-4.647865332945356,-2.37911856394401,-1684.2947085826,0.2808440556000278
INDO_red_471_cutoff_0.0.inp.out,400.48700956311274,-0.3194,0.1208,2.485,0.0,-1325.3202531635,1.9253895338897964,2.1510097567765905,-1684.4492520179,0.3035734224995394
INDO_red_472_cutoff_0.0.inp.out,395.93582710993593,-0.2899,0.1528,2.5016,0.0,-1325.7099725148,-3.4224935586395957,-1.319010940464985,-1684.8305143279,0.2808115137995628
INDO_red_473_cutoff_0.0.inp.out,394.97956646575136,-0.2961,0.1414,3.4244,0.0,-1325.3889306581,-2.238118749382292,0.9116420500039804,-1684.5217784411,0.2827277310998397
INDO_red_474_cutoff_0.0.inp.out,396.98731302704306,-0.2921,0.1612,3.2421,0.0,-1325.5402787064,1.2249819750394582,1.421207197790312,-1684.6690694907,0.2697655516003578
INDO_red_475_cutoff_0.0.inp.out,395.75806494647514,-0.308,0.1185,3.217,0.0,-1325.4312536435,-5.339512139655106,-3.3220299883033024,-1684.5624423791,0.3038197586001843
INDO_red_476_cutoff_0.0.inp.out,397.32353891841336,-0.3008,0.1305,3.4825,0.0,-1325.6691676732,-2.4565447026413776,-0.188122525678001,-1684.8001475378,0.2910873943992556
INDO_red_477_cutoff_0.0.inp.out,394.8110699742852,-0.2805,0.1602,2.9059,0.0,-1326.0164440642,-0.602642112378636,-2.8156210836525575,-1685.1442887912,0.2734481688994492
INDO_red_478_cutoff_0.0.inp.out,395.6909267791784,-0.3042,0.1417,3.1033,0.0,-1325.4791975603,-2.51610228587545,-1.3024918272021468,-1684.6120260636,0.2908127188993603
INDO_red_479_cutoff_0.0.inp.out,398.5858135769152,-0.2772,0.1657,3.3769,0.0,-1325.3761162054,-1.3742692045893414,-2.4139325674289096,-1684.508702228,0.2702628040997297
INDO_red_47_cutoff_0.0.inp.out,396.9750185200252,-0.3005,0.1294,3.0965,0.0,-1325.0710286642,5.599788462001259,8.056555238118765,-1684.199244434,0.2937913767000282
INDO_red_480_cutoff_0.0.inp.out,395.890204034166,-0.2892,0.1521,3.515,0.0,-1325.287118605,-3.2933850460678076,-1.1226000206121216,-1684.4044323177,0.2864063586002885
INDO_red_481_cutoff_0.0.inp.out,393.3446108585971,-0.2849,0.1498,3.3957,0.0,-1325.0079372584,-4.162862077837977,-6.689797348228942,-1684.1390713403,0.282237377000456
INDO_red_482_cutoff_0.0.inp.out,397.16341839661777,-0.3027,0.1231,3.5792,0.0,-1325.4039891516,-3.3606332120369453,-6.329553773493133,-1684.5386716296,0.3007842074002838
INDO_red_483_cutoff_0.0.inp.out,399.5006254683593,-0.2988,0.1487,4.0635,0.0,-1325.2685642748,-8.149353469940339,-9.728471889763425,-1684.3972412644,0.2906060927007274
INDO_red_484_cutoff_0.0.inp.out,394.14277109718074,-0.2979,0.1361,3.6317,0.0,-1325.1946450117,-5.824843426915714,-5.862823226495546,-1684.3187827713,0.2952339995999864
INDO_red_485_cutoff_0.0.inp.out,394.4799359081207,-0.2863,0.1397,3.7929,0.0,-1325.1142932344,-7.507198314037302,-6.550881834646816,-1684.2479060506,0.2757220800003779
INDO_red_486_cutoff_0.0.inp.out,393.5178662388438,-0.3128,0.1235,3.3085,0.0,-1325.419675209,-3.929276465036397,-8.72991474620284,-1684.5643572561,0.3022836168001959
INDO_red_487_cutoff_0.0.inp.out,397.0655246073846,-0.2992,0.1523,3.7803,0.0,-1324.8872385487,-5.211102802280369,-9.43977118260534,-1684.01510103,0.2853862935999132
INDO_red_488_cutoff_0.0.inp.out,399.30896344083186,-0.2906,0.1578,3.2284,0.0,-1325.1697771616,2.4636437346758333,-0.1281396666741736,-1684.2992492114,0.280505742499372
INDO_red_489_cutoff_0.0.inp.out,390.6999131627448,-0.2942,0.1202,3.7015,0.0,-1325.0411799127,4.589645878501164,1.0226534664458986,-1684.1559965301,0.2893216467991806
INDO_red_48_cutoff_0.0.inp.out,393.7287283335875,-0.288,0.1378,3.4255,0.0,-1325.2716190128,1.8184333736238945,3.2137708158679756,-1684.3796375055,0.2770553992004352
INDO_red_490_cutoff_0.0.inp.out,397.8525905021747,-0.292,0.1399,2.7425,0.0,-1325.6242578168,4.647252577757141,2.4344678459899365,-1684.7434247064,0.283567817000403
INDO_red_491_cutoff_0.0.inp.out,395.9010215480434,-0.3105,0.1278,2.9591,0.0,-1325.3485553931,3.865109847567798,4.055249543770297,-1684.4762958027,0.3066731642002196
INDO_red_492_cutoff_0.0.inp.out,394.7826067077324,-0.2863,0.1459,3.1036,0.0,-1325.043993286,6.282779280008108,3.344129889887445,-1684.1624638317,0.2800046866004777
INDO_red_493_cutoff_0.0.inp.out,397.64759434449974,-0.2997,0.1523,3.4813,0.0,-1325.2465098312,3.046066393733868,3.0303524896434753,-1684.3704706247,0.28477510959965
INDO_red_494_cutoff_0.0.inp.out,393.4994760506115,-0.2755,0.1635,3.6734,0.0,-1325.259772907,5.69653052326657,4.26128738263185,-1684.3681000031,0.2679779493000751
INDO_red_495_cutoff_0.0.inp.out,398.2636279963667,-0.2848,0.1394,2.5261,0.0,-1325.1541457102,3.667999714804545,3.256445164717388,-1684.2678453839,0.2809411264006485
INDO_red_496_cutoff_0.0.inp.out,395.23539955980544,-0.2981,0.1348,2.8065,0.0,-1324.6087910747,0.3187305769677699,-1.285835447800493,-1683.7222923185,0.2865284964000238
INDO_red_497_cutoff_0.0.inp.out,389.7054569921408,-0.3111,0.1212,2.6769,0.0,-1325.3490168429,-4.1985737084696675,-6.386940586732093,-1684.4516799688,0.3055811385993365
INDO_red_498_cutoff_0.0.inp.out,396.3802029425548,-0.3179,0.1206,2.5915,0.0,-1325.4250477505,-0.0736531025846042,0.3364939264806066,-1684.5266424975,0.3115190936005092
INDO_red_499_cutoff_0.0.inp.out,394.7955045169476,-0.3118,0.119,2.6435,0.0,-1325.2423487092,-1.1255904555328922,0.2137378207458362,-1684.3605271298,0.2976410359005967
INDO_red_49_cutoff_0.0.inp.out,399.89849689719574,-0.3156,0.1288,2.974,0.0,-1325.1185682215,0.3857745637533784,-1.3854915108900137,-1684.2602651341,0.2984401334997528
INDO_red_4_cutoff_0.0.inp.out,396.4321773155135,-0.2841,0.1755,2.8174,0.0,-1325.3826576753,0.8206648175484818,-0.478241920235256,-1684.5153645341,0.2753638996000518
INDO_red_50_cutoff_0.0.inp.out,396.0984955453274,-0.2807,0.1599,2.7009,0.0,-1324.7124737607,-1.5960783162324297,-0.988764824730302,-1683.8279704165,0.2781768326003657
INDO_red_51_cutoff_0.0.inp.out,392.9963051863684,-0.3132,0.1192,2.9348,0.0,-1325.296445159,-3.8425335675524495,-1.7142144016826486,-1684.4282902579,0.3013236770993899
INDO_red_52_cutoff_0.0.inp.out,397.9733555893311,-0.3295,0.1271,3.0307,0.0,-1325.3144654958,-0.9667612498062784,0.4206443133144587,-1684.4467203461,0.3165531324993935
INDO_red_53_cutoff_0.0.inp.out,398.79634503694126,-0.2856,0.154,2.5402,0.0,-1325.3183428216,-0.3587865996394929,-0.6917674140947557,-1684.4546293601,0.2758682190997206
INDO_red_54_cutoff_0.0.inp.out,395.24889528167586,-0.2724,0.1519,3.6576,0.0,-1325.1964628103,-0.5053255390544507,1.4389818466062303,-1684.3125504201,0.2668580338004176
INDO_red_55_cutoff_0.0.inp.out,394.80399670397577,-0.2785,0.1587,3.8955,0.0,-1325.322159248,1.951689008605489,5.560170238487824,-1684.4419782153,0.273656897699766
INDO_red_56_cutoff_0.0.inp.out,396.5787815883236,-0.2927,0.1451,3.2614,0.0,-1325.2004702468,-6.044722479571156,-6.6504030319989855,-1684.3197205236,0.279159284200432
INDO_red_57_cutoff_0.0.inp.out,395.1359668972416,-0.2693,0.1531,4.1625,0.0,-1325.3376974506,-6.129590976859513,-9.060687747730585,-1684.4542951828,0.2704665128003398
INDO_red_58_cutoff_0.0.inp.out,396.8131450936523,-0.2766,0.1689,3.685,0.0,-1325.1697836212,-0.1477642177238395,-1.2886753727991398,-1684.2872206496,0.2675145748007708
INDO_red_59_cutoff_0.0.inp.out,395.492346443218,-0.2807,0.1577,3.4586,0.0,-1324.9935948044,1.779215647109718,2.7245762804149853,-1684.1247757859,0.2830327302999649
INDO_red_5_cutoff_0.0.inp.out,391.7341582791008,-0.2824,0.1418,3.2699,0.0,-1325.2376394166,0.8736279820263674,-0.4117659366207286,-1684.3641670186,0.2735119531998862
INDO_red_60_cutoff_0.0.inp.out,395.9700185579067,-0.3066,0.1334,2.7551,0.0,-1324.9256548121,0.1381763746879237,7.30242184395604,-1684.0511481487,0.3007866774005379
INDO_red_61_cutoff_0.0.inp.out,399.07737903263114,-0.293,0.1486,4.5518,0.0,-1325.3087348357,1.8873321080305028,13.286489092618776,-1684.4537112798,0.2858798400002342
INDO_red_62_cutoff_0.0.inp.out,395.43899895799274,-0.3004,0.1406,3.6596,0.0,-1325.124448911,2.0281157970029975,9.824786851123644,-1684.2563467985,0.2927294565006377
INDO_red_63_cutoff_0.0.inp.out,395.9188577684045,-0.2739,0.1484,4.3455,0.0,-1325.3663023918,-3.0081140502713883,3.0328079237879084,-1684.4964639503,0.2716210022999803
INDO_red_64_cutoff_0.0.inp.out,394.7914583578659,-0.2822,0.1494,3.4203,0.0,-1325.0735236746,4.500599159575561,5.506046615345718,-1684.1921315309,0.2757869400002164
INDO_red_65_cutoff_0.0.inp.out,397.4540851128089,-0.2846,0.1531,3.8199,0.0,-1324.9149435537,-0.2291237347199831,-3.3548018518916467,-1684.0250818047,0.2753787228994042
INDO_red_66_cutoff_0.0.inp.out,396.6931601581869,-0.2815,0.1451,3.6243,0.0,-1325.2890170458,-2.788187618211749,-11.079687146640262,-1684.4091671332,0.2788887342003363
INDO_red_67_cutoff_0.0.inp.out,392.4808133357227,-0.2859,0.1428,3.2358,0.0,-1325.6879653255,-3.414185062951181,-8.136481143472771,-1684.7934969829,0.2861548136997953
INDO_red_68_cutoff_0.0.inp.out,395.15949711804785,-0.2723,0.164,4.0454,0.0,-1325.2534961013,0.70675651340266,-1.1909334847282358,-1684.3788615607,0.2622235655999247
INDO_red_69_cutoff_0.0.inp.out,398.26584256847167,-0.2815,0.1389,3.3607,0.0,-1325.4803128717,2.870119849464741,1.2956735149489529,-1684.5968083333,0.2732208863999403
INDO_red_6_cutoff_0.0.inp.out,398.38090963029686,-0.303,0.1246,3.1437,0.0,-1325.3831641413,-0.1771817334396059,1.7591511683717778,-1684.5191056852,0.2884062840003025
INDO_red_70_cutoff_0.0.inp.out,395.7714841669079,-0.3304,0.1158,3.5141,0.0,-1325.1348678856,-2.8741845221464923,-1.6307438870372224,-1684.2719914347,0.3169513695993373
INDO_red_71_cutoff_0.0.inp.out,396.9784516232699,-0.3036,0.1374,2.5405,0.0,-1325.2993411554,2.1749331088931645,-0.3655405204824067,-1684.4190379302,0.2876896676998512
INDO_red_72_cutoff_0.0.inp.out,396.2941603915014,-0.2965,0.1464,2.7865,0.0,-1325.3146174649,-3.0520420953609,-1.9123877680260195,-1684.4449289958,0.284147428599681
INDO_red_73_cutoff_0.0.inp.out,396.51741807630424,-0.2845,0.1629,2.7346,0.0,-1325.0697035788,3.8436929593591302,-1.396828261049898,-1684.2022926821,0.2755393560000811
INDO_red_74_cutoff_0.0.inp.out,397.252006910595,-0.2876,0.1689,2.8751,0.0,-1324.9625610879,2.5880953010501395,-0.5264537252371793,-1684.0903322946,0.2806233441997392
INDO_red_75_cutoff_0.0.inp.out,396.3769889285885,-0.3179,0.1192,3.0406,0.0,-1324.9643167659,-1.6627900879618331,-0.853173100598523,-1684.1084848066,0.2992621144003351
INDO_red_76_cutoff_0.0.inp.out,397.6911159029552,-0.2778,0.145,2.7632,0.0,-1324.656649454,3.94292817441538,-0.442724596895806,-1683.7745062072,0.2746616476997587
INDO_red_77_cutoff_0.0.inp.out,396.46760283433525,-0.2938,0.1615,3.138,0.0,-1324.9292506973,-0.1818425140793237,-4.476720391391485,-1684.0568208109,0.2803534594995653
INDO_red_78_cutoff_0.0.inp.out,394.40384957084626,-0.2781,0.1545,3.0126,0.0,-1325.2004606345,3.379981145176307,0.4351075074494032,-1684.3253139477,0.2647909048000656
INDO_red_79_cutoff_0.0.inp.out,397.11078768735314,-0.2989,0.1425,3.5227,0.0,-1325.3020904862,-5.750962235694076,-4.305224648051922,-1684.4389036972,0.2885313740998754
INDO_red_7_cutoff_0.0.inp.out,393.90892355690113,-0.2927,0.1542,2.5381,0.0,-1325.2998999571,0.5803174213287521,0.1372881955924089,-1684.4215278682,0.2814759697994304
INDO_red_80_cutoff_0.0.inp.out,397.22509642487415,-0.2964,0.1437,3.1559,0.0,-1325.2242474827,-0.6535829522470817,-2.5088763105209013,-1684.3547292551,0.2928971141000147
INDO_red_81_cutoff_0.0.inp.out,396.74472346593456,-0.3032,0.1471,3.5918,0.0,-1325.2970139687,-6.807165718536947,-8.766877417121917,-1684.4377515264,0.2963190712998766
INDO_red_82_cutoff_0.0.inp.out,396.28263149922225,-0.2746,0.1605,3.5015,0.0,-1325.5309978181,-3.723110895727434,-6.87947553156333,-1684.66133136,0.2714509156003259
INDO_red_83_cutoff_0.0.inp.out,392.38290397686495,-0.268,0.161,3.3962,0.0,-1325.4172385258,2.3052258732986464,-3.1076655244315265,-1684.5456155762,0.2605343529003221
INDO_red_84_cutoff_0.0.inp.out,398.76163968069613,-0.269,0.1712,3.4653,0.0,-1325.5010951999,-6.989680806316332,-6.853584795550822,-1684.6219683915,0.2612663134996182
INDO_red_85_cutoff_0.0.inp.out,395.3382029945149,-0.2862,0.1687,3.5395,0.0,-1325.4025764005,4.373876061445195,-0.6474005556549175,-1684.5318466407,0.2707746033993317
INDO_red_86_cutoff_0.0.inp.out,393.3009774875962,-0.2665,0.1488,2.3161,0.0,-1325.2425841006,1.4457869896566478,-2.868907645261916,-1684.3516954134,0.2670481260001907
INDO_red_87_cutoff_0.0.inp.out,394.5435674983146,-0.3039,0.1492,2.1099,0.0,-1325.914725431,-1.745613840338955,-6.033255390619934,-1685.0325407584,0.2932112358002996
INDO_red_88_cutoff_0.0.inp.out,395.8534057938843,-0.2961,0.1338,3.0813,0.0,-1325.2927660802,-4.0922418970757946,-8.843898859387279,-1684.4055506914,0.2922968221000701
INDO_red_89_cutoff_0.0.inp.out,396.2157557716436,-0.2894,0.1457,3.2966,0.0,-1325.7497316693,-0.2856816588247153,-3.601683244822554,-1684.8717791704,0.2818201674999727
INDO_red_8_cutoff_0.0.inp.out,396.05710228576584,-0.2979,0.1272,3.6204,0.0,-1325.1117143853,-6.556510855100372,-2.10196761054458,-1684.2359742606,0.2865509531002317
INDO_red_90_cutoff_0.0.inp.out,392.9711971956917,-0.2704,0.1625,2.6154,0.0,-1325.5169896195,3.206414186629579,-0.460873257507017,-1684.6393486064,0.2696560761996807
INDO_red_91_cutoff_0.0.inp.out,397.1544051400422,-0.2983,0.1441,3.8583,0.0,-1325.5114747753,-0.9864958698843151,-3.329193657206232,-1684.6358390345,0.2895981669007597
INDO_red_92_cutoff_0.0.inp.out,396.8083259582259,-0.3158,0.1272,3.5418,0.0,-1325.5464451844,-4.377558039838645,-3.521875052716053,-1684.6718685394,0.3080126241993639
INDO_red_93_cutoff_0.0.inp.out,393.2418119901434,-0.3288,0.1244,3.131,0.0,-1325.7987772578,-4.086269534927522,-2.1689716993121446,-1684.9278303605,0.3167472469995118
INDO_red_94_cutoff_0.0.inp.out,393.3533187461068,-0.2772,0.1551,3.1937,0.0,-1325.5902325717,0.4383858202838548,-0.2651574964380074,-1684.7155779736,0.2668873914999494
INDO_red_95_cutoff_0.0.inp.out,396.6001249121253,-0.2901,0.1388,3.5473,0.0,-1325.1640562686,-7.868296456602017,2.4564850194700467,-1684.2996449006,0.2837462520001281
INDO_red_96_cutoff_0.0.inp.out,394.77353946834216,-0.2956,0.1289,2.8153,0.0,-1325.4296465998,-2.9353852822945634,-6.165161164047884,-1684.556211458,0.2919642140004725
INDO_red_97_cutoff_0.0.inp.out,397.3601672073059,-0.2981,0.151,3.0892,0.0,-1325.168545764,-4.386420665638147,-2.071776522789687,-1684.2949467919,0.2882151178991989
INDO_red_98_cutoff_0.0.inp.out,394.8828871097448,-0.2804,0.1571,4.065,0.0,-1325.5434658021,-7.596503935551539,-3.1421152249065263,-1684.6753415807,0.2795106840003427
INDO_red_99_cutoff_0.0.inp.out,396.0705080806063,-0.2884,0.1565,3.0064,0.0,-1325.18223324,-1.0920140087303347,1.2401502460626088,-1684.306119371,0.2799209905997486
INDO_red_9_cutoff_0.0.inp.out,400.3870038495059,-0.3036,0.1349,3.3394,0.0,-1325.2213745193,-8.573784384228734,-7.790633460315896,-1684.3439278519,0.2945145182002306
