file_name,NRE,HOMO,LUMO,Dipole_mom,Num_waters,chg_chg,elec5,elec10,SCF_E,delE_dft
INDO_red_0_cutoff_7.5.inp.out,395.80558483122326,-0.3267,0.114,16.6988,51.0,-1307.4806569295,-42.64483874011784,14.854811838243814,-5518.765059692,0.3169710761003443
INDO_red_100_cutoff_7.5.inp.out,397.620286721493,-0.2854,0.1522,29.3909,57.0,-1305.4437004214,-49.50356700896981,4.501200621861521,-5969.8296273615,0.2771363542997278
INDO_red_101_cutoff_7.5.inp.out,395.0559826994941,-0.303,0.1388,39.9558,55.0,-1306.3800510938,-77.61311594104596,-33.862847465011264,-5819.7668844335,0.2955404613994687
INDO_red_102_cutoff_7.5.inp.out,399.0241836753944,-0.3091,0.1421,43.3633,55.0,-1306.4129199015,-10.266425956388408,-1.4303670104295771,-5819.8026632828,0.2991955523993965
INDO_red_103_cutoff_7.5.inp.out,397.5360096046588,-0.3066,0.1382,39.1099,54.0,-1306.362125345,17.241959828460697,-55.6778735043676,-5744.2247412641,0.3033922485001312
INDO_red_104_cutoff_7.5.inp.out,397.0360511238323,-0.3045,0.1439,38.8709,52.0,-1306.8725560833,-97.90788753741076,-133.53381238329115,-5593.722239906,0.2942006111998125
INDO_red_105_cutoff_7.5.inp.out,395.9231235700643,-0.3006,0.1344,29.834,53.0,-1306.7434414657,3.919805850010466,-43.9676987555148,-5669.0322147215,0.2911461410003539
INDO_red_106_cutoff_7.5.inp.out,396.4858078464947,-0.2825,0.1672,31.5312,54.0,-1306.5438683378,-103.18889359493484,-97.6784575529344,-5744.363572226,0.2793865778994586
INDO_red_107_cutoff_7.5.inp.out,397.9720970490326,-0.2768,0.1626,29.1312,54.0,-1306.423072323,-7.73140724670976,4.556885810797593,-5744.2514213675,0.2730490132998966
INDO_red_108_cutoff_7.5.inp.out,397.25459316619,-0.2801,0.142,37.1092,57.0,-1305.6106035137,-2.7228251595561455,-4.281655274497286,-5970.0498579217,0.2784781826994731
INDO_red_109_cutoff_7.5.inp.out,395.0071010978532,-0.2943,0.1259,39.8938,59.0,-1305.0242264959,-108.81441547837908,-16.73839368296206,-6120.5664040928,0.2913016342999981
INDO_red_10_cutoff_7.5.inp.out,394.5671319466952,-0.2784,0.151,28.0723,51.0,-1307.5743297998,185.43797572632272,131.179028161944,-5518.7832735671,0.2721661960003985
INDO_red_110_cutoff_7.5.inp.out,400.1630470583992,-0.277,0.1752,45.9468,58.0,-1305.4112564544,42.950788294846106,53.56658492878461,-6045.4268401297,0.2705698817999291
INDO_red_111_cutoff_7.5.inp.out,395.78649501674806,-0.2695,0.1667,41.2025,58.0,-1305.5600217889,41.85019263272401,-8.315534418298526,-6045.5609141236,0.2678294574006941
INDO_red_112_cutoff_7.5.inp.out,395.3196979093637,-0.2772,0.1668,31.3178,54.0,-1307.0885958904,9.017784403533346,-2.0841155801973597,-5745.0223625969,0.2708748168997772
INDO_red_113_cutoff_7.5.inp.out,396.062824351751,-0.2852,0.1577,31.0385,50.0,-1308.1304808873,-31.16976082038493,-11.941071859595684,-5443.8360649516,0.279300047700417
INDO_red_114_cutoff_7.5.inp.out,398.6740606276176,-0.2616,0.1599,28.6035,53.0,-1307.7368471906,26.278857838245095,-1.4503695733378958,-5670.1271618155,0.2583243935996506
INDO_red_115_cutoff_7.5.inp.out,399.82357970772296,-0.2747,0.1644,29.5027,56.0,-1306.6231899219,67.60009919551977,118.94367260964805,-5895.4931043763,0.272817686099188
INDO_red_116_cutoff_7.5.inp.out,391.2476587949496,-0.2805,0.1501,29.9703,58.0,-1304.7016712838,6.030817909290382,82.3980937315044,-6044.7045212351,0.2792418438002642
INDO_red_117_cutoff_7.5.inp.out,394.2364482616753,-0.296,0.1537,29.7493,57.0,-1305.7387340184,26.11626914744103,-35.96728334127511,-5970.2560401872,0.2843822674994953
INDO_red_118_cutoff_7.5.inp.out,400.5082668556157,-0.3006,0.159,42.8064,57.0,-1305.6778573648,-5.7578585396362385,-26.693249298006485,-5970.1423432114,0.2880504047998329
INDO_red_119_cutoff_7.5.inp.out,397.07301672025983,-0.2839,0.1609,38.0906,56.0,-1306.3442045827,-89.71915225726337,-100.6349283197703,-5895.305689912,0.2761954046000028
INDO_red_11_cutoff_7.5.inp.out,396.0696811321039,-0.2872,0.16,34.1118,55.0,-1306.3281267071,-7.847697523784652,96.14970460890626,-5819.6101220563,0.2842098358996736
INDO_red_120_cutoff_7.5.inp.out,396.05775365262485,-0.2997,0.1426,24.8112,54.0,-1306.4386484295,-46.99596150065834,-63.7033219751881,-5744.2711872072,0.2918138615004864
INDO_red_121_cutoff_7.5.inp.out,397.186494126705,-0.2935,0.1542,20.5335,51.0,-1307.4196533389,25.836810999612236,-19.22346394684384,-5518.6484992346,0.2860252280006534
INDO_red_122_cutoff_7.5.inp.out,396.17523039065,-0.2856,0.1515,14.6093,54.0,-1306.7447530398,-15.657074019484028,-23.55552151488596,-5744.6134452941,0.2788936340002692
INDO_red_123_cutoff_7.5.inp.out,396.1002578797055,-0.2692,0.1608,12.5135,51.0,-1307.4108097335,1.0841557303739155,-25.057298283023652,-5518.6416085656,0.2695407843002613
INDO_red_124_cutoff_7.5.inp.out,398.7423757127631,-0.2948,0.1511,11.3221,52.0,-1307.1782876863,2.3599559446139797,-38.500813984807394,-5594.0145847793,0.2874567157005003
INDO_red_125_cutoff_7.5.inp.out,395.8923951585869,-0.2794,0.1508,16.3729,55.0,-1306.079390346,-10.151641491404408,-5.829066261540702,-5819.4376564911,0.2766266320995783
INDO_red_126_cutoff_7.5.inp.out,396.6289671948556,-0.2906,0.1573,20.0514,54.0,-1306.3108735342,54.47089288083499,-26.10865585868149,-5744.1878167672,0.2836954111999148
INDO_red_127_cutoff_7.5.inp.out,396.2113366069091,-0.2913,0.1406,12.7416,53.0,-1306.5702332273,-50.514634416241535,13.164719274996118,-5668.8889792235,0.2880767955994088
INDO_red_128_cutoff_7.5.inp.out,396.202069662429,-0.2882,0.161,5.6413,55.0,-1306.0529213937,24.71536926340331,-7.370154485955726,-5819.432253454,0.2819097391002287
INDO_red_129_cutoff_7.5.inp.out,395.792419099333,-0.3057,0.1191,19.5309,57.0,-1305.4780321224,-41.07767260268578,23.180603254581833,-5969.9287555916,0.2997781035001026
INDO_red_12_cutoff_7.5.inp.out,396.5778622293501,-0.2871,0.1395,23.3222,54.0,-1306.7172656109,33.652340775741614,58.49447097257079,-5744.5285941794,0.2847533793001275
INDO_red_130_cutoff_7.5.inp.out,395.88776127396704,-0.3266,0.1146,16.7089,51.0,-1307.4828911072,-43.73756684334689,15.339842460878742,-5518.7675639599,0.316900350099786
INDO_red_131_cutoff_7.5.inp.out,395.6637247812344,-0.2803,0.1518,20.7971,54.0,-1306.4910692243,26.965307022538436,27.6739898153976,-5744.3488719346,0.2741230263000034
INDO_red_132_cutoff_7.5.inp.out,393.7887467897796,-0.2957,0.1453,29.7354,50.0,-1307.8489488548,18.75600694795762,-0.9948712083436718,-5443.5866084896,0.2895519089997833
INDO_red_133_cutoff_7.5.inp.out,398.95810392262774,-0.2846,0.1585,19.879,51.0,-1307.2874536645,-14.254605983637449,6.967810208574739,-5518.5926856819,0.2795257910001965
INDO_red_134_cutoff_7.5.inp.out,398.3434873781869,-0.3115,0.1435,31.8663,50.0,-1307.8396100352,22.92436279533951,38.13686475412935,-5443.58449813,0.2990517883999928
INDO_red_135_cutoff_7.5.inp.out,396.66967088294854,-0.2585,0.1677,25.4698,52.0,-1307.505159677,105.5952810291742,33.526107391304066,-5594.3381221052,0.2559396793994892
INDO_red_136_cutoff_7.5.inp.out,394.009336962073,-0.2914,0.1358,21.8619,52.0,-1307.1659537667,11.420310538081916,7.074279803540049,-5594.0121957734,0.2846275274996515
INDO_red_137_cutoff_7.5.inp.out,396.89125451562506,-0.2763,0.1739,29.0975,53.0,-1306.9815353169,246.24315449545583,38.9111766308821,-5669.379944524,0.2722453852002218
INDO_red_138_cutoff_7.5.inp.out,398.1589945654211,-0.2899,0.1462,24.0323,51.0,-1307.6962471973,100.59951381294351,4.786385036129471,-5518.9741380602,0.2836539922000156
INDO_red_139_cutoff_7.5.inp.out,397.0930576780885,-0.2922,0.1447,25.5772,51.0,-1307.3854161433,94.20425658697198,8.667360355006497,-5518.7018382024,0.2885677136000595
INDO_red_13_cutoff_7.5.inp.out,398.114198347387,-0.2882,0.1427,32.1377,57.0,-1305.5863131823,17.419069660781634,-24.881510707869896,-5970.0050849503,0.2854866393008706
INDO_red_140_cutoff_7.5.inp.out,394.2776727762021,-0.2865,0.135,23.8785,54.0,-1306.5328197509,-0.7441171030913848,6.971923921529716,-5744.3569576527,0.281502777100286
INDO_red_141_cutoff_7.5.inp.out,392.3992367666453,-0.2857,0.1564,25.7569,54.0,-1306.4280829734,83.63195380502916,52.11513409127666,-5744.3079793449,0.2835701517997222
INDO_red_142_cutoff_7.5.inp.out,399.401176763546,-0.3012,0.1366,22.0302,51.0,-1307.2390695284,103.09252947077216,45.00404157202572,-5518.5747171152,0.292865411499406
INDO_red_143_cutoff_7.5.inp.out,395.92345123296633,-0.303,0.1288,21.0758,55.0,-1306.0067496591,84.35624395194394,46.91915818667378,-5819.4217629379,0.2942490508994524
INDO_red_144_cutoff_7.5.inp.out,391.7245432499656,-0.2933,0.1417,29.0109,53.0,-1306.6595432877,24.478600456292163,37.86030776694191,-5668.998677023,0.288942508999753
INDO_red_145_cutoff_7.5.inp.out,396.90320036303297,-0.2842,0.1543,22.1646,52.0,-1306.8773750329,102.7136869072835,46.569565319871856,-5593.6582809948,0.2765634179004337
INDO_red_146_cutoff_7.5.inp.out,394.3512561551991,-0.2963,0.1338,25.0001,50.0,-1307.7321067295,77.89978048917911,41.29133041982911,-5443.4665184011,0.2899121886002831
INDO_red_147_cutoff_7.5.inp.out,396.85594557442454,-0.2909,0.1486,21.2191,47.0,-1309.1496851389,66.29250163359957,39.07289030868347,-5218.3171598844,0.2846668475003753
INDO_red_148_cutoff_7.5.inp.out,398.4948778531146,-0.28,0.1574,11.9661,45.0,-1309.5825103464,60.59304162672436,9.798957747181152,-5067.5970551503,0.2763046738000412
INDO_red_149_cutoff_7.5.inp.out,395.0129410690454,-0.2829,0.1471,18.145,53.0,-1306.9358913026,35.03317665477538,14.2718061666214,-5669.2516721311,0.2820672315992851
INDO_red_14_cutoff_7.5.inp.out,395.64099022016785,-0.3114,0.1243,28.5676,56.0,-1305.2534128775,-51.5412043505204,-75.59372304970236,-5894.1492338588,0.3041066316000069
INDO_red_150_cutoff_7.5.inp.out,396.7631951216241,-0.2977,0.1428,17.118,54.0,-1306.481103924,-6.596070888081397,5.0001807313458375,-5744.3579336428,0.2902066228998592
INDO_red_151_cutoff_7.5.inp.out,397.2737947700252,-0.264,0.1528,16.9239,56.0,-1305.9254932838,33.2651922069288,-5.477367990669542,-5894.7808030492,0.2622463867992337
INDO_red_152_cutoff_7.5.inp.out,398.2070044016236,-0.2789,0.1512,13.087,57.0,-1305.3222018993,20.17180629941228,5.263910173421377,-5969.7377938567,0.2701326734004396
INDO_red_153_cutoff_7.5.inp.out,393.6138523256355,-0.282,0.1483,21.3977,57.0,-1305.8074893378,21.363204829704245,-18.333503852364583,-5970.2309030113,0.2791423563003263
INDO_red_154_cutoff_7.5.inp.out,395.2298814113139,-0.2841,0.1488,10.0,57.0,-1305.7300858799,51.48251058481531,23.750248405136844,-5970.1592834241,0.278353499899822
INDO_red_155_cutoff_7.5.inp.out,398.65019565718853,-0.2859,0.1525,12.4272,51.0,-1307.6299420244,13.041299693985618,18.99172062112346,-5518.8655109835,0.2792720594998172
INDO_red_156_cutoff_7.5.inp.out,395.6143396846778,-0.2677,0.1708,18.4356,51.0,-1307.6555149642,19.920682706606456,1.806783912065136,-5518.9347626453,0.2656460008001886
INDO_red_157_cutoff_7.5.inp.out,391.4067458430976,-0.2698,0.1474,9.4363,49.0,-1308.0048634948,5.389044364647793,1.144054704977941,-5368.176102134,0.2690449682995677
INDO_red_158_cutoff_7.5.inp.out,400.36595487610583,-0.3062,0.1421,22.0246,53.0,-1306.9021481418,0.8493047218877068,37.33354428360899,-5669.222496805,0.2974855762004154
INDO_red_159_cutoff_7.5.inp.out,398.75400763774815,-0.3131,0.1348,25.4789,53.0,-1306.6055279299,28.848983804840316,16.978291181183767,-5668.8906314481,0.3065055695005867
INDO_red_15_cutoff_7.5.inp.out,394.45270152540945,-0.3128,0.1128,32.5416,53.0,-1306.3002320812,-60.43615174874859,-13.89500831039566,-5668.6287521532,0.3045693218000451
INDO_red_160_cutoff_7.5.inp.out,395.2184125577448,-0.2986,0.1307,27.7439,50.0,-1307.7746117618,15.918326727657822,22.78464299347147,-5443.4996414211,0.2981577782002205
INDO_red_161_cutoff_7.5.inp.out,398.3952704336372,-0.2977,0.144,23.301,51.0,-1307.3564810506,78.68854898445086,2.5325731032166017,-5518.6290264829,0.2873397497005499
INDO_red_162_cutoff_7.5.inp.out,397.2310665092607,-0.2823,0.1437,21.3541,53.0,-1306.7487398364,12.111948872939346,-8.317956794600317,-5669.0589142278,0.2803903058002106
INDO_red_163_cutoff_7.5.inp.out,396.31781951590995,-0.2868,0.1571,25.1945,53.0,-1306.823912935,-21.029587040203587,15.420419702457892,-5669.1469747644,0.2794024677004927
INDO_red_164_cutoff_7.5.inp.out,395.9491856548711,-0.297,0.1387,19.2279,51.0,-1307.6647679281,-6.509506760079953,19.888796453193695,-5518.8870029495,0.2972119559999555
INDO_red_165_cutoff_7.5.inp.out,396.7443221601814,-0.299,0.1419,12.445,52.0,-1307.3926538671,-11.027117842043603,-17.362832987200555,-5594.1856768357,0.2904636615003255
INDO_red_166_cutoff_7.5.inp.out,396.8753057161573,-0.2741,0.1692,24.2163,55.0,-1306.2779640672,77.02504236565723,25.72052635123617,-5819.5767650655,0.2716274451995559
INDO_red_167_cutoff_7.5.inp.out,397.4720061760095,-0.2642,0.1839,29.617,53.0,-1306.9603769954,75.17622847463589,-6.901490210949013,-5669.2260308178,0.2612000415992952
INDO_red_168_cutoff_7.5.inp.out,398.1151027634025,-0.2719,0.1621,20.2001,52.0,-1307.4272356158,2.4333973366583903,9.270918969088688,-5594.2635179164,0.2694925217001582
INDO_red_169_cutoff_7.5.inp.out,395.95214069033017,-0.304,0.1326,21.2772,56.0,-1305.702409737,-39.80044207914966,23.573949832383313,-5894.5871982189,0.2998980634001782
INDO_red_16_cutoff_7.5.inp.out,399.2720066416618,-0.3252,0.1252,33.3924,53.0,-1306.88946094,-44.32280923874162,35.742154138267246,-5669.1857932023,0.3153370076997817
INDO_red_170_cutoff_7.5.inp.out,397.4143257007891,-0.3017,0.1319,29.0186,54.0,-1307.0111442106,-26.463571388509287,30.877440541712936,-5744.9134924899,0.2987601462000384
INDO_red_171_cutoff_7.5.inp.out,397.72768771310103,-0.2963,0.1432,33.7622,54.0,-1306.6753722282,-24.190210834062647,-18.27935744863576,-5744.5425993364,0.2907797894004034
INDO_red_172_cutoff_7.5.inp.out,395.46515150392503,-0.2846,0.1431,34.7986,56.0,-1306.1784362544,6.036284022911366,7.6733667391569345,-5895.1211018649,0.2849942778993863
INDO_red_173_cutoff_7.5.inp.out,396.26227273433807,-0.29,0.1368,35.3568,56.0,-1306.1010183109,71.60137716664134,79.1485573401221,-5895.0211011811,0.2854685897000308
INDO_red_174_cutoff_7.5.inp.out,398.7740390949056,-0.2922,0.1635,38.9721,57.0,-1305.1607639639,74.4270667306382,105.0400597510326,-5969.6475099891,0.281244172899278
INDO_red_175_cutoff_7.5.inp.out,395.18492486212233,-0.2747,0.1579,31.7302,57.0,-1305.4220570732,22.42295655676075,31.614627849961167,-5969.8490513154,0.2739259586005573
INDO_red_176_cutoff_7.5.inp.out,396.5720659813857,-0.3075,0.1366,41.2966,58.0,-1304.9662736766,51.77676333479817,31.521671407048274,-6044.9612715741,0.2939556322999124
INDO_red_177_cutoff_7.5.inp.out,395.33785750608064,-0.2936,0.1323,35.8397,59.0,-1304.6832381184,18.30257645122671,53.19117392442924,-6120.2056697637,0.2901718006996816
INDO_red_178_cutoff_7.5.inp.out,396.3156223437858,-0.315,0.1285,39.6999,61.0,-1304.1765822291,3.720395839588584,39.925661356017066,-6270.7664612198,0.2993451231004655
INDO_red_179_cutoff_7.5.inp.out,394.6505450754199,-0.2758,0.1474,34.9083,60.0,-1304.60325246,64.08886049952677,35.711102949573196,-6195.6550811239,0.2735827788001188
INDO_red_17_cutoff_7.5.inp.out,394.259870130556,-0.2973,0.1371,30.2933,48.0,-1308.1612081113,-9.8092777205979,12.410224547991266,-5292.7739569459,0.2939033594002467
INDO_red_180_cutoff_7.5.inp.out,395.88776127396704,-0.3266,0.1146,16.7089,51.0,-1307.4827915497,-43.73840762844059,15.340042339620773,-5518.7674653929,0.3168992630999128
INDO_red_181_cutoff_7.5.inp.out,395.89171009804954,-0.2827,0.1498,23.2867,55.0,-1306.1427537908,28.10566970961277,28.480619547500517,-5819.5353251604,0.2753810874000919
INDO_red_182_cutoff_7.5.inp.out,395.5049592258867,-0.3022,0.1366,25.04,49.0,-1308.1570257605,-15.767894141805398,-13.692476435503156,-5368.3413118222,0.2962433520997365
INDO_red_183_cutoff_7.5.inp.out,397.71509031435966,-0.2881,0.1617,22.9962,48.0,-1308.0972562714,17.78793377225221,17.73588548972962,-5292.7448891927,0.2841682276002757
INDO_red_184_cutoff_7.5.inp.out,397.775113647125,-0.275,0.1735,22.6957,54.0,-1306.0994878302,34.65026326745134,-9.439058498046483,-5743.8815417809,0.2674233822999667
INDO_red_185_cutoff_7.5.inp.out,394.8671492182234,-0.2671,0.1562,24.2073,53.0,-1306.7209401761,4.0425888039110385,-1.2887582579702412,-5669.0086575573,0.2670010898000328
INDO_red_186_cutoff_7.5.inp.out,395.91755692240287,-0.2847,0.1547,20.3404,55.0,-1306.1087559311,-9.393621614226545,-3.8123179402282874,-5819.5105337403,0.2791387146999113
INDO_red_187_cutoff_7.5.inp.out,396.996941427606,-0.311,0.1492,19.7441,55.0,-1305.8761461176,-24.800527120061187,18.83544202339087,-5819.2825466697,0.3006192929997269
INDO_red_188_cutoff_7.5.inp.out,399.01589898205697,-0.2677,0.1494,24.8156,53.0,-1306.4297409717,19.407430451811106,-15.866960051162804,-5668.8175857857,0.265906820300188
INDO_red_189_cutoff_7.5.inp.out,392.0971239040422,-0.266,0.1592,20.3415,52.0,-1307.0293520054,-2.229251719498765,-9.35135983391747,-5593.8541470494,0.2665026892000242
INDO_red_18_cutoff_7.5.inp.out,396.757598523349,-0.2924,0.1448,26.9134,45.0,-1309.8144950011,1.9689285895383812,-27.723481351957517,-5067.8461006009,0.2859289969001111
INDO_red_190_cutoff_7.5.inp.out,397.82624364354746,-0.2795,0.1597,19.0672,51.0,-1307.6165732604,-8.550136631490497,0.5967320258832571,-5518.9182128073,0.2772020560996679
INDO_red_191_cutoff_7.5.inp.out,396.35143180360546,-0.3012,0.1353,16.2547,49.0,-1307.9961385233,-38.99152188509463,-33.599133924867246,-5368.2268658096,0.2955855070003963
INDO_red_192_cutoff_7.5.inp.out,397.0792912729764,-0.2752,0.158,17.8343,48.0,-1308.5000871776,10.701210374388278,-0.9670584875896456,-5293.1351794808,0.271477891899849
INDO_red_193_cutoff_7.5.inp.out,397.6857837656076,-0.2957,0.1493,18.6511,49.0,-1308.020188148,-1.083912847039809,-7.603212830858571,-5368.2337514938,0.2863671617005821
INDO_red_194_cutoff_7.5.inp.out,389.8025150515316,-0.2776,0.1535,17.6906,48.0,-1308.3109076534,-24.043489539124007,-14.904884689885677,-5292.9735404753,0.2763058378004643
INDO_red_195_cutoff_7.5.inp.out,397.6036868930543,-0.2917,0.1652,17.1317,50.0,-1307.929648952,10.05642463447374,-2.7710115937712394,-5443.6334700041,0.2822728926994386
INDO_red_196_cutoff_7.5.inp.out,397.2706119670645,-0.2805,0.1427,21.351,49.0,-1308.2256885232,8.769241296851302,15.89743941658417,-5368.3728128278,0.2791360503997566
INDO_red_197_cutoff_7.5.inp.out,393.95029576182134,-0.3019,0.1311,16.6347,49.0,-1308.0261294569,-12.522693351855056,7.2627293270007085,-5368.1811597719,0.294301083999926
INDO_red_198_cutoff_7.5.inp.out,397.21533478976545,-0.2922,0.1531,31.3191,49.0,-1308.111196786,-10.865747744085166,123.26805087238029,-5368.2758826335,0.2892812400996263
INDO_red_199_cutoff_7.5.inp.out,391.6124539151448,-0.2751,0.1489,40.0052,53.0,-1306.6009460198,-1.573094336215246,44.008642234268294,-5668.8987117951,0.278427405200091
INDO_red_19_cutoff_7.5.inp.out,397.90899326280936,-0.3089,0.1205,28.6618,49.0,-1308.3522592327,-42.03815373496704,8.515076600631335,-5368.489016374,0.2968634720000409
INDO_red_1_cutoff_7.5.inp.out,396.2326900735581,-0.2802,0.1566,23.8905,53.0,-1306.7703254116,57.24681274755809,16.204724739516944,-5669.1315365284,0.2706896538993533
INDO_red_200_cutoff_7.5.inp.out,399.9319409851629,-0.2763,0.1802,32.9393,50.0,-1307.3225193032,-35.93561170372772,32.68351491790695,-5443.0382250235,0.2685393493993615
INDO_red_201_cutoff_7.5.inp.out,395.6881474457914,-0.2702,0.171,29.6684,51.0,-1307.2025167021,50.159451243852416,76.70410718191464,-5518.447463539,0.2649573236994911
INDO_red_202_cutoff_7.5.inp.out,393.2919775400067,-0.2882,0.1344,38.1703,55.0,-1305.8277724105,-6.3169559710251715,39.89064088085562,-5819.1859215186,0.2851577385999917
INDO_red_203_cutoff_7.5.inp.out,395.0885639669616,-0.2967,0.1222,34.4938,57.0,-1305.2016174192,14.399279625569136,99.21050416398708,-5969.5931307515,0.291044434899959
INDO_red_204_cutoff_7.5.inp.out,396.9944368318792,-0.3013,0.1465,30.6881,56.0,-1305.5486630976,-6.284441372359265,67.53997085895782,-5894.4465944348,0.2914982874999623
INDO_red_205_cutoff_7.5.inp.out,398.2967082089012,-0.3001,0.1487,27.2154,55.0,-1305.5005472769,-93.0578081317278,22.45386467243063,-5818.8123122917,0.2924022023998986
INDO_red_206_cutoff_7.5.inp.out,394.6154416470247,-0.2857,0.1416,24.6159,56.0,-1305.1763883648,-92.31065213863472,-15.212810164763836,-5894.0565030551,0.28473846830002
INDO_red_207_cutoff_7.5.inp.out,396.5463056651278,-0.2941,0.1494,21.2783,56.0,-1305.4313475851,-36.160599613224306,-50.99584701493194,-5894.2929674089,0.2881198884997502
INDO_red_208_cutoff_7.5.inp.out,395.40293775761774,-0.2886,0.1354,20.0028,53.0,-1306.581277291,-24.470949957241885,-29.958209685643205,-5668.885844467,0.2829726404997927
INDO_red_209_cutoff_7.5.inp.out,397.84949467780615,-0.2877,0.1294,17.4821,56.0,-1305.4433345539,21.209331137285915,34.54266432369233,-5894.2477970054,0.2845586267003455
INDO_red_20_cutoff_7.5.inp.out,395.88776127396704,-0.3266,0.1146,16.7089,51.0,-1307.4829005959,-43.73751747056942,15.340158727639146,-5518.7675738083,0.3168997949996992
INDO_red_210_cutoff_7.5.inp.out,396.4796075214744,-0.3005,0.1511,22.401,54.0,-1306.5181682783,-90.24225097181538,3.311971535078344,-5744.3386262039,0.2911486640996372
INDO_red_211_cutoff_7.5.inp.out,393.9146249003894,-0.2921,0.1505,24.1061,50.0,-1307.878862005,-70.22628749797056,-37.82292697508566,-5443.5491849533,0.2854115896998337
INDO_red_212_cutoff_7.5.inp.out,395.669243833743,-0.2807,0.1559,33.319,49.0,-1308.385560014,-56.88411750477862,-31.7703599391844,-5368.5578228284,0.2743514814001173
INDO_red_213_cutoff_7.5.inp.out,397.8294336610202,-0.2851,0.1504,41.3712,51.0,-1307.7947995719,-53.47072777552623,38.99207798148399,-5518.9934000654,0.2808646850999139
INDO_red_214_cutoff_7.5.inp.out,396.7856715068337,-0.2817,0.1674,39.1896,51.0,-1307.5208866122,15.885177571508905,61.45146306393738,-5518.7897981855,0.276326619899919
INDO_red_215_cutoff_7.5.inp.out,394.5215460665869,-0.285,0.1312,27.5971,49.0,-1308.2105370228,44.20019940208474,25.575368462714984,-5368.3535815127,0.2870329485003822
INDO_red_216_cutoff_7.5.inp.out,395.1960051274345,-0.2665,0.1702,28.2247,46.0,-1309.0509817093,68.23564728740922,-41.20223560439858,-5142.6345357059,0.2663125876997583
INDO_red_217_cutoff_7.5.inp.out,397.52785463748353,-0.3085,0.1516,23.8234,50.0,-1307.8924929009,24.963409008815788,8.688116852934638,-5443.5568993244,0.3012539829996967
INDO_red_218_cutoff_7.5.inp.out,397.4044201259845,-0.3057,0.118,18.6362,52.0,-1306.9457519219,-55.88142806857309,-3.197873431235114,-5593.6689529928,0.3015997526999854
INDO_red_219_cutoff_7.5.inp.out,392.67410155060793,-0.2741,0.1537,21.768,49.0,-1308.3637104458,11.674146090400605,-0.4686872141759355,-5368.4975249281,0.2756754461997843
INDO_red_21_cutoff_7.5.inp.out,395.7730090102892,-0.2818,0.1499,22.5047,55.0,-1306.1579048812,26.961600611100728,28.686635706161777,-5819.5476583433,0.2747176164994016
INDO_red_220_cutoff_7.5.inp.out,397.9800276101296,-0.3015,0.1265,25.9775,50.0,-1308.1137477256,62.47985421904073,-7.931268517081195,-5443.8716434492,0.2970918585006075
INDO_red_221_cutoff_7.5.inp.out,396.66602866552375,-0.2939,0.1399,21.799,53.0,-1306.8965408336,-34.63948067091003,-27.211797103600137,-5669.2127407407,0.2946927351995327
INDO_red_222_cutoff_7.5.inp.out,395.3084754832575,-0.275,0.1572,30.9412,54.0,-1306.2897848746,-37.56828929264194,-47.65310846926341,-5744.1450233799,0.2773179247997177
INDO_red_223_cutoff_7.5.inp.out,394.5418330271966,-0.3147,0.139,26.257,53.0,-1306.8866268284,-41.508404762491985,-36.690968868754545,-5669.2025485085,0.3056695271998251
INDO_red_224_cutoff_7.5.inp.out,398.09004359770296,-0.3053,0.1224,22.3383,48.0,-1308.46106701,-14.540768632589018,5.700520584050963,-5293.1741166045,0.3008709338000699
INDO_red_225_cutoff_7.5.inp.out,397.5133666609699,-0.288,0.1454,18.9497,52.0,-1307.3315576573,40.07847101128455,0.0321170776598909,-5594.1178124971,0.2908848865999971
INDO_red_226_cutoff_7.5.inp.out,394.37819502981495,-0.2928,0.1372,20.0608,49.0,-1307.7498480018,38.080691185149455,26.387664806194245,-5367.9558247845,0.2903675000006842
INDO_red_227_cutoff_7.5.inp.out,394.6491518006079,-0.3039,0.1503,22.0289,50.0,-1307.783923088,-29.16611651269437,-70.19120504539735,-5443.5746511655,0.2958518529003413
INDO_red_228_cutoff_7.5.inp.out,396.8007962334591,-0.2991,0.1316,33.6855,52.0,-1307.2130518384,-53.3083328258077,-68.10974479872387,-5594.0992644658,0.2949899573004586
INDO_red_229_cutoff_7.5.inp.out,397.6660620813996,-0.2905,0.1432,35.5958,52.0,-1307.2270505845,54.830881177867255,-24.82737035343537,-5594.0406450328,0.2908220584004084
INDO_red_22_cutoff_7.5.inp.out,394.12146177412654,-0.3109,0.1258,23.921,49.0,-1308.0521464802,3.227970667771652,17.498731857725158,-5368.2441461149,0.3047017152002809
INDO_red_230_cutoff_7.5.inp.out,396.23850394825865,-0.2866,0.1485,18.5191,59.0,-1304.7312993243,4.620505128851106,45.80133721550464,-6120.2793081663,0.2794549816999279
INDO_red_231_cutoff_7.5.inp.out,395.9861204620301,-0.2911,0.139,20.1459,57.0,-1305.7330355447,10.097635232528033,-9.39008127838834,-5970.1631560322,0.286999448700044
INDO_red_232_cutoff_7.5.inp.out,395.1872659647976,-0.2844,0.1594,13.3151,54.0,-1306.1544157158,9.746488006617112,45.178910064953506,-5743.9965493679,0.2786064052997972
INDO_red_233_cutoff_7.5.inp.out,397.21471477320586,-0.2947,0.1454,22.6167,55.0,-1306.1395461264,-96.39089847382344,6.9920966753788525,-5819.5240370966,0.2817772222997519
INDO_red_234_cutoff_7.5.inp.out,397.935446937897,-0.3068,0.1494,20.3341,57.0,-1305.6040746798,-53.79347579416343,68.79614413238819,-5970.0687314784,0.2985765214998537
INDO_red_235_cutoff_7.5.inp.out,395.5341765970138,-0.2862,0.1423,15.872,57.0,-1305.3088972382,-63.79654999710144,1.872434701636756,-5969.7362987952,0.2814867175002291
INDO_red_236_cutoff_7.5.inp.out,396.50025311534495,-0.2972,0.1405,12.254,54.0,-1306.3728119824,-124.18391905168468,-10.51005649719933,-5744.2408937352,0.2897578878000786
INDO_red_237_cutoff_7.5.inp.out,396.8518146408098,-0.2978,0.1515,20.5703,54.0,-1306.1972678888,26.626998198540548,23.073392356500673,-5744.015129474,0.2867879944005835
INDO_red_238_cutoff_7.5.inp.out,397.1270005151998,-0.2715,0.1605,24.3926,53.0,-1306.8794324145,42.534685110246016,0.6365251944716044,-5669.197697857,0.2691735608004819
INDO_red_239_cutoff_7.5.inp.out,396.4531468037762,-0.3205,0.1356,20.4411,56.0,-1305.5242160456,-190.1725015690222,39.39110229467699,-5894.4892111011,0.3119606954996925
INDO_red_23_cutoff_7.5.inp.out,399.7852797615221,-0.2884,0.1542,22.7397,49.0,-1308.2398229373,8.314136252383081,3.636147210672959,-5368.4685645107,0.281408874599947
INDO_red_240_cutoff_7.5.inp.out,395.88776127396704,-0.3266,0.1146,16.7089,51.0,-1307.482899657,-43.737748618177015,15.339849563867933,-5518.767572541,0.3169005240997649
INDO_red_241_cutoff_7.5.inp.out,395.57810143308336,-0.2809,0.1513,20.766,54.0,-1306.4721160691,26.51030160046395,27.68027626132773,-5744.3302466318,0.274502489900442
INDO_red_242_cutoff_7.5.inp.out,394.23403653813466,-0.2921,0.142,30.2067,50.0,-1307.7696903455,20.56657933148548,10.909598019080727,-5443.4786015824,0.2878400671997951
INDO_red_243_cutoff_7.5.inp.out,398.2750781189861,-0.2916,0.1622,24.7459,52.0,-1306.8011842824,-12.207463355348713,10.481541213360774,-5593.5904239801,0.2849937903993123
INDO_red_244_cutoff_7.5.inp.out,397.84587452724026,-0.3057,0.1443,25.6534,51.0,-1306.5198977189,-14.311833044182237,-2.3591935928156387,-5517.8070332735,0.2965981880006438
INDO_red_245_cutoff_7.5.inp.out,394.2144472304309,-0.2982,0.1272,33.1604,52.0,-1307.2351132821,25.442024554144968,24.99181807041031,-5593.9872628236,0.2895875071999398
INDO_red_246_cutoff_7.5.inp.out,397.1122813733176,-0.269,0.1635,31.4075,52.0,-1306.7210357885,75.58266491676697,17.546050446646372,-5593.4612756749,0.2649432176995105
INDO_red_247_cutoff_7.5.inp.out,397.2441729427674,-0.2853,0.1722,25.1475,51.0,-1307.2441887179,59.0875109437046,10.340725294462668,-5518.4289411068,0.27566646249943
INDO_red_248_cutoff_7.5.inp.out,400.01130849411845,-0.2988,0.1339,30.9798,52.0,-1306.8924488916,49.64702568044442,13.319866672600458,-5593.6872185054,0.2863251069993566
INDO_red_249_cutoff_7.5.inp.out,393.1323146687804,-0.2859,0.1268,28.0813,52.0,-1306.625636569,24.79893519163239,19.9603139050936,-5593.4024822223,0.2792615042008037
INDO_red_24_cutoff_7.5.inp.out,396.7202072358005,-0.303,0.156,24.9769,52.0,-1306.6744560136,22.960292068714303,14.934433631483277,-5593.5526743396,0.2905736806005734
INDO_red_250_cutoff_7.5.inp.out,395.98975080446536,-0.2943,0.1521,27.3316,52.0,-1306.6977929034,75.3957086700111,11.103999116541049,-5593.5168114595,0.2835938263997377
INDO_red_251_cutoff_7.5.inp.out,400.987357443185,-0.2909,0.1541,27.1712,54.0,-1306.6011353765,3.708444320473697,52.68645161061243,-5744.475873174,0.2803375667999717
INDO_red_252_cutoff_7.5.inp.out,395.7655600491768,-0.2785,0.1567,32.1405,56.0,-1305.800865863,45.92923548198658,80.69653603914055,-5894.7043328033,0.278689087100247
INDO_red_253_cutoff_7.5.inp.out,395.37885463296425,-0.3213,0.1239,25.132,53.0,-1306.8190274745,-15.916000146656906,8.027204922742184,-5669.1576803653,0.3083414927004924
INDO_red_254_cutoff_7.5.inp.out,399.3056864484156,-0.3041,0.125,30.7842,53.0,-1306.8467950084,-6.161626984681586,-31.61856905609036,-5669.1353034073,0.2947591393003677
INDO_red_255_cutoff_7.5.inp.out,397.457265966,-0.2912,0.1386,23.4475,52.0,-1307.3303557689,20.172422073328004,1.511129399576279,-5594.0460921425,0.2873325064001619
INDO_red_256_cutoff_7.5.inp.out,396.2996358081211,-0.2816,0.1457,22.3382,50.0,-1308.0873547165,145.0613556043026,-39.33186790335823,-5443.7935182007,0.279494908199922
INDO_red_257_cutoff_7.5.inp.out,395.6978550072822,-0.2884,0.1484,26.0724,50.0,-1307.9230782259,29.331596850185367,-26.807185665352236,-5443.6273547854,0.284118605900403
INDO_red_258_cutoff_7.5.inp.out,399.7071537305832,-0.2894,0.1482,26.7616,50.0,-1307.9958024217,85.67033972418872,-25.652377847457373,-5443.697945789,0.2808379416001116
INDO_red_259_cutoff_7.5.inp.out,394.4462965758945,-0.2932,0.1382,22.1442,52.0,-1307.2628677293,50.98827038113891,25.12963771666006,-5594.0484557148,0.2907296002003932
INDO_red_25_cutoff_7.5.inp.out,393.6526936788242,-0.2846,0.1405,38.8262,56.0,-1306.019587841,59.39397505198115,74.86474600901676,-5894.9960963775,0.2831258421001621
INDO_red_260_cutoff_7.5.inp.out,395.4983094100287,-0.292,0.1406,27.161,51.0,-1307.4932587297,112.45057837164222,6.184597200147554,-5518.7391665409,0.2907209786999374
INDO_red_261_cutoff_7.5.inp.out,396.7820600120248,-0.2998,0.1228,25.1906,51.0,-1307.5963398536,-1.7515022224086834,-7.246351577112996,-5518.8298496488,0.2930847193001682
INDO_red_262_cutoff_7.5.inp.out,393.4000304554188,-0.2876,0.1374,28.1179,49.0,-1308.5037499966,27.260518868658192,45.957981539655016,-5368.7462688011,0.2848245238001254
INDO_red_263_cutoff_7.5.inp.out,395.7712881296068,-0.2938,0.159,29.087,51.0,-1307.5414336781,53.18262473258841,25.935897257047294,-5518.8143953385,0.2878308091003418
INDO_red_264_cutoff_7.5.inp.out,398.390865937112,-0.3157,0.1138,26.7851,52.0,-1306.8408181303,-11.78588899416446,85.36957924908604,-5593.6042399134,0.3113509521999731
INDO_red_265_cutoff_7.5.inp.out,391.90736712728136,-0.3002,0.1183,34.6077,53.0,-1306.5441477853,57.33345850598703,53.440375158584835,-5668.8285607358,0.2950805140999364
INDO_red_266_cutoff_7.5.inp.out,396.7127915127349,-0.2839,0.1379,36.269,51.0,-1307.9525190995,0.1850756023744262,6.2247627601610045,-5519.2441520105,0.2841430197004229
INDO_red_267_cutoff_7.5.inp.out,400.6303999305072,-0.2916,0.1579,44.9942,50.0,-1308.0570176662,29.93407421924456,48.968626593494584,-5443.8148734309,0.2841493463001825
INDO_red_268_cutoff_7.5.inp.out,395.2419805399885,-0.2898,0.1389,43.7993,46.0,-1309.4170328776,114.31496932187572,40.60188815467691,-5143.0124272706,0.2881948215999728
INDO_red_269_cutoff_7.5.inp.out,395.700158897121,-0.2819,0.1579,42.8022,47.0,-1308.9146791742,63.75323345400499,44.00112572140805,-5218.0588279603,0.277010590599275
INDO_red_26_cutoff_7.5.inp.out,397.7463176101345,-0.2864,0.1466,32.5661,54.0,-1306.5321981874,64.42245823437833,38.49072915194331,-5744.4596369729,0.2810918855002455
INDO_red_270_cutoff_7.5.inp.out,395.770556710984,-0.2941,0.147,41.7672,46.0,-1309.6390198464,150.53809430152845,68.00216053838975,-5143.2315901055,0.2873144881996268
INDO_red_271_cutoff_7.5.inp.out,394.5010214039979,-0.2978,0.1231,51.3751,48.0,-1308.9092956464,76.58143586680556,76.94818834938489,-5293.6013945409,0.2939502053995966
INDO_red_272_cutoff_7.5.inp.out,398.4378458621592,-0.2739,0.1553,49.5197,47.0,-1309.0227688345,100.37053544396514,108.34658671336746,-5218.1347397532,0.2720364183996935
INDO_red_273_cutoff_7.5.inp.out,394.4466407275759,-0.2925,0.1528,40.2557,50.0,-1308.1425537038,43.88824110659967,55.59241318418492,-5443.9665787027,0.2881050473997675
INDO_red_274_cutoff_7.5.inp.out,397.1700281262357,-0.2534,0.175,46.0053,53.0,-1306.9083598937,-27.843941074715417,58.01950484947647,-5669.3355258727,0.2471959505000995
INDO_red_275_cutoff_7.5.inp.out,398.02363661599543,-0.2887,0.148,41.7749,51.0,-1307.5585707635,-8.885271717145258,39.559598481216085,-5518.853579483,0.279938388899609
INDO_red_276_cutoff_7.5.inp.out,396.22987993401654,-0.2951,0.1287,44.208,53.0,-1306.9580205147,9.113745811603458,12.864612689202849,-5669.2987353152,0.2872105836995615
INDO_red_277_cutoff_7.5.inp.out,399.21343606191033,-0.3052,0.1357,43.4813,51.0,-1307.8545569038,17.616926713681014,41.349117980467234,-5519.1194104512,0.2922067772997252
INDO_red_278_cutoff_7.5.inp.out,390.422828573587,-0.2708,0.1506,35.5468,48.0,-1309.3564479549,-35.16265249487557,-28.766238533361285,-5294.0255477493,0.2684222768002655
INDO_red_279_cutoff_7.5.inp.out,398.26978318829134,-0.2655,0.1748,56.3981,55.0,-1306.1161849035,-39.17606098954008,-77.65542165180244,-5819.5576464932,0.2598668759001157
INDO_red_27_cutoff_7.5.inp.out,398.6843725894944,-0.3009,0.1468,33.8036,53.0,-1306.9245296409,68.34098851382346,48.72923150917321,-5669.2881883001,0.2920179190005001
INDO_red_280_cutoff_7.5.inp.out,398.72502225791646,-0.2623,0.1875,55.9753,51.0,-1307.9183774328,94.7240761125076,90.33100197212302,-5519.1745979747,0.2533946307994483
INDO_red_281_cutoff_7.5.inp.out,395.37125338785575,-0.2745,0.1561,52.8403,56.0,-1306.574484797,63.264849430714776,65.58211875493163,-5895.5156989062,0.2700632689002304
INDO_red_282_cutoff_7.5.inp.out,395.5679567007612,-0.2618,0.1684,53.793,58.0,-1305.3302224263,88.26151096305658,93.4319146168459,-6045.3862949137,0.2543656920006469
INDO_red_283_cutoff_7.5.inp.out,396.3016508923101,-0.2774,0.1559,44.8457,57.0,-1305.2775908682,62.25168184399015,117.6277276366105,-5969.7990401379,0.2751148343004388
INDO_red_284_cutoff_7.5.inp.out,395.1748919102899,-0.2867,0.1471,41.2419,58.0,-1305.3915749282,176.3115388726083,72.35894881716658,-6045.4335868885,0.2833094072002495
INDO_red_285_cutoff_7.5.inp.out,399.3403859846724,-0.31,0.1354,46.9464,55.0,-1306.2265356216,67.98042331144099,100.2890957457505,-5819.6708093878,0.2956841128998348
INDO_red_286_cutoff_7.5.inp.out,397.43298123124623,-0.3117,0.1398,41.5465,58.0,-1305.4301970988,138.7103311733427,66.45543628954263,-6045.4151153448,0.3004688073006036
INDO_red_287_cutoff_7.5.inp.out,394.0133616210012,-0.3007,0.1096,35.2191,52.0,-1307.1980518631,27.584782766953214,82.32245366294721,-5594.0055329925,0.3001744788998621
INDO_red_288_cutoff_7.5.inp.out,396.6420419815536,-0.2911,0.1372,35.8844,55.0,-1306.4199008622,33.57543924796531,28.8987645802555,-5819.8858254559,0.2879517188002864
INDO_red_289_cutoff_7.5.inp.out,394.4848241866059,-0.2969,0.1396,14.5072,54.0,-1306.9847735221,80.86216443862301,-29.60819068859182,-5744.8365213746,0.2929703845993572
INDO_red_28_cutoff_7.5.inp.out,393.47709938694715,-0.2782,0.1662,37.4206,51.0,-1307.5957952422,-44.330236067472114,-27.99133228042926,-5518.9383887185,0.2718082497995056
INDO_red_290_cutoff_7.5.inp.out,395.88776127396704,-0.3266,0.1146,16.7089,51.0,-1307.4829143237,-43.73863276056482,15.339598704207738,-5518.7675872921,0.3169002985996485
INDO_red_291_cutoff_7.5.inp.out,395.58556423895806,-0.2811,0.1511,23.0337,55.0,-1306.1359324095,24.860864312378165,29.186320929171007,-5819.5275342181,0.2746454846001143
INDO_red_292_cutoff_7.5.inp.out,394.9418927940088,-0.3014,0.1448,26.707,49.0,-1308.1401047052,-2.2693317127936097,12.789760679541546,-5368.3287967714,0.2946570929007066
INDO_red_293_cutoff_7.5.inp.out,397.7018512668192,-0.284,0.1631,23.3473,51.0,-1307.3723861751,-21.35143468061095,-4.276164951295331,-5518.7232230036,0.2789524944000732
INDO_red_294_cutoff_7.5.inp.out,395.4401396794634,-0.291,0.1632,26.5921,52.0,-1306.8705250883,45.29620808316934,63.920304683913166,-5593.6891810909,0.2842969594003079
INDO_red_295_cutoff_7.5.inp.out,394.1083181553259,-0.3041,0.1182,24.811,49.0,-1308.3516414894,-46.99355134386579,18.484645472030795,-5368.5806058526,0.3013502443000107
INDO_red_296_cutoff_7.5.inp.out,398.2019087060676,-0.3065,0.1338,24.4084,50.0,-1308.0663940542,35.29639139480358,46.29239912113652,-5443.8130329678,0.2965593123999497
INDO_red_297_cutoff_7.5.inp.out,397.1883365179803,-0.3127,0.1303,23.0491,52.0,-1307.2636885003,53.07051965197601,61.26922530070734,-5594.1145975311,0.3069488538003497
INDO_red_298_cutoff_7.5.inp.out,395.2654218834584,-0.2713,0.1561,21.7503,53.0,-1306.8205917053,61.75866593517514,52.084381531948,-5669.2118011128,0.2682819553001536
INDO_red_299_cutoff_7.5.inp.out,397.8269698334752,-0.3159,0.1378,18.6757,52.0,-1307.1550877425,0.0191771767581203,28.5434856616674,-5594.009481406,0.3035914138999942
INDO_red_29_cutoff_7.5.inp.out,396.09792823688207,-0.2625,0.1605,39.0111,53.0,-1306.5653182395,-26.21119109544323,-42.81927077682205,-5668.9633426849,0.2625251495001066
INDO_red_2_cutoff_7.5.inp.out,394.9732340380421,-0.2859,0.1468,35.8418,49.0,-1308.308328553,-19.96449923205411,-31.8153500391316,-5368.5400216859,0.2835004778999064
INDO_red_300_cutoff_7.5.inp.out,398.32145298804073,-0.2815,0.1552,14.0626,55.0,-1306.7542809328,1.603139236197533,6.087444890336649,-5820.1490610051,0.2775785700996493
INDO_red_301_cutoff_7.5.inp.out,397.8271589926344,-0.3017,0.1341,13.7337,56.0,-1306.0874668736,28.40783797501228,9.63362600446781,-5894.9621979672,0.2931303413997739
INDO_red_302_cutoff_7.5.inp.out,396.4412671426448,-0.2936,0.1442,4.0728,54.0,-1307.0287039703,-11.255128644058075,-7.534591253348215,-5744.8827092533,0.2889758459996301
INDO_red_303_cutoff_7.5.inp.out,395.7012916435011,-0.2942,0.1519,13.4248,51.0,-1307.8030024056,42.04263377707025,11.626939702540689,-5519.0776079922,0.2901539490003415
INDO_red_304_cutoff_7.5.inp.out,401.1940120507025,-0.2861,0.1592,17.853,55.0,-1306.439989285,79.54713615436334,-3.689042530773456,-5819.7652944033,0.2813037864998478
INDO_red_305_cutoff_7.5.inp.out,399.09211521196414,-0.2974,0.1525,21.6882,57.0,-1305.8753705388,5.439337041864262,26.25411364094627,-5970.30399047,0.2921376435997445
INDO_red_306_cutoff_7.5.inp.out,396.0202872183849,-0.2914,0.1504,20.5911,55.0,-1306.5607322497,8.3992531811317,34.594243868068425,-5819.8969105988,0.2852682703996834
INDO_red_307_cutoff_7.5.inp.out,397.4728695032698,-0.2769,0.1572,23.4223,56.0,-1306.1638930324,24.200490949552982,25.631965727875635,-5895.0548799841,0.2756445930999689
INDO_red_308_cutoff_7.5.inp.out,398.4872961118047,-0.2809,0.1594,20.1734,58.0,-1305.3580886161,36.86315918978974,67.69080481001077,-6045.2823565832,0.2763143592992492
INDO_red_309_cutoff_7.5.inp.out,398.27662708908736,-0.2805,0.1646,27.0481,56.0,-1305.7454495694,49.41268294039518,33.215250096798165,-5894.6929998584,0.2765634729003068
INDO_red_30_cutoff_7.5.inp.out,396.9445833816732,-0.2969,0.1459,35.8565,51.0,-1307.471757757,-54.65366421381658,-53.517087123070475,-5518.8215693671,0.2904113308995875
INDO_red_310_cutoff_7.5.inp.out,393.9949990253132,-0.2662,0.1652,16.0929,52.0,-1307.1356920298,98.7821841422247,-25.09390612994496,-5593.9223247933,0.2636925180995604
INDO_red_311_cutoff_7.5.inp.out,397.42654829302165,-0.2924,0.1515,18.1206,54.0,-1306.4557274606,73.49611451743684,-77.13938682522328,-5744.2801759344,0.2863918072998785
INDO_red_312_cutoff_7.5.inp.out,399.23762190823663,-0.3049,0.1358,18.5322,55.0,-1306.2231689784,5.544609903731421,-19.941857875610744,-5819.6035913435,0.2934296082003129
INDO_red_313_cutoff_7.5.inp.out,394.8083338220589,-0.3246,0.1079,11.2547,55.0,-1306.0033473364,-52.381503799342255,-6.382578538331864,-5819.4333288216,0.3176637184997162
INDO_red_314_cutoff_7.5.inp.out,393.7014548862013,-0.2711,0.1484,18.987,56.0,-1305.7565977862,17.359677433365746,16.900457813866897,-5894.6758209853,0.2664741547005178
INDO_red_315_cutoff_7.5.inp.out,398.0833270757053,-0.2918,0.1523,22.5659,55.0,-1305.9631929104,26.768269179840452,46.19643935975401,-5819.3410335074,0.2822942892998981
INDO_red_316_cutoff_7.5.inp.out,398.8777301578413,-0.2908,0.1667,21.8716,56.0,-1305.4037651086,-27.50549952053666,-48.08109933705784,-5894.3265082499,0.2818804566004473
INDO_red_317_cutoff_7.5.inp.out,394.9704696762195,-0.2909,0.1439,34.8992,56.0,-1305.4992046161,24.17043529664704,36.2361150882161,-5894.4420252097,0.2835723198995765
INDO_red_318_cutoff_7.5.inp.out,393.2094925841262,-0.2936,0.1367,29.2664,53.0,-1306.1566601064,19.10038079927903,77.19945075944779,-5668.5183444573,0.2884984014008296
INDO_red_319_cutoff_7.5.inp.out,398.6013297489675,-0.3053,0.13,21.0279,53.0,-1306.6566573509,-36.13247741238788,20.986465129052934,-5668.9568446714,0.2987977010998293
INDO_red_31_cutoff_7.5.inp.out,397.14482620323776,-0.2878,0.1488,43.5735,51.0,-1307.5882881122,-21.136274888758223,-38.797761693631514,-5518.9267576303,0.284388471100101
INDO_red_320_cutoff_7.5.inp.out,398.5890952338047,-0.2892,0.1415,20.9019,52.0,-1306.7042956611,-68.54883673735347,-35.52351024781835,-5593.5335891984,0.2859839391003334
INDO_red_321_cutoff_7.5.inp.out,391.25353259476,-0.291,0.1516,18.8029,54.0,-1305.7699439688,-6.446241103897005,-18.63585507217267,-5743.6422785281,0.2922244887004126
INDO_red_322_cutoff_7.5.inp.out,395.1969712221534,-0.2959,0.1429,25.4317,55.0,-1305.9420249866,40.78427282929026,48.72789430202778,-5819.3405414326,0.2890498696997383
INDO_red_323_cutoff_7.5.inp.out,398.4013604044438,-0.2901,0.1427,20.3056,54.0,-1306.3948632129,-65.12262380395632,-27.831637451737837,-5744.2332122972,0.2896558926995567
INDO_red_324_cutoff_7.5.inp.out,395.29212840267985,-0.2849,0.1491,20.5761,54.0,-1306.303974015,3.8183464280819863,11.27076638187026,-5744.1243742223,0.2800901168002383
INDO_red_325_cutoff_7.5.inp.out,394.93163511146753,-0.2883,0.1505,22.3994,53.0,-1306.7507080241,88.59159497132163,12.15901070345583,-5669.1056846368,0.2835475266001594
INDO_red_326_cutoff_7.5.inp.out,393.4759849704515,-0.2936,0.1317,35.3589,55.0,-1305.9240252539,143.6380092638948,40.35384950652637,-5819.3056517248,0.2951833298993733
INDO_red_327_cutoff_7.5.inp.out,398.1991429823997,-0.306,0.1483,26.7322,52.0,-1307.4175749242,181.36731012057356,68.58843124868298,-5594.1928698618,0.3007442946000083
INDO_red_328_cutoff_7.5.inp.out,395.81217978110226,-0.3172,0.1238,20.8125,50.0,-1308.2079378583,-6.498036807158866,-2.533471383007657,-5443.9240891869,0.3107283863000702
INDO_red_329_cutoff_7.5.inp.out,396.1230955014256,-0.3093,0.1231,20.9497,50.0,-1307.7206825492,41.49291157301414,45.472531794693275,-5443.4887115887,0.303125252299651
INDO_red_32_cutoff_7.5.inp.out,394.4425360424001,-0.281,0.1596,42.6482,54.0,-1306.4961932647,21.68483933655899,-23.58707465249573,-5744.3942798132,0.2758897593994334
INDO_red_330_cutoff_7.5.inp.out,395.82941456498855,-0.275,0.1526,22.6228,56.0,-1306.0284103956,41.798895159512064,4.7452174209977045,-5895.0805718465,0.2725979859997096
INDO_red_331_cutoff_7.5.inp.out,396.274758858341,-0.3083,0.1367,26.4104,52.0,-1306.7355206772,-37.570035158065544,-39.46449365688208,-5593.6359030698,0.3001545022998471
INDO_red_332_cutoff_7.5.inp.out,397.63026230260454,-0.275,0.1559,16.7734,50.0,-1307.4844962341,68.61519795555952,36.06844503320264,-5443.293047746,0.2730841764996512
INDO_red_333_cutoff_7.5.inp.out,394.92479363906864,-0.27,0.1636,23.4496,50.0,-1308.2235281127,-29.062805084858756,19.173219527496755,-5443.996528383,0.2712150505003592
INDO_red_334_cutoff_7.5.inp.out,397.25217522696875,-0.2833,0.1609,28.8957,52.0,-1307.1821403495,14.66185144961117,-4.265948746224668,-5594.0339093643,0.2738940530998661
INDO_red_335_cutoff_7.5.inp.out,394.2580192375686,-0.2708,0.1598,34.98,51.0,-1307.8199657676,16.27601003196708,16.04739171299794,-5519.1429275671,0.2715223780005544
INDO_red_336_cutoff_7.5.inp.out,396.1797023192297,-0.2897,0.1379,31.0785,56.0,-1306.0431779244,-119.03652970493708,-97.4945314910998,-5894.9801794992,0.2866738776001512
INDO_red_337_cutoff_7.5.inp.out,398.1464076820424,-0.2985,0.1573,22.6731,54.0,-1306.6784658538,-37.63816041714647,0.0513252015340946,-5744.5274977133,0.290511065300052
INDO_red_338_cutoff_7.5.inp.out,392.8993438671219,-0.2938,0.1383,25.9311,55.0,-1306.5625934309,32.593674873410386,-8.585304839034347,-5819.9481539888,0.2898511715002314
INDO_red_339_cutoff_7.5.inp.out,396.04559463952467,-0.2994,0.1391,21.0427,55.0,-1306.1401546857,22.834728923017916,-2.8757815091816945,-5819.5036061117,0.2927306788997157
INDO_red_33_cutoff_7.5.inp.out,396.8020907735489,-0.2844,0.1672,44.9458,55.0,-1306.6041501332,45.16703572039786,6.68983799523566,-5820.0124516774,0.2803339055999458
INDO_red_340_cutoff_7.5.inp.out,398.45511584869695,-0.2779,0.1593,21.6074,53.0,-1306.4615130047,63.09473274287878,95.88325128922676,-5668.7806381115,0.2753357602996402
INDO_red_341_cutoff_7.5.inp.out,397.2728109136455,-0.2947,0.1447,23.9886,54.0,-1306.4961928817,31.91572924937339,143.09739412397548,-5744.3134813561,0.2873123847002716
INDO_red_342_cutoff_7.5.inp.out,395.4162797580949,-0.3141,0.1207,16.697,56.0,-1305.7382733626,-42.13966286923681,68.00383066159733,-5894.6926362467,0.3019040444005441
INDO_red_343_cutoff_7.5.inp.out,395.2239091497284,-0.3037,0.1319,18.1458,57.0,-1305.9043938297,-15.32375793819508,68.82300582879517,-5970.3773125721,0.2971520433002297
INDO_red_344_cutoff_7.5.inp.out,399.8819597469808,-0.3017,0.123,14.5949,54.0,-1306.4604037481,-9.685137843153928,1.172634934974402,-5744.3546613229,0.2982004866998977
INDO_red_345_cutoff_7.5.inp.out,394.4155089254537,-0.3155,0.1321,16.7755,52.0,-1307.1335895355,8.057218603034826,23.97303845166837,-5593.9325805396,0.3052038469004401
INDO_red_346_cutoff_7.5.inp.out,396.811981096507,-0.3057,0.1445,13.1523,51.0,-1307.5263177555,47.12901007968006,33.02077493283586,-5518.7755756351,0.2951121119003801
INDO_red_347_cutoff_7.5.inp.out,398.2098473519865,-0.2863,0.1351,19.5264,55.0,-1306.5536526896,-40.69688407235318,78.10514487965851,-5819.9042967101,0.2847041226996225
INDO_red_348_cutoff_7.5.inp.out,397.4464526241896,-0.2926,0.1402,16.2537,53.0,-1307.3567668163,62.34574557615782,29.22029243459767,-5669.7012788955,0.2841534289000265
INDO_red_349_cutoff_7.5.inp.out,395.97287112552465,-0.304,0.1526,6.7792,51.0,-1307.9437190738,20.56723414726427,-6.187531428613651,-5519.2393969443,0.2922171155005344
INDO_red_34_cutoff_7.5.inp.out,398.5271460260475,-0.2924,0.1545,48.0915,55.0,-1306.543738522,-2.01432823421687,-20.75654854140623,-5820.0335928474,0.2833154362997447
INDO_red_350_cutoff_7.5.inp.out,395.88776127396704,-0.3266,0.1146,16.7089,51.0,-1307.4828814817,-43.73811786984825,15.339675702250306,-5518.7675548734,0.3168997496995871
INDO_red_351_cutoff_7.5.inp.out,395.46488130458806,-0.2837,0.1468,19.2774,53.0,-1306.8496700991,36.77471503322421,24.090883856394232,-5669.1958260669,0.2762309452000409
INDO_red_352_cutoff_7.5.inp.out,395.7724882451214,-0.3057,0.1386,21.7253,48.0,-1308.5365041339,17.418220539324828,18.769575629892685,-5293.1958915494,0.298652989200491
INDO_red_353_cutoff_7.5.inp.out,397.67129055568097,-0.2917,0.1432,17.1591,50.0,-1307.5402060177,-48.84252504009578,-10.2474823433028,-5443.2769752873,0.2838553932006107
INDO_red_354_cutoff_7.5.inp.out,395.7914779573819,-0.3028,0.1465,24.0234,51.0,-1307.5286647492,61.01051077853867,39.94733325587532,-5518.7120091351,0.2942195221003203
INDO_red_355_cutoff_7.5.inp.out,395.6371218359748,-0.3052,0.1191,5.5423,50.0,-1307.7480486548,0.7709193789036406,0.8201122727828984,-5443.4076520097,0.3024628495004435
INDO_red_356_cutoff_7.5.inp.out,397.7147833099552,-0.298,0.1423,9.9897,51.0,-1307.5623265254,-2.68242063657068,-1.726463645555086,-5518.8249128557,0.2919460205002906
INDO_red_357_cutoff_7.5.inp.out,394.6875351162912,-0.3047,0.1467,12.2542,47.0,-1309.2916138079,-19.5059619184501,-1.4084080954165226,-5218.3421679907,0.2977742383000077
INDO_red_358_cutoff_7.5.inp.out,395.88084526002046,-0.2898,0.1359,9.4798,50.0,-1307.6949260749,76.41313849225959,-18.439485361436027,-5443.3853303311,0.2879040463003548
INDO_red_359_cutoff_7.5.inp.out,397.0111258322424,-0.3057,0.138,9.286,49.0,-1308.3542283363,40.69280734898396,-9.454895232863072,-5368.5151686352,0.295195692499874
INDO_red_35_cutoff_7.5.inp.out,395.3821193024617,-0.2894,0.1299,52.2072,58.0,-1305.3265601733,18.375171601728933,-16.200546679830968,-6045.3145565475,0.2813794035000683
INDO_red_360_cutoff_7.5.inp.out,397.41146042074627,-0.2869,0.1497,7.3334,51.0,-1307.6080830805,11.218306953115514,-33.83548730538396,-5518.8409707186,0.2891056695998486
INDO_red_361_cutoff_7.5.inp.out,396.5416219375032,-0.2962,0.1213,18.7894,50.0,-1307.8358927125,22.496997571638826,17.928611852572846,-5443.5227094017,0.2912041880999823
INDO_red_362_cutoff_7.5.inp.out,394.9993493588208,-0.3006,0.1353,23.2747,47.0,-1309.0000823465,14.964917293345092,-7.25383225074953,-5218.101648475,0.2954506871001285
INDO_red_363_cutoff_7.5.inp.out,399.08088185845526,-0.3099,0.137,10.2005,50.0,-1308.3269374244,-2.117096812756192,21.14365043703241,-5444.0210016922,0.303448806200322
INDO_red_364_cutoff_7.5.inp.out,400.681999774116,-0.3036,0.1415,7.9561,47.0,-1308.975638151,59.56345504453432,18.138125615927898,-5218.0593337164,0.2952557569005876
INDO_red_365_cutoff_7.5.inp.out,394.73159368622066,-0.2785,0.1478,6.2847,48.0,-1308.7856447267,69.3889156878555,-5.710832602380409,-5293.4043239994,0.2801877711999623
INDO_red_366_cutoff_7.5.inp.out,400.12113818441,-0.3124,0.132,11.2789,49.0,-1308.6065483932,56.854861102454,17.830734456567814,-5368.8239712316,0.3029587016999358
INDO_red_367_cutoff_7.5.inp.out,400.2432452309384,-0.2879,0.1508,12.657,53.0,-1307.091429846,80.03888444408784,3.0588802826241586,-5669.3741998093,0.2829433896995397
INDO_red_368_cutoff_7.5.inp.out,396.706062512885,-0.3154,0.1197,4.9068,49.0,-1308.4811051757,-25.066720814620435,-12.488985728323474,-5368.7288767926,0.3122739360005653
INDO_red_369_cutoff_7.5.inp.out,397.8590096156667,-0.3129,0.1343,8.2379,51.0,-1307.8667351436,-15.524424324475897,2.2690224858668424,-5519.2197403892,0.3088001762998829
INDO_red_36_cutoff_7.5.inp.out,393.6080270432465,-0.3055,0.1392,50.7341,54.0,-1306.4539270814,-5.792810225156695,-32.488861692494105,-5744.403686081,0.2991590228002678
INDO_red_370_cutoff_7.5.inp.out,399.3728090156384,-0.2911,0.1356,11.2509,54.0,-1306.9931644636,30.72587295531727,14.969066765058235,-5744.8300283439,0.2931477763995644
INDO_red_371_cutoff_7.5.inp.out,396.1326061625016,-0.3169,0.1299,10.5018,54.0,-1307.0152273317,44.88009288211722,-1.359333120581814,-5744.9138712737,0.3103459344001749
INDO_red_372_cutoff_7.5.inp.out,396.27834292208905,-0.3038,0.1183,5.8124,55.0,-1306.6161369804,33.041847588507004,-1.0705345508229258,-5820.0244685865,0.3026840206002816
INDO_red_373_cutoff_7.5.inp.out,397.7238786701373,-0.327,0.1229,5.9005,56.0,-1305.8110104058,-6.4435132156804125,-1.8639444414875843,-5894.7894096543,0.314230494000185
INDO_red_374_cutoff_7.5.inp.out,397.345983570668,-0.27,0.1599,16.3388,55.0,-1306.1214932516,62.02115100171435,19.4713305540455,-5819.5114636045,0.268312701299692
INDO_red_375_cutoff_7.5.inp.out,397.6039619563189,-0.2872,0.155,12.4101,56.0,-1305.4868383946,5.306672108211978,0.7740256593968011,-5894.3886845119,0.2772551907000888
INDO_red_376_cutoff_7.5.inp.out,395.93846676519365,-0.2869,0.1608,14.2484,52.0,-1307.6107107967,-16.13844992147889,-20.963233607990297,-5594.3999745691,0.283773932400436
INDO_red_377_cutoff_7.5.inp.out,396.9294355380232,-0.297,0.1399,11.0529,52.0,-1307.3924903572,-22.722039751101565,-20.38552602486564,-5594.1658101118,0.292003717400803
INDO_red_378_cutoff_7.5.inp.out,397.80041286810257,-0.2963,0.1377,10.3383,54.0,-1306.6793824221,-10.702541736539478,-18.322506692328034,-5744.5455356254,0.2944520274004389
INDO_red_379_cutoff_7.5.inp.out,396.8954698469245,-0.3008,0.1591,13.6434,55.0,-1305.8574493618,-13.029310739221748,-32.517375369711345,-5819.2225218533,0.2913150591002704
INDO_red_37_cutoff_7.5.inp.out,396.84618773036726,-0.273,0.1625,43.3091,53.0,-1306.9895268016,-26.61139331058278,-51.79129918308889,-5669.4405113776,0.2631374236998454
INDO_red_380_cutoff_7.5.inp.out,396.7798447375796,-0.291,0.1361,17.6235,56.0,-1305.6342413217,-88.51673127430415,-33.828748624784026,-5894.5622046379,0.283659029500086
INDO_red_381_cutoff_7.5.inp.out,393.3045337133339,-0.277,0.1436,13.354,53.0,-1306.7470474163,8.17163020342132,-22.40309461954963,-5669.1211327152,0.2773953607002113
INDO_red_382_cutoff_7.5.inp.out,399.6399831179431,-0.2983,0.1565,19.8086,55.0,-1306.0040737599,-34.141115141534975,-63.118060118989064,-5819.4092265373,0.2865715740008454
INDO_red_383_cutoff_7.5.inp.out,401.44661224566505,-0.281,0.1666,30.6061,54.0,-1306.5526960289,-2.9171871505844105,-95.4394208445148,-5744.4097510425,0.2743205869001031
INDO_red_384_cutoff_7.5.inp.out,392.3570503400379,-0.3003,0.1243,25.9622,59.0,-1304.6975215742,-34.74480129022764,-53.777412570051794,-6120.1833864132,0.2921447870994598
INDO_red_385_cutoff_7.5.inp.out,396.81269865444494,-0.2966,0.1287,33.7869,54.0,-1306.3767508223,-82.92318010740837,-134.36483026943165,-5744.2255065153,0.2939109763001397
INDO_red_386_cutoff_7.5.inp.out,398.644492362974,-0.2887,0.1457,33.0878,54.0,-1306.4870243887,0.1878412669910703,-31.933227156060223,-5744.4618578101,0.2808689158000561
INDO_red_387_cutoff_7.5.inp.out,400.5336851301954,-0.2908,0.1457,26.8562,55.0,-1306.3519595408,40.78225556013149,21.62389975717156,-5819.8154748236,0.2823979260001579
INDO_red_388_cutoff_7.5.inp.out,391.10932236009415,-0.2717,0.1661,28.7185,53.0,-1306.8376058592,37.396634964012115,-16.378626306203245,-5669.1610468246,0.2738582088995827
INDO_red_389_cutoff_7.5.inp.out,395.44164514523806,-0.3355,0.1103,33.1321,48.0,-1308.7306187269,-64.73084450034848,-36.570460759102126,-5293.4758809289,0.3252657388002262
INDO_red_38_cutoff_7.5.inp.out,399.6755486741715,-0.2989,0.1446,42.7728,58.0,-1305.1512930123,-81.03358027423525,-59.02364226982726,-6045.1801835414,0.2932126708992655
INDO_red_390_cutoff_7.5.inp.out,399.58482196181495,-0.2964,0.1424,29.6279,51.0,-1307.5296244264,-28.194009492964,-36.91325454631994,-5518.8204435488,0.2944386703002237
INDO_red_391_cutoff_7.5.inp.out,396.075700285134,-0.285,0.1515,15.0199,52.0,-1307.4202922529,-35.226090699199844,30.939002312347768,-5594.2325996682,0.2840949571000237
INDO_red_392_cutoff_7.5.inp.out,394.9806582677085,-0.2947,0.1405,14.6488,53.0,-1307.2749405901,3.248348438067463,4.626020507740195,-5669.5608244432,0.2886570846003451
INDO_red_393_cutoff_7.5.inp.out,394.7025008017968,-0.2883,0.1404,18.8531,54.0,-1307.1051061665,15.900831916074171,7.735747452596303,-5744.9169107032,0.2851767550992008
INDO_red_394_cutoff_7.5.inp.out,397.1441430394654,-0.3078,0.1349,16.1868,55.0,-1306.2950222323,-35.57911683143639,4.830089379790208,-5819.646946802,0.3053197528997771
INDO_red_395_cutoff_7.5.inp.out,397.7497577649432,-0.2805,0.1599,17.7383,54.0,-1306.6906831608,50.56104607791223,26.60357519070528,-5744.4945155168,0.2748988237008234
INDO_red_396_cutoff_7.5.inp.out,394.78963653502416,-0.285,0.1439,23.6964,53.0,-1306.9913847244,43.440362620459375,-25.794097133411476,-5669.2548779419,0.2827851068004747
INDO_red_397_cutoff_7.5.inp.out,395.0068042424375,-0.273,0.1563,21.743,52.0,-1307.3654391831,154.93908820513275,19.291272284800822,-5594.1275993975,0.2733113194999532
INDO_red_398_cutoff_7.5.inp.out,397.3590922082462,-0.3097,0.1337,39.1037,53.0,-1306.9728348958,-36.781373543835535,-65.48573949518067,-5669.2592625798,0.3036782711997148
INDO_red_399_cutoff_7.5.inp.out,395.0199208547104,-0.2882,0.1327,38.5942,52.0,-1307.4114128929,33.55531746410521,52.698570421422346,-5594.2374592819,0.2898955826995006
INDO_red_39_cutoff_7.5.inp.out,395.0593307641758,-0.3154,0.1231,42.5229,57.0,-1305.5204652829,-54.82669235751014,-59.865091122142175,-5970.0242110014,0.3107140072006586
INDO_red_3_cutoff_7.5.inp.out,399.91229013072245,-0.2864,0.1525,38.6641,50.0,-1307.6430067398,14.068192920081636,28.874786151438524,-5443.3603106025,0.2800457040002584
INDO_red_400_cutoff_7.5.inp.out,395.7997015259916,-0.326,0.115,16.6035,51.0,-1307.4759664394,-39.81240975599099,15.94562599097018,-5518.7605118612,0.3163469421997433
INDO_red_401_cutoff_7.5.inp.out,396.20893495661943,-0.2853,0.1536,20.2788,51.0,-1307.652823162,30.941057686715713,27.654460067174348,-5518.9386234609,0.2758606024999608
INDO_red_402_cutoff_7.5.inp.out,395.5794398233894,-0.2792,0.1482,26.0054,49.0,-1307.8288961717,11.533989230805032,18.734243403373455,-5368.0202577623,0.2775571180000042
INDO_red_403_cutoff_7.5.inp.out,397.1011902415099,-0.2879,0.1533,17.3737,50.0,-1308.0390115603,-11.783950068576944,-19.062781677226145,-5443.7184196434,0.2852700147004725
INDO_red_404_cutoff_7.5.inp.out,398.3089325862164,-0.3026,0.1532,20.5065,49.0,-1307.9957388636,-26.850254592283058,-16.67546053003875,-5368.1685867643,0.2977091826005562
INDO_red_405_cutoff_7.5.inp.out,395.2931443513857,-0.2836,0.1458,18.297,50.0,-1307.6413519193,2.4896707506696716,3.360111215259702,-5443.3847697982,0.2779415297000014
INDO_red_406_cutoff_7.5.inp.out,393.8345234180487,-0.3085,0.1218,19.7622,49.0,-1308.3316652295,32.38292801919178,18.77141627498407,-5368.4666890789,0.3034090332002961
INDO_red_407_cutoff_7.5.inp.out,395.5819118591732,-0.2998,0.1533,15.5161,50.0,-1306.9995112569,-19.495573102157906,-8.175377038698992,-5442.7235977256,0.2943401455995627
INDO_red_408_cutoff_7.5.inp.out,398.0877840926075,-0.2739,0.155,21.4411,49.0,-1308.1343563358,42.02987050975365,0.7480356335079315,-5368.3155696507,0.2743420867000168
INDO_red_409_cutoff_7.5.inp.out,395.99281751946376,-0.2693,0.1658,16.9697,53.0,-1306.6083771281,20.300680878004897,16.76933516353114,-5668.9641714312,0.2696245748002184
INDO_red_40_cutoff_7.5.inp.out,392.34977857600114,-0.3048,0.1436,40.3559,56.0,-1305.9783452336,22.233414901527674,-19.30942390358141,-5894.9501544784,0.2953980638003486
INDO_red_410_cutoff_7.5.inp.out,393.9258369881489,-0.2794,0.1531,8.7165,56.0,-1305.7045061236,35.42260298634699,4.7009268403498,-5894.6908989096,0.2815954141005932
INDO_red_411_cutoff_7.5.inp.out,396.99106396731474,-0.2532,0.1746,19.5948,54.0,-1306.6482114938,-27.404743987311107,10.399979532814797,-5744.5589075618,0.2507152233001761
INDO_red_412_cutoff_7.5.inp.out,398.8816710948247,-0.2968,0.1491,22.7057,52.0,-1306.9700434788,3.342315278414789,-16.587875881486333,-5593.7788580106,0.2929799231997094
INDO_red_413_cutoff_7.5.inp.out,394.149746853991,-0.2737,0.1573,15.0736,54.0,-1306.3408897043,53.0608973204005,4.476705221908965,-5744.1904264047,0.2730478009998478
INDO_red_414_cutoff_7.5.inp.out,396.21537919332366,-0.2923,0.139,22.2632,57.0,-1305.1042707128,23.296926457532884,-12.037107869026356,-5969.5368262108,0.2895620756999051
INDO_red_415_cutoff_7.5.inp.out,399.453466754472,-0.294,0.1468,12.7739,51.0,-1307.473732154,-7.490209896225397,-6.577724635651991,-5518.6637195291,0.289285060099246
INDO_red_416_cutoff_7.5.inp.out,395.277252906665,-0.2828,0.1517,15.1384,50.0,-1307.6749152908,72.99951279969143,14.473712206225656,-5443.3321962691,0.2796942436007157
INDO_red_417_cutoff_7.5.inp.out,394.8041549426879,-0.3095,0.127,18.735,56.0,-1305.8882570901,-23.655982536989537,-15.111306211256997,-5894.8365895374,0.3031522460996712
INDO_red_418_cutoff_7.5.inp.out,397.92390058405226,-0.3005,0.1415,18.0524,52.0,-1306.9354024868,35.269146198186085,11.89051151391053,-5593.7825150227,0.2920401625997328
INDO_red_419_cutoff_7.5.inp.out,396.65242215614455,-0.2832,0.1385,15.0506,54.0,-1306.8726131578,-47.62222571469347,19.927359659266163,-5744.7097250076,0.2838981979994059
INDO_red_41_cutoff_7.5.inp.out,397.916348296558,-0.3014,0.1266,36.7121,55.0,-1306.1534452849,-2.4320768511603217,-1.3883710941798046,-5819.5647818452,0.2970005603001482
INDO_red_420_cutoff_7.5.inp.out,394.3425046355557,-0.301,0.1374,19.0109,50.0,-1307.4740273997,60.70420988905752,0.5194225202372416,-5443.2046026676,0.2943219537000914
INDO_red_421_cutoff_7.5.inp.out,396.0928347797894,-0.2904,0.1353,20.3817,48.0,-1308.2974447279,-9.54495939947889,-0.3675357003930615,-5292.9552173424,0.2874113893003596
INDO_red_422_cutoff_7.5.inp.out,397.8322456797365,-0.2789,0.1554,26.0734,50.0,-1307.941652934,135.42554852489386,52.645529680325225,-5443.6603678362,0.270013138199829
INDO_red_423_cutoff_7.5.inp.out,396.618609980556,-0.2841,0.1563,25.6515,50.0,-1307.508616544,42.63772306383855,23.23592810213475,-5443.2500249199,0.2802902900002664
INDO_red_424_cutoff_7.5.inp.out,399.2078187860668,-0.2965,0.1458,23.4095,50.0,-1308.014077351,36.43909546023956,12.72649087894183,-5443.7601556275,0.2901762768997287
INDO_red_425_cutoff_7.5.inp.out,392.0329573621038,-0.3014,0.1177,23.4066,50.0,-1307.4862787333,42.00961608591635,30.224523781324887,-5443.2532594287,0.3013994973998706
INDO_red_426_cutoff_7.5.inp.out,399.0621419706108,-0.3045,0.1414,24.7955,53.0,-1306.7743302498,111.2641267574692,44.975838583919725,-5669.1015824173,0.2974098006998247
INDO_red_427_cutoff_7.5.inp.out,398.383763069722,-0.2899,0.1612,19.4491,54.0,-1306.3804100331,55.68199592091617,9.02948694938385,-5744.2474868832,0.2835560966004777
INDO_red_428_cutoff_7.5.inp.out,394.64500417704454,-0.3103,0.1179,16.3115,50.0,-1307.4703971523,-4.428532024575836,0.2044465228940605,-5443.2155125425,0.3005655408996972
INDO_red_429_cutoff_7.5.inp.out,398.0180629884391,-0.2946,0.1295,15.6581,48.0,-1308.2708363688,22.96219573986892,37.265377545378655,-5292.9969686198,0.289910951800266
INDO_red_42_cutoff_7.5.inp.out,400.1992257115727,-0.3063,0.1371,33.8144,55.0,-1306.4167952891,19.917771701828727,31.83018962031079,-5819.8443470742,0.2940456598998935
INDO_red_430_cutoff_7.5.inp.out,397.98101624780713,-0.2951,0.155,9.5961,50.0,-1307.9254361752,-15.098436077155425,2.4706171307210596,-5443.7016651455,0.2833463738998034
INDO_red_431_cutoff_7.5.inp.out,397.5778746863721,-0.2904,0.1293,15.7955,51.0,-1308.0909095938,-18.04481808417275,27.487462872988036,-5519.3173525691,0.2865680018003331
INDO_red_432_cutoff_7.5.inp.out,396.38199871593025,-0.28,0.1525,8.3839,51.0,-1307.2871333226,10.927198093896754,13.541396711291842,-5518.5907768779,0.2736471332000292
INDO_red_433_cutoff_7.5.inp.out,394.0232173058584,-0.2614,0.1751,6.5597,52.0,-1307.0438878232,32.60065747184875,28.728818872725608,-5593.8469571524,0.2593837991998953
INDO_red_434_cutoff_7.5.inp.out,396.6784340964368,-0.2827,0.1557,6.6285,54.0,-1306.3921323414,-10.553878564796772,-2.447638437830217,-5744.2414798388,0.2785609932998341
INDO_red_435_cutoff_7.5.inp.out,397.58402837823945,-0.2897,0.1463,10.0066,55.0,-1306.3240998488,3.5531151065295763,0.8020040671257906,-5819.7222086965,0.2829531296001732
INDO_red_436_cutoff_7.5.inp.out,396.064444005894,-0.2529,0.1863,9.3398,52.0,-1307.1154529598,95.94859403798708,-17.035234303395725,-5594.012559927,0.2495268385000599
INDO_red_437_cutoff_7.5.inp.out,393.45382868303784,-0.294,0.1393,9.3496,48.0,-1309.0756377588,21.435344963987635,-9.03519079216703,-5293.7970042139,0.2920906150002338
INDO_red_438_cutoff_7.5.inp.out,400.122677743292,-0.2973,0.1271,17.5883,50.0,-1308.2741636789,15.925485300005858,-4.162548099174364,-5443.9953350838,0.2871554139001091
INDO_red_439_cutoff_7.5.inp.out,397.01520090105794,-0.2916,0.1482,1.3085,49.0,-1308.620312077,2.753060044514886,-19.482216377026628,-5368.8213611049,0.2872063878003246
INDO_red_43_cutoff_7.5.inp.out,395.81593338894095,-0.3162,0.1214,38.0044,56.0,-1306.2187034944,-19.496109477790835,-41.2621665029564,-5895.2038600789,0.3051482621995092
INDO_red_440_cutoff_7.5.inp.out,395.2743232812352,-0.2852,0.1524,14.3427,56.0,-1306.4014769637,7.676022683568006,1.3687118100968338,-5895.3075037979,0.2850404139999227
INDO_red_441_cutoff_7.5.inp.out,395.306614311643,-0.299,0.1296,17.5866,52.0,-1307.1066861513,15.494564125109822,0.3624050817215964,-5593.9238049858,0.2948064076999799
INDO_red_442_cutoff_7.5.inp.out,398.18999079445695,-0.2811,0.158,13.9954,54.0,-1306.4121900887,-10.918897822599236,-7.262724337337749,-5744.2878241891,0.2778001150991258
INDO_red_443_cutoff_7.5.inp.out,396.5739257082129,-0.2854,0.1497,5.0404,49.0,-1308.2056491439,11.436902798695192,6.820261203733033,-5368.390031259,0.2836135420993741
INDO_red_444_cutoff_7.5.inp.out,395.2449882584307,-0.2695,0.161,4.9639,47.0,-1308.6820130074,20.14469753330722,3.8077594535472303,-5217.8296825312,0.2710184765001031
INDO_red_445_cutoff_7.5.inp.out,396.3988591264054,-0.2923,0.1437,4.76,50.0,-1307.9148812562,62.349882371627544,13.436123105042318,-5443.6327210678,0.2896233913998003
INDO_red_446_cutoff_7.5.inp.out,399.42964048271887,-0.3089,0.1281,7.0431,54.0,-1306.3114077658,7.740344710748537,27.62301108401602,-5744.2122365339,0.3012665891992583
INDO_red_447_cutoff_7.5.inp.out,393.5903137051867,-0.2943,0.1247,11.904,55.0,-1305.9510905257,28.64305006880995,67.88950951636947,-5819.335132096,0.292481700400458
INDO_red_448_cutoff_7.5.inp.out,395.6298711504728,-0.3146,0.1214,6.2125,53.0,-1306.828349614,10.887219982848752,13.432906296389286,-5669.1062338242,0.3014493226000923
INDO_red_449_cutoff_7.5.inp.out,398.3802114915552,-0.2811,0.16,5.6699,53.0,-1306.4885478814,-16.296956150286658,11.358623142640363,-5668.7650368868,0.276758005400552
INDO_red_44_cutoff_7.5.inp.out,395.31578534588976,-0.2946,0.1315,39.2538,54.0,-1306.4790577119,12.673209448397062,-6.35260213037207,-5744.3545103364,0.2865527836002002
INDO_red_450_cutoff_7.5.inp.out,395.7714841669079,-0.3269,0.115,16.6495,51.0,-1307.4858351193,-41.53254311016455,16.62361014779073,-5518.7709901442,0.3169517428004837
INDO_red_451_cutoff_7.5.inp.out,397.2862057413955,-0.2932,0.1444,20.0119,53.0,-1306.9585021942,24.877238335969217,18.948997930873464,-5669.2883720038,0.284030618300676
INDO_red_452_cutoff_7.5.inp.out,395.00494884610674,-0.2944,0.1479,25.5744,51.0,-1307.6835339992,-8.330089629012045,6.903876075441046,-5518.9837344901,0.2890555703006612
INDO_red_453_cutoff_7.5.inp.out,398.5391794301145,-0.3034,0.15,24.0973,49.0,-1308.1793703076,-4.893121434949866,-3.4566891094042447,-5368.42254988,0.2933630222996726
INDO_red_454_cutoff_7.5.inp.out,398.85713758900533,-0.2924,0.1495,18.5529,49.0,-1308.3017092301,17.203705197638932,0.9530761712560034,-5368.4998862314,0.2845855681007379
INDO_red_455_cutoff_7.5.inp.out,394.34600474994903,-0.2886,0.1483,19.696,51.0,-1307.8293824806,40.66867721841044,37.24611342100069,-5519.1007322316,0.2869059019994893
INDO_red_456_cutoff_7.5.inp.out,395.3808562897271,-0.2969,0.1351,16.3516,50.0,-1308.5535740462,32.60858780131547,26.03222083074108,-5444.3245235511,0.2930740085002981
INDO_red_457_cutoff_7.5.inp.out,397.5122925581674,-0.3067,0.1551,23.7851,51.0,-1307.9066562795,-3.16019651604211,14.622844705336906,-5519.23668839,0.2963937383001394
INDO_red_458_cutoff_7.5.inp.out,397.73427367850127,-0.3235,0.1165,19.2937,54.0,-1306.5085284861,-90.432620116232,-22.12538070870417,-5744.4139217824,0.3125449637000201
INDO_red_459_cutoff_7.5.inp.out,397.1188908195108,-0.2993,0.1475,19.3116,47.0,-1309.563240999,-1.1934545176712652,-15.60461758840124,-5218.7263244623,0.2926652492997164
INDO_red_45_cutoff_7.5.inp.out,393.6463467331196,-0.2854,0.149,34.4575,54.0,-1306.8367672648,46.36488266011053,-18.573992090965383,-5744.8075428329,0.2825030608992165
INDO_red_460_cutoff_7.5.inp.out,395.2695505679682,-0.3053,0.1257,12.256,51.0,-1307.8210863183,11.316844993161505,-12.163990765920571,-5519.1557189207,0.3012864487000115
INDO_red_461_cutoff_7.5.inp.out,400.74490906170746,-0.2821,0.1714,6.1061,49.0,-1308.42094126,4.744793813128889,-8.108120768823401,-5368.7143265289,0.2792139838002185
INDO_red_462_cutoff_7.5.inp.out,395.6573957885413,-0.2818,0.1557,8.3259,50.0,-1308.0219973684,9.34760374156466,18.56218907721409,-5443.8060893126,0.2798501875995498
INDO_red_463_cutoff_7.5.inp.out,395.5187203961526,-0.2833,0.1672,12.5594,54.0,-1306.6530286164,-60.18199289069523,-7.200752924943037,-5744.5827645124,0.2788835740002469
INDO_red_464_cutoff_7.5.inp.out,399.044692373,-0.2923,0.15,15.9172,55.0,-1306.0585222197,-25.539762748412947,25.117247042013755,-5819.4880726796,0.2840133907002382
INDO_red_465_cutoff_7.5.inp.out,399.0584170337791,-0.2976,0.1396,24.2749,53.0,-1306.9967352881,-2.918250311224748,-19.921389908594392,-5669.3894918541,0.2882679317999645
INDO_red_466_cutoff_7.5.inp.out,396.4610102864531,-0.2902,0.1481,22.5664,52.0,-1306.9503427521,-0.5158049869127814,-22.732850793203237,-5593.7924450609,0.2841575228003421
INDO_red_467_cutoff_7.5.inp.out,396.11249090710174,-0.2847,0.1617,10.2806,51.0,-1307.6477881576,-42.609619086975385,-6.639286512924782,-5518.9585941972,0.2782008748999942
INDO_red_468_cutoff_7.5.inp.out,397.00681431348744,-0.3018,0.15,17.2257,51.0,-1307.5848247945,-38.80777537068567,-11.215452088231652,-5518.9116499019,0.2928724331995909
INDO_red_469_cutoff_7.5.inp.out,397.1239645974484,-0.3124,0.1201,23.3204,53.0,-1306.8938650982,-54.06242627069064,-26.69829977411935,-5669.2646097302,0.3068763813998885
INDO_red_46_cutoff_7.5.inp.out,399.725691875068,-0.3137,0.1428,36.6315,52.0,-1307.0425606654,-36.54743323712183,-28.654179432122696,-5593.9367628353,0.3069597738995071
INDO_red_470_cutoff_7.5.inp.out,393.36941035504736,-0.2822,0.1513,30.5272,54.0,-1306.4559908058,-81.70880866287733,-15.968812350148696,-5744.3278585282,0.2808440556000278
INDO_red_471_cutoff_7.5.inp.out,400.48700956311274,-0.3122,0.1258,27.5111,54.0,-1306.5765650952,22.17183998530072,5.2999789887176805,-5744.4646578939,0.3035734224995394
INDO_red_472_cutoff_7.5.inp.out,395.93582710993593,-0.2847,0.155,26.2023,57.0,-1305.947538484,-45.35322030300423,-12.092112402577849,-5970.4162436187,0.2808115137995628
INDO_red_473_cutoff_7.5.inp.out,394.97956646575136,-0.2846,0.1512,30.1712,59.0,-1304.9465247446,-31.038719568692112,49.66550959788103,-6120.4637687967,0.2827277310998397
INDO_red_474_cutoff_7.5.inp.out,396.98731302704306,-0.2797,0.1711,29.6249,57.0,-1305.7398363843,38.819185998809786,36.76722543648791,-5970.2749679185,0.2697655516003578
INDO_red_475_cutoff_7.5.inp.out,395.75806494647514,-0.3035,0.1188,37.8376,57.0,-1305.6401693727,-40.63193679094651,12.948517206418764,-5970.1632770907,0.3038197586001843
INDO_red_476_cutoff_7.5.inp.out,397.32353891841336,-0.2901,0.1386,39.3314,55.0,-1306.6032480751,13.99039480111356,21.18482942650676,-5820.0348303434,0.2910873943992556
INDO_red_477_cutoff_7.5.inp.out,394.8110699742852,-0.2765,0.1618,44.4509,53.0,-1307.6389258134,-37.22391725346784,-47.49199030047478,-5669.9984379508,0.2734481688994492
INDO_red_478_cutoff_7.5.inp.out,395.6909267791784,-0.2967,0.1462,41.9525,50.0,-1308.1601629919,-16.262883662089234,12.248506036164224,-5443.9415402247,0.2908127188993603
INDO_red_479_cutoff_7.5.inp.out,398.5858135769152,-0.2713,0.1699,35.2125,50.0,-1308.1098278217,-28.75891850278326,-1.7165061950817695,-5443.8476683549,0.2702628040997297
INDO_red_47_cutoff_7.5.inp.out,396.9750185200252,-0.2978,0.1296,35.3089,51.0,-1307.335531704,-28.527583758901663,-27.856340847186672,-5518.6914460886,0.2937913767000282
INDO_red_480_cutoff_7.5.inp.out,395.890204034166,-0.2875,0.1528,38.1602,47.0,-1308.9356489609,-51.9579377377552,-11.830147156012082,-5218.1648023843,0.2864063586002885
INDO_red_481_cutoff_7.5.inp.out,393.3446108585971,-0.2827,0.1511,44.712,51.0,-1307.2672752613,-79.85333082733239,-86.7062351816632,-5518.6278513121,0.282237377000456
INDO_red_482_cutoff_7.5.inp.out,397.16341839661777,-0.3045,0.1198,43.9233,54.0,-1306.6736111333,68.37592587397326,-19.076317993060485,-5744.5806755129,0.3007842074002838
INDO_red_483_cutoff_7.5.inp.out,399.5006254683593,-0.2976,0.1483,43.0987,54.0,-1306.6063303775,-48.12851806684731,-95.7288818275384,-5744.4682081774,0.2906060927007274
INDO_red_484_cutoff_7.5.inp.out,394.14277109718074,-0.2976,0.1353,43.81,54.0,-1306.4876469265,-46.60661790953024,-20.279927427960793,-5744.3774264151,0.2952339995999864
INDO_red_485_cutoff_7.5.inp.out,394.4799359081207,-0.2772,0.1452,42.7904,53.0,-1306.7741907945,-16.842230792586854,-40.494637931627615,-5669.1180433316,0.2757220800003779
INDO_red_486_cutoff_7.5.inp.out,393.5178662388438,-0.3132,0.1207,44.0624,54.0,-1306.6266391681,-27.37665285984749,-95.83879388450433,-5744.6123859898,0.3022836168001959
INDO_red_487_cutoff_7.5.inp.out,397.0655246073846,-0.2955,0.1544,52.0592,53.0,-1306.4964369293,19.270683463335565,-124.32918909811544,-5668.894323867,0.2853862935999132
INDO_red_488_cutoff_7.5.inp.out,399.30896344083186,-0.2827,0.1631,52.2005,49.0,-1308.1700249717,61.818268438181434,-14.206907425791508,-5368.4030431003,0.280505742499372
INDO_red_489_cutoff_7.5.inp.out,390.6999131627448,-0.2873,0.1254,47.6915,49.0,-1308.0162196524,10.35279233965057,-45.55544913480371,-5368.2891635164,0.2893216467991806
INDO_red_48_cutoff_7.5.inp.out,393.7287283335875,-0.2799,0.1428,43.1876,51.0,-1307.5634429018,89.92265255779203,72.06808273807333,-5518.8671867101,0.2770553992004352
INDO_red_490_cutoff_7.5.inp.out,397.8525905021747,-0.2873,0.1426,46.2001,48.0,-1309.0062172614,12.44593629121712,41.134911063922786,-5293.7000549079,0.283567817000403
INDO_red_491_cutoff_7.5.inp.out,395.9010215480434,-0.3055,0.1297,29.7473,50.0,-1308.0933029644,-12.104775570120752,9.374245636564137,-5443.7970270814,0.3066731642002196
INDO_red_492_cutoff_7.5.inp.out,394.7826067077324,-0.2848,0.1452,30.087,50.0,-1307.78404283,43.8480364030225,12.373456459894816,-5443.4559202756,0.2800046866004777
INDO_red_493_cutoff_7.5.inp.out,397.64759434449974,-0.2934,0.155,42.0858,51.0,-1307.5945299972,14.42809775778214,-49.07366257682554,-5518.8701700303,0.28477510959965
INDO_red_494_cutoff_7.5.inp.out,393.4994760506115,-0.269,0.1684,35.3215,52.0,-1307.2753582056,76.09691213870033,-51.08260869435209,-5594.015197726,0.2679779493000751
INDO_red_495_cutoff_7.5.inp.out,398.2636279963667,-0.2835,0.1372,29.9925,50.0,-1307.8792637237,-29.409370405830614,-87.61985875681214,-5443.5876409478,0.2809411264006485
INDO_red_496_cutoff_7.5.inp.out,395.23539955980544,-0.2928,0.1382,27.0077,53.0,-1306.3203067339,23.58288357526686,-61.83331095980716,-5668.5691744995,0.2865284964000238
INDO_red_497_cutoff_7.5.inp.out,389.7054569921408,-0.3095,0.1213,27.6422,52.0,-1307.3070705265,49.502566865913174,20.84302440430436,-5594.1189169268,0.3055811385993365
INDO_red_498_cutoff_7.5.inp.out,396.3802029425548,-0.3161,0.1205,20.7302,52.0,-1307.4446740401,-23.436020831403702,0.9769590667062604,-5594.2072647609,0.3115190936005092
INDO_red_499_cutoff_7.5.inp.out,394.7955045169476,-0.3078,0.12,26.5019,54.0,-1306.5948838377,38.93237080679312,9.775960058975627,-5744.4071915984,0.2976410359005967
INDO_red_49_cutoff_7.5.inp.out,399.89849689719574,-0.3079,0.1324,47.6677,54.0,-1306.4104058103,24.488690515405164,41.648886116550976,-5744.2964050037,0.2984401334997528
INDO_red_4_cutoff_7.5.inp.out,396.4321773155135,-0.2772,0.1812,41.2341,52.0,-1307.4059871392,10.29716114052559,-8.036324601808014,-5594.2106410177,0.2753638996000518
INDO_red_50_cutoff_7.5.inp.out,396.0984955453274,-0.2765,0.1608,45.1993,51.0,-1307.032185945,-136.14257088721203,-138.9453953875532,-5518.3449708705,0.2781768326003657
INDO_red_51_cutoff_7.5.inp.out,392.9963051863684,-0.31,0.1165,46.3989,52.0,-1307.2667796737,-57.0233023653343,-102.92173278157148,-5594.0975698389,0.3013236770993899
INDO_red_52_cutoff_7.5.inp.out,397.9733555893311,-0.3291,0.1244,38.9032,55.0,-1306.2324901372,-128.02813947042262,-46.32522076993859,-5819.6618705308,0.3165531324993935
INDO_red_53_cutoff_7.5.inp.out,398.79634503694126,-0.2841,0.1525,46.7032,52.0,-1307.2725096199,-10.26929749355284,-18.24931907745715,-5594.1286605747,0.2758682190997206
INDO_red_54_cutoff_7.5.inp.out,395.24889528167586,-0.2665,0.1551,40.9662,50.0,-1307.8547480401,-17.176504336309577,-19.050402916651574,-5443.6096024771,0.2668580338004176
INDO_red_55_cutoff_7.5.inp.out,394.80399670397577,-0.2752,0.1576,39.0622,53.0,-1306.9901421453,30.076708565577125,-17.59386881465834,-5669.3082227459,0.273656897699766
INDO_red_56_cutoff_7.5.inp.out,396.5787815883236,-0.2883,0.1471,32.9001,49.0,-1308.2381511673,1.9806584859832124,14.734497300085264,-5368.4476061957,0.279159284200432
INDO_red_57_cutoff_7.5.inp.out,395.1359668972416,-0.2648,0.1539,40.8889,51.0,-1307.6820267947,69.69589806059301,14.784374404517038,-5518.9273684236,0.2704665128003398
INDO_red_58_cutoff_7.5.inp.out,396.8131450936523,-0.274,0.1692,43.8236,53.0,-1306.8430528583,17.859458030259123,-16.104697919047453,-5669.1771879431,0.2675145748007708
INDO_red_59_cutoff_7.5.inp.out,395.492346443218,-0.2827,0.1538,36.8207,52.0,-1306.9900804871,8.934595639018204,-50.07164127333889,-5593.8315045227,0.2830327302999649
INDO_red_5_cutoff_7.5.inp.out,391.7341582791008,-0.2737,0.1487,46.091,49.0,-1308.2408893065,41.40122035407488,14.266223221063251,-5368.4667533444,0.2735119531998862
INDO_red_60_cutoff_7.5.inp.out,395.9700185579067,-0.3038,0.1339,38.5902,56.0,-1305.5529329218,-67.26888733248809,-120.2196561074454,-5894.4777093774,0.3007866774005379
INDO_red_61_cutoff_7.5.inp.out,399.07737903263114,-0.2918,0.1445,40.5369,53.0,-1307.0045219233,-61.44687727371456,-110.19725442624436,-5669.2938085837,0.2858798400002342
INDO_red_62_cutoff_7.5.inp.out,395.43899895799274,-0.2968,0.1414,35.0425,51.0,-1307.4590925476,0.894731114228358,-51.35404779550934,-5518.7594160831,0.2927294565006377
INDO_red_63_cutoff_7.5.inp.out,395.9188577684045,-0.2702,0.1491,32.3147,49.0,-1308.411674493,-15.618746981123586,-97.35941535396236,-5368.6439730578,0.2716210022999803
INDO_red_64_cutoff_7.5.inp.out,394.7914583578659,-0.2766,0.1522,32.4948,52.0,-1307.0517791651,49.949879774230205,2.17073290400323,-5593.8557504796,0.2757869400002164
INDO_red_65_cutoff_7.5.inp.out,397.4540851128089,-0.2819,0.1523,31.0349,49.0,-1307.9444904637,85.47132512190656,50.333975009727126,-5368.1612423089,0.2753787228994042
INDO_red_66_cutoff_7.5.inp.out,396.6931601581869,-0.281,0.1407,31.9613,50.0,-1308.0075941351,81.68405038195189,78.10219355938628,-5443.699048414,0.2788887342003363
INDO_red_67_cutoff_7.5.inp.out,392.4808133357227,-0.2848,0.1422,32.3568,48.0,-1309.0692805411,73.97372902475361,23.558948425741157,-5293.7215349848,0.2861548136997953
INDO_red_68_cutoff_7.5.inp.out,395.15949711804785,-0.2622,0.1727,30.2152,47.0,-1308.9563813098,-8.940792805165634,-48.70880471117311,-5218.1348882924,0.2622235655999247
INDO_red_69_cutoff_7.5.inp.out,398.26584256847167,-0.2737,0.1442,38.2333,50.0,-1308.0886265145,51.05401135429539,24.876675103176577,-5443.9086256296,0.2732208863999403
INDO_red_6_cutoff_7.5.inp.out,398.38090963029686,-0.2967,0.1288,40.7872,49.0,-1308.4996433714,-28.02688737449909,19.966978410951796,-5368.6547828221,0.2884062840003025
INDO_red_70_cutoff_7.5.inp.out,395.7714841669079,-0.3269,0.115,16.6495,51.0,-1307.485840333,-41.53162866222134,16.62330187214256,-5518.770994934,0.3169513695993373
INDO_red_71_cutoff_7.5.inp.out,396.9784516232699,-0.2975,0.1418,19.8489,53.0,-1306.9639159736,23.023572764792284,16.033530478543668,-5669.2909506669,0.2876896676998512
INDO_red_72_cutoff_7.5.inp.out,396.2941603915014,-0.2888,0.1518,22.3732,52.0,-1307.290567938,-53.008138370900966,-30.37486637620944,-5594.1391425652,0.284147428599681
INDO_red_73_cutoff_7.5.inp.out,396.51741807630424,-0.2815,0.1618,14.8648,51.0,-1307.4389473017,28.559150332116108,12.328027559465712,-5518.6806759989,0.2755393560000811
INDO_red_74_cutoff_7.5.inp.out,397.252006910595,-0.2845,0.17,9.1352,52.0,-1306.9847404738,-1.7640702416957186,-5.549118132613722,-5593.7952473219,0.2806233441997392
INDO_red_75_cutoff_7.5.inp.out,396.3769889285885,-0.3122,0.121,13.9407,54.0,-1306.2994540312,8.299837019086905,2.9513942399096025,-5744.1664695279,0.2992621144003351
INDO_red_76_cutoff_7.5.inp.out,397.6911159029552,-0.2761,0.1445,20.6476,53.0,-1306.3186927021,-35.400016214318086,-1.3442964492766185,-5668.6571014315,0.2746616476997587
INDO_red_77_cutoff_7.5.inp.out,396.46760283433525,-0.2894,0.1622,17.6609,55.0,-1305.9043602384,50.093929307174704,24.102956881547183,-5819.2463260473,0.2803534594995653
INDO_red_78_cutoff_7.5.inp.out,394.40384957084626,-0.2749,0.1553,17.4216,50.0,-1307.8822170016,135.00928910462565,7.8561768370416525,-5443.5915276581,0.2647909048000656
INDO_red_79_cutoff_7.5.inp.out,397.11078768735314,-0.2931,0.1462,8.3235,49.0,-1308.3354427847,13.253302805049024,12.245316642649428,-5368.5793323104,0.2885313740998754
INDO_red_7_cutoff_7.5.inp.out,393.90892355690113,-0.2903,0.1537,31.1981,47.0,-1309.0570678155,-36.89351879277756,-36.30562997105425,-5218.1920996322,0.2814759697994304
INDO_red_80_cutoff_7.5.inp.out,397.22509642487415,-0.2946,0.1428,18.2696,50.0,-1307.9617340255,22.266255373141963,19.017835057888977,-5443.6880252562,0.2928971141000147
INDO_red_81_cutoff_7.5.inp.out,396.74472346593456,-0.3041,0.1417,25.1792,52.0,-1307.2901087314,34.18603933177372,15.207410088601126,-5594.1037795877,0.2963190712998766
INDO_red_82_cutoff_7.5.inp.out,396.28263149922225,-0.2712,0.1611,30.0919,56.0,-1306.1271630058,-46.824109474793026,-1.2429895636822363,-5895.0878126744,0.2714509156003259
INDO_red_83_cutoff_7.5.inp.out,392.38290397686495,-0.2616,0.1666,28.8994,49.0,-1308.4715303309,51.05000944559161,30.87002484663645,-5368.6753453521,0.2605343529003221
INDO_red_84_cutoff_7.5.inp.out,398.76163968069613,-0.266,0.1728,15.8482,49.0,-1308.5443060357,72.20552576967927,-5.219418594249896,-5368.7550779936,0.2612663134996182
INDO_red_85_cutoff_7.5.inp.out,395.3382029945149,-0.2847,0.1688,24.7848,53.0,-1307.0426221666,63.95642589404298,9.558470698330408,-5669.3925533449,0.2707746033993317
INDO_red_86_cutoff_7.5.inp.out,393.3009774875962,-0.2629,0.1517,17.2541,55.0,-1306.1646964799,51.193511069026265,-32.36703631270598,-5819.5894523953,0.2670481260001907
INDO_red_87_cutoff_7.5.inp.out,394.5435674983146,-0.301,0.1517,28.0016,54.0,-1307.2070586489,56.83753124304639,15.847521595221648,-5745.0929399667,0.2932112358002996
INDO_red_88_cutoff_7.5.inp.out,395.8534057938843,-0.2927,0.1355,21.5238,50.0,-1307.9254906305,38.76798024114437,19.386927237340736,-5443.7243950274,0.2922968221000701
INDO_red_89_cutoff_7.5.inp.out,396.2157557716436,-0.2869,0.1448,24.9187,55.0,-1306.63929628,87.8604970793848,30.912395818563883,-5820.1015973111,0.2818201674999727
INDO_red_8_cutoff_7.5.inp.out,396.05710228576584,-0.2951,0.1278,29.8271,49.0,-1308.2560390351,85.49625429540504,50.95595732400019,-5368.3588761899,0.2865509531002317
INDO_red_90_cutoff_7.5.inp.out,392.9711971956917,-0.2675,0.1636,34.4832,55.0,-1306.4630844548,122.41402165417706,49.67910562042969,-5819.8487005922,0.2696560761996807
INDO_red_91_cutoff_7.5.inp.out,397.1544051400422,-0.2937,0.1425,29.1282,50.0,-1308.1014866545,14.30906722772136,3.054904327031684,-5443.9536261617,0.2895981669007597
INDO_red_92_cutoff_7.5.inp.out,396.8083259582259,-0.3125,0.1278,36.1137,52.0,-1307.471310993,27.528478673136547,52.893520478799054,-5594.3350495089,0.3080126241993639
INDO_red_93_cutoff_7.5.inp.out,393.2418119901434,-0.3176,0.1323,32.4822,51.0,-1308.1538728818,51.19543884808445,53.21620613047136,-5519.4324853245,0.3167472469995118
INDO_red_94_cutoff_7.5.inp.out,393.3533187461068,-0.2679,0.1607,31.1056,53.0,-1307.26627099,-3.251046876565725,55.6603650419616,-5669.5785191393,0.2668873914999494
INDO_red_95_cutoff_7.5.inp.out,396.6001249121253,-0.2843,0.1416,29.3038,51.0,-1307.5319529765,-24.13132269509922,36.7794330973323,-5518.8020073608,0.2837462520001281
INDO_red_96_cutoff_7.5.inp.out,394.77353946834216,-0.2924,0.1299,31.7507,47.0,-1309.1555847923,-38.62273031183695,-49.72857909739136,-5218.3166525644,0.2919642140004725
INDO_red_97_cutoff_7.5.inp.out,397.3601672073059,-0.2923,0.153,30.1674,49.0,-1308.2478030394,-40.17878137384932,-29.39016860693656,-5368.4314943164,0.2882151178991989
INDO_red_98_cutoff_7.5.inp.out,394.8828871097448,-0.2808,0.1526,29.4606,49.0,-1308.6175855675,-99.58923369575874,-118.39022608838027,-5368.8183380987,0.2795106840003427
INDO_red_99_cutoff_7.5.inp.out,396.0705080806063,-0.2893,0.1542,38.7231,51.0,-1307.5474567282,-52.851564665846176,-32.439719364726834,-5518.815937816,0.2799209905997486
INDO_red_9_cutoff_7.5.inp.out,400.3870038495059,-0.3012,0.1359,24.2966,52.0,-1307.2528586391,34.34167993660054,119.03629674054535,-5594.0252645122,0.2945145182002306
