file_name,NRE,HOMO,LUMO,Dipole_mom,Num_waters,chg_chg,elec5,elec10,delE_hf,delE_dft
INDO_red_0_cutoff_7.5.inp.out,395.80558483122326,-0.3250,0.0497,17.4520,51.0,-1307.4806569295,-74.59398014015474,24.557561889980764,-5546.8665965571,0.31697107610034436
INDO_red_100_cutoff_7.5.inp.out,397.620286721493,-0.2868,0.0820,33.2990,57.0,-1305.4437004214,-70.40483100088655,-8.464274066098742,-6000.9460114424,0.2771363542997278
INDO_red_101_cutoff_7.5.inp.out,395.0559826994941,-0.3032,0.0749,44.2657,55.0,-1306.3800510938,-87.82728279231324,-39.68628277231618,-5849.8926508618,0.29554046139946877
INDO_red_102_cutoff_7.5.inp.out,399.0241836753944,-0.3107,0.0747,47.2073,55.0,-1306.4129199015,-26.841218599437774,-19.47107537019409,-5849.9415062274,0.29919555239939655
INDO_red_103_cutoff_7.5.inp.out,397.5360096046588,-0.3106,0.0685,42.9391,54.0,-1306.3621253450,49.105715337184996,-32.30418396552875,-5773.8402111575,0.30339224850013125
INDO_red_104_cutoff_7.5.inp.out,397.03605112383235,-0.3022,0.0695,42.1152,52.0,-1306.8725560833,-119.72776674713606,-175.91457987697393,-5622.3356057252,0.29420061119981256
INDO_red_105_cutoff_7.5.inp.out,395.9231235700643,-0.3026,0.0713,31.7256,53.0,-1306.7434414657,-3.919868230973042,-91.60847991710654,-5698.1472127023,0.29114614100035396
INDO_red_106_cutoff_7.5.inp.out,396.4858078464947,-0.2856,0.0813,35.0216,54.0,-1306.5438683378,-192.63051824632473,-190.6200473755245,-5773.9823842968,0.27938657789945864
INDO_red_107_cutoff_7.5.inp.out,397.9720970490326,-0.2789,0.0811,31.9473,54.0,-1306.4230723230,-25.184020893475775,10.189026153120775,-5773.8820757909,0.2730490132998966
INDO_red_108_cutoff_7.5.inp.out,397.25459316619,-0.2833,0.0831,40.5288,57.0,-1305.6106035137,4.6379676017209555,5.155121835207101,-6001.1802129802,0.2784781826994731
INDO_red_109_cutoff_7.5.inp.out,395.0071010978532,-0.2971,0.0705,43.6235,59.0,-1305.0242264959,-191.04067693165405,-25.0747896112327,-6152.7025193802,0.2913016342999981
INDO_red_10_cutoff_7.5.inp.out,394.56713194669516,-0.2784,0.0717,30.2202,51.0,-1307.5743297998,306.10854170701134,196.0405826020493,-5546.8986634188,0.2721661960003985
INDO_red_110_cutoff_7.5.inp.out,400.16304705839923,-0.2802,0.0698,49.8724,58.0,-1305.4112564544,56.473717757635704,84.72119719321115,-6077.0699593054,0.27056988179992914
INDO_red_111_cutoff_7.5.inp.out,395.78649501674806,-0.2755,0.0877,44.1224,58.0,-1305.5600217889,77.2825026783865,-15.014213327920967,-6077.1745567659,0.2678294574006941
INDO_red_112_cutoff_7.5.inp.out,395.3196979093637,-0.2810,0.0778,33.9873,54.0,-1307.0885958904,6.68670728107032,-0.23070744998759637,-5774.6383276656,0.2708748168997772
INDO_red_113_cutoff_7.5.inp.out,396.062824351751,-0.2862,0.0838,34.6671,50.0,-1308.1304808873,-48.36513674145387,-21.744204393876693,-5471.4212265387,0.27930004770041705
INDO_red_114_cutoff_7.5.inp.out,398.67406062761756,-0.2635,0.0984,32.0047,53.0,-1307.7368471906,26.177694317859995,-13.36596520685424,-5699.2553096117,0.25832439359965065
INDO_red_115_cutoff_7.5.inp.out,399.82357970772296,-0.2787,0.0819,32.7510,56.0,-1306.6231899219,88.85027739836295,186.48388107289335,-5926.112836811,0.272817686099188
INDO_red_116_cutoff_7.5.inp.out,391.2476587949496,-0.2871,0.0789,32.6286,58.0,-1304.7016712838,-9.73531440299703,126.90492092938231,-6076.3507556684,0.2792418438002642
INDO_red_117_cutoff_7.5.inp.out,394.2364482616753,-0.2949,0.0841,32.2846,57.0,-1305.7387340184,53.67486249094442,-51.77089700191839,-6001.3909607301,0.28438226749949536
INDO_red_118_cutoff_7.5.inp.out,400.5082668556157,-0.2968,0.0746,46.2998,57.0,-1305.6778573648,-3.0876083976861377,-26.8687722102617,-6001.2465424573,0.2880504047998329
INDO_red_119_cutoff_7.5.inp.out,397.07301672025983,-0.2842,0.0745,41.0687,56.0,-1306.3442045827,-119.44812980792783,-128.74586880048489,-5925.9435454682,0.2761954046000028
INDO_red_11_cutoff_7.5.inp.out,396.0696811321039,-0.2872,0.0679,37.2052,55.0,-1306.3281267071,-21.4428414048724,151.61575160815283,-5849.7289990388,0.28420983589967364
INDO_red_120_cutoff_7.5.inp.out,396.05775365262485,-0.2995,0.0699,27.9797,54.0,-1306.4386484295,-76.91380660132964,-94.65141569573922,-5773.8916073394,0.2918138615004864
INDO_red_121_cutoff_7.5.inp.out,397.186494126705,-0.2973,0.0658,23.5801,51.0,-1307.4196533389,78.50990325949998,11.093498100330335,-5546.7436010942,0.28602522800065344
INDO_red_122_cutoff_7.5.inp.out,396.17523039065003,-0.2855,0.0766,15.5824,54.0,-1306.7447530398,-24.388696317195397,-8.00216529874382,-5774.2345027237,0.27889363400026923
INDO_red_123_cutoff_7.5.inp.out,396.1002578797055,-0.2745,0.0739,13.8357,51.0,-1307.4108097335,30.049690789944805,7.72544547988791,-5546.7644633095,0.2695407843002613
INDO_red_124_cutoff_7.5.inp.out,398.7423757127631,-0.2951,0.0621,13.2162,52.0,-1307.1782876863,3.8341863636760687,-61.677474623551795,-5622.6342081958,0.28745671570050035
INDO_red_125_cutoff_7.5.inp.out,395.8923951585869,-0.2831,0.0703,17.3652,55.0,-1306.0793903460,-17.104210819940807,-23.824647842191276,-5849.5558062226,0.2766266320995783
INDO_red_126_cutoff_7.5.inp.out,396.6289671948556,-0.2948,0.0815,22.1947,54.0,-1306.3108735342,157.1761124209958,-10.133857724654757,-5773.8183389873,0.2836954111999148
INDO_red_127_cutoff_7.5.inp.out,396.2113366069091,-0.2950,0.0777,14.0821,53.0,-1306.5702332273,-88.34618526736189,15.634889744658665,-5697.9916486973,0.2880767955994088
INDO_red_128_cutoff_7.5.inp.out,396.202069662429,-0.2916,0.0772,5.4773,55.0,-1306.0529213937,51.48373939028704,1.8004197719566282,-5849.5456479855,0.28190973910022876
INDO_red_129_cutoff_7.5.inp.out,395.792419099333,-0.3090,0.0650,20.8852,57.0,-1305.4780321224,-53.57823239494049,64.78787529510892,-6001.0411997115,0.2997781035001026
INDO_red_12_cutoff_7.5.inp.out,396.57786222935005,-0.2910,0.0751,25.4052,54.0,-1306.7172656109,52.81490953469301,89.46610749393318,-5774.1780439134,0.28475337930012756
INDO_red_130_cutoff_7.5.inp.out,395.88776127396704,-0.3247,0.0498,17.4386,51.0,-1307.4828911072,-76.34643831387457,25.261155117766414,-5546.8688999474,0.316900350099786
INDO_red_131_cutoff_7.5.inp.out,395.6637247812344,-0.2805,0.0710,22.3501,54.0,-1306.4910692243,34.225721515611625,33.86280742915136,-5773.971194042,0.2741230263000034
INDO_red_132_cutoff_7.5.inp.out,393.78874678977957,-0.2963,0.0707,32.0256,50.0,-1307.8489488548,27.36286840673311,-8.47321035071796,-5471.1940058816,0.28955190899978334
INDO_red_133_cutoff_7.5.inp.out,398.95810392262774,-0.2850,0.0766,21.7831,51.0,-1307.2874536645,-36.52053539753221,2.509566059262172,-5546.692111513,0.2795257910001965
INDO_red_134_cutoff_7.5.inp.out,398.3434873781869,-0.3088,0.0653,33.8549,50.0,-1307.8396100352,29.206190916824788,49.47846278569235,-5471.1722173417,0.2990517883999928
INDO_red_135_cutoff_7.5.inp.out,396.66967088294854,-0.2602,0.0838,27.6610,52.0,-1307.5051596770,155.64280830859548,44.38945791369593,-5622.9547855577,0.25593967939948925
INDO_red_136_cutoff_7.5.inp.out,394.009336962073,-0.2901,0.0747,23.9738,52.0,-1307.1659537667,14.577375813868462,9.242511221499075,-5622.6460734162,0.2846275274996515
INDO_red_137_cutoff_7.5.inp.out,396.89125451562506,-0.2822,0.0791,31.4666,53.0,-1306.9815353169,388.54889512550943,35.62848637565529,-5698.5134458601,0.2722453852002218
INDO_red_138_cutoff_7.5.inp.out,398.15899456542115,-0.2878,0.0756,26.8074,51.0,-1307.6962471973,201.20165441842516,18.371108801763885,-5547.1027776333,0.28365399220001564
INDO_red_139_cutoff_7.5.inp.out,397.0930576780885,-0.2935,0.0724,27.2531,51.0,-1307.3854161433,151.42011815867755,12.671735459109378,-5546.8293023927,0.2885677136000595
INDO_red_13_cutoff_7.5.inp.out,398.114198347387,-0.2924,0.0692,34.7395,57.0,-1305.5863131823,26.0471138779175,-33.21207367514229,-6001.1557715686,0.2854866393008706
INDO_red_140_cutoff_7.5.inp.out,394.2776727762021,-0.2891,0.0658,25.9061,54.0,-1306.5328197509,-11.150598555164386,-0.38471862262397577,-5773.9696179992,0.28150277710028604
INDO_red_141_cutoff_7.5.inp.out,392.3992367666453,-0.2870,0.0683,27.1320,54.0,-1306.4280829734,94.33051598250472,60.63723935947179,-5773.9455620333,0.2835701517997222
INDO_red_142_cutoff_7.5.inp.out,399.401176763546,-0.2966,0.0596,24.0379,51.0,-1307.2390695284,153.83227295558535,59.824847703237374,-5546.6990108713,0.29286541149940604
INDO_red_143_cutoff_7.5.inp.out,395.92345123296633,-0.3021,0.0500,22.6666,55.0,-1306.0067496591,114.2533837131557,47.31252442064735,-5849.5510825701,0.2942490508994524
INDO_red_144_cutoff_7.5.inp.out,391.72454324996556,-0.2947,0.0724,31.0162,53.0,-1306.6595432877,29.38828859691386,51.838518133687494,-5698.1242805379,0.28894250899975304
INDO_red_145_cutoff_7.5.inp.out,396.90320036303297,-0.2813,0.0742,23.8507,52.0,-1306.8773750329,157.90335380437426,51.23318346977922,-5622.2781758163,0.2765634179004337
INDO_red_146_cutoff_7.5.inp.out,394.3512561551991,-0.2992,0.0630,26.9281,50.0,-1307.7321067295,117.86945696213694,49.813416442036136,-5471.0688887626,0.2899121886002831
INDO_red_147_cutoff_7.5.inp.out,396.85594557442454,-0.2890,0.0694,22.7892,47.0,-1309.1496851389,109.52723935629756,62.24518131697746,-5244.4329900949,0.2846668475003753
INDO_red_148_cutoff_7.5.inp.out,398.49487785311453,-0.2800,0.0779,12.6413,45.0,-1309.5825103464,118.01602268758701,20.487762710809932,-5092.6947796348,0.2763046738000412
INDO_red_149_cutoff_7.5.inp.out,395.0129410690454,-0.2913,0.0675,19.6459,53.0,-1306.9358913026,66.52309683851851,32.36593658201841,-5698.3675981194,0.28206723159928515
INDO_red_14_cutoff_7.5.inp.out,395.64099022016785,-0.3096,0.0682,31.4858,56.0,-1305.2534128775,-20.227668636796377,-74.62415269324705,-5924.7476552587,0.30410663160000695
INDO_red_150_cutoff_7.5.inp.out,396.76319512162405,-0.2967,0.0700,19.5025,54.0,-1306.4811039240,-12.553225999903228,6.662747496878705,-5773.9589380306,0.2902066228998592
INDO_red_151_cutoff_7.5.inp.out,397.27379477002523,-0.2676,0.0939,19.3291,56.0,-1305.9254932838,48.16617492131666,-27.586859031033832,-5925.393904791,0.26224638679923373
INDO_red_152_cutoff_7.5.inp.out,398.2070044016236,-0.2782,0.0838,13.5465,57.0,-1305.3222018993,35.10106160763156,21.552330972002913,-6000.8628080531,0.27013267340043967
INDO_red_153_cutoff_7.5.inp.out,393.6138523256355,-0.2877,0.0837,23.4939,57.0,-1305.8074893378,28.633298178858205,-24.510656016377002,-6001.3790472791,0.27914235630032636
INDO_red_154_cutoff_7.5.inp.out,395.2298814113139,-0.2857,0.0743,10.6368,57.0,-1305.7300858799,83.64388443806692,30.840700513844578,-6001.3127464013,0.27835349989982205
INDO_red_155_cutoff_7.5.inp.out,398.65019565718853,-0.2838,0.0608,13.7492,51.0,-1307.6299420244,4.930645968560327,28.220391870726207,-5546.9906055383,0.27927205949981726
INDO_red_156_cutoff_7.5.inp.out,395.6143396846778,-0.2681,0.0788,19.4532,51.0,-1307.6555149642,38.36377703096671,2.7757537850179115,-5547.0650761879,0.26564600080018863
INDO_red_157_cutoff_7.5.inp.out,391.4067458430976,-0.2758,0.0750,10.4155,49.0,-1308.0048634948,-0.4653353335314018,-7.564859062431073,-5395.2831244018,0.2690449682995677
INDO_red_158_cutoff_7.5.inp.out,400.36595487610583,-0.3061,0.0652,22.6283,53.0,-1306.9021481418,-9.607500103062357,50.43301027554531,-5698.3470524162,0.2974855762004154
INDO_red_159_cutoff_7.5.inp.out,398.75400763774815,-0.3151,0.0421,26.3006,53.0,-1306.6055279299,29.007844244333345,21.641151913270907,-5697.9907554047,0.3065055695005867
INDO_red_15_cutoff_7.5.inp.out,394.45270152540945,-0.3129,0.0565,34.7859,53.0,-1306.3002320812,-116.60099714446909,-32.21475035183395,-5697.7329047922,0.30456932180004515
INDO_red_160_cutoff_7.5.inp.out,395.21841255774484,-0.3027,0.0650,27.8812,50.0,-1307.7746117618,11.737273554287684,13.467199285328935,-5471.1120039466,0.2981577782002205
INDO_red_161_cutoff_7.5.inp.out,398.39527043363717,-0.2932,0.0687,25.0259,51.0,-1307.3564810506,133.45013760389264,-4.266900481553678,-5546.7703437159,0.2873397497005499
INDO_red_162_cutoff_7.5.inp.out,397.2310665092607,-0.2859,0.0684,23.5518,53.0,-1306.7487398364,22.426156574032824,-11.120153653086556,-5698.1881154689,0.2803903058002106
INDO_red_163_cutoff_7.5.inp.out,396.31781951590995,-0.2835,0.0776,26.9564,53.0,-1306.8239129350,-48.73154591836377,19.818097972932623,-5698.2779258918,0.2794024677004927
INDO_red_164_cutoff_7.5.inp.out,395.9491856548711,-0.3045,0.0641,21.8507,51.0,-1307.6647679281,-22.286172055338998,23.474076023996215,-5546.9997252025,0.29721195599995553
INDO_red_165_cutoff_7.5.inp.out,396.7443221601814,-0.2975,0.0765,14.5392,52.0,-1307.3926538671,-17.1768540481341,-38.31948948398805,-5622.812358547,0.29046366150032554
INDO_red_166_cutoff_7.5.inp.out,396.87530571615724,-0.2762,0.0832,26.5467,55.0,-1306.2779640672,118.71500609528469,26.45128483842219,-5849.698853945,0.27162744519955595
INDO_red_167_cutoff_7.5.inp.out,397.4720061760095,-0.2682,0.0897,32.6311,53.0,-1306.9603769954,133.14099613374447,-12.638332334420511,-5698.3617979067,0.2612000415992952
INDO_red_168_cutoff_7.5.inp.out,398.1151027634025,-0.2745,0.0766,22.8407,52.0,-1307.4272356158,5.975516949196986,17.58826557428087,-5622.8740634757,0.26949252170015825
INDO_red_169_cutoff_7.5.inp.out,395.95214069033017,-0.3046,0.0566,23.8549,56.0,-1305.7024097370,-69.08139187584955,48.36058825762946,-5925.2104645539,0.2998980634001782
INDO_red_16_cutoff_7.5.inp.out,399.2720066416618,-0.3226,0.0466,36.6667,53.0,-1306.8894609400,-80.24333684870714,40.18256297982053,-5698.2879175278,0.3153370076997817
INDO_red_170_cutoff_7.5.inp.out,397.4143257007891,-0.3068,0.0633,31.5569,54.0,-1307.0111442106,-44.49392555121643,45.233174103041485,-5774.5648114351,0.29876014620003843
INDO_red_171_cutoff_7.5.inp.out,397.72768771310103,-0.2963,0.0709,36.6782,54.0,-1306.6753722282,-50.46174962232256,-39.254520318821534,-5774.1822650816,0.2907797894004034
INDO_red_172_cutoff_7.5.inp.out,395.46515150392503,-0.2886,0.0631,37.2897,56.0,-1306.1784362544,6.544451765300495,12.050062464241314,-5925.7663752891,0.28499427789938636
INDO_red_173_cutoff_7.5.inp.out,396.26227273433807,-0.2929,0.0560,37.2165,56.0,-1306.1010183109,109.4095594329418,133.35062628032873,-5925.6551085136,0.28546858970003086
INDO_red_174_cutoff_7.5.inp.out,398.77403909490556,-0.2875,0.0666,41.6100,57.0,-1305.1607639639,113.42613067570653,163.24742628995548,-6000.7902606261,0.28124417289927806
INDO_red_175_cutoff_7.5.inp.out,395.18492486212233,-0.2812,0.0569,33.4483,57.0,-1305.4220570732,12.094155571192509,46.5826779046806,-6000.9755408711,0.27392595860055735
INDO_red_176_cutoff_7.5.inp.out,396.5720659813857,-0.3052,0.0597,43.4306,58.0,-1304.9662736766,67.46767005182181,44.34940286440717,-6076.6245439369,0.2939556322999124
INDO_red_177_cutoff_7.5.inp.out,395.33785750608064,-0.2952,0.0430,38.0214,59.0,-1304.6832381184,-4.505356461754328,73.26936415696011,-6152.3551781347,0.2901718006996816
INDO_red_178_cutoff_7.5.inp.out,396.3156223437858,-0.3064,0.0670,42.3006,61.0,-1304.1765822291,4.655263958960624,62.61227359767503,-6303.9074320468,0.29934512310046557
INDO_red_179_cutoff_7.5.inp.out,394.6505450754199,-0.2801,0.0705,37.2313,60.0,-1304.6032524600,70.79124353114935,39.417864602073635,-6228.3059137421,0.27358277880011883
INDO_red_17_cutoff_7.5.inp.out,394.259870130556,-0.2999,0.0700,33.9030,48.0,-1308.1612081113,-11.342359859295534,8.39368831466723,-5319.3646935311,0.2939033594002467
INDO_red_180_cutoff_7.5.inp.out,395.88776127396704,-0.3247,0.0498,17.4386,51.0,-1307.4827915497,-76.34837895656516,25.261196392216874,-5546.8688015314,0.3168992630999128
INDO_red_181_cutoff_7.5.inp.out,395.89171009804954,-0.2817,0.0696,25.1143,55.0,-1306.1427537908,39.8155922745236,35.60702751055196,-5849.6611595589,0.27538108740009193
INDO_red_182_cutoff_7.5.inp.out,395.50495922588675,-0.3047,0.0763,27.4259,49.0,-1308.1570257605,-32.24330246762553,-30.85559991170785,-5395.4473003258,0.2962433520997365
INDO_red_183_cutoff_7.5.inp.out,397.71509031435966,-0.2900,0.0704,25.1194,48.0,-1308.0972562714,18.05570534081208,14.174972073834825,-5319.3204722266,0.2841682276002757
INDO_red_184_cutoff_7.5.inp.out,397.775113647125,-0.2750,0.0782,23.8710,54.0,-1306.0994878302,30.618694362958674,-28.899684287414253,-5773.4882131312,0.26742338229996676
INDO_red_185_cutoff_7.5.inp.out,394.8671492182234,-0.2697,0.0868,25.2732,53.0,-1306.7209401761,8.045604670838822,-4.493667382165389,-5698.1163801084,0.2670010898000328
INDO_red_186_cutoff_7.5.inp.out,395.91755692240287,-0.2871,0.0666,21.6747,55.0,-1306.1087559311,-10.778277784348147,1.8625200793805163,-5849.6398291068,0.27913871469991136
INDO_red_187_cutoff_7.5.inp.out,396.99694142760603,-0.3132,0.0683,19.7214,55.0,-1305.8761461176,-46.343062650150394,28.92890711638072,-5849.3919022767,0.3006192929997269
INDO_red_188_cutoff_7.5.inp.out,399.01589898205697,-0.2720,0.0803,26.3623,53.0,-1306.4297409717,56.08629020324552,-14.844699708623839,-5697.9446710152,0.265906820300188
INDO_red_189_cutoff_7.5.inp.out,392.0971239040422,-0.2710,0.0797,22.6365,52.0,-1307.0293520054,-2.3247358304120103,-14.622338980604177,-5622.4744232225,0.2665026892000242
INDO_red_18_cutoff_7.5.inp.out,396.757598523349,-0.2957,0.0799,30.7502,45.0,-1309.8144950011,-1.4097060147153933,-50.35182332824315,-5092.8882867117,0.2859289969001111
INDO_red_190_cutoff_7.5.inp.out,397.82624364354746,-0.2818,0.0832,20.7993,51.0,-1307.6165732604,-15.831346341368333,-4.216268047397364,-5547.0379324596,0.27720205609966797
INDO_red_191_cutoff_7.5.inp.out,396.35143180360546,-0.3011,0.0674,18.1026,49.0,-1307.9961385233,-52.686099394847375,-34.72714106474122,-5395.3370071494,0.2955855070003963
INDO_red_192_cutoff_7.5.inp.out,397.0792912729764,-0.2759,0.0805,19.1795,48.0,-1308.5000871776,10.675013907444482,0.12814183089544662,-5319.7183597609,0.27147789189984906
INDO_red_193_cutoff_7.5.inp.out,397.6857837656076,-0.2917,0.0752,20.5256,49.0,-1308.0201881480,-2.5042934113143236,-11.361499457330444,-5395.3190343322,0.2863671617005821
INDO_red_194_cutoff_7.5.inp.out,389.8025150515316,-0.2821,0.0818,20.2170,48.0,-1308.3109076534,-34.95102936215704,-15.919145785550267,-5319.5673167604,0.27630583780046436
INDO_red_195_cutoff_7.5.inp.out,397.6036868930543,-0.2861,0.0766,19.5699,50.0,-1307.9296489520,20.761020200234242,0.7229340779510183,-5471.2371210265,0.28227289269943867
INDO_red_196_cutoff_7.5.inp.out,397.2706119670645,-0.2844,0.0777,23.5280,49.0,-1308.2256885232,13.361186900045908,31.05632040350765,-5395.4642730994,0.27913605039975664
INDO_red_197_cutoff_7.5.inp.out,393.95029576182134,-0.2995,0.0702,18.9851,49.0,-1308.0261294569,-25.16054825232912,14.901379284439766,-5395.286712227,0.29430108399992605
INDO_red_198_cutoff_7.5.inp.out,397.21533478976545,-0.2933,0.0621,33.7291,49.0,-1308.1111967860,-27.68465426570416,191.0608861639002,-5395.386824959,0.2892812400996263
INDO_red_199_cutoff_7.5.inp.out,391.6124539151448,-0.2839,0.0712,42.7133,53.0,-1306.6009460198,-6.953043724764367,64.97638137290313,-5698.0285363572,0.278427405200091
INDO_red_19_cutoff_7.5.inp.out,397.90899326280936,-0.3030,0.0752,31.4405,49.0,-1308.3522592327,-68.4216557338602,16.93911892175651,-5395.5709902155,0.29686347200004093
INDO_red_1_cutoff_7.5.inp.out,396.23269007355805,-0.2761,0.0867,25.9372,53.0,-1306.7703254116,96.87841695430083,26.67876143764076,-5698.247368232,0.2706896538993533
INDO_red_200_cutoff_7.5.inp.out,399.9319409851629,-0.2745,0.0804,35.9651,50.0,-1307.3225193032,-56.02192461840232,39.552457703133186,-5470.6558823787,0.2685393493993615
INDO_red_201_cutoff_7.5.inp.out,395.6881474457914,-0.2710,0.0813,32.5772,51.0,-1307.2025167021,77.8371023960233,124.8873224071048,-5546.556861424,0.2649573236994911
INDO_red_202_cutoff_7.5.inp.out,393.2919775400067,-0.2892,0.0703,41.5260,55.0,-1305.8277724105,-7.28307110877377,65.3286958110978,-5849.3119868157,0.2851577385999917
INDO_red_203_cutoff_7.5.inp.out,395.0885639669616,-0.2963,0.0683,37.2362,57.0,-1305.2016174192,9.07336928551889,126.71711645814612,-6000.7126099733,0.291044434899959
INDO_red_204_cutoff_7.5.inp.out,396.9944368318792,-0.2984,0.0576,34.0404,56.0,-1305.5486630976,5.837717506370085,100.93769834067129,-5925.0625591753,0.2914982874999623
INDO_red_205_cutoff_7.5.inp.out,398.2967082089012,-0.2992,0.0600,29.4334,55.0,-1305.5005472769,-161.57978759656223,49.20336322807855,-5848.919138521,0.29240220239989867
INDO_red_206_cutoff_7.5.inp.out,394.6154416470247,-0.2940,0.0670,26.7018,56.0,-1305.1763883648,-157.15879632905688,1.3186330412747451,-5924.6631654581,0.28473846830002003
INDO_red_207_cutoff_7.5.inp.out,396.5463056651278,-0.2933,0.0592,23.3395,56.0,-1305.4313475851,-54.35429763162272,-65.59855590093636,-5924.9043808621,0.28811988849975023
INDO_red_208_cutoff_7.5.inp.out,395.40293775761774,-0.2868,0.0660,21.5584,53.0,-1306.5812772910,-27.469187633339114,-25.885520041239992,-5698.0236627021,0.28297264049979276
INDO_red_209_cutoff_7.5.inp.out,397.84949467780615,-0.2903,0.0686,19.6286,56.0,-1305.4433345539,37.88125678623043,65.37292620287865,-5924.8731162534,0.2845586267003455
INDO_red_20_cutoff_7.5.inp.out,395.88776127396704,-0.3247,0.0498,17.4387,51.0,-1307.4829005959,-76.3460587142912,25.261606465836035,-5546.8689104016,0.3168997949996992
INDO_red_210_cutoff_7.5.inp.out,396.4796075214744,-0.2981,0.0780,24.5729,54.0,-1306.5181682783,-149.84495135011733,2.6643284536512573,-5773.944922451,0.29114866409963724
INDO_red_211_cutoff_7.5.inp.out,393.91462490038947,-0.2915,0.0791,26.5995,50.0,-1307.8788620050,-106.15406944608203,-51.37174317023253,-5471.1458152288,0.2854115896998337
INDO_red_212_cutoff_7.5.inp.out,395.669243833743,-0.2835,0.0731,36.3311,49.0,-1308.3855600140,-93.40987669910771,-44.53189186547909,-5395.6451552372,0.27435148140011734
INDO_red_213_cutoff_7.5.inp.out,397.8294336610202,-0.2879,0.0455,43.9740,51.0,-1307.7947995719,-102.72869176649547,57.51797786284288,-5547.0849768705,0.2808646850999139
INDO_red_214_cutoff_7.5.inp.out,396.7856715068337,-0.2818,0.0714,42.8926,51.0,-1307.5208866122,9.062883561464448,85.61645563353814,-5546.8939569823,0.276326619899919
INDO_red_215_cutoff_7.5.inp.out,394.52154606658684,-0.2930,0.0704,29.5945,49.0,-1308.2105370228,74.07133434297333,45.00749857912928,-5395.4473137751,0.2870329485003822
INDO_red_216_cutoff_7.5.inp.out,395.1960051274345,-0.2709,0.0745,30.4679,46.0,-1309.0509817093,119.31620092645359,-22.350241841669586,-5168.2216300682,0.2663125876997583
INDO_red_217_cutoff_7.5.inp.out,397.52785463748353,-0.3109,0.0623,24.3256,50.0,-1307.8924929009,25.260570759994327,6.695459995855413,-5471.1531703422,0.30125398299969675
INDO_red_218_cutoff_7.5.inp.out,397.4044201259845,-0.3110,0.0415,19.1177,52.0,-1306.9457519219,-113.43647635479525,-0.17312985995168373,-5622.2851606381,0.3015997526999854
INDO_red_219_cutoff_7.5.inp.out,392.67410155060793,-0.2809,0.0647,22.6965,49.0,-1308.3637104458,12.915915444625346,0.43947199455479014,-5395.5985867179,0.27567544619978435
INDO_red_21_cutoff_7.5.inp.out,395.77300901028923,-0.2810,0.0698,24.2391,55.0,-1306.1579048812,37.72029531645874,37.507299764969176,-5849.6746774901,0.27471761649940163
INDO_red_220_cutoff_7.5.inp.out,397.9800276101296,-0.3005,0.0658,27.9726,50.0,-1308.1137477256,108.39311223092143,-10.913182215822571,-5471.4850893927,0.2970918585006075
INDO_red_221_cutoff_7.5.inp.out,396.66602866552375,-0.3006,0.0798,24.3863,53.0,-1306.8965408336,-49.01426883321817,-35.951660535265,-5698.3309797821,0.29469273519953276
INDO_red_222_cutoff_7.5.inp.out,395.3084754832575,-0.2864,0.0707,34.1092,54.0,-1306.2897848746,-49.845832509467144,-66.71952662041109,-5773.7637232883,0.27731792479971773
INDO_red_223_cutoff_7.5.inp.out,394.5418330271966,-0.3144,0.0699,28.9055,53.0,-1306.8866268284,-61.58082805023639,-58.66576649472508,-5698.3196139068,0.3056695271998251
INDO_red_224_cutoff_7.5.inp.out,398.09004359770296,-0.3081,0.0666,24.1352,48.0,-1308.4610670100,-21.74158592482383,11.329351502943924,-5319.7786861606,0.3008709338000699
INDO_red_225_cutoff_7.5.inp.out,397.5133666609699,-0.2956,0.0642,20.8227,52.0,-1307.3315576573,60.19611762987791,5.6521378018585064,-5622.7353779306,0.2908848865999971
INDO_red_226_cutoff_7.5.inp.out,394.37819502981495,-0.2969,0.0683,22.2839,49.0,-1307.7498480018,63.29596903891842,54.48507611916631,-5395.0802313562,0.29036750000068423
INDO_red_227_cutoff_7.5.inp.out,394.6491518006079,-0.3016,0.0782,24.2911,50.0,-1307.7839230880,-44.460782514996026,-112.58358154380439,-5471.1818259882,0.29585185290034133
INDO_red_228_cutoff_7.5.inp.out,396.8007962334591,-0.3016,0.0719,37.2375,52.0,-1307.2130518384,-64.8648498265341,-98.07655883779067,-5622.6963887241,0.2949899573004586
INDO_red_229_cutoff_7.5.inp.out,397.6660620813996,-0.2988,0.0771,37.7305,52.0,-1307.2270505845,106.09320710700423,-15.454477935873097,-5622.6521465798,0.2908220584004084
INDO_red_22_cutoff_7.5.inp.out,394.12146177412654,-0.3132,0.0673,26.0766,49.0,-1308.0521464802,-2.0587100524984603,18.556670107380665,-5395.3465626136,0.3047017152002809
INDO_red_230_cutoff_7.5.inp.out,396.23850394825865,-0.2879,0.0801,19.7933,59.0,-1304.7312993243,-30.97375105169023,48.350186930504,-6152.4093998076,0.2794549816999279
INDO_red_231_cutoff_7.5.inp.out,395.9861204620301,-0.2959,0.0748,21.2820,57.0,-1305.7330355447,6.6985137914638,-25.04577780309872,-6001.2526364389,0.286999448700044
INDO_red_232_cutoff_7.5.inp.out,395.1872659647976,-0.2852,0.0813,15.3549,54.0,-1306.1544157158,-5.991390900953639,48.563033127605785,-5773.5864279006,0.2786064052997972
INDO_red_233_cutoff_7.5.inp.out,397.21471477320586,-0.2899,0.0758,24.7744,55.0,-1306.1395461264,-187.2561700653947,5.391488784531684,-5849.6342978789,0.2817772222997519
INDO_red_234_cutoff_7.5.inp.out,397.935446937897,-0.3079,0.0780,22.9799,57.0,-1305.6040746798,-110.61421503237452,114.75452663398657,-6001.2070210993,0.2985765214998537
INDO_red_235_cutoff_7.5.inp.out,395.5341765970138,-0.2870,0.0653,18.5921,57.0,-1305.3088972382,-144.41421952007238,-29.106681025824543,-6000.8544622096,0.28148671750022913
INDO_red_236_cutoff_7.5.inp.out,396.50025311534495,-0.2981,0.0706,15.2820,54.0,-1306.3728119824,-186.12478317637516,1.870564989027205,-5773.8433092719,0.2897578878000786
INDO_red_237_cutoff_7.5.inp.out,396.8518146408098,-0.2934,0.0766,22.3538,54.0,-1306.1972678888,16.214803784827755,6.610079451986838,-5773.6047762395,0.28678799440058356
INDO_red_238_cutoff_7.5.inp.out,397.1270005151998,-0.2750,0.0891,25.6442,53.0,-1306.8794324145,53.045952664408865,-15.257426559423331,-5698.3086841911,0.26917356080048194
INDO_red_239_cutoff_7.5.inp.out,396.4531468037762,-0.3189,0.0633,21.7019,56.0,-1305.5242160456,-330.0754431707797,51.723382587506755,-5925.1235740095,0.3119606954996925
INDO_red_23_cutoff_7.5.inp.out,399.7852797615221,-0.2873,0.0698,24.8281,49.0,-1308.2398229373,0.1640544535417522,0.28074192054497427,-5395.5602318267,0.281408874599947
INDO_red_240_cutoff_7.5.inp.out,395.88776127396704,-0.3247,0.0498,17.4386,51.0,-1307.4828996570,-76.34669740021658,25.261128814687925,-5546.868908519,0.3169005240997649
INDO_red_241_cutoff_7.5.inp.out,395.57810143308336,-0.2809,0.0707,22.3206,54.0,-1306.4721160691,33.263199151343834,33.84208307686803,-5773.9524259837,0.274502489900442
INDO_red_242_cutoff_7.5.inp.out,394.23403653813466,-0.2949,0.0731,32.8038,50.0,-1307.7696903455,25.489863989345945,14.944988374776653,-5471.0906081721,0.28784006719979516
INDO_red_243_cutoff_7.5.inp.out,398.2750781189861,-0.2912,0.0750,26.6752,52.0,-1306.8011842824,-9.225654219690917,21.8934680760281,-5622.1905637668,0.2849937903993123
INDO_red_244_cutoff_7.5.inp.out,397.84587452724026,-0.3042,0.0637,27.5665,51.0,-1306.5198977189,-24.597729668342136,0.4426468607554757,-5545.9106293512,0.29659818800064386
INDO_red_245_cutoff_7.5.inp.out,394.2144472304309,-0.2984,0.0676,36.4049,52.0,-1307.2351132821,47.53243502555352,63.319388181206406,-5622.5704694421,0.28958750719993986
INDO_red_246_cutoff_7.5.inp.out,397.1122813733176,-0.2684,0.0828,33.1742,52.0,-1306.7210357885,108.66420054281012,17.52782549198267,-5622.0496215298,0.26494321769951057
INDO_red_247_cutoff_7.5.inp.out,397.2441729427674,-0.2866,0.0848,26.9332,51.0,-1307.2441887179,92.34758780335244,13.608401828798563,-5546.5286443949,0.27566646249943005
INDO_red_248_cutoff_7.5.inp.out,400.01130849411845,-0.2945,0.0610,33.7409,52.0,-1306.8924488916,99.73819233572154,40.269943907421194,-5622.3023151823,0.28632510699935665
INDO_red_249_cutoff_7.5.inp.out,393.1323146687804,-0.2841,0.0763,30.1175,52.0,-1306.6256365690,40.76148551156393,19.228955142255995,-5621.9905382231,0.27926150420080376
INDO_red_24_cutoff_7.5.inp.out,396.72020723580044,-0.2999,0.0732,26.9155,52.0,-1306.6744560136,22.22607864740574,8.130287017555652,-5622.1688106436,0.2905736806005734
INDO_red_250_cutoff_7.5.inp.out,395.98975080446536,-0.2908,0.0790,29.2569,52.0,-1306.6977929034,104.34867979571196,11.450323983249858,-5622.1322106524,0.28359382639973774
INDO_red_251_cutoff_7.5.inp.out,400.987357443185,-0.2878,0.0860,29.4829,54.0,-1306.6011353765,1.6311786953749103,76.27393756494914,-5774.1000341963,0.2803375667999717
INDO_red_252_cutoff_7.5.inp.out,395.7655600491768,-0.2865,0.0756,33.9866,56.0,-1305.8008658630,57.20529909818671,119.10294177696734,-5925.3419386006,0.278689087100247
INDO_red_253_cutoff_7.5.inp.out,395.37885463296425,-0.3176,0.0678,27.7628,53.0,-1306.8190274745,-35.668647975867856,-4.931673715782932,-5698.2816176521,0.3083414927004924
INDO_red_254_cutoff_7.5.inp.out,399.3056864484156,-0.3018,0.0746,33.3764,53.0,-1306.8467950084,1.1908241728069733,-43.94689659490304,-5698.2432778987,0.2947591393003677
INDO_red_255_cutoff_7.5.inp.out,397.45726596599997,-0.2954,0.0705,25.1731,52.0,-1307.3303557689,25.963806397496842,4.554251666171273,-5622.6255339403,0.28733250640016195
INDO_red_256_cutoff_7.5.inp.out,396.2996358081211,-0.2852,0.0855,24.6006,50.0,-1308.0873547165,283.78549963391094,-52.778273538005585,-5471.3887940026,0.27949490819992207
INDO_red_257_cutoff_7.5.inp.out,395.6978550072822,-0.2904,0.0847,29.2815,50.0,-1307.9230782259,44.81635277191046,-31.799932738728295,-5471.2324665158,0.28411860590040305
INDO_red_258_cutoff_7.5.inp.out,399.70715373058323,-0.2894,0.0764,28.9272,50.0,-1307.9958024217,145.1564155284315,-35.48733234091692,-5471.300139697,0.28083794160011166
INDO_red_259_cutoff_7.5.inp.out,394.44629657589445,-0.2970,0.0677,22.8115,52.0,-1307.2628677293,70.73157402363961,31.232799013372464,-5622.6567560695,0.2907296002003932
INDO_red_25_cutoff_7.5.inp.out,393.6526936788242,-0.2893,0.0613,41.4425,56.0,-1306.0195878410,76.57377463179724,109.73411242843359,-5925.6308413338,0.2831258421001621
INDO_red_260_cutoff_7.5.inp.out,395.49830941002875,-0.2957,0.0686,28.5853,51.0,-1307.4932587297,173.68628784013708,-1.9219300263968129,-5546.8221277341,0.2907209786999374
INDO_red_261_cutoff_7.5.inp.out,396.7820600120248,-0.2999,0.0691,27.8405,51.0,-1307.5963398536,-1.9383408024626747,4.963248809962257,-5546.9349983027,0.2930847193001682
INDO_red_262_cutoff_7.5.inp.out,393.4000304554188,-0.2903,0.0644,30.3831,49.0,-1308.5037499966,37.60645346455219,53.15715968966587,-5395.8441091791,0.28482452380012546
INDO_red_263_cutoff_7.5.inp.out,395.77128812960683,-0.2966,0.0637,30.7040,51.0,-1307.5414336781,79.98595559352314,19.78832623496625,-5546.9325947333,0.28783080910034187
INDO_red_264_cutoff_7.5.inp.out,398.39086593711204,-0.3187,0.0559,29.1743,52.0,-1306.8408181303,-42.650878323275165,124.1234882786508,-5622.1945947388,0.3113509521999731
INDO_red_265_cutoff_7.5.inp.out,391.90736712728136,-0.3002,0.0680,36.3764,53.0,-1306.5441477853,69.67264218410656,75.6343538930737,-5697.9222386427,0.2950805140999364
INDO_red_266_cutoff_7.5.inp.out,396.7127915127349,-0.2877,0.0701,39.5536,51.0,-1307.9525190995,3.301748762378242,11.97338722624856,-5547.3668436889,0.2841430197004229
INDO_red_267_cutoff_7.5.inp.out,400.6303999305072,-0.2929,0.0710,47.6248,50.0,-1308.0570176662,-14.653078255009493,62.288226358212555,-5471.4192241057,0.2841493463001825
INDO_red_268_cutoff_7.5.inp.out,395.24198053998845,-0.2972,0.0779,47.7830,46.0,-1309.4170328776,179.85395886668468,49.09127838204446,-5168.5891075239,0.2881948215999728
INDO_red_269_cutoff_7.5.inp.out,395.700158897121,-0.2808,0.0750,46.8585,47.0,-1308.9146791742,93.01779764030024,66.88720522946782,-5244.150136993,0.277010590599275
INDO_red_26_cutoff_7.5.inp.out,397.7463176101345,-0.2883,0.0727,34.5570,54.0,-1306.5321981874,94.20016624746793,50.371413314375516,-5774.0710867439,0.28109188550024555
INDO_red_270_cutoff_7.5.inp.out,395.770556710984,-0.2935,0.0817,45.0288,46.0,-1309.6390198464,204.12330291510534,72.18644105493742,-5168.8233626531,0.2873144881996268
INDO_red_271_cutoff_7.5.inp.out,394.5010214039979,-0.2982,0.0685,55.5964,48.0,-1308.9092956464,111.15463609396369,116.50759450609284,-5320.2026891562,0.2939502053995966
INDO_red_272_cutoff_7.5.inp.out,398.4378458621592,-0.2772,0.0788,53.5494,47.0,-1309.0227688345,118.98435212931994,147.83316919603843,-5244.2183101017,0.2720364183996935
INDO_red_273_cutoff_7.5.inp.out,394.4466407275759,-0.2976,0.0716,43.7729,50.0,-1308.1425537038,69.87654988031582,85.98168996955435,-5471.5743989544,0.2881050473997675
INDO_red_274_cutoff_7.5.inp.out,397.17002812623565,-0.2550,0.0851,49.5879,53.0,-1306.9083598937,-77.60648326251064,64.2833504197958,-5698.4622857509,0.24719595050009957
INDO_red_275_cutoff_7.5.inp.out,398.02363661599543,-0.2888,0.0754,45.1959,51.0,-1307.5585707635,-26.510886318154125,50.35883971473713,-5546.9531081657,0.279938388899609
INDO_red_276_cutoff_7.5.inp.out,396.22987993401654,-0.2929,0.0626,46.9160,53.0,-1306.9580205147,2.257010889590905,6.06578980161248,-5698.4222382873,0.28721058369956154
INDO_red_277_cutoff_7.5.inp.out,399.21343606191033,-0.2991,0.0603,47.0940,51.0,-1307.8545569038,13.25031726169432,48.784181373055574,-5547.2440076644,0.2922067772997252
INDO_red_278_cutoff_7.5.inp.out,390.422828573587,-0.2738,0.0849,38.4175,48.0,-1309.3564479549,-56.971814018878725,-39.67286840894193,-5320.6143574963,0.26842227680026554
INDO_red_279_cutoff_7.5.inp.out,398.26978318829134,-0.2668,0.0842,60.5279,55.0,-1306.1161849035,-83.75962582070873,-110.59700970229247,-5849.6870221128,0.2598668759001157
INDO_red_27_cutoff_7.5.inp.out,398.6843725894944,-0.2986,0.0681,35.5345,53.0,-1306.9245296409,103.18482246105742,77.82667329259176,-5698.4168280524,0.2920179190005001
INDO_red_280_cutoff_7.5.inp.out,398.72502225791646,-0.2629,0.0971,59.9955,51.0,-1307.9183774328,152.3785119658516,138.45331688946746,-5547.2603068916,0.25339463079944835
INDO_red_281_cutoff_7.5.inp.out,395.37125338785575,-0.2779,0.0743,56.7867,56.0,-1306.5744847970,95.00472832976138,110.68599762866197,-5926.1289272066,0.27006326890023047
INDO_red_282_cutoff_7.5.inp.out,395.5679567007612,-0.2591,0.0873,58.3913,58.0,-1305.3302224263,123.79281567246834,126.12770574360022,-6077.0024154726,0.25436569200064696
INDO_red_283_cutoff_7.5.inp.out,396.3016508923101,-0.2822,0.0802,48.6994,57.0,-1305.2775908682,66.12692859843106,135.25445262680861,-6000.9130926397,0.2751148343004388
INDO_red_284_cutoff_7.5.inp.out,395.1748919102899,-0.2894,0.0772,44.1937,58.0,-1305.3915749282,274.368412948118,88.20155830210273,-6077.0542991891,0.28330940720024955
INDO_red_285_cutoff_7.5.inp.out,399.3403859846724,-0.3036,0.0668,50.1072,55.0,-1306.2265356216,80.27467205149856,127.054594133971,-5849.7754185947,0.29568411289983487
INDO_red_286_cutoff_7.5.inp.out,397.43298123124623,-0.3089,0.0652,44.6068,58.0,-1305.4301970988,181.8284914813167,65.95861236429853,-6077.0418318914,0.30046880730060366
INDO_red_287_cutoff_7.5.inp.out,394.0133616210012,-0.3050,0.0511,37.9264,52.0,-1307.1980518631,11.0749957752584,105.8904786387652,-5622.6052881989,0.30017447889986215
INDO_red_288_cutoff_7.5.inp.out,396.6420419815536,-0.2927,0.0630,39.2494,55.0,-1306.4199008622,23.709399390924506,25.145694706905477,-5850.0306563658,0.28795171880028647
INDO_red_289_cutoff_7.5.inp.out,394.4848241866059,-0.2997,0.0721,15.9576,54.0,-1306.9847735221,132.47887637785166,-55.7862585285067,-5774.484676418,0.2929703845993572
INDO_red_28_cutoff_7.5.inp.out,393.47709938694715,-0.2803,0.0686,39.8017,51.0,-1307.5957952422,-65.21211336109702,-35.14423740531596,-5547.0369142995,0.2718082497995056
INDO_red_290_cutoff_7.5.inp.out,395.88776127396704,-0.3247,0.0498,17.4386,51.0,-1307.4829143237,-76.34816432074224,25.260931797502057,-5546.8689233061,0.3169002985996485
INDO_red_291_cutoff_7.5.inp.out,395.58556423895806,-0.2811,0.0706,24.8746,55.0,-1306.1359324095,31.3348990897642,35.94091291752152,-5849.6559044614,0.2746454846001143
INDO_red_292_cutoff_7.5.inp.out,394.94189279400877,-0.3021,0.0730,29.2678,49.0,-1308.1401047052,-10.069199415746063,17.925088205693804,-5395.4305813515,0.29465709290070663
INDO_red_293_cutoff_7.5.inp.out,397.7018512668192,-0.2844,0.0731,25.6663,51.0,-1307.3723861751,-38.944211209335144,-10.776177437645577,-5546.8444116605,0.2789524944000732
INDO_red_294_cutoff_7.5.inp.out,395.4401396794634,-0.2943,0.0800,27.9409,52.0,-1306.8705250883,59.665970458537544,89.99602845518316,-5622.2908726379,0.28429695940030797
INDO_red_295_cutoff_7.5.inp.out,394.1083181553259,-0.3084,0.0603,27.2115,49.0,-1308.3516414894,-79.63413326385253,28.48436919766785,-5395.6644801743,0.3013502443000107
INDO_red_296_cutoff_7.5.inp.out,398.20190870606757,-0.3053,0.0717,24.6774,50.0,-1308.0663940542,50.68556251957454,67.20435702195452,-5471.4298232641,0.2965593123999497
INDO_red_297_cutoff_7.5.inp.out,397.1883365179803,-0.3184,0.0588,24.4293,52.0,-1307.2636885003,92.23275941205648,98.15503843080126,-5622.7551977968,0.30694885380034975
INDO_red_298_cutoff_7.5.inp.out,395.26542188345843,-0.2736,0.0887,23.7148,53.0,-1306.8205917053,90.53302943476213,66.1354363114175,-5698.3578324109,0.26828195530015364
INDO_red_299_cutoff_7.5.inp.out,397.82696983347523,-0.3140,0.0671,19.0011,52.0,-1307.1550877425,-13.187473101615078,38.96957854096326,-5622.6544173758,0.3035914138999942
INDO_red_29_cutoff_7.5.inp.out,396.09792823688207,-0.2656,0.0874,42.4196,53.0,-1306.5653182395,-37.40582085400298,-69.15131629605891,-5698.0979534353,0.26252514950010664
INDO_red_2_cutoff_7.5.inp.out,394.9732340380421,-0.2902,0.0701,38.9042,49.0,-1308.3083285530,-31.185779175271588,-48.63015997634739,-5395.6539215989,0.2835004778999064
INDO_red_300_cutoff_7.5.inp.out,398.32145298804073,-0.2851,0.0841,14.8585,55.0,-1306.7542809328,4.516141082295906,10.337363703468455,-5850.2875112518,0.27757857009964937
INDO_red_301_cutoff_7.5.inp.out,397.8271589926344,-0.2977,0.0846,14.0911,56.0,-1306.0874668736,36.7966655291104,13.480646239963006,-5925.5852213225,0.2931303413997739
INDO_red_302_cutoff_7.5.inp.out,396.4412671426448,-0.2964,0.0754,4.1017,54.0,-1307.0287039703,-25.442028421166004,-13.86144964672454,-5774.5256820625,0.2889758459996301
INDO_red_303_cutoff_7.5.inp.out,395.7012916435011,-0.2980,0.0786,13.3192,51.0,-1307.8030024056,64.49014330451459,13.58526081496286,-5547.2024917766,0.2901539490003415
INDO_red_304_cutoff_7.5.inp.out,401.1940120507025,-0.2876,0.0810,18.1977,55.0,-1306.4399892850,122.77151272725459,-0.5640939795717166,-5849.8929620574,0.2813037864998478
INDO_red_305_cutoff_7.5.inp.out,399.09211521196414,-0.2990,0.0753,23.3581,57.0,-1305.8753705388,13.434105597509758,63.864721435781775,-6001.4497316377,0.2921376435997445
INDO_red_306_cutoff_7.5.inp.out,396.02028721838485,-0.2965,0.0770,22.4583,55.0,-1306.5607322497,15.758634144535016,61.39964689878817,-5850.0014481221,0.2852682703996834
INDO_red_307_cutoff_7.5.inp.out,397.4728695032698,-0.2799,0.0757,24.5798,56.0,-1306.1638930324,34.618030768606786,35.08493568361366,-5925.6926710832,0.2756445930999689
INDO_red_308_cutoff_7.5.inp.out,398.4872961118047,-0.2826,0.0641,20.1836,58.0,-1305.3580886161,49.653542030558505,112.13953146384935,-6076.8878133138,0.2763143592992492
INDO_red_309_cutoff_7.5.inp.out,398.27662708908736,-0.2829,0.0754,28.3092,56.0,-1305.7454495694,81.63001299629119,34.71376719769568,-5925.3096215654,0.2765634729003068
INDO_red_30_cutoff_7.5.inp.out,396.9445833816732,-0.2974,0.0706,39.8601,51.0,-1307.4717577570,-70.54210354506125,-77.64035272802926,-5546.9482670567,0.2904113308995875
INDO_red_310_cutoff_7.5.inp.out,393.9949990253132,-0.2699,0.0988,16.9028,52.0,-1307.1356920298,172.8480800034502,-46.1271841728922,-5622.5203214978,0.2636925180995604
INDO_red_311_cutoff_7.5.inp.out,397.42654829302165,-0.2929,0.0663,19.8670,54.0,-1306.4557274606,89.32786234201944,-184.96059358466385,-5773.8683511533,0.28639180729987856
INDO_red_312_cutoff_7.5.inp.out,399.23762190823663,-0.3017,0.0727,20.0786,55.0,-1306.2231689784,-10.713916447869199,-71.79641226515352,-5849.7161860075,0.29342960820031294
INDO_red_313_cutoff_7.5.inp.out,394.80833382205884,-0.3267,0.0502,12.9577,55.0,-1306.0033473364,-96.1289953332885,-34.415015773758626,-5849.5809417625,0.3176637184997162
INDO_red_314_cutoff_7.5.inp.out,393.7014548862013,-0.2720,0.0767,20.2792,56.0,-1305.7565977862,6.395968505752621,10.505956007311605,-5925.2953217351,0.26647415470051783
INDO_red_315_cutoff_7.5.inp.out,398.0833270757053,-0.2896,0.0561,23.5150,55.0,-1305.9631929104,-11.143796123323067,9.967292947663866,-5849.4647566081,0.2822942892998981
INDO_red_316_cutoff_7.5.inp.out,398.8777301578413,-0.2929,0.0715,24.9837,56.0,-1305.4037651086,-48.35224044067883,-104.98422063376383,-5924.969293678,0.28188045660044736
INDO_red_317_cutoff_7.5.inp.out,394.9704696762195,-0.2900,0.0761,37.8179,56.0,-1305.4992046161,51.10199154843909,67.68115062760752,-5925.0744953932,0.28357231989957654
INDO_red_318_cutoff_7.5.inp.out,393.2094925841262,-0.2947,0.0768,31.5211,53.0,-1306.1566601064,26.653196587743356,118.28727548699987,-5697.6367149443,0.2884984014008296
INDO_red_319_cutoff_7.5.inp.out,398.6013297489675,-0.3054,0.0751,23.8891,53.0,-1306.6566573509,-66.00764578874578,27.90309051812554,-5698.0517812687,0.2987977010998293
INDO_red_31_cutoff_7.5.inp.out,397.14482620323776,-0.2908,0.0842,46.4498,51.0,-1307.5882881122,-40.05821531221552,-44.78710968553522,-5547.046515218,0.284388471100101
INDO_red_320_cutoff_7.5.inp.out,398.5890952338047,-0.2892,0.0661,22.8631,52.0,-1306.7042956611,-122.37006674756502,-53.540240301019125,-5622.1533264401,0.2859839391003334
INDO_red_321_cutoff_7.5.inp.out,391.25353259476,-0.3029,0.0757,20.7751,54.0,-1305.7699439688,-0.7548628802818845,-7.123803710498882,-5773.2747207139,0.2922244887004126
INDO_red_322_cutoff_7.5.inp.out,395.1969712221534,-0.2972,0.0817,27.7462,55.0,-1305.9420249866,29.13776839970329,40.398370581759906,-5849.4638051254,0.28904986969973834
INDO_red_323_cutoff_7.5.inp.out,398.4013604044438,-0.2948,0.0693,21.6650,54.0,-1306.3948632129,-155.7681324014007,-85.3604056938106,-5773.845306226,0.2896558926995567
INDO_red_324_cutoff_7.5.inp.out,395.29212840267985,-0.2859,0.0694,22.7215,54.0,-1306.3039740150,-21.411298090509536,-12.591091423750187,-5773.7560461187,0.2800901168002383
INDO_red_325_cutoff_7.5.inp.out,394.93163511146753,-0.2919,0.0696,25.1095,53.0,-1306.7507080241,84.74023329622196,-73.4745871240335,-5698.2185081023,0.28354752660015947
INDO_red_326_cutoff_7.5.inp.out,393.4759849704515,-0.3004,0.0690,37.6438,55.0,-1305.9240252539,257.248465848112,42.4399144080504,-5849.4167619198,0.29518332989937335
INDO_red_327_cutoff_7.5.inp.out,398.1991429823997,-0.3078,0.0803,28.9612,52.0,-1307.4175749242,309.2058614591931,84.95238119001237,-5622.7956583686,0.3007442946000083
INDO_red_328_cutoff_7.5.inp.out,395.81217978110226,-0.3186,0.0607,22.5663,50.0,-1308.2079378583,-30.48602736419421,-54.632008977624956,-5471.5178616146,0.31072838630007027
INDO_red_329_cutoff_7.5.inp.out,396.1230955014256,-0.3074,0.0600,22.3537,50.0,-1307.7206825492,49.41488407497679,62.9566518029776,-5471.086836177,0.30312525229965104
INDO_red_32_cutoff_7.5.inp.out,394.4425360424001,-0.2830,0.0875,46.5048,54.0,-1306.4961932647,43.97197305414524,-28.35400250437707,-5774.0127273526,0.2758897593994334
INDO_red_330_cutoff_7.5.inp.out,395.82941456498855,-0.2789,0.0736,24.9996,56.0,-1306.0284103956,66.52912941359492,8.558561255364143,-5925.7346611291,0.27259798599970964
INDO_red_331_cutoff_7.5.inp.out,396.274758858341,-0.3074,0.0666,29.2604,52.0,-1306.7355206772,-98.73853904364665,-89.89721469024474,-5622.2716390851,0.3001545022998471
INDO_red_332_cutoff_7.5.inp.out,397.63026230260454,-0.2789,0.0828,18.4288,50.0,-1307.4844962341,89.6561177468897,35.35308238038839,-5470.9157042654,0.2730841764996512
INDO_red_333_cutoff_7.5.inp.out,394.92479363906864,-0.2770,0.0714,25.5030,50.0,-1308.2235281127,-53.62764312712111,-1.0421966700412069,-5471.6066648025,0.2712150505003592
INDO_red_334_cutoff_7.5.inp.out,397.25217522696875,-0.2785,0.0775,31.8635,52.0,-1307.1821403495,12.886737238211147,-39.59648848678758,-5622.676677535,0.27389405309986614
INDO_red_335_cutoff_7.5.inp.out,394.2580192375686,-0.2766,0.0839,38.2764,51.0,-1307.8199657676,0.5130730765177827,-4.943739038439559,-5547.2730285518,0.27152237800055445
INDO_red_336_cutoff_7.5.inp.out,396.1797023192297,-0.2943,0.0717,33.9866,56.0,-1306.0431779244,-219.96988216466843,-171.06100816498156,-5925.5956728512,0.2866738776001512
INDO_red_337_cutoff_7.5.inp.out,398.14640768204237,-0.3012,0.0906,25.0945,54.0,-1306.6784658538,-28.137353772587556,32.88466807114548,-5774.1240319123,0.290511065300052
INDO_red_338_cutoff_7.5.inp.out,392.8993438671219,-0.2971,0.0729,27.1033,55.0,-1306.5625934309,56.88626248823228,-17.122200285602187,-5850.0618127366,0.28985117150023143
INDO_red_339_cutoff_7.5.inp.out,396.04559463952467,-0.2989,0.0769,23.6782,55.0,-1306.1401546857,26.458735766508465,-18.260596580353816,-5849.6365011982,0.2927306788997157
INDO_red_33_cutoff_7.5.inp.out,396.8020907735489,-0.2857,0.0698,47.8755,55.0,-1306.6041501332,80.93462625194016,10.145555779460299,-5850.129356595,0.28033390559994587
INDO_red_340_cutoff_7.5.inp.out,398.45511584869695,-0.2831,0.0772,23.4063,53.0,-1306.4615130047,56.295205195288425,94.5301382682391,-5697.8822140584,0.27533576029964024
INDO_red_341_cutoff_7.5.inp.out,397.2728109136455,-0.2930,0.0600,25.9394,54.0,-1306.4961928817,29.880095966132345,227.01361708914214,-5773.9332291504,0.28731238470027165
INDO_red_342_cutoff_7.5.inp.out,395.41627975809484,-0.3107,0.0687,18.6986,56.0,-1305.7382733626,-74.98211242198764,114.30870389856871,-5925.3347427341,0.3019040444005441
INDO_red_343_cutoff_7.5.inp.out,395.2239091497284,-0.3036,0.0693,19.2889,57.0,-1305.9043938297,-43.34559378713481,104.40768687462243,-6001.5256179764,0.2971520433002297
INDO_red_344_cutoff_7.5.inp.out,399.88195974698084,-0.3043,0.0585,14.7105,54.0,-1306.4604037481,-36.920939374755,-16.630578181690442,-5773.9739472384,0.29820048669989774
INDO_red_345_cutoff_7.5.inp.out,394.4155089254537,-0.3174,0.0609,17.2403,52.0,-1307.1335895355,-0.8311796387221433,17.46087946421951,-5622.5520411461,0.3052038469004401
INDO_red_346_cutoff_7.5.inp.out,396.811981096507,-0.3011,0.0608,12.7651,51.0,-1307.5263177555,54.160783686615396,38.55345726290519,-5546.9002762113,0.2951121119003801
INDO_red_347_cutoff_7.5.inp.out,398.2098473519865,-0.2880,0.0713,21.2775,55.0,-1306.5536526896,-150.74484578815856,54.68788015176911,-5850.0172772824,0.28470412269962253
INDO_red_348_cutoff_7.5.inp.out,397.4464526241896,-0.2884,0.0797,18.1123,53.0,-1307.3567668163,102.7027504275676,53.98775365246334,-5698.8311373644,0.2841534289000265
INDO_red_349_cutoff_7.5.inp.out,395.97287112552465,-0.2977,0.0703,7.8518,51.0,-1307.9437190738,40.46690987429689,-13.2739674181101,-5547.3669499343,0.2922171155005344
INDO_red_34_cutoff_7.5.inp.out,398.5271460260475,-0.2906,0.0716,52.6023,55.0,-1306.5437385220,-4.421124392858351,-31.360421611363204,-5850.157077302,0.28331543629974476
INDO_red_350_cutoff_7.5.inp.out,395.88776127396704,-0.3247,0.0498,17.4386,51.0,-1307.4828814817,-76.34686571318746,25.2613482171703,-5546.8688908364,0.3168997496995871
INDO_red_351_cutoff_7.5.inp.out,395.46488130458806,-0.2827,0.0694,20.7258,53.0,-1306.8496700991,57.94454442018704,37.24555490388196,-5698.3152200446,0.2762309452000409
INDO_red_352_cutoff_7.5.inp.out,395.7724882451214,-0.3078,0.0680,23.3704,48.0,-1308.5365041339,21.769613443516068,22.11868575371389,-5319.7735277962,0.298652989200491
INDO_red_353_cutoff_7.5.inp.out,397.67129055568097,-0.2906,0.0756,18.5595,50.0,-1307.5402060177,-79.0497071766426,-16.25318706504102,-5470.890091853,0.2838553932006107
INDO_red_354_cutoff_7.5.inp.out,395.7914779573819,-0.3007,0.0710,24.9443,51.0,-1307.5286647492,102.91108845667596,64.32348872603583,-5546.8073487123,0.2942195221003203
INDO_red_355_cutoff_7.5.inp.out,395.6371218359748,-0.3082,0.0664,6.5512,50.0,-1307.7480486548,-2.3829186361949413,-1.7585406193252044,-5470.998756419,0.30246284950044355
INDO_red_356_cutoff_7.5.inp.out,397.71478330995524,-0.2993,0.0803,11.1781,51.0,-1307.5623265254,-7.955329693844991,0.967771494041637,-5546.9330790707,0.2919460205002906
INDO_red_357_cutoff_7.5.inp.out,394.6875351162912,-0.3056,0.0716,13.8672,47.0,-1309.2916138079,-44.17522584392029,1.2411537796431347,-5244.4168549702,0.2977742383000077
INDO_red_358_cutoff_7.5.inp.out,395.88084526002046,-0.2928,0.0806,10.2230,50.0,-1307.6949260749,132.5191033407304,-48.69118354954767,-5471.001564612,0.2879040463003548
INDO_red_359_cutoff_7.5.inp.out,397.01112583224244,-0.3079,0.0774,9.9800,49.0,-1308.3542283363,63.3758899279011,-22.10079118256274,-5395.6203402898,0.295195692499874
INDO_red_35_cutoff_7.5.inp.out,395.3821193024617,-0.2872,0.0679,55.6600,58.0,-1305.3265601733,24.58836288485045,-26.27418425315793,-6076.9232439045,0.2813794035000683
INDO_red_360_cutoff_7.5.inp.out,397.41146042074627,-0.2925,0.0717,8.1201,51.0,-1307.6080830805,23.88742833167152,-45.937046272798774,-5546.9536331256,0.2891056695998486
INDO_red_361_cutoff_7.5.inp.out,396.54162193750324,-0.2959,0.0705,19.6137,50.0,-1307.8358927125,4.415665385078919,11.334743655859432,-5471.1136067234,0.2912041880999823
INDO_red_362_cutoff_7.5.inp.out,394.9993493588208,-0.3033,0.0719,24.9176,47.0,-1309.0000823465,21.39597271910164,-11.184763303353877,-5244.1723909282,0.29545068710012856
INDO_red_363_cutoff_7.5.inp.out,399.08088185845526,-0.3078,0.0592,10.9131,50.0,-1308.3269374244,0.4983246400308203,42.60854018363661,-5471.6338237404,0.303448806200322
INDO_red_364_cutoff_7.5.inp.out,400.68199977411604,-0.3045,0.0730,7.8220,47.0,-1308.9756381510,112.28496670881606,38.88454832102213,-5244.1452085349,0.2952557569005876
INDO_red_365_cutoff_7.5.inp.out,394.73159368622066,-0.2841,0.0790,7.1026,48.0,-1308.7856447267,114.74017005531893,8.01283468840324,-5320.0095508276,0.2801877711999623
INDO_red_366_cutoff_7.5.inp.out,400.12113818441003,-0.3094,0.0662,11.9548,49.0,-1308.6065483932,76.99095513919815,17.316870125441387,-5395.9288482703,0.3029587016999358
INDO_red_367_cutoff_7.5.inp.out,400.24324523093844,-0.2880,0.0749,13.2120,53.0,-1307.0914298460,122.13714349072615,8.19982487307744,-5698.4810247068,0.2829433896995397
INDO_red_368_cutoff_7.5.inp.out,396.70606251288507,-0.3218,0.0591,6.2071,49.0,-1308.4811051757,-35.05486931608479,-19.935475826414297,-5395.8207664929,0.3122739360005653
INDO_red_369_cutoff_7.5.inp.out,397.8590096156667,-0.3160,0.0640,8.9152,51.0,-1307.8667351436,-31.619280107676722,-0.548832357164381,-5547.3290792472,0.3088001762998829
INDO_red_36_cutoff_7.5.inp.out,393.6080270432465,-0.3059,0.0646,54.2442,54.0,-1306.4539270814,3.332640111755752,-41.79298797455009,-5774.0229619827,0.29915902280026785
INDO_red_370_cutoff_7.5.inp.out,399.37280901563844,-0.3006,0.0667,11.9938,54.0,-1306.9931644636,36.06834753634322,15.75760128574134,-5774.4457118868,0.29314777639956446
INDO_red_371_cutoff_7.5.inp.out,396.1326061625016,-0.3184,0.0581,12.7499,54.0,-1307.0152273317,82.33847297194089,-10.371371767675711,-5774.5352871493,0.3103459344001749
INDO_red_372_cutoff_7.5.inp.out,396.27834292208905,-0.3094,0.0636,6.9215,55.0,-1306.6161369804,66.20985917301189,2.3464946642502773,-5850.1195703843,0.30268402060028166
INDO_red_373_cutoff_7.5.inp.out,397.7238786701373,-0.3226,0.0691,6.4750,56.0,-1305.8110104058,-20.860118072334622,-8.861391957176318,-5925.3960424222,0.314230494000185
INDO_red_374_cutoff_7.5.inp.out,397.345983570668,-0.2752,0.1002,17.8413,55.0,-1306.1214932516,98.36298753800722,39.59861302678353,-5849.631251018,0.268312701299692
INDO_red_375_cutoff_7.5.inp.out,397.6039619563189,-0.2841,0.0897,12.4665,56.0,-1305.4868383946,15.907971875396678,10.700402818330605,-5925.0180423147,0.27725519070008886
INDO_red_376_cutoff_7.5.inp.out,395.93846676519365,-0.2883,0.0747,14.5565,52.0,-1307.6107107967,-32.26779874043729,-33.667076415898705,-5623.0176576836,0.283773932400436
INDO_red_377_cutoff_7.5.inp.out,396.9294355380232,-0.2980,0.0700,11.2421,52.0,-1307.3924903572,-52.018652480674994,-56.30631557891858,-5622.7874290354,0.292003717400803
INDO_red_378_cutoff_7.5.inp.out,397.80041286810257,-0.3032,0.0628,11.6409,54.0,-1306.6793824221,-37.453165615095145,-44.757731767235974,-5774.1706715948,0.29445202740043896
INDO_red_379_cutoff_7.5.inp.out,396.8954698469245,-0.2987,0.0786,15.0979,55.0,-1305.8574493618,-16.500210484929152,-62.5804444365282,-5849.3389903113,0.29131505910027045
INDO_red_37_cutoff_7.5.inp.out,396.84618773036726,-0.2714,0.0792,46.5713,53.0,-1306.9895268016,-35.414494560890745,-73.09190285130009,-5698.5517782679,0.2631374236998454
INDO_red_380_cutoff_7.5.inp.out,396.7798447375796,-0.2905,0.0699,20.1813,56.0,-1305.6342413217,-156.31842718679263,-62.76141084499385,-5925.1725280113,0.28365902950008604
INDO_red_381_cutoff_7.5.inp.out,393.3045337133339,-0.2839,0.0715,15.3217,53.0,-1306.7470474163,-3.0999917044876293,-57.442763065396235,-5698.2444229875,0.2773953607002113
INDO_red_382_cutoff_7.5.inp.out,399.6399831179431,-0.2960,0.0742,21.6800,55.0,-1306.0040737599,-59.460349463932396,-125.57602103873178,-5849.5197733618,0.28657157400084543
INDO_red_383_cutoff_7.5.inp.out,401.44661224566505,-0.2799,0.0724,33.6319,54.0,-1306.5526960289,18.591489352656204,-122.83402236712789,-5774.0238027021,0.2743205869001031
INDO_red_384_cutoff_7.5.inp.out,392.3570503400379,-0.3022,0.0742,28.5501,59.0,-1304.6975215742,-50.97420383746697,-81.46309691340743,-6152.2917298256,0.2921447870994598
INDO_red_385_cutoff_7.5.inp.out,396.81269865444494,-0.3000,0.0716,37.3951,54.0,-1306.3767508223,-125.31794448834984,-193.2840342733031,-5773.8320775072,0.29391097630013974
INDO_red_386_cutoff_7.5.inp.out,398.644492362974,-0.2855,0.0786,35.4267,54.0,-1306.4870243887,11.862933586701025,-17.988893256486183,-5774.0949997272,0.28086891580005613
INDO_red_387_cutoff_7.5.inp.out,400.5336851301954,-0.2918,0.0766,29.3885,55.0,-1306.3519595408,88.36858094653654,51.2138334757138,-5849.9349074644,0.2823979260001579
INDO_red_388_cutoff_7.5.inp.out,391.10932236009415,-0.2804,0.0789,30.6017,53.0,-1306.8376058592,51.45128541417822,-45.521385837742656,-5698.2991279025,0.2738582088995827
INDO_red_389_cutoff_7.5.inp.out,395.44164514523806,-0.3357,0.0507,36.5059,48.0,-1308.7306187269,-106.89805694072484,-58.266587764468746,-5320.0806129874,0.32526573880022625
INDO_red_38_cutoff_7.5.inp.out,399.6755486741715,-0.2997,0.0744,47.2910,58.0,-1305.1512930123,-120.18041194388739,-76.17241067267062,-6076.7925209036,0.2932126708992655
INDO_red_390_cutoff_7.5.inp.out,399.58482196181495,-0.2984,0.0713,32.9767,51.0,-1307.5296244264,-28.843863226423544,-45.3806289480215,-5546.9392746792,0.29443867030022375
INDO_red_391_cutoff_7.5.inp.out,396.075700285134,-0.2927,0.0726,16.7534,52.0,-1307.4202922529,-61.35219798223539,54.71901111091712,-5622.8575610074,0.28409495710002375
INDO_red_392_cutoff_7.5.inp.out,394.9806582677085,-0.2945,0.0621,16.3424,53.0,-1307.2749405901,12.551383654493277,27.611697784043223,-5698.6608210409,0.2886570846003451
INDO_red_393_cutoff_7.5.inp.out,394.70250080179676,-0.2911,0.0768,20.4501,54.0,-1307.1051061665,35.5823405785923,30.976288377622918,-5774.5314036884,0.2851767550992008
INDO_red_394_cutoff_7.5.inp.out,397.1441430394654,-0.3161,0.0682,16.9152,55.0,-1306.2950222323,-49.692784838936525,23.30359174043557,-5849.8065000322,0.3053197528997771
INDO_red_395_cutoff_7.5.inp.out,397.74975776494324,-0.2806,0.0727,18.0989,54.0,-1306.6906831608,80.16607011223597,45.46122520931721,-5774.1134274579,0.2748988237008234
INDO_red_396_cutoff_7.5.inp.out,394.78963653502416,-0.2883,0.0759,25.8807,53.0,-1306.9913847244,86.46204775731589,-16.414525911070573,-5698.3474214953,0.28278510680047475
INDO_red_397_cutoff_7.5.inp.out,395.0068042424375,-0.2787,0.0886,23.4600,52.0,-1307.3654391831,258.50963422759133,29.01115567942957,-5622.7316064883,0.27331131949995324
INDO_red_398_cutoff_7.5.inp.out,397.3590922082462,-0.3135,0.0678,42.2199,53.0,-1306.9728348958,-62.0964729488067,-100.89296950080126,-5698.3636791599,0.3036782711997148
INDO_red_399_cutoff_7.5.inp.out,395.0199208547104,-0.2933,0.0628,42.3515,52.0,-1307.4114128929,38.95237149736071,56.87270388015812,-5622.8600770199,0.28989558269950066
INDO_red_39_cutoff_7.5.inp.out,395.0593307641758,-0.3178,0.0591,46.5332,57.0,-1305.5204652829,-100.35748612717391,-103.74482657819769,-6001.1473775699,0.31071400720065867
INDO_red_3_cutoff_7.5.inp.out,399.91229013072245,-0.2854,0.0737,42.1370,50.0,-1307.6430067398,14.869568285648388,39.904660307231374,-5470.9697876709,0.2800457040002584
INDO_red_400_cutoff_7.5.inp.out,395.7997015259916,-0.3245,0.0501,17.3544,51.0,-1307.4759664394,-69.7473897207092,26.07495586140846,-5546.8618835555,0.31634694219974335
INDO_red_401_cutoff_7.5.inp.out,396.20893495661943,-0.2826,0.0717,22.2455,51.0,-1307.6528231620,48.977512394720755,40.17590402388462,-5547.0439747243,0.2758606024999608
INDO_red_402_cutoff_7.5.inp.out,395.5794398233894,-0.2828,0.0802,28.4794,49.0,-1307.8288961717,18.695877921133885,25.31282437133201,-5395.125955332,0.27755711800000427
INDO_red_403_cutoff_7.5.inp.out,397.1011902415099,-0.2888,0.0737,19.6118,50.0,-1308.0390115603,-11.353888990456323,-22.956813309820582,-5471.3129666763,0.28527001470047253
INDO_red_404_cutoff_7.5.inp.out,398.3089325862164,-0.3038,0.0715,22.1640,49.0,-1307.9957388636,-48.125612914170205,-27.22509412801507,-5395.2557032913,0.29770918260055623
INDO_red_405_cutoff_7.5.inp.out,395.2931443513857,-0.2816,0.0745,20.3433,50.0,-1307.6413519193,-15.089334728744515,-12.159323732143045,-5470.9940159544,0.2779415297000014
INDO_red_406_cutoff_7.5.inp.out,393.8345234180487,-0.3113,0.0664,21.0081,49.0,-1308.3316652295,46.26975473839792,17.328863191854495,-5395.5597796904,0.3034090332002961
INDO_red_407_cutoff_7.5.inp.out,395.5819118591732,-0.3013,0.0677,17.3097,50.0,-1306.9995112569,-36.378666317599226,-17.52497875039891,-5470.3313987093,0.2943401455995627
INDO_red_408_cutoff_7.5.inp.out,398.0877840926075,-0.2790,0.0545,23.0365,49.0,-1308.1343563358,60.1704581870283,-3.470047593851667,-5395.4235021989,0.2743420867000168
INDO_red_409_cutoff_7.5.inp.out,395.99281751946376,-0.2719,0.0621,17.4901,53.0,-1306.6083771281,41.60602831818593,33.68913718224865,-5698.0953833707,0.2696245748002184
INDO_red_40_cutoff_7.5.inp.out,392.34977857600114,-0.3061,0.0744,43.6262,56.0,-1305.9783452336,26.609148768893924,-32.706684025964556,-5925.5822026454,0.2953980638003486
INDO_red_410_cutoff_7.5.inp.out,393.9258369881489,-0.2857,0.0621,9.1814,56.0,-1305.7045061236,74.56680354636713,20.30039662328052,-5925.3495868414,0.2815954141005932
INDO_red_411_cutoff_7.5.inp.out,396.99106396731474,-0.2561,0.0944,21.2883,54.0,-1306.6482114938,-37.8607808999574,26.354014836461744,-5774.1671750792,0.25071522330017615
INDO_red_412_cutoff_7.5.inp.out,398.8816710948247,-0.3005,0.0613,24.4481,52.0,-1306.9700434788,6.7346566622625454,-19.924358533441904,-5622.3861860019,0.29297992319970945
INDO_red_413_cutoff_7.5.inp.out,394.149746853991,-0.2796,0.0855,17.7911,54.0,-1306.3408897043,107.34547607819945,13.145711835099739,-5773.8058563405,0.2730478009998478
INDO_red_414_cutoff_7.5.inp.out,396.21537919332366,-0.2954,0.0667,23.9051,57.0,-1305.1042707128,53.05663520939676,-6.393796509367753,-6000.6779918327,0.2895620756999051
INDO_red_415_cutoff_7.5.inp.out,399.453466754472,-0.2973,0.0697,14.5215,51.0,-1307.4737321540,-7.82391596318945,-0.4292884522772641,-5546.751435763,0.28928506009924604
INDO_red_416_cutoff_7.5.inp.out,395.27725290666507,-0.2852,0.0748,16.0909,50.0,-1307.6749152908,109.95101336331992,17.359510776044363,-5470.9231800429,0.2796942436007157
INDO_red_417_cutoff_7.5.inp.out,394.8041549426879,-0.3110,0.0636,21.4095,56.0,-1305.8882570901,-24.109431444455975,-17.840446106131647,-5925.4618365753,0.3031522460996712
INDO_red_418_cutoff_7.5.inp.out,397.92390058405226,-0.3009,0.0692,19.2858,52.0,-1306.9354024868,55.309797690059334,13.1413197347945,-5622.3884660244,0.29204016259973287
INDO_red_419_cutoff_7.5.inp.out,396.65242215614455,-0.2874,0.0619,15.7847,54.0,-1306.8726131578,-114.33630189391724,16.471284975689716,-5774.3164469293,0.28389819799940597
INDO_red_41_cutoff_7.5.inp.out,397.916348296558,-0.3078,0.0697,40.4027,55.0,-1306.1534452849,-15.429145224166577,6.317541724465019,-5849.6868625004,0.2970005603001482
INDO_red_420_cutoff_7.5.inp.out,394.3425046355557,-0.3006,0.0748,19.9235,50.0,-1307.4740273997,116.9680102712636,6.565702612401584,-5470.7976685283,0.2943219537000914
INDO_red_421_cutoff_7.5.inp.out,396.0928347797894,-0.2927,0.0796,22.4564,48.0,-1308.2974447279,-34.641413269511716,-4.001561165828445,-5319.5686856376,0.2874113893003596
INDO_red_422_cutoff_7.5.inp.out,397.83224567973645,-0.2757,0.0805,27.6147,50.0,-1307.9416529340,221.80138208087425,72.97068127955804,-5471.2700687967,0.270013138199829
INDO_red_423_cutoff_7.5.inp.out,396.61860998055596,-0.2851,0.0638,28.6124,50.0,-1307.5086165440,55.71437142818206,27.188403630892505,-5470.8701991783,0.2802902900002664
INDO_red_424_cutoff_7.5.inp.out,399.2078187860668,-0.2963,0.0674,25.4077,50.0,-1308.0140773510,54.012544062713516,16.44726493228979,-5471.3616556763,0.2901762768997287
INDO_red_425_cutoff_7.5.inp.out,392.0329573621038,-0.3059,0.0670,25.4370,50.0,-1307.4862787333,71.6389773850607,42.873239124793464,-5470.844837056,0.3013994973998706
INDO_red_426_cutoff_7.5.inp.out,399.0621419706108,-0.3040,0.0646,27.1285,53.0,-1306.7743302498,202.38857935010356,84.06147065632105,-5698.2218025946,0.2974098006998247
INDO_red_427_cutoff_7.5.inp.out,398.38376306972197,-0.2892,0.0705,21.5780,54.0,-1306.3804100331,104.18691126407224,9.187754880041,-5773.883712263,0.28355609660047776
INDO_red_428_cutoff_7.5.inp.out,394.64500417704454,-0.3080,0.0646,17.3039,50.0,-1307.4703971523,-10.408286678581746,-2.7596304923275943,-5470.8401513821,0.3005655408996972
INDO_red_429_cutoff_7.5.inp.out,398.0180629884391,-0.2966,0.0539,16.4688,48.0,-1308.2708363688,32.51035157428837,54.73146642803412,-5319.592850833,0.28991095180026605
INDO_red_42_cutoff_7.5.inp.out,400.19922571157275,-0.3009,0.0638,36.4575,55.0,-1306.4167952891,31.029722292653535,45.79685576749817,-5849.9762630842,0.2940456598998935
INDO_red_430_cutoff_7.5.inp.out,397.98101624780713,-0.2883,0.0743,11.0094,50.0,-1307.9254361752,-35.50655432494088,11.784940952224748,-5471.290899026,0.28334637389980344
INDO_red_431_cutoff_7.5.inp.out,397.5778746863721,-0.2913,0.0588,16.3729,51.0,-1308.0909095938,-34.40301115572616,56.81400149925918,-5547.4226783647,0.28656800180033315
INDO_red_432_cutoff_7.5.inp.out,396.38199871593025,-0.2821,0.0838,8.5478,51.0,-1307.2871333226,8.684159200277737,19.105197002611057,-5546.6987867612,0.2736471332000292
INDO_red_433_cutoff_7.5.inp.out,394.0232173058584,-0.2641,0.0936,5.1711,52.0,-1307.0438878232,18.65853558051996,18.127701091432954,-5622.4954652152,0.2593837991998953
INDO_red_434_cutoff_7.5.inp.out,396.6784340964368,-0.2870,0.0721,8.3332,54.0,-1306.3921323414,-18.591205654722277,-4.001840378261577,-5773.8717857992,0.2785609932998341
INDO_red_435_cutoff_7.5.inp.out,397.58402837823945,-0.2902,0.0717,10.8870,55.0,-1306.3240998488,-1.8603284220819232,-5.103516550551586,-5849.8349806361,0.28295312960017327
INDO_red_436_cutoff_7.5.inp.out,396.064444005894,-0.2536,0.0792,11.9953,52.0,-1307.1154529598,159.26624181739905,-41.95137974178689,-5622.6430472683,0.24952683850005997
INDO_red_437_cutoff_7.5.inp.out,393.45382868303784,-0.2974,0.0703,10.1156,48.0,-1309.0756377588,29.592124352029547,-27.72074321129321,-5320.4168068316,0.2920906150002338
INDO_red_438_cutoff_7.5.inp.out,400.122677743292,-0.2951,0.0613,19.2828,50.0,-1308.2741636789,31.07785222254222,-25.391981487137567,-5471.6234927086,0.2871554139001091
INDO_red_439_cutoff_7.5.inp.out,397.01520090105794,-0.2931,0.0648,1.9834,49.0,-1308.6203120770,5.66852241075574,-39.2175751955723,-5395.9452556465,0.2872063878003246
INDO_red_43_cutoff_7.5.inp.out,395.81593338894095,-0.3134,0.0677,40.7585,56.0,-1306.2187034944,-29.555794767703865,-47.037903222214894,-5925.8243032965,0.3051482621995092
INDO_red_440_cutoff_7.5.inp.out,395.2743232812352,-0.2949,0.0793,15.6013,56.0,-1306.4014769637,29.384859982280997,13.272910194025904,-5925.933883349,0.28504041399992275
INDO_red_441_cutoff_7.5.inp.out,395.306614311643,-0.3016,0.0503,18.8812,52.0,-1307.1066861513,29.777685622336634,2.7356107121153004,-5622.5660844646,0.2948064076999799
INDO_red_442_cutoff_7.5.inp.out,398.18999079445695,-0.2847,0.0766,16.0905,54.0,-1306.4121900887,-18.80361874902569,-8.570363514853312,-5773.9204284119,0.27780011509912583
INDO_red_443_cutoff_7.5.inp.out,396.5739257082129,-0.2900,0.0697,5.6280,49.0,-1308.2056491439,25.274365187831243,26.548068244388002,-5395.5061253808,0.28361354209937417
INDO_red_444_cutoff_7.5.inp.out,395.2449882584307,-0.2769,0.0701,4.5074,47.0,-1308.6820130074,30.83995758362986,0.20401264110951128,-5243.9662140144,0.27101847650010313
INDO_red_445_cutoff_7.5.inp.out,396.3988591264054,-0.2985,0.0611,4.3624,50.0,-1307.9148812562,95.33770672995209,11.699453787013478,-5471.2540424971,0.2896233913998003
INDO_red_446_cutoff_7.5.inp.out,399.42964048271887,-0.3084,0.0534,7.6882,54.0,-1306.3114077658,-6.465742472601273,16.868861911392884,-5773.8496197371,0.3012665891992583
INDO_red_447_cutoff_7.5.inp.out,393.59031370518676,-0.2978,0.0622,12.9019,55.0,-1305.9510905257,43.0086426736113,104.05592362523743,-5849.4546562129,0.29248170040045807
INDO_red_448_cutoff_7.5.inp.out,395.6298711504728,-0.3106,0.0652,6.5999,53.0,-1306.8283496140,13.033176999862313,12.959785547154617,-5698.2223835662,0.3014493226000923
INDO_red_449_cutoff_7.5.inp.out,398.3802114915552,-0.2822,0.0717,5.0517,53.0,-1306.4885478814,-25.120131054863005,-0.5864386734214493,-5697.9098204596,0.27675800540055207
INDO_red_44_cutoff_7.5.inp.out,395.31578534588976,-0.2925,0.0757,42.7162,54.0,-1306.4790577119,20.801721021918812,-11.083895133824994,-5773.9605201001,0.2865527836002002
INDO_red_450_cutoff_7.5.inp.out,395.77148416690795,-0.3251,0.0500,17.3843,51.0,-1307.4858351193,-72.64860292107397,27.208004687227643,-5546.8725290757,0.31695174280048377
INDO_red_451_cutoff_7.5.inp.out,397.2862057413955,-0.2893,0.0800,21.7725,53.0,-1306.9585021942,43.93833295614233,32.781262459980034,-5698.4015859713,0.284030618300676
INDO_red_452_cutoff_7.5.inp.out,395.00494884610674,-0.2959,0.0696,28.0187,51.0,-1307.6835339992,-14.497051116318726,4.240659730798609,-5547.0870763318,0.2890555703006612
INDO_red_453_cutoff_7.5.inp.out,398.5391794301145,-0.3013,0.0776,26.3543,49.0,-1308.1793703076,-3.703746812450118,-10.889684564198864,-5395.528062841,0.2933630222996726
INDO_red_454_cutoff_7.5.inp.out,398.85713758900533,-0.2918,0.0681,19.6570,49.0,-1308.3017092301,37.002379278625,9.45364845323475,-5395.5970827532,0.2845855681007379
INDO_red_455_cutoff_7.5.inp.out,394.34600474994903,-0.2917,0.0765,20.7841,51.0,-1307.8293824806,65.60076014359744,69.93724031560944,-5547.1900830796,0.2869059019994893
INDO_red_456_cutoff_7.5.inp.out,395.38085628972715,-0.2986,0.0765,17.0651,50.0,-1308.5535740462,45.96964360731426,41.180583675687444,-5471.9141019046,0.2930740085002981
INDO_red_457_cutoff_7.5.inp.out,397.5122925581674,-0.3024,0.0778,26.2242,51.0,-1307.9066562795,-7.961650083423066,24.115494108250715,-5547.3428728231,0.2963937383001394
INDO_red_458_cutoff_7.5.inp.out,397.73427367850127,-0.3198,0.0560,20.9946,54.0,-1306.5085284861,-155.0537949261609,-18.608143151980435,-5774.0507398591,0.31254496370002016
INDO_red_459_cutoff_7.5.inp.out,397.1188908195108,-0.2973,0.0789,21.6215,47.0,-1309.5632409990,-6.0812494389469425,-34.87197335101588,-5244.8098267384,0.2926652492997164
INDO_red_45_cutoff_7.5.inp.out,393.64634673311963,-0.2892,0.0805,38.0469,54.0,-1306.8367672648,80.56957495381822,-32.544233821017734,-5774.4448084801,0.2825030608992165
INDO_red_460_cutoff_7.5.inp.out,395.2695505679682,-0.3089,0.0706,13.7950,51.0,-1307.8210863183,16.81279810345395,-20.29120522873232,-5547.266174067,0.30128644870001153
INDO_red_461_cutoff_7.5.inp.out,400.74490906170746,-0.2837,0.0871,6.2208,49.0,-1308.4209412600,12.879195884233162,-7.927350443064913,-5395.8308566027,0.27921398380021856
INDO_red_462_cutoff_7.5.inp.out,395.65739578854124,-0.2857,0.0861,9.7145,50.0,-1308.0219973684,15.225446036037118,36.546663738256825,-5471.4087416606,0.2798501875995498
INDO_red_463_cutoff_7.5.inp.out,395.5187203961526,-0.2880,0.0825,13.8875,54.0,-1306.6530286164,-122.09501811036263,-27.43806630942913,-5774.1649576351,0.2788835740002469
INDO_red_464_cutoff_7.5.inp.out,399.04469237300003,-0.2887,0.0741,16.7113,55.0,-1306.0585222197,-53.67948556998942,41.253984314495106,-5849.5833066724,0.28401339070023823
INDO_red_465_cutoff_7.5.inp.out,399.0584170337791,-0.2976,0.0752,26.3925,53.0,-1306.9967352881,-3.066770897044158,-25.05247531538655,-5698.4758116318,0.28826793179996457
INDO_red_466_cutoff_7.5.inp.out,396.4610102864531,-0.2920,0.0850,25.5306,52.0,-1306.9503427521,3.8611965204360574,-37.73909643737276,-5622.3863265968,0.2841575228003421
INDO_red_467_cutoff_7.5.inp.out,396.11249090710174,-0.2852,0.0775,12.2967,51.0,-1307.6477881576,-84.16514946310316,2.146455316900368,-5547.0679014173,0.27820087489999423
INDO_red_468_cutoff_7.5.inp.out,397.00681431348744,-0.3037,0.0805,18.9856,51.0,-1307.5848247945,-62.203975500048514,-19.39055701619148,-5547.0288311585,0.2928724331995909
INDO_red_469_cutoff_7.5.inp.out,397.1239645974484,-0.3128,0.0603,25.5566,53.0,-1306.8938650982,-80.48639056731294,-46.01754468334545,-5698.3758307291,0.3068763813998885
INDO_red_46_cutoff_7.5.inp.out,399.725691875068,-0.3156,0.0644,39.4978,52.0,-1307.0425606654,-47.929645217266085,-32.736147907236884,-5622.5498084148,0.3069597738995071
INDO_red_470_cutoff_7.5.inp.out,393.36941035504736,-0.2871,0.0784,33.4552,54.0,-1306.4559908058,-132.65326083380126,-28.9485139593783,-5773.9293318929,0.2808440556000278
INDO_red_471_cutoff_7.5.inp.out,400.48700956311274,-0.3122,0.0604,28.5097,54.0,-1306.5765650952,46.681599601285804,15.291477549602094,-5774.0738057288,0.30357342249953945
INDO_red_472_cutoff_7.5.inp.out,395.93582710993593,-0.2870,0.0719,27.8085,57.0,-1305.9475384840,-78.44126775643315,-23.184279963706146,-6001.5414035835,0.2808115137995628
INDO_red_473_cutoff_7.5.inp.out,394.97956646575136,-0.2886,0.0670,32.4529,59.0,-1304.9465247446,-62.392472255326396,72.05649405447578,-6152.5864161006,0.28272773109983973
INDO_red_474_cutoff_7.5.inp.out,396.98731302704306,-0.2770,0.0854,31.1530,57.0,-1305.7398363843,52.87649744863712,54.12397015347714,-6001.4104861917,0.26976555160035787
INDO_red_475_cutoff_7.5.inp.out,395.75806494647514,-0.3087,0.0472,41.2270,57.0,-1305.6401693727,-52.79475207964131,22.378840789332667,-6001.2864452244,0.3038197586001843
INDO_red_476_cutoff_7.5.inp.out,397.32353891841336,-0.2959,0.0575,41.9481,55.0,-1306.6032480751,34.37120186437567,36.61199538052304,-5850.1674417424,0.2910873943992556
INDO_red_477_cutoff_7.5.inp.out,394.8110699742852,-0.2809,0.0747,47.8490,53.0,-1307.6389258134,-69.17215699695213,-97.94795607865535,-5699.1217335663,0.27344816889944923
INDO_red_478_cutoff_7.5.inp.out,395.69092677917837,-0.3003,0.0658,45.4721,50.0,-1308.1601629919,-37.29991034380071,16.73572387479608,-5471.5579999,0.29081271889936033
INDO_red_479_cutoff_7.5.inp.out,398.5858135769152,-0.2742,0.0697,38.0876,50.0,-1308.1098278217,-66.33859224723759,-13.261266923690934,-5471.4712078836,0.2702628040997297
INDO_red_47_cutoff_7.5.inp.out,396.9750185200252,-0.3012,0.0572,38.5828,51.0,-1307.3355317040,-69.16946777129579,-76.21081139086108,-5546.7954688409,0.2937913767000282
INDO_red_480_cutoff_7.5.inp.out,395.890204034166,-0.2907,0.0792,41.8235,47.0,-1308.9356489609,-96.47306640804896,-25.37920801540658,-5244.2796955669,0.2864063586002885
INDO_red_481_cutoff_7.5.inp.out,393.3446108585971,-0.2862,0.0666,48.9739,51.0,-1307.2672752613,-122.31842073033769,-130.49166070834514,-5546.7624224615,0.28223737700045604
INDO_red_482_cutoff_7.5.inp.out,397.16341839661777,-0.3064,0.0625,48.2276,54.0,-1306.6736111333,111.71137114944774,-34.158774510955894,-5774.2105021508,0.3007842074002838
INDO_red_483_cutoff_7.5.inp.out,399.5006254683593,-0.3017,0.0665,47.6499,54.0,-1306.6063303775,-87.2790885474369,-158.1460377830597,-5774.0955329468,0.29060609270072746
INDO_red_484_cutoff_7.5.inp.out,394.14277109718074,-0.3019,0.0672,47.7697,54.0,-1306.4876469265,-66.71882173006965,-34.949257438997414,-5774.0047507379,0.2952339995999864
INDO_red_485_cutoff_7.5.inp.out,394.4799359081207,-0.2801,0.0711,47.6377,53.0,-1306.7741907945,-28.313618755717716,-69.75535556735069,-5698.2145792368,0.2757220800003779
INDO_red_486_cutoff_7.5.inp.out,393.5178662388438,-0.3096,0.0553,47.8146,54.0,-1306.6266391681,-44.08449223698749,-157.9289531486107,-5774.2393287675,0.3022836168001959
INDO_red_487_cutoff_7.5.inp.out,397.0655246073846,-0.2950,0.0792,57.2836,53.0,-1306.4964369293,35.71234585065997,-201.81699011741176,-5698.0077276167,0.2853862935999132
INDO_red_488_cutoff_7.5.inp.out,399.30896344083186,-0.2848,0.0625,55.7824,49.0,-1308.1700249717,103.61415046415176,-22.088465249806138,-5395.4779470166,0.280505742499372
INDO_red_489_cutoff_7.5.inp.out,390.6999131627448,-0.2938,0.0733,51.5484,49.0,-1308.0162196524,8.336044319350341,-79.59013937410609,-5395.4005316285,0.2893216467991806
INDO_red_48_cutoff_7.5.inp.out,393.7287283335875,-0.2805,0.0707,46.4315,51.0,-1307.5634429018,150.48604762086072,91.53377935897352,-5546.9789568199,0.2770553992004352
INDO_red_490_cutoff_7.5.inp.out,397.8525905021747,-0.2878,0.0691,50.3211,48.0,-1309.0062172614,33.42286566979518,79.63827589245915,-5320.2924118366,0.283567817000403
INDO_red_491_cutoff_7.5.inp.out,395.9010215480434,-0.3114,0.0521,32.6229,50.0,-1308.0933029644,-4.572810572781558,35.407098753369056,-5471.3884138835,0.3066731642002196
INDO_red_492_cutoff_7.5.inp.out,394.7826067077324,-0.2862,0.0652,32.6574,50.0,-1307.7840428300,86.95788300282837,30.19387912514843,-5471.0500552667,0.2800046866004777
INDO_red_493_cutoff_7.5.inp.out,397.64759434449974,-0.2937,0.0771,45.7723,51.0,-1307.5945299972,21.03767423656057,-76.86989107974665,-5546.9734082569,0.28477510959965
INDO_red_494_cutoff_7.5.inp.out,393.4994760506115,-0.2750,0.0835,37.8023,52.0,-1307.2753582056,124.52038516452913,-80.64097714739492,-5622.6016885614,0.2679779493000751
INDO_red_495_cutoff_7.5.inp.out,398.2636279963667,-0.2847,0.0748,32.7436,50.0,-1307.8792637237,-52.72537166663887,-147.4885803534625,-5471.2091172796,0.2809411264006485
INDO_red_496_cutoff_7.5.inp.out,395.23539955980544,-0.2935,0.0714,28.1777,53.0,-1306.3203067339,42.61885333067785,-95.6323909414778,-5697.6660328676,0.28652849640002387
INDO_red_497_cutoff_7.5.inp.out,389.7054569921408,-0.3090,0.0542,29.2633,52.0,-1307.3070705265,70.5142300592427,21.5338879791282,-5622.7359073106,0.30558113859933655
INDO_red_498_cutoff_7.5.inp.out,396.3802029425548,-0.3190,0.0551,22.4806,52.0,-1307.4446740401,-36.22695657797299,6.306538021411659,-5622.8260880391,0.3115190936005092
INDO_red_499_cutoff_7.5.inp.out,394.79550451694763,-0.3071,0.0607,28.1711,54.0,-1306.5948838377,57.475745452616565,15.929513650932726,-5774.0304086824,0.29764103590059676
INDO_red_49_cutoff_7.5.inp.out,399.89849689719574,-0.3064,0.0627,51.1502,54.0,-1306.4104058103,32.15144643814824,52.30075202725535,-5773.9167274657,0.29844013349975285
INDO_red_4_cutoff_7.5.inp.out,396.4321773155135,-0.2800,0.0796,44.6550,52.0,-1307.4059871392,12.435916583188448,-15.851264985780766,-5622.8239083425,0.2753638996000518
INDO_red_50_cutoff_7.5.inp.out,396.0984955453274,-0.2862,0.0683,49.5359,51.0,-1307.0321859450,-205.4417118830908,-215.61643811483796,-5546.4653081013,0.27817683260036574
INDO_red_51_cutoff_7.5.inp.out,392.9963051863684,-0.3078,0.0624,49.7908,52.0,-1307.2667796737,-105.9553482937685,-150.2371855897416,-5622.6879527873,0.3013236770993899
INDO_red_52_cutoff_7.5.inp.out,397.9733555893311,-0.3280,0.0675,42.5320,55.0,-1306.2324901372,-223.590309513678,-63.96357924880079,-5849.7769800303,0.31655313249939354
INDO_red_53_cutoff_7.5.inp.out,398.79634503694126,-0.2845,0.0846,50.3342,52.0,-1307.2725096199,-21.077728576454323,-28.450629321014063,-5622.7320270392,0.2758682190997206
INDO_red_54_cutoff_7.5.inp.out,395.24889528167586,-0.2698,0.0663,44.6482,50.0,-1307.8547480401,-36.78851428632662,-28.035072028080293,-5471.2243949146,0.2668580338004176
INDO_red_55_cutoff_7.5.inp.out,394.80399670397577,-0.2791,0.0580,40.7243,53.0,-1306.9901421453,39.19168933546694,-20.354479219613278,-5698.4290282949,0.273656897699766
INDO_red_56_cutoff_7.5.inp.out,396.5787815883236,-0.2883,0.0676,36.6538,49.0,-1308.2381511673,6.231556086727669,35.191899376953124,-5395.5571804511,0.279159284200432
INDO_red_57_cutoff_7.5.inp.out,395.1359668972416,-0.2772,0.0562,43.4639,51.0,-1307.6820267947,136.67713749979447,35.85462827716483,-5547.0221790049,0.27046651280033984
INDO_red_58_cutoff_7.5.inp.out,396.8131450936523,-0.2727,0.0827,46.5489,53.0,-1306.8430528583,37.144923427564855,-23.932496506639122,-5698.2873375035,0.2675145748007708
INDO_red_59_cutoff_7.5.inp.out,395.492346443218,-0.2886,0.0674,40.3452,52.0,-1306.9900804871,20.663853610276988,-67.66605656959733,-5622.4678974499,0.2830327302999649
INDO_red_5_cutoff_7.5.inp.out,391.7341582791008,-0.2795,0.0766,48.9757,49.0,-1308.2408893065,87.05140677460352,20.831450340716007,-5395.5560936013,0.2735119531998862
INDO_red_60_cutoff_7.5.inp.out,395.9700185579067,-0.3077,0.0642,41.4119,56.0,-1305.5529329218,-105.07799370127243,-177.63268649433397,-5925.0941537942,0.3007866774005379
INDO_red_61_cutoff_7.5.inp.out,399.07737903263114,-0.2907,0.0768,43.2962,53.0,-1307.0045219233,-101.9760831567051,-129.21535490230403,-5698.387671082,0.28587984000023425
INDO_red_62_cutoff_7.5.inp.out,395.43899895799274,-0.3006,0.0769,37.2759,51.0,-1307.4590925476,0.23105004097938353,-50.69486925060263,-5546.8653099587,0.29272945650063775
INDO_red_63_cutoff_7.5.inp.out,395.9188577684045,-0.2774,0.0706,35.0372,49.0,-1308.4116744930,5.290127800910098,-148.94269083742614,-5395.726260913,0.2716210022999803
INDO_red_64_cutoff_7.5.inp.out,394.7914583578659,-0.2810,0.0689,33.8354,52.0,-1307.0517791651,99.71416313511388,20.401726527146064,-5622.4620440407,0.2757869400002164
INDO_red_65_cutoff_7.5.inp.out,397.4540851128089,-0.2785,0.0734,33.3036,49.0,-1307.9444904637,151.37475586114823,82.39052628551724,-5395.2784251896,0.27537872289940424
INDO_red_66_cutoff_7.5.inp.out,396.6931601581869,-0.2853,0.0643,34.3030,50.0,-1308.0075941351,112.88027265548463,81.56620429421015,-5471.3167388893,0.27888873420033633
INDO_red_67_cutoff_7.5.inp.out,392.4808133357227,-0.2907,0.0741,34.8920,48.0,-1309.0692805411,116.7036181750336,38.82277538809269,-5320.3406210219,0.28615481369979534
INDO_red_68_cutoff_7.5.inp.out,395.15949711804785,-0.2667,0.0795,32.2557,47.0,-1308.9563813098,-33.685761889893165,-74.3196672518636,-5244.247223042,0.26222356559992477
INDO_red_69_cutoff_7.5.inp.out,398.26584256847167,-0.2791,0.0688,41.8116,50.0,-1308.0886265145,96.3387813133809,51.18204526916719,-5471.5381392748,0.27322088639994035
INDO_red_6_cutoff_7.5.inp.out,398.38090963029686,-0.2945,0.0707,43.5707,49.0,-1308.4996433714,-55.54308794781461,32.5294211916309,-5395.7357025088,0.28840628400030255
INDO_red_70_cutoff_7.5.inp.out,395.77148416690795,-0.3251,0.0500,17.3843,51.0,-1307.4858403330,-72.64609392042827,27.208155395120247,-5546.8725338095,0.31695136959933734
INDO_red_71_cutoff_7.5.inp.out,396.9784516232699,-0.2938,0.0782,21.4579,53.0,-1306.9639159736,40.554568547791355,27.524246988675348,-5698.4018146849,0.28768966769985127
INDO_red_72_cutoff_7.5.inp.out,396.2941603915014,-0.2922,0.0714,24.6670,52.0,-1307.2905679380,-85.76717073254908,-54.624621891823466,-5622.7498588851,0.284147428599681
INDO_red_73_cutoff_7.5.inp.out,396.51741807630424,-0.2829,0.0744,16.5878,51.0,-1307.4389473017,52.213761946839355,26.015580230455516,-5546.7770166219,0.27553935600008117
INDO_red_74_cutoff_7.5.inp.out,397.25200691059507,-0.2866,0.0785,10.8688,52.0,-1306.9847404738,1.103927630031915,-21.813329638686128,-5622.4002553554,0.2806233441997392
INDO_red_75_cutoff_7.5.inp.out,396.37698892858845,-0.3078,0.0647,14.1413,54.0,-1306.2994540312,10.886290178133354,3.3582271308806817,-5773.761279523,0.2992621144003351
INDO_red_76_cutoff_7.5.inp.out,397.6911159029552,-0.2796,0.0781,22.6393,53.0,-1306.3186927021,-77.69768737744967,-16.672218244652694,-5697.7645366845,0.27466164769975876
INDO_red_77_cutoff_7.5.inp.out,396.46760283433525,-0.2889,0.0730,19.1670,55.0,-1305.9043602384,69.21879930813353,20.060050363646383,-5849.3458025648,0.28035345949956536
INDO_red_78_cutoff_7.5.inp.out,394.40384957084626,-0.2730,0.0908,18.9034,50.0,-1307.8822170016,234.57507245998653,9.51105491015952,-5471.1771823786,0.2647909048000656
INDO_red_79_cutoff_7.5.inp.out,397.11078768735314,-0.2961,0.0570,8.8654,49.0,-1308.3354427847,-10.603173072688113,-2.6494699771221693,-5395.6940070009,0.2885313740998754
INDO_red_7_cutoff_7.5.inp.out,393.90892355690113,-0.2886,0.0853,33.5299,47.0,-1309.0570678155,-65.47716728991294,-63.78543119339504,-5244.2893509508,0.28147596979943046
INDO_red_80_cutoff_7.5.inp.out,397.22509642487415,-0.2991,0.0768,19.6285,50.0,-1307.9617340255,26.359594386454088,20.420053442080285,-5471.3054314301,0.29289711410001473
INDO_red_81_cutoff_7.5.inp.out,396.74472346593456,-0.3052,0.0593,26.1346,52.0,-1307.2901087314,17.619867576330844,-20.183388622708144,-5622.70047578,0.29631907129987667
INDO_red_82_cutoff_7.5.inp.out,396.28263149922225,-0.2759,0.0767,31.7517,56.0,-1306.1271630058,-111.40485016036105,-36.720706684838845,-5925.7270918108,0.27145091560032597
INDO_red_83_cutoff_7.5.inp.out,392.38290397686495,-0.2663,0.0856,30.7141,49.0,-1308.4715303309,64.07427240977759,33.25587070352755,-5395.7816579653,0.2605343529003221
INDO_red_84_cutoff_7.5.inp.out,398.76163968069613,-0.2666,0.0870,17.9499,49.0,-1308.5443060357,146.64645036829586,-1.4190860826217817,-5395.8830888022,0.26126631349961826
INDO_red_85_cutoff_7.5.inp.out,395.3382029945149,-0.2811,0.0956,27.3801,53.0,-1307.0426221666,107.8218474973134,12.52572887308057,-5698.5062582247,0.2707746033993317
INDO_red_86_cutoff_7.5.inp.out,393.3009774875962,-0.2724,0.0779,18.6446,55.0,-1306.1646964799,84.64784781779413,-61.333467492018656,-5849.7370445767,0.2670481260001907
INDO_red_87_cutoff_7.5.inp.out,394.54356749831453,-0.2989,0.0703,30.4617,54.0,-1307.2070586489,74.21312737327823,10.457510075677718,-5774.7275699396,0.2932112358002996
INDO_red_88_cutoff_7.5.inp.out,395.85340579388435,-0.2980,0.0543,23.2416,50.0,-1307.9254906305,67.76387712368455,25.42523468091387,-5471.3479170374,0.29229682210007013
INDO_red_89_cutoff_7.5.inp.out,396.2157557716436,-0.2868,0.0765,26.6526,55.0,-1306.6392962800,129.98052273840975,35.66334472154928,-5850.2377601305,0.28182016749997274
INDO_red_8_cutoff_7.5.inp.out,396.05710228576584,-0.2914,0.0524,31.5702,49.0,-1308.2560390351,115.56653535021827,68.32952462799147,-5395.4603427236,0.2865509531002317
INDO_red_90_cutoff_7.5.inp.out,392.9711971956917,-0.2728,0.0741,36.3946,55.0,-1306.4630844548,172.9585566035959,63.5589056921491,-5849.9688648334,0.2696560761996807
INDO_red_91_cutoff_7.5.inp.out,397.1544051400422,-0.2976,0.0611,31.4920,50.0,-1308.1014866545,24.31648335679115,27.682119466608835,-5471.578315356,0.2895981669007597
INDO_red_92_cutoff_7.5.inp.out,396.8083259582259,-0.3132,0.0585,38.3819,52.0,-1307.4713109930,37.731734485398725,83.91004191556681,-5622.9488319741,0.3080126241993639
INDO_red_93_cutoff_7.5.inp.out,393.2418119901434,-0.3246,0.0603,35.1095,51.0,-1308.1538728818,91.09375482316692,86.29036886152493,-5547.5297108321,0.31674724699951184
INDO_red_94_cutoff_7.5.inp.out,393.35331874610677,-0.2727,0.0920,33.9551,53.0,-1307.2662709900,-22.985996607355354,76.60034893021505,-5698.6963966534,0.26688739149994944
INDO_red_95_cutoff_7.5.inp.out,396.6001249121253,-0.2876,0.0693,31.0734,51.0,-1307.5319529765,-39.193672318047696,46.48368066450239,-5546.9158112205,0.28374625200012815
INDO_red_96_cutoff_7.5.inp.out,394.77353946834216,-0.2958,0.0781,34.4856,47.0,-1309.1555847923,-51.359610426713296,-62.13923862116063,-5244.4162560678,0.29196421400047257
INDO_red_97_cutoff_7.5.inp.out,397.36016720730595,-0.2974,0.0768,32.4416,49.0,-1308.2478030394,-80.11816971441445,-43.7119320910526,-5395.5444254374,0.28821511789919896
INDO_red_98_cutoff_7.5.inp.out,394.8828871097448,-0.2885,0.0719,31.9871,49.0,-1308.6175855675,-158.55659679851487,-167.38981269006635,-5395.9324051011,0.27951068400034274
INDO_red_99_cutoff_7.5.inp.out,396.0705080806063,-0.2860,0.0824,40.9579,51.0,-1307.5474567282,-91.27007487449346,-43.34305497421769,-5546.9128670177,0.2799209905997486
INDO_red_9_cutoff_7.5.inp.out,400.3870038495059,-0.3005,0.0657,25.4001,52.0,-1307.2528586391,16.0516690577183,161.8996340718418,-5622.6592844698,0.29451451820023067
