file_name,NRE,HOMO,LUMO,Dipole_mom,Num_waters,chg_chg,elec5,elec10,delE_hf,delE_dft
INDO_red_0_cutoff_0.0.inp.out,395.80558483122326,-0.3287,0.0425,4.2633,0.0,-1325.1296000001,-5.088116413585762,-5.879696818161023,-1686.6248603833,0.3315879290000794
INDO_red_100_cutoff_0.0.inp.out,397.620286721493,-0.2939,0.0783,3.6286,0.0,-1325.0756565743,-12.90872714516807,-13.533951579054525,-1686.5746604856,0.295742084199901
INDO_red_101_cutoff_0.0.inp.out,395.0559826994941,-0.3075,0.0613,2.9083,0.0,-1325.3855136256,-2.457960689687812,0.6755720035258713,-1686.8751595848,0.3110291945999961
INDO_red_102_cutoff_0.0.inp.out,399.0241836753944,-0.3159,0.0636,4.0353,0.0,-1325.4347618038,2.187525450451805,2.841566103667459,-1686.9293171788,0.3158574167000552
INDO_red_103_cutoff_0.0.inp.out,397.5360096046588,-0.3153,0.0651,4.3095,0.0,-1325.0216138172,1.6247895809371207,-2.0467221631774124,-1686.5076787339,0.3182739893998132
INDO_red_104_cutoff_0.0.inp.out,397.03605112383235,-0.3045,0.0613,3.8342,0.0,-1324.8978305736,-2.2336270997316467,-1.382029797550808,-1686.3870630062,0.3067539931000738
INDO_red_105_cutoff_0.0.inp.out,395.9231235700643,-0.3094,0.0656,2.9605,0.0,-1325.0553921973,-9.381174786540107,-21.135642884691826,-1686.5376532059,0.3098182501998963
INDO_red_106_cutoff_0.0.inp.out,396.4858078464947,-0.2861,0.0766,3.3099,0.0,-1325.2022044368,-16.563491273209046,-34.5702410677944,-1686.6793305757,0.28951612259993453
INDO_red_107_cutoff_0.0.inp.out,397.9720970490326,-0.2833,0.0787,4.3504,0.0,-1325.0682541065,6.532886119589297,-2.286278063578093,-1686.5526381362,0.28651172089985266
INDO_red_108_cutoff_0.0.inp.out,397.25459316619,-0.2813,0.0819,2.7499,0.0,-1325.3280953438,2.2953190645622867,1.0387839233943632,-1686.8116209101,0.2857497038000929
INDO_red_109_cutoff_0.0.inp.out,395.0071010978532,-0.2956,0.0669,3.9509,0.0,-1325.4422152379,-3.5935446877573933,-4.635956839977117,-1686.9242992364,0.3002579988001344
INDO_red_10_cutoff_0.0.inp.out,394.56713194669516,-0.2805,0.0770,3.6760,0.0,-1325.1666291515,-8.145485063040573,-7.214567866001244,-1686.6435460515,0.28311125449999963
INDO_red_110_cutoff_0.0.inp.out,400.16304705839923,-0.2792,0.0983,3.4401,0.0,-1325.4780290896,-2.263216327178648,-5.901256663306804,-1686.9771545485,0.27985665459982556
INDO_red_111_cutoff_0.0.inp.out,395.78649501674806,-0.2804,0.0848,3.6033,0.0,-1325.6346461046,2.4766875455277204,-3.0393716002263176,-1687.1153577695,0.28289642710001317
INDO_red_112_cutoff_0.0.inp.out,395.3196979093637,-0.2817,0.0848,3.4107,0.0,-1325.8800779328,1.4381150163597247,-5.537086348571602,-1687.356435031,0.281230991700113
INDO_red_113_cutoff_0.0.inp.out,396.062824351751,-0.2906,0.0726,3.4576,0.0,-1325.4173705655,-3.9430024493542364,-4.891888129545913,-1686.9078255883,0.2931942533998608
INDO_red_114_cutoff_0.0.inp.out,398.67406062761756,-0.2707,0.0895,3.3539,0.0,-1326.1404168083,-9.193151285067612,-8.911428539529023,-1687.6154892419,0.27570887159981794
INDO_red_115_cutoff_0.0.inp.out,399.82357970772296,-0.2825,0.0883,4.2974,0.0,-1325.9621575870,15.30365718176235,17.905851700730246,-1687.4467477102,0.2860269329999028
INDO_red_116_cutoff_0.0.inp.out,391.2476587949496,-0.2898,0.0757,3.4097,0.0,-1324.8117209858,-1.4900667705394475,-0.6679293538057112,-1686.2819726183,0.2918243082999652
INDO_red_117_cutoff_0.0.inp.out,394.2364482616753,-0.2991,0.0703,2.9846,0.0,-1325.5294858755,-1.651834770643706,-4.179418462338509,-1686.9981984591,0.2992644696998923
INDO_red_118_cutoff_0.0.inp.out,400.5082668556157,-0.3007,0.0791,4.1594,0.0,-1325.4015177632,-2.5196646428186247,-4.6005377048035925,-1686.8864026843,0.30231756569992285
INDO_red_119_cutoff_0.0.inp.out,397.07301672025983,-0.2934,0.0768,3.4629,0.0,-1325.7735260965,-4.927880862772565,-4.6981053677595135,-1687.2561831169,0.2957573907999631
INDO_red_11_cutoff_0.0.inp.out,396.0696811321039,-0.2806,0.0761,2.9543,0.0,-1325.2643045252,-1.6526868296512922,-3.7813825859687964,-1686.7279020522,0.28597211270016487
INDO_red_120_cutoff_0.0.inp.out,396.05775365262485,-0.3023,0.0577,5.2537,0.0,-1325.0744516690,-20.090422970103045,-31.302287461877544,-1686.5757470548,0.30512041709994264
INDO_red_121_cutoff_0.0.inp.out,397.186494126705,-0.2978,0.0691,3.9879,0.0,-1325.0478033564,-24.660557039061924,-28.14731715875497,-1686.5231181474,0.29539969829988877
INDO_red_122_cutoff_0.0.inp.out,396.17523039065003,-0.2880,0.0807,3.4312,0.0,-1325.4351003298,-4.5921128573326495,-11.125494464142813,-1686.9190977649,0.2914861266999651
INDO_red_123_cutoff_0.0.inp.out,396.1002578797055,-0.2730,0.0860,3.4366,0.0,-1325.0071345353,2.4519587067483877,-2.177994655024139,-1686.4849039007,0.27683852259997366
INDO_red_124_cutoff_0.0.inp.out,398.7423757127631,-0.2981,0.0702,3.7034,0.0,-1325.1951225966,-7.932748958812324,-9.493478852745053,-1686.6726944433,0.3004909367000437
INDO_red_125_cutoff_0.0.inp.out,395.8923951585869,-0.2890,0.0709,3.4103,0.0,-1325.0793523899,-2.767884325313569,-9.314203710109677,-1686.5632162782,0.2924155030000293
INDO_red_126_cutoff_0.0.inp.out,396.6289671948556,-0.2991,0.0788,4.3352,0.0,-1324.9886434262,-7.227722068964038,-10.818416839132112,-1686.4794298308,0.2980615896999552
INDO_red_127_cutoff_0.0.inp.out,396.2113366069091,-0.2912,0.0733,3.0364,0.0,-1324.9018381270,-13.475592829118716,-13.110651243202895,-1686.3726571512,0.294371536700055
INDO_red_128_cutoff_0.0.inp.out,396.202069662429,-0.2936,0.0687,2.2149,0.0,-1325.0686212772,-3.2013812885386557,-8.329198531077392,-1686.5575259773,0.2940106480000395
INDO_red_129_cutoff_0.0.inp.out,395.792419099333,-0.3180,0.0527,2.6587,0.0,-1325.1774439981,4.511650444584424,10.746408676405506,-1686.6597613083,0.3205482027999551
INDO_red_12_cutoff_0.0.inp.out,396.57786222935005,-0.2917,0.0688,4.1846,0.0,-1325.3240649039,-2.1485829859483547,-7.702568409290069,-1686.7992438749,0.29536850099998446
INDO_red_130_cutoff_0.0.inp.out,395.88776127396704,-0.3284,0.0427,4.2763,0.0,-1325.1322579725,-5.21889788161092,-5.913859875283359,-1686.6278808907,0.3314057417001095
INDO_red_131_cutoff_0.0.inp.out,395.6637247812344,-0.2878,0.0776,3.5651,0.0,-1325.1721661204,-1.9997472198802715,-3.50972564454729,-1686.6464040143,0.29248038850005287
INDO_red_132_cutoff_0.0.inp.out,393.78874678977957,-0.3040,0.0704,2.7675,0.0,-1325.1487084568,2.360353415805287,-2.0502990928265405,-1686.6383837701,0.30667705309997473
INDO_red_133_cutoff_0.0.inp.out,398.95810392262774,-0.2860,0.0824,2.5698,0.0,-1324.9364389931,-4.845418314736295,-7.876942323655074,-1686.4344425709,0.2899350518000574
INDO_red_134_cutoff_0.0.inp.out,398.3434873781869,-0.3086,0.0711,3.0508,0.0,-1325.1501209581,-3.5445062913825276,-10.586216350889412,-1686.642741733,0.3097746378998636
INDO_red_135_cutoff_0.0.inp.out,396.66967088294854,-0.2653,0.0924,3.7469,0.0,-1325.5250211195,-1.5896992766644509,-8.766135562678112,-1687.0168550493,0.2711059543000829
INDO_red_136_cutoff_0.0.inp.out,394.009336962073,-0.2967,0.0724,3.4002,0.0,-1325.1735057227,-9.510287830933471,-7.419470214484711,-1686.6658629605,0.30161264510002184
INDO_red_137_cutoff_0.0.inp.out,396.89125451562506,-0.2877,0.0865,4.6992,0.0,-1325.3846201425,0.543636485841537,-4.762600107199675,-1686.8783325256,0.2875807875998362
INDO_red_138_cutoff_0.0.inp.out,398.15899456542115,-0.2938,0.0689,4.1241,0.0,-1325.3619217264,-4.907600633143314,-12.22066267028097,-1686.8544728916,0.29985430300007465
INDO_red_139_cutoff_0.0.inp.out,397.0930576780885,-0.2989,0.0680,5.1800,0.0,-1325.0785388188,-2.658580502050307,-18.861648081098966,-1686.5673322727,0.30341519629996583
INDO_red_13_cutoff_0.0.inp.out,398.114198347387,-0.2939,0.0653,5.6792,0.0,-1325.2796404974,-11.401744115903089,-3.017544620031257,-1686.7692068611,0.2967867075999493
INDO_red_140_cutoff_0.0.inp.out,394.2776727762021,-0.2952,0.0615,4.8330,0.0,-1325.2279126082,-7.487897696814084,-6.653641562693597,-1686.7067410041,0.2983623079001063
INDO_red_141_cutoff_0.0.inp.out,392.3992367666453,-0.2943,0.0743,4.0241,0.0,-1325.1470280417,4.514933521553439,-1.2123902944355338,-1686.6208807011,0.3006817867999416
INDO_red_142_cutoff_0.0.inp.out,399.401176763546,-0.3016,0.0635,3.2825,0.0,-1324.9066722876,7.866085701330329,7.86863392223799,-1686.3968403241,0.3075019514001269
INDO_red_143_cutoff_0.0.inp.out,395.92345123296633,-0.3112,0.0521,3.3907,0.0,-1325.0808609475,2.7732379422388336,2.8235848313245007,-1686.5572893228,0.3147443497000495
INDO_red_144_cutoff_0.0.inp.out,391.72454324996556,-0.3006,0.0695,4.1670,0.0,-1324.9951897830,11.513767093034367,7.856860787642717,-1686.4754116772,0.30522994950001703
INDO_red_145_cutoff_0.0.inp.out,396.90320036303297,-0.2887,0.0694,3.7173,0.0,-1324.8585267830,21.200588515115445,18.586668525584777,-1686.3439647171,0.29404586509986075
INDO_red_146_cutoff_0.0.inp.out,394.3512561551991,-0.3084,0.0631,3.2645,0.0,-1325.0321508956,11.216537939922073,14.411922896397968,-1686.5140064835,0.30973370829997293
INDO_red_147_cutoff_0.0.inp.out,396.85594557442454,-0.2889,0.0840,3.9342,0.0,-1325.4050802229,8.483325214387236,10.731676125370875,-1686.9004693529,0.2936897278000288
INDO_red_148_cutoff_0.0.inp.out,398.49487785311453,-0.2832,0.0827,3.7416,0.0,-1325.1029505435,6.099003469721788,5.810719188712703,-1686.5904093377,0.28834360510018087
INDO_red_149_cutoff_0.0.inp.out,395.0129410690454,-0.3021,0.0737,3.2903,0.0,-1325.2500912361,-11.432205989040462,-10.394308540603106,-1686.7311489131,0.30354769020004824
INDO_red_14_cutoff_0.0.inp.out,395.64099022016785,-0.3022,0.0617,4.7552,0.0,-1324.6205258981,-8.455714745235001,-7.573960104317322,-1686.1022023633,0.30741255189991534
INDO_red_150_cutoff_0.0.inp.out,396.76319512162405,-0.3010,0.0736,2.6952,0.0,-1325.1771956195,2.2428753317500565,5.001165334582673,-1686.656729517,0.305047879599897
INDO_red_151_cutoff_0.0.inp.out,397.27379477002523,-0.2724,0.0912,2.9723,0.0,-1325.2425080879,14.386780831301891,23.85846419201607,-1686.718382013,0.2772341843999584
INDO_red_152_cutoff_0.0.inp.out,398.2070044016236,-0.2751,0.0941,4.0898,0.0,-1325.0048461480,3.556064480672154,8.494860663299944,-1686.4950136156,0.277421576100096
INDO_red_153_cutoff_0.0.inp.out,393.6138523256355,-0.2906,0.0824,3.9834,0.0,-1325.5239147909,2.9958767185451984,7.110650655540566,-1686.9976123391,0.29197661890020754
INDO_red_154_cutoff_0.0.inp.out,395.2298814113139,-0.2894,0.0790,3.8843,0.0,-1325.3929292542,7.345048229733437,3.7899755975828318,-1686.8821441542,0.2930241451999791
INDO_red_155_cutoff_0.0.inp.out,398.65019565718853,-0.2853,0.0704,4.3808,0.0,-1325.2569754084,4.056290763992145,11.80543570532449,-1686.7366783691,0.29003506929984724
INDO_red_156_cutoff_0.0.inp.out,395.6143396846778,-0.2740,0.0893,3.6622,0.0,-1325.3042110520,-2.375952990570535,0.004226325806273218,-1686.7920774287,0.2802523335001297
INDO_red_157_cutoff_0.0.inp.out,391.4067458430976,-0.2851,0.0768,4.5587,0.0,-1324.9350351189,-11.308203210216492,-6.1321827552482775,-1686.4218048211,0.2875478502999158
INDO_red_158_cutoff_0.0.inp.out,400.36595487610583,-0.3123,0.0622,4.0862,0.0,-1325.1998288955,-12.41703133692103,-12.104291318439111,-1686.7058537002,0.31423156629989535
INDO_red_159_cutoff_0.0.inp.out,398.75400763774815,-0.3214,0.0277,4.2385,0.0,-1324.9044730388,-2.775257058576001,-0.4478284538523305,-1686.3999693825,0.32377268630011713
INDO_red_15_cutoff_0.0.inp.out,394.45270152540945,-0.3162,0.0385,3.8818,0.0,-1324.6532559337,-1.9641681778652735,-1.2947265550565517,-1686.1343345854,0.3192611435999879
INDO_red_160_cutoff_0.0.inp.out,395.21841255774484,-0.3039,0.0631,3.5767,0.0,-1325.0578339156,-1.3507264154727356,-5.7915271603985055,-1686.5570514658,0.3089901870000631
INDO_red_161_cutoff_0.0.inp.out,398.39527043363717,-0.2970,0.0702,3.0556,0.0,-1325.0193009629,4.387542791105561,9.32636530640832,-1686.4959438785,0.29992280169994956
INDO_red_162_cutoff_0.0.inp.out,397.2310665092607,-0.2884,0.0700,3.2929,0.0,-1325.0695640997,4.18960279885732,9.675988948761853,-1686.5405764674,0.2917223146998822
INDO_red_163_cutoff_0.0.inp.out,396.31781951590995,-0.2871,0.0805,2.4069,0.0,-1325.1841229174,0.20622341627396945,-3.8872327527161086,-1686.6563906992,0.2925330481000401
INDO_red_164_cutoff_0.0.inp.out,395.9491856548711,-0.3066,0.0639,3.3290,0.0,-1325.3056621370,6.264010446231944,12.814874590587838,-1686.7731181218,0.30911037030000443
INDO_red_165_cutoff_0.0.inp.out,396.7443221601814,-0.3014,0.0599,2.3575,0.0,-1325.3421967304,10.49463776010297,9.943653966763941,-1686.8338179966,0.3046790296000381
INDO_red_166_cutoff_0.0.inp.out,396.87530571615724,-0.2803,0.0888,3.2927,0.0,-1325.2380801323,6.577015726881266,8.311052877275905,-1686.7163763626,0.2847968953999498
INDO_red_167_cutoff_0.0.inp.out,397.4720061760095,-0.2752,0.0913,3.1133,0.0,-1325.2263024845,4.424470031210455,0.34311819410913735,-1686.7054546872,0.2773487071999625
INDO_red_168_cutoff_0.0.inp.out,398.1151027634025,-0.2796,0.0830,3.1744,0.0,-1325.4314340131,0.07541026220033176,2.5762842328629625,-1686.9217264928,0.2837145875000715
INDO_red_169_cutoff_0.0.inp.out,395.95214069033017,-0.3089,0.0533,2.5461,0.0,-1325.0672698499,-2.166700219021169,-9.400386892331134,-1686.5475963097,0.3139365295000971
INDO_red_16_cutoff_0.0.inp.out,399.2720066416618,-0.3253,0.0400,3.8501,0.0,-1325.2048291066,-8.325498820733555,-11.557292420607995,-1686.6910930704,0.32913587060011196
INDO_red_170_cutoff_0.0.inp.out,397.4143257007891,-0.3138,0.0615,2.5854,0.0,-1325.7311960701,-1.7516424991609119,-7.9622730876434105,-1687.2259203777,0.3154907550999724
INDO_red_171_cutoff_0.0.inp.out,397.72768771310103,-0.3031,0.0695,4.3305,0.0,-1325.3655694223,-11.518412307724484,-12.970373042391667,-1686.8436265874,0.307424542599847
INDO_red_172_cutoff_0.0.inp.out,395.46515150392503,-0.2949,0.0608,3.0113,0.0,-1325.5626769957,1.7153915706367622,3.5248855720954566,-1687.0509263123,0.3011549906000255
INDO_red_173_cutoff_0.0.inp.out,396.26227273433807,-0.3003,0.0623,3.9381,0.0,-1325.4817124200,-7.2704600028514195,-16.43281838853429,-1686.9663319576,0.3044083259001127
INDO_red_174_cutoff_0.0.inp.out,398.77403909490556,-0.2904,0.0731,4.5910,0.0,-1324.9022798968,-10.331606448666392,-11.355333279111415,-1686.3945935719,0.2944864385001438
INDO_red_175_cutoff_0.0.inp.out,395.18492486212233,-0.2940,0.0508,5.3276,0.0,-1325.1043320679,-15.717009217022499,-12.128228575175013,-1686.5898774989,0.2973508308998589
INDO_red_176_cutoff_0.0.inp.out,396.5720659813857,-0.3145,0.0654,3.5887,0.0,-1325.0279085709,-10.147190618362885,-8.180848171847689,-1686.513850791,0.31404031159991064
INDO_red_177_cutoff_0.0.inp.out,395.33785750608064,-0.2950,0.0602,4.0275,0.0,-1325.0947355754,-13.983325535572515,-15.57193044551577,-1686.577627215,0.3009151610999652
INDO_red_178_cutoff_0.0.inp.out,396.3156223437858,-0.3073,0.0702,4.1289,0.0,-1325.3111764845,0.218775064238255,-6.035844934467891,-1686.8018684761,0.312141177400008
INDO_red_179_cutoff_0.0.inp.out,394.6505450754199,-0.2846,0.0699,5.1836,0.0,-1325.3348931568,1.4400653039207647,-6.054990376205364,-1686.8231929361,0.2889328392000152
INDO_red_17_cutoff_0.0.inp.out,394.259870130556,-0.2960,0.0816,3.1213,0.0,-1324.6766148789,3.6320046419175127,0.8308759937755066,-1686.1640454617,0.2993024282998249
INDO_red_180_cutoff_0.0.inp.out,395.88776127396704,-0.3284,0.0427,4.2764,0.0,-1325.1321592802,-5.219149138191153,-5.914020122975047,-1686.6277822237,0.33140460480012734
INDO_red_181_cutoff_0.0.inp.out,395.89171009804954,-0.2885,0.0769,3.6012,0.0,-1325.1710222010,-1.4404410570088488,-4.118944306078221,-1686.6475223671,0.29340206429992577
INDO_red_182_cutoff_0.0.inp.out,395.50495922588675,-0.3130,0.0650,3.0272,0.0,-1325.0861493426,0.03062206606558554,-4.82297309076114,-1686.5743834847,0.3149658986999384
INDO_red_183_cutoff_0.0.inp.out,397.71509031435966,-0.2898,0.0846,3.1138,0.0,-1324.6854919446,-0.38650480159120726,-3.9553572983484058,-1686.1725308315,0.2936476345000756
INDO_red_184_cutoff_0.0.inp.out,397.775113647125,-0.2775,0.0802,4.1983,0.0,-1324.7008517046,3.012872286983302,-2.7331526747466754,-1686.1949520092,0.27950998589994924
INDO_red_185_cutoff_0.0.inp.out,394.8671492182234,-0.2699,0.0894,2.4167,0.0,-1325.0368399621,4.815756830767966,3.1072159604747758,-1686.5119894213,0.2763091768999857
INDO_red_186_cutoff_0.0.inp.out,395.91755692240287,-0.2953,0.0580,4.7355,0.0,-1325.1178735194,-13.238474251136044,-10.567387721347245,-1686.6149523196,0.29790665750010703
INDO_red_187_cutoff_0.0.inp.out,396.99694142760603,-0.3187,0.0688,3.7205,0.0,-1324.9030760875,-1.7863637906717413,-6.369228010946781,-1686.3976467004,0.3173990979998962
INDO_red_188_cutoff_0.0.inp.out,399.01589898205697,-0.2778,0.0833,4.3124,0.0,-1324.7933735428,-6.021841794650208,-3.745601753364884,-1686.2912851163,0.28204664060012874
INDO_red_189_cutoff_0.0.inp.out,392.0971239040422,-0.2777,0.0834,3.8045,0.0,-1325.0369148546,5.924077959733551,4.5189650197004125,-1686.5063713792,0.2827121315999648
INDO_red_18_cutoff_0.0.inp.out,396.757598523349,-0.2985,0.0756,4.1647,0.0,-1325.3415728238,-4.809772475171971,-7.140858643584123,-1686.827508895,0.29963523219998933
INDO_red_190_cutoff_0.0.inp.out,397.82624364354746,-0.2804,0.0915,3.8551,0.0,-1325.2910301005,1.207604138594278,-3.295115276303268,-1686.7834114656,0.28488201720006145
INDO_red_191_cutoff_0.0.inp.out,396.35143180360546,-0.3033,0.0674,4.0837,0.0,-1324.9643372059,-3.6956861745026526,-0.6009725206264968,-1686.4478854167,0.3072730346998469
INDO_red_192_cutoff_0.0.inp.out,397.0792912729764,-0.2807,0.0771,4.8439,0.0,-1325.0748870482,0.33436145826047614,1.421873546054688,-1686.5637725697,0.2859687433999625
INDO_red_193_cutoff_0.0.inp.out,397.6857837656076,-0.2914,0.0794,3.1973,0.0,-1324.9905754847,4.384437946834969,4.551459228127582,-1686.4709031373,0.2951610840000285
INDO_red_194_cutoff_0.0.inp.out,389.8025150515316,-0.2883,0.0738,2.3467,0.0,-1324.9094417649,-0.2000877493881889,-0.14158153316343824,-1686.3731521334,0.29193631799989816
INDO_red_195_cutoff_0.0.inp.out,397.6036868930543,-0.2917,0.0766,3.2132,0.0,-1325.2036906978,1.6978951510810198,-1.804428678143875,-1686.6946399012,0.29803422989994033
INDO_red_196_cutoff_0.0.inp.out,397.2706119670645,-0.2885,0.0751,3.6219,0.0,-1325.1338095554,-0.42734003313110513,-4.822145284946527,-1686.6212461361,0.2921935413000938
INDO_red_197_cutoff_0.0.inp.out,393.95029576182134,-0.3053,0.0662,3.2296,0.0,-1324.9459779678,-1.1715316313713826,5.986368641735521,-1686.4254588909,0.3100502371000857
INDO_red_198_cutoff_0.0.inp.out,397.21533478976545,-0.2981,0.0681,3.5370,0.0,-1325.0432954003,1.034076293888848,8.726461170414018,-1686.5459059792,0.3029438667999784
INDO_red_199_cutoff_0.0.inp.out,391.6124539151448,-0.2883,0.0743,3.8401,0.0,-1324.9306485249,-0.8391542119099579,1.473462877676702,-1686.3992700163,0.2923378417999629
INDO_red_19_cutoff_0.0.inp.out,397.90899326280936,-0.3042,0.0670,4.2441,0.0,-1325.2481214301,-15.957516430136605,-18.31556372596701,-1686.7403130483,0.3099752222999541
INDO_red_1_cutoff_0.0.inp.out,396.23269007355805,-0.2835,0.0817,2.6997,0.0,-1325.1523895037,0.1642998911978371,1.2452597843477575,-1686.6234545734,0.2885715848001382
INDO_red_200_cutoff_0.0.inp.out,399.9319409851629,-0.2797,0.0804,3.2140,0.0,-1324.5950987019,-1.4550840240591243,2.110492339458388,-1686.0716702173,0.2826772549999532
INDO_red_201_cutoff_0.0.inp.out,395.6881474457914,-0.2752,0.0837,3.1378,0.0,-1324.8300232210,10.732508055805532,15.946459563002746,-1686.3039120846,0.2782192463998854
INDO_red_202_cutoff_0.0.inp.out,393.2919775400067,-0.2913,0.0722,3.7011,0.0,-1324.8298215064,-1.4895921476325935,-2.4379418854715613,-1686.3108895275,0.2971905965998758
INDO_red_203_cutoff_0.0.inp.out,395.0885639669616,-0.2983,0.0639,2.5325,0.0,-1324.8996440836,1.558899469863138,0.40815301719877434,-1686.3663110243,0.30344398390002425
INDO_red_204_cutoff_0.0.inp.out,396.9944368318792,-0.3068,0.0646,4.0243,0.0,-1324.8836123300,-6.8685478866345235,5.894054014566801,-1686.3871963167,0.3107038202001604
INDO_red_205_cutoff_0.0.inp.out,398.2967082089012,-0.3018,0.0693,4.2461,0.0,-1324.4491477707,-1.059613238988364,7.143171143643011,-1685.9496890155,0.3046657926001899
INDO_red_206_cutoff_0.0.inp.out,394.6154416470247,-0.2898,0.0742,4.5060,0.0,-1324.5110912298,-12.061826542692184,-9.457017866417205,-1685.9909340016,0.290701332000026
INDO_red_207_cutoff_0.0.inp.out,396.5463056651278,-0.2966,0.0567,4.7471,0.0,-1324.7424109857,-14.939395923178026,-9.990602280590705,-1686.2424252556,0.3016999998999381
INDO_red_208_cutoff_0.0.inp.out,395.40293775761774,-0.2920,0.0727,3.4535,0.0,-1324.8784855973,-27.552384543401278,-20.4772258832519,-1686.3548747816,0.2980571642999621
INDO_red_209_cutoff_0.0.inp.out,397.84949467780615,-0.2938,0.0707,3.2676,0.0,-1324.6991809645,-1.9334244857432625,4.318720463832991,-1686.1742481199,0.2988455122999767
INDO_red_20_cutoff_0.0.inp.out,395.88776127396704,-0.3284,0.0427,4.2764,0.0,-1325.1322683111,-5.219078604376432,-5.914046520805041,-1686.6278912199,0.3314054529000714
INDO_red_210_cutoff_0.0.inp.out,396.4796075214744,-0.3011,0.0716,3.9884,0.0,-1325.1614099014,-35.14599367385283,-18.643124196403928,-1686.6628797716,0.3045906651000223
INDO_red_211_cutoff_0.0.inp.out,393.91462490038947,-0.2943,0.0764,4.2445,0.0,-1325.0775965105,-0.15031849712900125,5.754800781621789,-1686.5785898787,0.2982200582000587
INDO_red_212_cutoff_0.0.inp.out,395.669243833743,-0.2910,0.0725,2.8106,0.0,-1325.2958299575,-2.5944937938410026,4.085113600030019,-1686.7821112211,0.29218199780007126
INDO_red_213_cutoff_0.0.inp.out,397.8294336610202,-0.2951,0.0622,5.8387,0.0,-1325.3674236660,-21.958638849532793,-6.151650090384797,-1686.8686644274,0.29833420820000356
INDO_red_214_cutoff_0.0.inp.out,396.7856715068337,-0.2864,0.0796,4.4371,0.0,-1325.1498173549,-3.641060402192657,-2.5462673261256343,-1686.6379938895,0.29028659929986134
INDO_red_215_cutoff_0.0.inp.out,394.52154606658684,-0.2878,0.0710,4.4086,0.0,-1325.1266983165,-4.824920728562484,-3.5935703550632256,-1686.6036687711,0.29112455949984906
INDO_red_216_cutoff_0.0.inp.out,395.1960051274345,-0.2706,0.0884,4.6011,0.0,-1324.9050467206,3.1823481969606116,13.242161028584427,-1686.3922596726,0.2745399259001715
INDO_red_217_cutoff_0.0.inp.out,397.52785463748353,-0.3089,0.0710,4.8230,0.0,-1325.1155324822,3.4898778543038325,1.1060888911500137,-1686.6102359194,0.30941849179998826
INDO_red_218_cutoff_0.0.inp.out,397.4044201259845,-0.3147,0.0427,5.1187,0.0,-1324.8534236931,-1.3685898889086667,-1.6150221429481126,-1686.3555966399,0.3156443661000594
INDO_red_219_cutoff_0.0.inp.out,392.67410155060793,-0.2784,0.0830,4.2048,0.0,-1325.2099905709,6.894409699923323,1.9971889783129217,-1686.7023933267,0.28115545030004796
INDO_red_21_cutoff_0.0.inp.out,395.77300901028923,-0.2879,0.0771,3.6052,0.0,-1325.1841907653,-1.7014607304652252,-3.2213934162065345,-1686.66009308,0.2927837360000467
INDO_red_220_cutoff_0.0.inp.out,397.9800276101296,-0.3037,0.0630,3.4314,0.0,-1325.4090346551,-6.365113436036314,-7.468151828988704,-1686.9009068713,0.31047131080003965
INDO_red_221_cutoff_0.0.inp.out,396.66602866552375,-0.2994,0.0781,3.5222,0.0,-1325.2034035705,-1.0703995190424522,-2.002367852307593,-1686.7110621162,0.3039063155999884
INDO_red_222_cutoff_0.0.inp.out,395.3084754832575,-0.2932,0.0734,2.7160,0.0,-1324.9817319887,18.050069026349753,14.404121148732866,-1686.4614888752,0.2946633030001067
INDO_red_223_cutoff_0.0.inp.out,394.5418330271966,-0.3179,0.0588,2.3213,0.0,-1325.2181887739,9.582533625829445,5.89004998799429,-1686.6996632227,0.3213674748999438
INDO_red_224_cutoff_0.0.inp.out,398.09004359770296,-0.3100,0.0577,3.5368,0.0,-1325.1115351199,0.15519684122422955,-1.6011390587307683,-1686.5861263059,0.3129969471001459
INDO_red_225_cutoff_0.0.inp.out,397.5133666609699,-0.2967,0.0666,4.2730,0.0,-1325.2926581209,10.172871508896653,19.27373487579078,-1686.8033740112,0.30093266779999794
INDO_red_226_cutoff_0.0.inp.out,394.37819502981495,-0.3037,0.0625,3.6639,0.0,-1324.6813217117,11.63556173612166,12.796841284116105,-1686.179703026,0.3069702561001577
INDO_red_227_cutoff_0.0.inp.out,394.6491518006079,-0.3032,0.0632,3.3261,0.0,-1325.1395272512,22.827492297202436,18.5979878143374,-1686.6306515271,0.30799724719986443
INDO_red_228_cutoff_0.0.inp.out,396.8007962334591,-0.3023,0.0685,2.8492,0.0,-1325.2941916462,-11.992328141729521,-5.154770564642028,-1686.7822803433,0.3066031551998094
INDO_red_229_cutoff_0.0.inp.out,397.6660620813996,-0.2969,0.0755,3.6649,0.0,-1325.2830261583,5.77076296080645,6.598241448600647,-1686.7507064751,0.298311323200096
INDO_red_22_cutoff_0.0.inp.out,394.12146177412654,-0.3242,0.0526,2.5310,0.0,-1324.9817874148,0.7626103534662498,-1.4231400955927778,-1686.4711972828,0.3265026216001843
INDO_red_230_cutoff_0.0.inp.out,396.23850394825865,-0.2933,0.0756,4.5660,0.0,-1325.1366739453,-14.185890916902691,-22.162476575162565,-1686.6238534422,0.2960741202000463
INDO_red_231_cutoff_0.0.inp.out,395.9861204620301,-0.2989,0.0684,2.9325,0.0,-1325.4470369604,-2.3109620600940093,-5.346374596176965,-1686.9255788521,0.30128339570001117
INDO_red_232_cutoff_0.0.inp.out,395.1872659647976,-0.2893,0.0632,2.9147,0.0,-1324.8390480047,11.360272163225469,14.73566005244856,-1686.3213120445,0.293652277000092
INDO_red_233_cutoff_0.0.inp.out,397.21471477320586,-0.2976,0.0689,2.2417,0.0,-1325.1784541220,-0.9452787824858992,-2.9977127844155342,-1686.6573271248,0.30082450700001573
INDO_red_234_cutoff_0.0.inp.out,397.935446937897,-0.3078,0.0679,2.1072,0.0,-1325.3480638891,-1.6896156467631605,-2.4479037468551246,-1686.8169507662,0.3088810520998777
INDO_red_235_cutoff_0.0.inp.out,395.5341765970138,-0.2926,0.0581,4.3058,0.0,-1325.0262482624,-27.24280583322847,-26.8770440256788,-1686.510637577,0.29756017099998644
INDO_red_236_cutoff_0.0.inp.out,396.50025311534495,-0.3045,0.0569,4.1106,0.0,-1325.0768355376,-21.516944023583115,-27.62523999212358,-1686.5632651791,0.3071106121999492
INDO_red_237_cutoff_0.0.inp.out,396.8518146408098,-0.2996,0.0674,2.9701,0.0,-1324.8635903337,1.8592012937413651,-1.2142419647734513,-1686.3477267125,0.3035407772999861
INDO_red_238_cutoff_0.0.inp.out,397.1270005151998,-0.2768,0.0943,2.9041,0.0,-1325.1801788879,2.691047649787411,-7.07920335196886,-1686.6746104946,0.28043056499996055
INDO_red_239_cutoff_0.0.inp.out,396.4531468037762,-0.3232,0.0569,3.2057,0.0,-1324.9321014814,-2.505391065076239,0.03583954788628663,-1686.418902354,0.3273396465999667
INDO_red_23_cutoff_0.0.inp.out,399.7852797615221,-0.2954,0.0750,3.0802,0.0,-1325.2209382848,0.6996600136811353,-0.14257447010671137,-1686.72184693,0.29990625340019506
INDO_red_240_cutoff_0.0.inp.out,395.88776127396704,-0.3284,0.0427,4.2763,0.0,-1325.1322665420,-5.2187524464689385,-5.913772590755232,-1686.6278894442,0.33140591200003655
INDO_red_241_cutoff_0.0.inp.out,395.57810143308336,-0.2883,0.0772,3.5542,0.0,-1325.1533880835,-2.1644725912501617,-3.544239238902252,-1686.627656403,0.29296740500012675
INDO_red_242_cutoff_0.0.inp.out,394.23403653813466,-0.3018,0.0668,2.7383,0.0,-1325.0384703332,2.7437823672795307,-1.8144131228522227,-1686.5304462004,0.3047805968999455
INDO_red_243_cutoff_0.0.inp.out,398.2750781189861,-0.2941,0.0782,2.8369,0.0,-1324.7867716869,-4.079003173199757,-4.760963223561213,-1686.2849801742,0.2978543271001399
INDO_red_244_cutoff_0.0.inp.out,397.84587452724026,-0.3087,0.0650,3.0819,0.0,-1324.1732602108,3.8609547738387455,1.6563044254338395,-1685.6782514984,0.31154772159993627
INDO_red_245_cutoff_0.0.inp.out,394.2144472304309,-0.3065,0.0611,2.9634,0.0,-1325.2054398685,2.536904063547163,-7.770347546078791,-1686.6998121828,0.30882800519998455
INDO_red_246_cutoff_0.0.inp.out,397.1122813733176,-0.2730,0.0872,3.6072,0.0,-1324.6804279229,11.746094043847936,2.350385345685248,-1686.1719528753,0.2793276121999497
INDO_red_247_cutoff_0.0.inp.out,397.2441729427674,-0.2896,0.0868,3.1953,0.0,-1324.8048211031,7.009530019739335,2.3155409050912343,-1686.2952385847,0.28863756000009744
INDO_red_248_cutoff_0.0.inp.out,400.01130849411845,-0.2980,0.0559,3.4434,0.0,-1324.8399460552,6.983960287596347,3.559514274729125,-1686.3270722765,0.3012768204000622
INDO_red_249_cutoff_0.0.inp.out,393.1323146687804,-0.2884,0.0693,3.1448,0.0,-1324.6031505206,0.10933699479778329,4.994821244656367,-1686.0716914073,0.29388026059996264
INDO_red_24_cutoff_0.0.inp.out,396.72020723580044,-0.3041,0.0763,2.4773,0.0,-1324.7491462533,-0.18843819985053528,-6.735474312486898,-1686.2374492256,0.30545532190012636
INDO_red_250_cutoff_0.0.inp.out,395.98975080446536,-0.2941,0.0833,3.5536,0.0,-1324.6863653899,-3.15175266721491,-5.3684654065998805,-1686.1795076459,0.2976354812999489
INDO_red_251_cutoff_0.0.inp.out,400.987357443185,-0.2885,0.0812,3.6759,0.0,-1325.3344164459,0.9611820298091143,-2.0283975972186274,-1686.8299778631,0.291319797000142
INDO_red_252_cutoff_0.0.inp.out,395.7655600491768,-0.2854,0.0817,3.4991,0.0,-1325.1346260774,11.242853243085898,8.535128108851897,-1686.6236906902,0.28741201980005826
INDO_red_253_cutoff_0.0.inp.out,395.37885463296425,-0.3257,0.0547,3.6693,0.0,-1325.1350319347,1.033772547076125,7.606756008547366,-1686.6315941551,0.3280238286001804
INDO_red_254_cutoff_0.0.inp.out,399.3056864484156,-0.3000,0.0627,4.5631,0.0,-1325.1859719839,-4.169648385471708,-6.712418203619881,-1686.6722822605,0.30306827300000805
INDO_red_255_cutoff_0.0.inp.out,397.45726596599997,-0.2982,0.0631,2.9539,0.0,-1325.2369882061,3.0062020838487333,0.8411781118374582,-1686.7253234296,0.29988349909990575
INDO_red_256_cutoff_0.0.inp.out,396.2996358081211,-0.2870,0.0801,3.5490,0.0,-1325.3340883508,0.009897803631325197,0.4566608974878291,-1686.816554887,0.2917675787000462
INDO_red_257_cutoff_0.0.inp.out,395.6978550072822,-0.2886,0.0778,4.3511,0.0,-1325.1925357987,-3.4112087282438877,7.416914981221019,-1686.6750826225,0.29175986490008654
INDO_red_258_cutoff_0.0.inp.out,399.70715373058323,-0.2881,0.0809,2.9181,0.0,-1325.2423251129,1.043747281545268,-4.538453893684326,-1686.718781498,0.28922772379996786
INDO_red_259_cutoff_0.0.inp.out,394.44629657589445,-0.3006,0.0681,3.2460,0.0,-1325.2518315269,13.523186829785214,9.579470229235339,-1686.7300468204,0.30424904729989066
INDO_red_25_cutoff_0.0.inp.out,393.6526936788242,-0.2850,0.0768,3.9594,0.0,-1325.4518026740,-3.8714436701169848,-2.1365248664563263,-1686.9244514817,0.2878109729999778
INDO_red_260_cutoff_0.0.inp.out,395.49830941002875,-0.2947,0.0793,4.7448,0.0,-1325.1367534055,2.2313423644837402,0.08406984838154385,-1686.6323895124,0.29932855369997924
INDO_red_261_cutoff_0.0.inp.out,396.7820600120248,-0.3049,0.0610,3.4635,0.0,-1325.2020088833,-3.2053005521956894,-4.297346640219879,-1686.6808660582,0.30842730370000027
INDO_red_262_cutoff_0.0.inp.out,393.4000304554188,-0.2955,0.0627,4.1606,0.0,-1325.4896366263,-9.33580181781661,-1.7614575087909348,-1686.9880254577,0.2999004391001563
INDO_red_263_cutoff_0.0.inp.out,395.77128812960683,-0.3021,0.0697,3.3580,0.0,-1325.1843008408,-10.789215370112867,-16.775114365443425,-1686.6732671689,0.3030382651998025
INDO_red_264_cutoff_0.0.inp.out,398.39086593711204,-0.3236,0.0413,4.3697,0.0,-1324.8006625120,-0.7901341461927432,5.135011395850364,-1686.2842782521,0.3267441237001094
INDO_red_265_cutoff_0.0.inp.out,391.90736712728136,-0.3027,0.0601,3.1470,0.0,-1324.8489181009,3.852290326406737,2.6035849182312774,-1686.3357644314,0.30846877909993964
INDO_red_266_cutoff_0.0.inp.out,396.7127915127349,-0.2913,0.0702,4.4422,0.0,-1325.6101638273,0.55129927191258,2.873113056011835,-1687.0978982407,0.29730625539991706
INDO_red_267_cutoff_0.0.inp.out,400.6303999305072,-0.2956,0.0756,5.5915,0.0,-1325.3621942098,-0.04773211483704842,1.8661381545635805,-1686.8729772863,0.2976298272999429
INDO_red_268_cutoff_0.0.inp.out,395.24198053998845,-0.2982,0.0757,4.7391,0.0,-1325.3057051595,1.6060973915022634,1.0953379291847916,-1686.7929126246,0.29953920360003394
INDO_red_269_cutoff_0.0.inp.out,395.700158897121,-0.2833,0.0839,4.1763,0.0,-1325.1826877629,5.676124848194766,2.4610388081604366,-1686.6570789085,0.2884527282999443
INDO_red_26_cutoff_0.0.inp.out,397.7463176101345,-0.2943,0.0754,3.7873,0.0,-1325.2738208114,2.4214029626566527,1.6719866908235947,-1686.7645772633,0.2978218497000853
INDO_red_270_cutoff_0.0.inp.out,395.770556710984,-0.2979,0.0785,3.9143,0.0,-1325.5248136569,2.205019633855442,3.4716867916486622,-1687.004552058,0.301707045799958
INDO_red_271_cutoff_0.0.inp.out,394.5010214039979,-0.3002,0.0657,3.4046,0.0,-1325.5306017983,2.372009294924359,4.489464449889043,-1687.0037246357,0.30586534400003984
INDO_red_272_cutoff_0.0.inp.out,398.4378458621592,-0.2827,0.0815,4.8309,0.0,-1325.2525851509,-8.29031670279784,-8.819674665003268,-1686.7334231563,0.2875104498998553
INDO_red_273_cutoff_0.0.inp.out,394.4466407275759,-0.3064,0.0714,3.3291,0.0,-1325.5468938051,7.0448994756076075,5.73165061697164,-1687.0218076482,0.30800419299998794
INDO_red_274_cutoff_0.0.inp.out,397.17002812623565,-0.2591,0.1072,3.6684,0.0,-1325.3339668667,12.437655207947872,13.763720664690004,-1686.8087884815,0.26048294279985384
INDO_red_275_cutoff_0.0.inp.out,398.02363661599543,-0.2897,0.0832,3.0328,0.0,-1325.2330054196,6.588150209409517,9.773547128103365,-1686.6985897558,0.29070400349996817
INDO_red_276_cutoff_0.0.inp.out,396.22987993401654,-0.3002,0.0628,2.2585,0.0,-1325.3242854454,0.7305368319445597,-1.2319290325788368,-1686.7737078483,0.30458610869982294
INDO_red_277_cutoff_0.0.inp.out,399.21343606191033,-0.2985,0.0717,3.9564,0.0,-1325.5115986003,6.7268583241431,8.339193176008836,-1686.9789740215,0.30117093180001575
INDO_red_278_cutoff_0.0.inp.out,390.422828573587,-0.2768,0.0846,3.1582,0.0,-1325.9981845347,0.6751357689871081,-0.42934370093073826,-1687.4481585007,0.28115264500002013
INDO_red_279_cutoff_0.0.inp.out,398.26978318829134,-0.2715,0.0748,3.7522,0.0,-1325.2158209904,1.3931984977617722,0.19655037650391005,-1686.6979666652,0.2743366443000923
INDO_red_27_cutoff_0.0.inp.out,398.6843725894944,-0.3015,0.0719,2.6784,0.0,-1325.2857091665,-1.9224911581068354,-3.2306151359395363,-1686.7723307095,0.30469320849988435
INDO_red_280_cutoff_0.0.inp.out,398.72502225791646,-0.2708,0.1028,3.3430,0.0,-1325.5710259536,6.7315125930238375,11.661216429151853,-1687.0453793651,0.2724270725000224
INDO_red_281_cutoff_0.0.inp.out,395.37125338785575,-0.2863,0.0831,3.4316,0.0,-1325.9773411677,9.33737515676815,2.6833339418008446,-1687.4539303454,0.289148807699803
INDO_red_282_cutoff_0.0.inp.out,395.5679567007612,-0.2701,0.0890,3.6093,0.0,-1325.4915555403,12.561425979558587,7.07557951097394,-1686.9598270648,0.2757534085999396
INDO_red_283_cutoff_0.0.inp.out,396.3016508923101,-0.2810,0.0855,3.8933,0.0,-1325.0745555990,9.088021397142118,11.394236603119763,-1686.5594223899,0.28453376020001997
INDO_red_284_cutoff_0.0.inp.out,395.1748919102899,-0.2907,0.0713,3.0917,0.0,-1325.5305813293,9.166147930542099,-0.8109531908865,-1686.9940785233,0.29483596859995487
INDO_red_285_cutoff_0.0.inp.out,399.3403859846724,-0.3133,0.0599,2.7228,0.0,-1325.3159271676,-4.890542893048096,-7.903204289938404,-1686.7922627627,0.31678976059993147
INDO_red_286_cutoff_0.0.inp.out,397.43298123124623,-0.3129,0.0661,4.6133,0.0,-1325.4945603963,-16.970075483190026,-18.627108782826095,-1686.9837522463,0.31543004410013964
INDO_red_287_cutoff_0.0.inp.out,394.0133616210012,-0.3114,0.0540,3.0061,0.0,-1325.2044091944,-14.268220211696212,-18.012420351354734,-1686.6871077426,0.31596137409997027
INDO_red_288_cutoff_0.0.inp.out,396.6420419815536,-0.2979,0.0654,4.4483,0.0,-1325.4768667533,-6.029951948164144,-1.1400167562013652,-1686.9774909316,0.30334708320015125
INDO_red_289_cutoff_0.0.inp.out,394.4848241866059,-0.3062,0.0670,5.5139,0.0,-1325.6580038529,-19.714251588100296,-25.239792328051564,-1687.1390409036,0.3097121497999069
INDO_red_28_cutoff_0.0.inp.out,393.47709938694715,-0.2846,0.0835,3.2978,0.0,-1325.3305505671,7.252344955795901,6.792258672047782,-1686.8033283086,0.28611183409998375
INDO_red_290_cutoff_0.0.inp.out,395.88776127396704,-0.3284,0.0427,4.2763,0.0,-1325.1322813069,-5.219116584544341,-5.914037638032595,-1686.6279041984,0.33140568670000903
INDO_red_291_cutoff_0.0.inp.out,395.58556423895806,-0.2875,0.0781,3.5332,0.0,-1325.1647949926,-1.8451296016973582,-3.5855667788210797,-1686.6389717779,0.29215956410007493
INDO_red_292_cutoff_0.0.inp.out,394.94189279400877,-0.3109,0.0685,2.8172,0.0,-1325.0673250795,0.021397846167810097,-3.0790376794205523,-1686.5604317554,0.31322815079988686
INDO_red_293_cutoff_0.0.inp.out,397.7018512668192,-0.2881,0.0757,2.8540,0.0,-1325.0931203010,-7.341496565075436,-8.163472214592323,-1686.5915962908,0.29253909330009265
INDO_red_294_cutoff_0.0.inp.out,395.4401396794634,-0.3014,0.0792,3.7520,0.0,-1324.8838781818,7.62399160785898,8.179306139681298,-1686.3819492109,0.3033294695001132
INDO_red_295_cutoff_0.0.inp.out,394.1083181553259,-0.3169,0.0472,2.6524,0.0,-1325.3285518426,-1.428395124404045,-1.9806734379563733,-1686.816945452,0.3203999626998666
INDO_red_296_cutoff_0.0.inp.out,398.20190870606757,-0.3113,0.0653,2.5419,0.0,-1325.3502086346,2.3101652556994705,-0.70778362911344,-1686.8434030533,0.3137085217999811
INDO_red_297_cutoff_0.0.inp.out,397.1883365179803,-0.3223,0.0571,2.5215,0.0,-1325.2779063388,1.96082341668698,5.610816455356216,-1686.7620062438,0.3216554763998829
INDO_red_298_cutoff_0.0.inp.out,395.26542188345843,-0.2788,0.0801,3.2212,0.0,-1325.1995333335,0.4632128131777305,0.40193839423391164,-1686.6781157221,0.28337631120007245
INDO_red_299_cutoff_0.0.inp.out,397.82696983347523,-0.3202,0.0627,3.5869,0.0,-1325.1623560138,6.0008557451876925,4.798323241065162,-1686.6540740145,0.3208560381999632
INDO_red_29_cutoff_0.0.inp.out,396.09792823688207,-0.2697,0.0934,2.9741,0.0,-1324.9582452601,2.383301339310038,1.2133281549049235,-1686.4315395137,0.27634140009990915
INDO_red_2_cutoff_0.0.inp.out,394.9732340380421,-0.2946,0.0754,3.2889,0.0,-1325.2737212565,0.8603642124706915,-1.5516372755630465,-1686.7608486785,0.2969570773000214
INDO_red_300_cutoff_0.0.inp.out,398.32145298804073,-0.2880,0.0843,3.8375,0.0,-1325.7626277655,4.451325052324561,-1.1960356487822266,-1687.2665941441,0.2907443248998334
INDO_red_301_cutoff_0.0.inp.out,397.8271589926344,-0.2966,0.0831,2.5516,0.0,-1325.3742574914,0.7106927903116398,-2.232241267056239,-1686.8662266284,0.3024216121000336
INDO_red_302_cutoff_0.0.inp.out,396.4412671426448,-0.3026,0.0734,3.4814,0.0,-1325.6734307825,0.12651521516268194,1.1114890895230023,-1687.1715942622,0.3057806740000615
INDO_red_303_cutoff_0.0.inp.out,395.7012916435011,-0.2992,0.0820,2.6296,0.0,-1325.4308916174,5.54973866132008,2.7361250784737914,-1686.9212640174,0.3007636862000709
INDO_red_304_cutoff_0.0.inp.out,401.1940120507025,-0.2903,0.0732,3.8716,0.0,-1325.3846886119,-1.3451312887330664,-2.2518085260814815,-1686.8832021849,0.2940801861000182
INDO_red_305_cutoff_0.0.inp.out,399.09211521196414,-0.3041,0.0628,2.8802,0.0,-1325.5670653630,1.681294488018216,-6.277220285174107,-1687.0559954569,0.3078692637000131
INDO_red_306_cutoff_0.0.inp.out,396.02028721838485,-0.3030,0.0723,4.1290,0.0,-1325.5554661763,0.8819399360589402,-1.47562098950127,-1687.0486522256,0.3025638249998792
INDO_red_307_cutoff_0.0.inp.out,397.4728695032698,-0.2822,0.0766,4.0559,0.0,-1325.4743958040,-2.8914493020869325,-5.709670017374506,-1686.9649970536,0.2872166038000614
INDO_red_308_cutoff_0.0.inp.out,398.4872961118047,-0.2906,0.0734,3.8789,0.0,-1325.3844598389,-15.922677941213442,-20.105203790848673,-1686.8706621903,0.2943325193000419
INDO_red_309_cutoff_0.0.inp.out,398.27662708908736,-0.2832,0.0809,3.3060,0.0,-1325.1575427092,-2.9567574384041384,-24.233386799328507,-1686.643529185,0.28658136530020784
INDO_red_30_cutoff_0.0.inp.out,396.9445833816732,-0.2965,0.0738,2.7695,0.0,-1325.1981811613,-6.7829644368784585,-8.929894028043831,-1686.6774899788,0.2993938384001922
INDO_red_310_cutoff_0.0.inp.out,393.9949990253132,-0.2796,0.0904,3.7360,0.0,-1325.1199410919,-12.353569885681829,-27.663002137274948,-1686.60833341,0.283508328400103
INDO_red_311_cutoff_0.0.inp.out,397.42654829302165,-0.2982,0.0624,3.6318,0.0,-1325.1131389368,-42.15918249645209,-61.25459150746675,-1686.6029545785,0.3015849783998874
INDO_red_312_cutoff_0.0.inp.out,399.23762190823663,-0.3137,0.0557,3.2803,0.0,-1325.2352976765,-7.262016426283306,-15.239030641550439,-1686.7267418104,0.31745054149996577
INDO_red_313_cutoff_0.0.inp.out,394.80833382205884,-0.3329,0.0314,3.0536,0.0,-1325.0524363103,-11.498109386142467,-10.23140913230762,-1686.5323421967,0.3347729628999332
INDO_red_314_cutoff_0.0.inp.out,393.7014548862013,-0.2830,0.0785,3.0826,0.0,-1325.1335102192,-10.273238655455307,-16.313087219334747,-1686.6215861254,0.287824885900136
INDO_red_315_cutoff_0.0.inp.out,398.0833270757053,-0.2955,0.0706,3.4583,0.0,-1324.9271633859,-5.438792142179248,-7.807919085865853,-1686.4238482456,0.2978895815999749
INDO_red_316_cutoff_0.0.inp.out,398.8777301578413,-0.2974,0.0757,3.6088,0.0,-1324.7557428979,-13.344519187232216,-22.680993310186388,-1686.2424674316,0.2962915752000299
INDO_red_317_cutoff_0.0.inp.out,394.9704696762195,-0.2886,0.0768,3.4690,0.0,-1324.8669556294,-11.383555348299026,-13.873649081818497,-1686.3583298498,0.29223634839991064
INDO_red_318_cutoff_0.0.inp.out,393.2094925841262,-0.2991,0.0701,4.0093,0.0,-1324.5026972314,-5.674193317471446,-7.26553849437646,-1685.9890602287,0.3035818931000449
INDO_red_319_cutoff_0.0.inp.out,398.6013297489675,-0.3079,0.0669,3.6311,0.0,-1324.9824782917,-6.293053686779653,-9.719947083257134,-1686.4876262797,0.3117130670000279
INDO_red_31_cutoff_0.0.inp.out,397.14482620323776,-0.2915,0.0833,3.4256,0.0,-1325.3179508443,4.4788350817918525,2.0563767159829434,-1686.7867798689,0.29527245739996033
INDO_red_320_cutoff_0.0.inp.out,398.5890952338047,-0.2906,0.0690,4.3551,0.0,-1324.7023264512,-19.23484366148305,-29.065417749837316,-1686.2050746313,0.29683817589989303
INDO_red_321_cutoff_0.0.inp.out,391.25353259476,-0.3060,0.0722,3.3109,0.0,-1324.4688608686,-8.716387989601172,-19.010858052358262,-1685.9505865216,0.30540397370009487
INDO_red_322_cutoff_0.0.inp.out,395.1969712221534,-0.3010,0.0717,4.2840,0.0,-1324.9708362538,-8.29956438921184,-12.422783964979349,-1686.4594558057,0.3036284209999849
INDO_red_323_cutoff_0.0.inp.out,398.4013604044438,-0.2890,0.0770,4.8296,0.0,-1325.0622753352,-31.359761411523355,-30.676610332838035,-1686.557608527,0.29280267750004896
INDO_red_324_cutoff_0.0.inp.out,395.29212840267985,-0.2853,0.0791,3.9616,0.0,-1324.9654081935,-12.713900280217574,-24.675691563492702,-1686.4459351902,0.2883932702000038
INDO_red_325_cutoff_0.0.inp.out,394.93163511146753,-0.2915,0.0782,3.4829,0.0,-1325.1068091638,-5.817992668729212,-15.242276246197802,-1686.5899075553,0.29258608290001575
INDO_red_326_cutoff_0.0.inp.out,393.4759849704515,-0.2987,0.0719,3.3961,0.0,-1324.9596210953,-2.458204366738305,-10.216007048858103,-1686.456528234,0.3034309701999973
INDO_red_327_cutoff_0.0.inp.out,398.1991429823997,-0.3044,0.0849,3.5688,0.0,-1325.3590997624,-6.983602387960974,-23.042656682568833,-1686.8570612896,0.30796086820009805
INDO_red_328_cutoff_0.0.inp.out,395.81217978110226,-0.3194,0.0583,3.2712,0.0,-1325.4859318194,-5.324642897696967,-29.069215065448898,-1686.9826438277,0.32257546670007287
INDO_red_329_cutoff_0.0.inp.out,396.1230955014256,-0.3023,0.0635,3.9102,0.0,-1325.0438714838,0.9804353421411858,-10.002396235317407,-1686.5283006103,0.3076207077001527
INDO_red_32_cutoff_0.0.inp.out,394.4425360424001,-0.2840,0.0838,2.5270,0.0,-1325.2533583591,5.793786505490586,1.3121930052578248,-1686.7362189452,0.2868567036998684
INDO_red_330_cutoff_0.0.inp.out,395.82941456498855,-0.2728,0.0853,5.0071,0.0,-1325.5237508065,-9.081258860596984,-21.205604010893694,-1687.0070763567,0.2761704183001257
INDO_red_331_cutoff_0.0.inp.out,396.274758858341,-0.3068,0.0553,4.8650,0.0,-1324.8106243410,-25.924028322740426,-31.740615658394884,-1686.2984320555,0.31046324730004926
INDO_red_332_cutoff_0.0.inp.out,397.63026230260454,-0.2783,0.0812,3.2201,0.0,-1324.8655494231,-7.881556297863317,-3.0053346120316116,-1686.3251664579,0.2820898935999594
INDO_red_333_cutoff_0.0.inp.out,394.92479363906864,-0.2766,0.0783,3.4629,0.0,-1325.5523971464,3.0685943663233526,-11.713455131973376,-1687.0363292341,0.2790914709999015
INDO_red_334_cutoff_0.0.inp.out,397.25217522696875,-0.2840,0.0820,2.9665,0.0,-1325.2236393985,-1.8164394806205486,-11.077507241388583,-1686.7016243014,0.2881105860999469
INDO_red_335_cutoff_0.0.inp.out,394.2580192375686,-0.2745,0.0836,2.9086,0.0,-1325.5082053893,2.703271837544088,4.084562750866883,-1686.9953346426,0.27846709060008834
INDO_red_336_cutoff_0.0.inp.out,396.1797023192297,-0.3023,0.0657,3.9461,0.0,-1325.4348093393,-13.406299662806807,-15.767866468729615,-1686.9350289246,0.30663951459996497
INDO_red_337_cutoff_0.0.inp.out,398.14640768204237,-0.3046,0.0862,3.5812,0.0,-1325.3552618338,3.175531888726268,-1.0827768704745102,-1686.8505481128,0.3046402346999457
INDO_red_338_cutoff_0.0.inp.out,392.8993438671219,-0.3032,0.0666,2.9626,0.0,-1325.5700564415,1.6705504621906933,-1.089715873109502,-1687.0642503331,0.3068770964000578
INDO_red_339_cutoff_0.0.inp.out,396.04559463952467,-0.3007,0.0725,1.9073,0.0,-1325.1316079231,5.575136996721649,3.2261382702251407,-1686.6140727179,0.30485723039987533
INDO_red_33_cutoff_0.0.inp.out,396.8020907735489,-0.2941,0.0761,4.0918,0.0,-1325.6481898424,-8.762344683654588,0.21388846925643476,-1687.132094571,0.2995524353000292
INDO_red_340_cutoff_0.0.inp.out,398.45511584869695,-0.2893,0.0785,4.4657,0.0,-1324.7888880533,-0.550575676589095,-4.951745202475885,-1686.2930535733,0.29130668440006957
INDO_red_341_cutoff_0.0.inp.out,397.2728109136455,-0.2974,0.0690,4.3577,0.0,-1325.1462574561,11.545090346165185,15.472714150166874,-1686.6280391547,0.3010160035998979
INDO_red_342_cutoff_0.0.inp.out,395.41627975809484,-0.3163,0.0618,3.3760,0.0,-1325.1669795186,11.240892867265174,12.882901702045201,-1686.6404975208,0.3189129260001664
INDO_red_343_cutoff_0.0.inp.out,395.2239091497284,-0.3016,0.0669,2.9238,0.0,-1325.6505854694,-3.3405235681896848,-1.0880279626967817,-1687.1334020035,0.30527799130004496
INDO_red_344_cutoff_0.0.inp.out,399.88195974698084,-0.3098,0.0551,4.2735,0.0,-1325.1631657508,16.00253735638749,16.964806861653972,-1686.6719338328,0.314687594400084
INDO_red_345_cutoff_0.0.inp.out,394.4155089254537,-0.3192,0.0496,3.9537,0.0,-1325.1092580979,-13.535043047996222,-17.64739851432712,-1686.5923301708,0.31795047900004647
INDO_red_346_cutoff_0.0.inp.out,396.811981096507,-0.3077,0.0608,3.7873,0.0,-1325.1370556195,3.1134179092184238,3.553382397823315,-1686.6362200458,0.31174086259989053
INDO_red_347_cutoff_0.0.inp.out,398.2098473519865,-0.2911,0.0697,4.4142,0.0,-1325.5284346561,2.6607488602238756,15.471850813753734,-1687.0241954105,0.29806485519998205
INDO_red_348_cutoff_0.0.inp.out,397.4464526241896,-0.2922,0.0744,3.9533,0.0,-1325.7055398892,9.167658823410985,7.94837687721604,-1687.1916265156,0.29791140250017634
INDO_red_349_cutoff_0.0.inp.out,395.97287112552465,-0.2990,0.0643,3.2779,0.0,-1325.6013276376,5.8552522474074795,3.1189752304112215,-1687.0870015851,0.30369122070010235
INDO_red_34_cutoff_0.0.inp.out,398.5271460260475,-0.2887,0.0798,3.8185,0.0,-1325.6446820440,-1.6355377614659283,-3.3872159959180346,-1687.1267357886,0.2912156178999794
INDO_red_350_cutoff_0.0.inp.out,395.88776127396704,-0.3284,0.0427,4.2763,0.0,-1325.1322488404,-5.219064058306724,-5.914011349865923,-1686.6278717051,0.33140513599983024
INDO_red_351_cutoff_0.0.inp.out,395.46488130458806,-0.2902,0.0755,3.2810,0.0,-1325.2035298470,1.165591849369549,-0.11985259584987584,-1686.6766530226,0.29477921290003906
INDO_red_352_cutoff_0.0.inp.out,395.7724882451214,-0.3160,0.0625,3.2495,0.0,-1325.1426307496,-1.9937614211279193,-1.9705088795844272,-1686.6330390367,0.3165100675000758
INDO_red_353_cutoff_0.0.inp.out,397.67129055568097,-0.2960,0.0723,2.8558,0.0,-1324.8208590901,-10.984032061712478,-7.9668980881208356,-1686.3049083776,0.300166326200042
INDO_red_354_cutoff_0.0.inp.out,395.7914779573819,-0.3035,0.0692,3.9329,0.0,-1325.1032300703,-3.403034022189367,-3.199358329491932,-1686.5926331084,0.3077784575000351
INDO_red_355_cutoff_0.0.inp.out,395.6371218359748,-0.3105,0.0579,2.9735,0.0,-1324.9655407340,-2.9153063401843218,-0.9504954527171515,-1686.4567800637,0.315562053199983
INDO_red_356_cutoff_0.0.inp.out,397.71478330995524,-0.3033,0.0709,3.3837,0.0,-1325.1758458467,-13.174819909856815,-11.399907805806548,-1686.6660411806,0.3066236012000445
INDO_red_357_cutoff_0.0.inp.out,394.6875351162912,-0.3065,0.0701,2.8261,0.0,-1325.4806492967,-0.277744570817974,-3.6501562177618583,-1686.9667760617,0.30950249579996125
INDO_red_358_cutoff_0.0.inp.out,395.88084526002046,-0.2866,0.0845,3.4269,0.0,-1324.9399906798,4.677020839961141,1.8151854010237338,-1686.4271922099,0.2909265934999894
INDO_red_359_cutoff_0.0.inp.out,397.01112583224244,-0.3059,0.0733,3.3368,0.0,-1325.2508108283,2.253954922633559,1.4937504297534372,-1686.7386723868,0.30403646390004724
INDO_red_35_cutoff_0.0.inp.out,395.3821193024617,-0.2929,0.0684,3.9624,0.0,-1325.3956055041,-0.32114006525375605,-4.554348683306295,-1686.8803238243,0.29882341620009356
INDO_red_360_cutoff_0.0.inp.out,397.41146042074627,-0.2860,0.0793,3.5946,0.0,-1325.2257970867,6.442334461856713,2.774703609023384,-1686.706578675,0.29117053999993914
INDO_red_361_cutoff_0.0.inp.out,396.54162193750324,-0.2919,0.0742,4.1560,0.0,-1325.0923547158,5.9026631578598465,6.430345568070154,-1686.575571437,0.29705328959994404
INDO_red_362_cutoff_0.0.inp.out,394.9993493588208,-0.3067,0.0639,3.3939,0.0,-1325.2407548791,-0.3095092748828968,-1.4601997583798276,-1686.7046521298,0.308008690700035
INDO_red_363_cutoff_0.0.inp.out,399.08088185845526,-0.3075,0.0541,3.3321,0.0,-1325.5905490776,1.2722721861637512,2.189049543365629,-1687.0653390611,0.31132854350016714
INDO_red_364_cutoff_0.0.inp.out,400.68199977411604,-0.3051,0.0738,3.3716,0.0,-1325.2028240238,5.501792518064056,6.708083595976176,-1686.6894509945,0.3054712446000849
INDO_red_365_cutoff_0.0.inp.out,394.73159368622066,-0.2878,0.0752,4.2988,0.0,-1325.3658769917,12.474528958263612,14.27048415662846,-1686.8362486916,0.29264625919995524
INDO_red_366_cutoff_0.0.inp.out,400.12113818441003,-0.3098,0.0643,2.6519,0.0,-1325.5467469463,1.4886033013028452,-3.7163968400794243,-1687.0372180439,0.3125300333999803
INDO_red_367_cutoff_0.0.inp.out,400.24324523093844,-0.2915,0.0734,3.8117,0.0,-1325.4085284124,-0.38116831343459645,-6.089303744550993,-1686.8870345373,0.29528846059997704
INDO_red_368_cutoff_0.0.inp.out,396.70606251288507,-0.3200,0.0523,4.9498,0.0,-1325.4516293144,-18.844618371696093,-13.205832974881025,-1686.9444570629,0.3202661935999913
INDO_red_369_cutoff_0.0.inp.out,397.8590096156667,-0.3177,0.0587,4.5116,0.0,-1325.5875695490,-15.54231931624944,-12.774489381729136,-1687.0752736382,0.32094737360012005
INDO_red_36_cutoff_0.0.inp.out,393.6080270432465,-0.3111,0.0675,3.4068,0.0,-1325.2288221118,-2.5470268021035203,-0.017114496671418372,-1686.7087791287,0.3147472062998986
INDO_red_370_cutoff_0.0.inp.out,399.37280901563844,-0.2996,0.0723,4.6781,0.0,-1325.6402971296,-5.194184880451094,-11.752527354223792,-1687.1404261686,0.3016711323000436
INDO_red_371_cutoff_0.0.inp.out,396.1326061625016,-0.3242,0.0545,4.2124,0.0,-1325.7403717637,-6.736624876986738,-5.954299694954266,-1687.2350034699,0.32724380030003886
INDO_red_372_cutoff_0.0.inp.out,396.27834292208905,-0.3097,0.0572,4.6282,0.0,-1325.6837296880,-2.1869223713159385,-5.087765952574028,-1687.1686900729,0.31405889400002707
INDO_red_373_cutoff_0.0.inp.out,397.7238786701373,-0.3313,0.0501,4.4289,0.0,-1325.2158105083,-15.104924159245753,-7.187477637847245,-1686.7170397248,0.3346918782999637
INDO_red_374_cutoff_0.0.inp.out,397.345983570668,-0.2785,0.0949,3.5842,0.0,-1325.1715444199,1.0743544273412429,-5.522062834795423,-1686.6638762573,0.2811787703999471
INDO_red_375_cutoff_0.0.inp.out,397.6039619563189,-0.2806,0.0929,3.1520,0.0,-1324.8293978766,-4.216216269656775,-8.930540229418668,-1686.3136682102,0.2832417201000226
INDO_red_376_cutoff_0.0.inp.out,395.93846676519365,-0.2875,0.0774,3.0269,0.0,-1325.5523175826,-1.7569871103410286,-4.132410454519028,-1687.0343293245,0.29201535020001756
INDO_red_377_cutoff_0.0.inp.out,396.9294355380232,-0.2988,0.0683,2.7081,0.0,-1325.3513578988,-0.7724995541902777,-6.385119434511494,-1686.8281177241,0.30221028329992805
INDO_red_378_cutoff_0.0.inp.out,397.80041286810257,-0.3068,0.0577,3.5211,0.0,-1325.3578984133,-4.541010481267876,-2.944479846095361,-1686.8438274167,0.30785547720006434
INDO_red_379_cutoff_0.0.inp.out,396.8954698469245,-0.3012,0.0767,2.3821,0.0,-1324.8870770362,6.66623616872066,4.495897792042931,-1686.3663045443,0.30349755029988046
INDO_red_37_cutoff_0.0.inp.out,396.84618773036726,-0.2771,0.0840,4.3252,0.0,-1325.4490299792,1.953490562365981,-1.673409169591415,-1686.9446592487,0.27925107550004213
INDO_red_380_cutoff_0.0.inp.out,396.7798447375796,-0.2998,0.0590,2.7486,0.0,-1325.0184118334,-9.54145876334967,-11.94871726961713,-1686.5065870352,0.30294016510015354
INDO_red_381_cutoff_0.0.inp.out,393.3045337133339,-0.2840,0.0675,3.3994,0.0,-1325.1317120768,-12.53197723583347,-15.753907570052583,-1686.6034523344,0.2857404418000442
INDO_red_382_cutoff_0.0.inp.out,399.6399831179431,-0.2995,0.0770,4.3464,0.0,-1325.0316947996,-20.64134457360956,-27.674638502926943,-1686.519921157,0.2993737712999973
INDO_red_383_cutoff_0.0.inp.out,401.44661224566505,-0.2829,0.0794,4.1771,0.0,-1325.2347491766,-5.199898560028021,-3.519650859950886,-1686.7157625491,0.28583694570011176
INDO_red_384_cutoff_0.0.inp.out,392.3570503400379,-0.3075,0.0669,2.6804,0.0,-1325.1256982516,-6.7507916950738105,-13.638942885186315,-1686.6059053728,0.3082211741998435
INDO_red_385_cutoff_0.0.inp.out,396.81269865444494,-0.3068,0.0580,3.2633,0.0,-1325.0582445785,2.7504902261161197,-1.1880520491370992,-1686.5461786054,0.31085053020001396
INDO_red_386_cutoff_0.0.inp.out,398.644492362974,-0.2897,0.0715,2.9189,0.0,-1325.2853546521,14.038602134684563,19.205870501628617,-1686.7547230673,0.29524921760003053
INDO_red_387_cutoff_0.0.inp.out,400.5336851301954,-0.2917,0.0723,3.3623,0.0,-1325.4494016238,8.766756599668508,19.457615170124274,-1686.9512119515,0.2933703397000045
INDO_red_388_cutoff_0.0.inp.out,391.10932236009415,-0.2804,0.0772,3.1599,0.0,-1325.1984747366,3.9423198747581925,2.842393057440164,-1686.6584368699,0.2828873969999677
INDO_red_389_cutoff_0.0.inp.out,395.44164514523806,-0.3419,0.0324,3.8916,0.0,-1325.3974543834,-9.717519423369746,1.2772030019762548,-1686.8941572181,0.3429512027000783
INDO_red_38_cutoff_0.0.inp.out,399.6755486741715,-0.2999,0.0734,3.0126,0.0,-1325.2613071238,4.844898439028567,2.421318496356399,-1686.7564479657,0.3037736788000984
INDO_red_390_cutoff_0.0.inp.out,399.58482196181495,-0.2998,0.0668,3.9189,0.0,-1325.1868965031,-5.098640965450457,-2.7775607790593098,-1686.6782228864,0.3056763689999116
INDO_red_391_cutoff_0.0.inp.out,396.075700285134,-0.2999,0.0702,3.7639,0.0,-1325.4139745577,1.8342432210061639,2.0937150378549907,-1686.8935710742,0.3014279623000675
INDO_red_392_cutoff_0.0.inp.out,394.9806582677085,-0.2991,0.0603,4.6378,0.0,-1325.5651699254,0.780578924400025,1.7954868167026916,-1687.0508178459,0.3036753021001459
INDO_red_393_cutoff_0.0.inp.out,394.70250080179676,-0.2924,0.0735,4.3852,0.0,-1325.7732109046,4.780302087880884,12.37233723728674,-1687.2528472433,0.29734109940000053
INDO_red_394_cutoff_0.0.inp.out,397.1441430394654,-0.3173,0.0617,2.9028,0.0,-1325.2584062752,-2.8041892834069793,-3.4295910587639544,-1686.737849258,0.3169805077000092
INDO_red_395_cutoff_0.0.inp.out,397.74975776494324,-0.2876,0.0714,3.4994,0.0,-1325.3329190724,-10.315975010171883,-22.253328121864698,-1686.8026816701,0.29229837699995187
INDO_red_396_cutoff_0.0.inp.out,394.78963653502416,-0.2920,0.0701,3.8825,0.0,-1325.2749890329,-0.016903178853699227,-1.7017358703620933,-1686.7465482913,0.29652920860007725
INDO_red_397_cutoff_0.0.inp.out,395.0068042424375,-0.2768,0.0881,3.2435,0.0,-1325.3099513508,10.304315127203543,-14.13490249544699,-1686.7961199183,0.2811155413000961
INDO_red_398_cutoff_0.0.inp.out,397.3590922082462,-0.3128,0.0706,4.2900,0.0,-1325.2676701503,-4.941809978789781,-11.629023811526842,-1686.7583360334,0.3137192494998544
INDO_red_399_cutoff_0.0.inp.out,395.0199208547104,-0.2904,0.0643,3.7707,0.0,-1325.4169484733,-9.011330625971201,-19.883852319091186,-1686.9069467584,0.2960464754999066
INDO_red_39_cutoff_0.0.inp.out,395.0593307641758,-0.3198,0.0502,3.0202,0.0,-1325.2570505620,-13.212315673519095,-8.13429132361146,-1686.753535828,0.32435108470008345
INDO_red_3_cutoff_0.0.inp.out,399.91229013072245,-0.2889,0.0763,2.2222,0.0,-1324.9323637283,0.690455532383371,-0.23744404225881566,-1686.4212831517,0.2932729279000341
INDO_red_400_cutoff_0.0.inp.out,395.7997015259916,-0.3282,0.0430,4.2730,0.0,-1325.1246807130,-5.570140723260039,-6.224762669142532,-1686.6204531784,0.3309469557000284
INDO_red_401_cutoff_0.0.inp.out,396.20893495661943,-0.2892,0.0805,2.7217,0.0,-1325.3233564643,2.3417620143522635,-1.4715559613790903,-1686.7977107629,0.29354298170005677
INDO_red_402_cutoff_0.0.inp.out,395.5794398233894,-0.2861,0.0848,2.6412,0.0,-1324.7595082256,1.6946507667339565,1.5189651523734273,-1686.2435993297,0.2901210343998173
INDO_red_403_cutoff_0.0.inp.out,397.1011902415099,-0.2848,0.0817,2.6355,0.0,-1325.2754327322,-3.6298900017423246,-8.647853271569955,-1686.7763727793,0.2904407605999495
INDO_red_404_cutoff_0.0.inp.out,398.3089325862164,-0.3052,0.0717,3.5754,0.0,-1324.9073875377,-13.787680357525078,-10.667099640728544,-1686.404373008,0.3091066590000082
INDO_red_405_cutoff_0.0.inp.out,395.2931443513857,-0.2829,0.0835,1.8002,0.0,-1324.9580294864,-10.394754767493888,-6.979939561118297,-1686.4375941963,0.28871028620005745
INDO_red_406_cutoff_0.0.inp.out,393.8345234180487,-0.3173,0.0600,2.0624,0.0,-1325.2037011208,-4.517052670030999,-4.1466938468418295,-1686.688836485,0.32068411590012147
INDO_red_407_cutoff_0.0.inp.out,395.5819118591732,-0.3015,0.0759,3.4725,0.0,-1324.2911269498,0.40599260294153844,-0.35798051176377077,-1685.7721975195,0.3055069547999665
INDO_red_408_cutoff_0.0.inp.out,398.0877840926075,-0.2824,0.0705,3.9154,0.0,-1325.0665047626,2.8295884115147603,-2.1410236583051727,-1686.5548320175,0.28686216439996315
INDO_red_409_cutoff_0.0.inp.out,395.99281751946376,-0.2747,0.0626,3.3001,0.0,-1324.9696593601,13.20591694590022,10.977160535177433,-1686.4527563661,0.28026615320004566
INDO_red_40_cutoff_0.0.inp.out,392.34977857600114,-0.3057,0.0777,3.6708,0.0,-1325.3940070979,-9.13777782182737,-7.765289080893177,-1686.8832244961,0.3061191445001441
INDO_red_410_cutoff_0.0.inp.out,393.9258369881489,-0.2849,0.0649,3.3076,0.0,-1325.1316137536,7.307136288262047,5.413429657820554,-1686.5984313915,0.2891594488000919
INDO_red_411_cutoff_0.0.inp.out,396.99106396731474,-0.2564,0.1048,3.3024,0.0,-1325.4036337520,1.1748712763292888,2.2117253461116606,-1686.8874792597,0.26091646240001864
INDO_red_412_cutoff_0.0.inp.out,398.8816710948247,-0.2978,0.0818,3.6128,0.0,-1324.9614647864,-4.081701800392888,-8.442863023216841,-1686.4551426045,0.3002537832001053
INDO_red_413_cutoff_0.0.inp.out,394.149746853991,-0.2816,0.0789,3.1035,0.0,-1325.0229815108,8.429593943900636,-0.8721128335054578,-1686.5109804612,0.2851946384000712
INDO_red_414_cutoff_0.0.inp.out,396.21537919332366,-0.2991,0.0662,2.5477,0.0,-1324.7959475784,5.017962169290809,4.129894752544832,-1686.2702050888,0.30349199070019495
INDO_red_415_cutoff_0.0.inp.out,399.453466754472,-0.2972,0.0744,2.5383,0.0,-1325.0466848955,1.1855101983583407,-4.6947649390563635,-1686.5245538398,0.2980924928999684
INDO_red_416_cutoff_0.0.inp.out,395.27725290666507,-0.2906,0.0738,3.7444,0.0,-1324.8925432442,-6.486197602586712,-6.212388562156825,-1686.3813193722,0.2950828912000816
INDO_red_417_cutoff_0.0.inp.out,394.8041549426879,-0.3165,0.0556,2.1694,0.0,-1325.3105953165,2.0785449113822163,-1.051293949348432,-1686.7824355447,0.3197987251999166
INDO_red_418_cutoff_0.0.inp.out,397.92390058405226,-0.3032,0.0712,2.8885,0.0,-1324.9953944272,1.0166527700279082,1.5660530399617443,-1686.4740043656,0.3043013958999836
INDO_red_419_cutoff_0.0.inp.out,396.65242215614455,-0.2840,0.0742,3.2768,0.0,-1325.5342129115,-0.24331673379597235,-11.29146281899897,-1687.0115989687,0.2892660129000433
INDO_red_41_cutoff_0.0.inp.out,397.916348296558,-0.3140,0.0621,5.1903,0.0,-1325.1857668501,-10.994165185940078,-10.43709056265196,-1686.6902610666,0.3153004180001062
INDO_red_420_cutoff_0.0.inp.out,394.3425046355557,-0.2985,0.0750,3.7752,0.0,-1324.7884160627,-16.851475846844437,-3.7255721657397283,-1686.2679888782,0.3020100605999687
INDO_red_421_cutoff_0.0.inp.out,396.0928347797894,-0.2945,0.0757,2.5460,0.0,-1324.8825690997,3.2796416937090145,0.9804948060662699,-1686.3584337575,0.2988810911001565
INDO_red_422_cutoff_0.0.inp.out,397.83224567973645,-0.2814,0.0892,3.6698,0.0,-1325.2370802928,-18.671101668975783,-16.531018644666137,-1686.7120142493,0.285935452800004
INDO_red_423_cutoff_0.0.inp.out,396.61860998055596,-0.2880,0.0719,4.3817,0.0,-1324.8039323437,-18.19008289372665,-15.069345671101468,-1686.2795219798,0.2922341620999305
INDO_red_424_cutoff_0.0.inp.out,399.2078187860668,-0.2999,0.0705,3.8177,0.0,-1325.3133248903,-3.852984479390403,-3.8317641328889707,-1686.8030459403,0.30413631269993857
INDO_red_425_cutoff_0.0.inp.out,392.0329573621038,-0.3084,0.0594,4.2710,0.0,-1324.8459933961,1.2643823540911983,-7.628667184515843,-1686.3233487576,0.3145614300001398
INDO_red_426_cutoff_0.0.inp.out,399.0621419706108,-0.3021,0.0730,3.6522,0.0,-1325.0944295151,-21.11160888703335,-20.274079765176765,-1686.5861811874,0.30475034260007305
INDO_red_427_cutoff_0.0.inp.out,398.38376306972197,-0.2904,0.0781,4.2317,0.0,-1325.0692033047,-2.6256099576119336,-5.766191648145635,-1686.5651169677,0.2942746332000752
INDO_red_428_cutoff_0.0.inp.out,394.64500417704454,-0.3154,0.0566,3.3822,0.0,-1324.7657268297,-2.0527736198094146,-0.45736589368809216,-1686.2472979214,0.3191530562000935
INDO_red_429_cutoff_0.0.inp.out,398.0180629884391,-0.3015,0.0499,4.7395,0.0,-1324.9137500852,-1.3075129177337044,-3.234017196239218,-1686.409291337,0.30518596920001073
INDO_red_42_cutoff_0.0.inp.out,400.19922571157275,-0.3089,0.0627,2.7295,0.0,-1325.4653836657,-7.325011659381836,-6.058207675626042,-1686.9549784813,0.3132932781998079
INDO_red_430_cutoff_0.0.inp.out,397.98101624780713,-0.2916,0.0773,3.8378,0.0,-1325.2735601166,-0.0858925826699316,-1.713085621183272,-1686.764502569,0.2969218941998406
INDO_red_431_cutoff_0.0.inp.out,397.5778746863721,-0.2969,0.0546,4.7166,0.0,-1325.7118623214,-6.218109375797228,2.803869689475104,-1687.1833968625,0.30272491400000945
INDO_red_432_cutoff_0.0.inp.out,396.38199871593025,-0.2863,0.0860,3.5379,0.0,-1324.9276468980,11.491367352957543,9.364873308756387,-1686.4179609018,0.28804646020012115
INDO_red_433_cutoff_0.0.inp.out,394.0232173058584,-0.2668,0.0982,4.5422,0.0,-1325.0074228609,5.542214186793414,0.7348053229846914,-1686.4872005469,0.271444358799954
INDO_red_434_cutoff_0.0.inp.out,396.6784340964368,-0.2884,0.0759,3.7990,0.0,-1325.0640880344,1.9932179606673492,0.9686252466772403,-1686.5539763321,0.28966281279986106
INDO_red_435_cutoff_0.0.inp.out,397.58402837823945,-0.2975,0.0690,3.4767,0.0,-1325.3901520321,6.566188669058822,5.106531678257543,-1686.885579295,0.3006979859001149
INDO_red_436_cutoff_0.0.inp.out,396.064444005894,-0.2531,0.1066,3.3641,0.0,-1325.2121734931,-0.39329411040639817,-3.0782324348201366,-1686.7018476192,0.2573869907998869
INDO_red_437_cutoff_0.0.inp.out,393.45382868303784,-0.3005,0.0651,2.9737,0.0,-1325.7586281632,0.1148347718364896,4.091808578466137,-1687.2326567542,0.3057752791000894
INDO_red_438_cutoff_0.0.inp.out,400.122677743292,-0.2983,0.0671,2.8710,0.0,-1325.5549592868,-1.2767164552219052,0.11827518606486637,-1687.0403853607,0.3014999578001607
INDO_red_439_cutoff_0.0.inp.out,397.01520090105794,-0.2956,0.0740,3.9154,0.0,-1325.5617966065,-7.293456116320791,-7.220369641294716,-1687.0400248025,0.2994705255000554
INDO_red_43_cutoff_0.0.inp.out,395.81593338894095,-0.3186,0.0617,3.1698,0.0,-1325.6767861978,-3.8241476218748454,-0.9817008350210166,-1687.1672113996,0.3218086031999974
INDO_red_440_cutoff_0.0.inp.out,395.2743232812352,-0.2973,0.0794,2.9952,0.0,-1325.7904218556,4.593352100559023,2.108751802624706,-1687.2591227307,0.2974904461998449
INDO_red_441_cutoff_0.0.inp.out,395.306614311643,-0.3054,0.0602,3.5552,0.0,-1325.0632971661,-4.530041836876983,1.3195543168882362,-1686.557367797,0.3096223196000665
INDO_red_442_cutoff_0.0.inp.out,398.18999079445695,-0.2874,0.0813,3.1461,0.0,-1325.1327589820,-3.329109959670942,4.312623160729762,-1686.60747533,0.2902440278000995
INDO_red_443_cutoff_0.0.inp.out,396.5739257082129,-0.2985,0.0712,3.4269,0.0,-1325.1260919402,0.57829080120269,10.872239318367475,-1686.6033653375,0.30239291500015497
INDO_red_444_cutoff_0.0.inp.out,395.2449882584307,-0.2778,0.0779,3.6112,0.0,-1324.9337035243,-0.3996081550442648,3.192630299422329,-1686.3991636225,0.27988611079990733
INDO_red_445_cutoff_0.0.inp.out,396.3988591264054,-0.2999,0.0654,2.7698,0.0,-1325.2073801761,-2.588947905132748,-8.762279404617008,-1686.6928857538,0.3008788176998678
INDO_red_446_cutoff_0.0.inp.out,399.42964048271887,-0.3085,0.0459,4.5203,0.0,-1325.0352790250,-7.97527731073853,-1.7449792578623984,-1686.5224709551,0.31264023440007804
INDO_red_447_cutoff_0.0.inp.out,393.59031370518676,-0.2986,0.0615,3.5392,0.0,-1325.0216532018,5.138429354773085,14.614351383034236,-1686.4900316496,0.3046210403999794
INDO_red_448_cutoff_0.0.inp.out,395.6298711504728,-0.3125,0.0620,2.4158,0.0,-1325.1005809371,6.764238058951755,13.183155309249349,-1686.5693478037,0.31451531430002433
INDO_red_449_cutoff_0.0.inp.out,398.3802114915552,-0.2870,0.0730,4.0482,0.0,-1324.7638411744,-2.5485891710418755,-2.1964884871143635,-1686.2234921142,0.2920224599001813
INDO_red_44_cutoff_0.0.inp.out,395.31578534588976,-0.2966,0.0734,3.0282,0.0,-1325.2126149422,4.956568715780055,3.2980560661896328,-1686.6932361288,0.3015421554000568
INDO_red_450_cutoff_0.0.inp.out,395.77148416690795,-0.3287,0.0430,4.2311,0.0,-1325.1348630826,-5.0895070805796605,-6.040539212572298,-1686.6313278045,0.3314744179999707
INDO_red_451_cutoff_0.0.inp.out,397.2862057413955,-0.2973,0.0751,2.8270,0.0,-1325.3003077864,1.355021878952423,-3.29969524924802,-1686.778827354,0.30275418190012715
INDO_red_452_cutoff_0.0.inp.out,395.00494884610674,-0.3026,0.0724,2.8472,0.0,-1325.3482810062,0.10644001559671076,-1.1835638131723243,-1686.8395071122,0.305215461600028
INDO_red_453_cutoff_0.0.inp.out,398.5391794301145,-0.3066,0.0707,3.2594,0.0,-1325.1568443423,0.2786677472874105,-8.790159546627788,-1686.6590499356,0.3093472153998391
INDO_red_454_cutoff_0.0.inp.out,398.85713758900533,-0.2935,0.0747,3.6923,0.0,-1325.2614619503,-3.907798956313065,-7.251507965739517,-1686.7475727957,0.2963883160000478
INDO_red_455_cutoff_0.0.inp.out,394.34600474994903,-0.2899,0.0791,3.0519,0.0,-1325.4709874346,4.885586329773672,3.3784907075459722,-1686.960047756,0.2942541161999088
INDO_red_456_cutoff_0.0.inp.out,395.38085628972715,-0.3019,0.0719,3.1258,0.0,-1325.9203756089,-6.692570198877282,-4.724790557436127,-1687.4049704959,0.3065087735999441
INDO_red_457_cutoff_0.0.inp.out,397.5122925581674,-0.3030,0.0682,2.7805,0.0,-1325.6319943033,2.928571844040217,3.360886405007018,-1687.1099852611,0.30630172870019123
INDO_red_458_cutoff_0.0.inp.out,397.73427367850127,-0.3247,0.0463,3.1571,0.0,-1325.2142325391,-8.704704234359204,-0.7869824376338446,-1686.701146464,0.32870257260015023
INDO_red_459_cutoff_0.0.inp.out,397.1188908195108,-0.2928,0.0861,3.0479,0.0,-1325.8397487269,1.789541555940449,5.3704335166984905,-1687.3317453103,0.2974988116000077
INDO_red_45_cutoff_0.0.inp.out,393.64634673311963,-0.2905,0.0815,3.2292,0.0,-1325.6235122188,2.712049906491326,-3.93089973499501,-1687.1049391914,0.2930808824999076
INDO_red_460_cutoff_0.0.inp.out,395.2695505679682,-0.3113,0.0605,3.4141,0.0,-1325.5226301821,-1.9164469162965405,5.751800077231277,-1687.0216493617,0.31472148580019166
INDO_red_461_cutoff_0.0.inp.out,400.74490906170746,-0.2793,0.0880,3.6720,0.0,-1325.4314310185,1.0095552586099934,2.782829118072193,-1686.9308968395,0.2842956567001238
INDO_red_462_cutoff_0.0.inp.out,395.65739578854124,-0.2820,0.0853,3.3923,0.0,-1325.3497519802,1.0163073435369505,2.9585158937233196,-1686.8337307265,0.28588343880005596
INDO_red_463_cutoff_0.0.inp.out,395.5187203961526,-0.2935,0.0764,3.4613,0.0,-1325.4130125886,14.119183232152446,9.328755238217791,-1686.914657781,0.2964640134000547
INDO_red_464_cutoff_0.0.inp.out,399.04469237300003,-0.2905,0.0727,3.3726,0.0,-1325.1109616407,-11.346531616847845,8.396879675819823,-1686.5978552719,0.29598228729992115
INDO_red_465_cutoff_0.0.inp.out,399.0584170337791,-0.3045,0.0617,3.9206,0.0,-1325.3873439283,-0.9160250935620663,11.803556956800547,-1686.8775700069,0.3072000560998731
INDO_red_466_cutoff_0.0.inp.out,396.4610102864531,-0.2979,0.0692,3.1316,0.0,-1324.9701281106,1.9689594660247518,3.8210293721056554,-1686.4621121781,0.30135448999999426
INDO_red_467_cutoff_0.0.inp.out,396.11249090710174,-0.2898,0.0757,4.7923,0.0,-1325.3314437039,-14.761213843196497,-0.9041864985490496,-1686.829971272,0.29307335680005053
INDO_red_468_cutoff_0.0.inp.out,397.00681431348744,-0.3105,0.0787,3.4058,0.0,-1325.2660163645,-3.047809919075985,-4.360604904591501,-1686.7651019098,0.3112364147000335
INDO_red_469_cutoff_0.0.inp.out,397.1239645974484,-0.3163,0.0526,2.5078,0.0,-1325.3007697733,2.6721470813287587,-4.56490802197982,-1686.7879784578,0.3213434955998764
INDO_red_46_cutoff_0.0.inp.out,399.725691875068,-0.3194,0.0608,3.4150,0.0,-1325.1240156789,2.2239434097977173,-1.6936514430409824,-1686.6101265068,0.3209988575999887
INDO_red_470_cutoff_0.0.inp.out,393.36941035504736,-0.2932,0.0798,3.7397,0.0,-1325.1635136640,-7.326905033280788,-3.5300923128979633,-1686.6544830106,0.29724326169980486
INDO_red_471_cutoff_0.0.inp.out,400.48700956311274,-0.3194,0.0398,2.6888,0.0,-1325.3202531635,2.7361170421591074,2.5629012622805276,-1686.8074663024,0.3220754372000556
INDO_red_472_cutoff_0.0.inp.out,395.93582710993593,-0.2933,0.0726,2.7362,0.0,-1325.7099725148,-5.209980480756742,-1.2824827711123588,-1687.1907207529,0.2974535114999526
INDO_red_473_cutoff_0.0.inp.out,394.97956646575136,-0.2977,0.0616,3.8583,0.0,-1325.3889306581,-0.4172015117957545,9.667100280608249,-1686.8786438157,0.3021823245999258
INDO_red_474_cutoff_0.0.inp.out,396.98731302704306,-0.2897,0.0855,3.7261,0.0,-1325.5402787064,17.950040700010277,16.966339868370596,-1687.0270116273,0.293747190799877
INDO_red_475_cutoff_0.0.inp.out,395.75806494647514,-0.3129,0.0566,3.4129,0.0,-1325.4312536435,-0.30207632481143765,2.2757534349518043,-1686.9218496481,0.31741876120008783
INDO_red_476_cutoff_0.0.inp.out,397.32353891841336,-0.3035,0.0621,4.0288,0.0,-1325.6691676732,1.5448911389958415,3.9004737943919823,-1687.1607645097,0.30904848470004254
INDO_red_477_cutoff_0.0.inp.out,394.8110699742852,-0.2838,0.0773,3.1835,0.0,-1326.0164440642,2.900611559730028,-8.013373788014325,-1687.5021985538,0.28617744209986995
INDO_red_478_cutoff_0.0.inp.out,395.69092677917837,-0.3063,0.0543,3.4967,0.0,-1325.4791975603,3.8330106797383703,1.897426531377655,-1686.9686223032,0.30653619629993045
INDO_red_479_cutoff_0.0.inp.out,398.5858135769152,-0.2763,0.0827,4.0433,0.0,-1325.3761162054,8.985855522325515,1.6958349705056666,-1686.8661442131,0.28051559099981205
INDO_red_47_cutoff_0.0.inp.out,396.9750185200252,-0.3021,0.0589,3.5661,0.0,-1325.0710286642,-13.664436629084777,-19.0913818557082,-1686.5560713015,0.30360958129995197
INDO_red_480_cutoff_0.0.inp.out,395.890204034166,-0.2910,0.0792,4.2198,0.0,-1325.2871186050,5.478228983934098,4.601501017197302,-1686.7578563204,0.29530773450005654
INDO_red_481_cutoff_0.0.inp.out,393.3446108585971,-0.2860,0.0778,4.0199,0.0,-1325.0079372584,-10.093464438478664,-13.698199997598822,-1686.4963303097,0.29048714329996983
INDO_red_482_cutoff_0.0.inp.out,397.16341839661777,-0.3056,0.0584,4.1267,0.0,-1325.4039891516,-3.1350638563751883,-8.381910286087113,-1686.8977884124,0.31054260289988633
INDO_red_483_cutoff_0.0.inp.out,399.5006254683593,-0.3019,0.0548,4.9465,0.0,-1325.2685642748,-0.719468485213404,-6.717274140439979,-1686.7545701117,0.30085862279997855
INDO_red_484_cutoff_0.0.inp.out,394.14277109718074,-0.3019,0.0558,4.1132,0.0,-1325.1946450117,8.612178078248327,5.126208164596327,-1686.6748731961,0.305192910300093
INDO_red_485_cutoff_0.0.inp.out,394.4799359081207,-0.2891,0.0613,4.4253,0.0,-1325.1142932344,-3.209314090820822,-3.20429815270775,-1686.6061978099,0.2951149266000357
INDO_red_486_cutoff_0.0.inp.out,393.5178662388438,-0.3126,0.0627,3.8607,0.0,-1325.4196752090,-2.9213906930509905,-5.917919965739332,-1686.9210106088,0.3159664070001327
INDO_red_487_cutoff_0.0.inp.out,397.0655246073846,-0.2998,0.0739,4.3650,0.0,-1324.8872385487,-0.1363680225984718,-3.782722263263223,-1686.3710855107,0.30062338080006157
INDO_red_488_cutoff_0.0.inp.out,399.30896344083186,-0.2889,0.0680,3.7268,0.0,-1325.1697771616,7.253447110110566,0.5993134099078029,-1686.6542835075,0.2933860661999006
INDO_red_489_cutoff_0.0.inp.out,390.6999131627448,-0.2991,0.0644,4.3047,0.0,-1325.0411799127,5.2238553866453135,1.1065803191015717,-1686.5115512538,0.3043934772999819
INDO_red_48_cutoff_0.0.inp.out,393.7287283335875,-0.2886,0.0730,4.0865,0.0,-1325.2716190128,-1.8270590591113245,-12.921423080623741,-1686.7396714413,0.2944154611000158
INDO_red_490_cutoff_0.0.inp.out,397.8525905021747,-0.2904,0.0700,2.9089,0.0,-1325.6242578168,4.022840695908329,5.028235372765529,-1687.0954968611,0.2953944919997866
INDO_red_491_cutoff_0.0.inp.out,395.9010215480434,-0.3112,0.0559,3.5513,0.0,-1325.3485553931,0.8805057895272983,3.8075183685501988,-1686.8321133714,0.31586023070008196
INDO_red_492_cutoff_0.0.inp.out,394.7826067077324,-0.2883,0.0663,3.2349,0.0,-1325.0439932860,13.623484564664475,5.84389470006514,-1686.5168069524,0.2917737313998714
INDO_red_493_cutoff_0.0.inp.out,397.64759434449974,-0.2969,0.0737,4.1822,0.0,-1325.2465098312,5.790563254214165,5.458006120392711,-1686.7273393402,0.29834517399990546
INDO_red_494_cutoff_0.0.inp.out,393.4994760506115,-0.2807,0.0876,4.0388,0.0,-1325.2597729070,9.487467997927022,2.9308500533103485,-1686.7242376325,0.28316521450005894
INDO_red_495_cutoff_0.0.inp.out,398.2636279963667,-0.2855,0.0783,2.6709,0.0,-1325.1541457102,-12.874080632658432,-20.165202482673067,-1686.6290418766,0.29045938600006593
INDO_red_496_cutoff_0.0.inp.out,395.23539955980544,-0.2997,0.0692,2.9491,0.0,-1324.6087910747,-16.33164631128616,-33.93822312615034,-1686.0787141998,0.30347756189985375
INDO_red_497_cutoff_0.0.inp.out,389.7054569921408,-0.3115,0.0521,3.2855,0.0,-1325.3490168429,-2.7868091102431785,-13.446099439784968,-1686.8065179107,0.31777908589992876
INDO_red_498_cutoff_0.0.inp.out,396.3802029425548,-0.3211,0.0529,2.9883,0.0,-1325.4250477505,-5.367498218462766,-5.55792590557162,-1686.8839029238,0.3237064369000109
INDO_red_499_cutoff_0.0.inp.out,394.79550451694763,-0.3148,0.0518,3.0444,0.0,-1325.2423487092,3.823835462149501,2.623623183870045,-1686.7181922285,0.3171551851999084
INDO_red_49_cutoff_0.0.inp.out,399.89849689719574,-0.3134,0.0603,3.7038,0.0,-1325.1185682215,-7.133470631249027,-14.925429050878261,-1686.6174679071,0.3161662785998942
INDO_red_4_cutoff_0.0.inp.out,396.4321773155135,-0.2818,0.0895,3.4587,0.0,-1325.3826576753,-3.3779518244463205,-6.263090962521182,-1686.8741356559,0.2865928341000199
INDO_red_50_cutoff_0.0.inp.out,396.0984955453274,-0.2862,0.0840,3.2245,0.0,-1324.7124737607,4.051234952664881,-5.5882332842205145,-1686.1876735164,0.2874985349999406
INDO_red_51_cutoff_0.0.inp.out,392.9963051863684,-0.3116,0.0589,3.5035,0.0,-1325.2964451590,-3.128643078683318,9.087342190850952,-1686.7847602932,0.31597079669995765
INDO_red_52_cutoff_0.0.inp.out,397.9733555893311,-0.3284,0.0588,3.4656,0.0,-1325.3144654958,0.9314923456027104,2.690865499414169,-1686.8048031974,0.32783243609992496
INDO_red_53_cutoff_0.0.inp.out,398.79634503694126,-0.2837,0.0875,2.7790,0.0,-1325.3183428216,-0.34012568911476115,-2.7104111091391907,-1686.812982453,0.2850807198999519
INDO_red_54_cutoff_0.0.inp.out,395.24889528167586,-0.2743,0.0755,4.2409,0.0,-1325.1964628103,-3.9596144049265822,-2.3444650866068555,-1686.668759887,0.2800306706999436
INDO_red_55_cutoff_0.0.inp.out,394.80399670397577,-0.2804,0.0703,4.3865,0.0,-1325.3221592480,-7.5709013040081246,1.9073389409376982,-1686.7978440709,0.28415804390010635
INDO_red_56_cutoff_0.0.inp.out,396.5787815883236,-0.2929,0.0700,3.8552,0.0,-1325.2004702468,6.350987275758876,2.60569096515089,-1686.673713053,0.2931151676000354
INDO_red_57_cutoff_0.0.inp.out,395.1359668972416,-0.2774,0.0671,5.2276,0.0,-1325.3376974506,-12.891373503297388,-11.387349036708498,-1686.8106007792,0.27977087949989254
INDO_red_58_cutoff_0.0.inp.out,396.8131450936523,-0.2719,0.0885,4.3091,0.0,-1325.1697836212,2.990864685260097,4.541404685036441,-1686.6410704894,0.27659792260010363
INDO_red_59_cutoff_0.0.inp.out,395.492346443218,-0.2836,0.0770,4.1565,0.0,-1324.9935948044,5.049910073359695,8.457842680158437,-1686.4812946288,0.28699105500004407
INDO_red_5_cutoff_0.0.inp.out,391.7341582791008,-0.2844,0.0800,3.8119,0.0,-1325.2376394166,-4.11778832453658,-4.717488367032653,-1686.7208458219,0.2887690208001459
INDO_red_60_cutoff_0.0.inp.out,395.9700185579067,-0.3088,0.0623,3.1237,0.0,-1324.9256548121,3.7031687983019936,18.30805878892525,-1686.4120561505,0.3119743743000072
INDO_red_61_cutoff_0.0.inp.out,399.07737903263114,-0.2902,0.0818,5.4529,0.0,-1325.3087348357,5.363716953933883,31.338815483675962,-1686.8162656978,0.29621757149993755
INDO_red_62_cutoff_0.0.inp.out,395.43899895799274,-0.3035,0.0690,4.2797,0.0,-1325.1244489110,-0.011938459619037833,18.1939635473813,-1686.6164448001,0.30582573890001186
INDO_red_63_cutoff_0.0.inp.out,395.9188577684045,-0.2761,0.0791,5.0492,0.0,-1325.3663023918,-2.9380096670307085,5.044235309524268,-1686.8545718547,0.279494870399958
INDO_red_64_cutoff_0.0.inp.out,394.7914583578659,-0.2849,0.0709,4.0317,0.0,-1325.0735236746,2.483869584607604,7.420991167697657,-1686.5449445262,0.2892839639000613
INDO_red_65_cutoff_0.0.inp.out,397.4540851128089,-0.2813,0.0755,4.6456,0.0,-1324.9149435537,-4.259054182051683,-15.352759150180129,-1686.3868578197,0.28756458070006374
INDO_red_66_cutoff_0.0.inp.out,396.6931601581869,-0.2840,0.0712,4.0247,0.0,-1325.2890170458,-12.740795934177479,-19.79095352819554,-1686.7660572832,0.2860978184999112
INDO_red_67_cutoff_0.0.inp.out,392.4808133357227,-0.2892,0.0756,4.1028,0.0,-1325.6879653255,-2.406490885277595,-5.356906330070164,-1687.1509417145,0.29301769450012216
INDO_red_68_cutoff_0.0.inp.out,395.15949711804785,-0.2742,0.0847,4.8237,0.0,-1325.2534961013,0.520446759152809,0.48340146146821245,-1686.7345593352,0.27834640509991004
INDO_red_69_cutoff_0.0.inp.out,398.26584256847167,-0.2844,0.0591,3.6491,0.0,-1325.4803128717,5.549376992394984,2.3054395110922887,-1686.9550617236,0.28786235539996596
INDO_red_6_cutoff_0.0.inp.out,398.38090963029686,-0.3031,0.0542,3.4500,0.0,-1325.3831641413,-10.253813845890944,0.14592433800151305,-1686.8757475328,0.30807938949988056
INDO_red_70_cutoff_0.0.inp.out,395.77148416690795,-0.3287,0.0430,4.2311,0.0,-1325.1348678856,-5.0893540116698075,-6.040555567085328,-1686.6313326057,0.33147405570002775
INDO_red_71_cutoff_0.0.inp.out,396.9784516232699,-0.3030,0.0711,2.9486,0.0,-1325.2993411554,0.7012615454560713,-3.542246486978062,-1686.7792346568,0.30804105080005684
INDO_red_72_cutoff_0.0.inp.out,396.2941603915014,-0.2978,0.0730,3.0968,0.0,-1325.3146174649,-5.495248963392863,-1.4929726992245462,-1686.8031973305,0.29910435730016616
INDO_red_73_cutoff_0.0.inp.out,396.51741807630424,-0.2842,0.0818,3.0144,0.0,-1325.0697035788,4.8506805942375175,-5.809370650873781,-1686.5589420296,0.2875189951998891
INDO_red_74_cutoff_0.0.inp.out,397.25200691059507,-0.2879,0.0853,3.2602,0.0,-1324.9625610879,1.7369373599707512,-1.0092754838749451,-1686.4447766173,0.29119218050004747
INDO_red_75_cutoff_0.0.inp.out,396.37698892858845,-0.3151,0.0576,3.1743,0.0,-1324.9643167659,0.4248226496833587,0.4952378864420751,-1686.4647701711,0.31884607839992896
INDO_red_76_cutoff_0.0.inp.out,397.6911159029552,-0.2811,0.0716,3.1407,0.0,-1324.6566494540,-1.217588036618081,-3.1288474657136707,-1686.1282394147,0.28595930270012104
INDO_red_77_cutoff_0.0.inp.out,396.46760283433525,-0.2923,0.0843,3.2544,0.0,-1324.9292506973,-1.6772023948833483,-6.229407977841901,-1686.4105775175,0.29420496169996113
INDO_red_78_cutoff_0.0.inp.out,394.40384957084626,-0.2770,0.0875,3.3373,0.0,-1325.2004606345,4.527703619738354,-0.8160653145607142,-1686.6816611869,0.27974304660006055
INDO_red_79_cutoff_0.0.inp.out,397.11078768735314,-0.2994,0.0555,4.0029,0.0,-1325.3020904862,-3.5074791446050804,-2.3744563070046265,-1686.7952312762,0.302301357000033
INDO_red_7_cutoff_0.0.inp.out,393.90892355690113,-0.2920,0.0822,2.7904,0.0,-1325.2998999571,-4.859382509334412,-7.951938401034897,-1686.7752532131,0.29500351870001396
INDO_red_80_cutoff_0.0.inp.out,397.22509642487415,-0.2978,0.0776,3.4148,0.0,-1325.2242474827,-2.4354646574973744,-4.496411980109205,-1686.7114950508,0.30154930100002275
INDO_red_81_cutoff_0.0.inp.out,396.74472346593456,-0.3038,0.0745,4.4103,0.0,-1325.2970139687,6.4505043626288385,3.2003614790066868,-1686.7979493122,0.30554375679980694
INDO_red_82_cutoff_0.0.inp.out,396.28263149922225,-0.2765,0.0916,3.9702,0.0,-1325.5309978181,-7.346405365867329,-12.92039343883175,-1687.0197464778,0.2819148677999692
INDO_red_83_cutoff_0.0.inp.out,392.38290397686495,-0.2694,0.0951,3.8370,0.0,-1325.4172385258,10.555905040990572,11.608029086947326,-1686.9000638921,0.2726695666001433
INDO_red_84_cutoff_0.0.inp.out,398.76163968069613,-0.2716,0.0831,4.6026,0.0,-1325.5010951999,-10.918923532248323,-7.323414336731586,-1686.982954344,0.27533526670003994
INDO_red_85_cutoff_0.0.inp.out,395.3382029945149,-0.2871,0.0925,4.0534,0.0,-1325.4025764005,7.183902872900894,1.633293647446349,-1686.8880492118,0.287744229700138
INDO_red_86_cutoff_0.0.inp.out,393.3009774875962,-0.2737,0.0755,3.0524,0.0,-1325.2425841006,2.983237936210926,-3.4668785126311588,-1686.7084223647,0.2773901353000383
INDO_red_87_cutoff_0.0.inp.out,394.54356749831453,-0.2993,0.0752,2.2281,0.0,-1325.9147254310,-0.5416993543016626,-4.473854552628784,-1687.3910623747,0.30352800979994754
INDO_red_88_cutoff_0.0.inp.out,395.85340579388435,-0.3013,0.0588,3.4073,0.0,-1325.2927660802,6.498243753778567,2.4679676885881507,-1686.763458943,0.3047114363998844
INDO_red_89_cutoff_0.0.inp.out,396.2157557716436,-0.2889,0.0782,4.1299,0.0,-1325.7497316693,0.8693558480782088,2.899169261677906,-1687.2277647814,0.293758433100038
INDO_red_8_cutoff_0.0.inp.out,396.05710228576584,-0.2963,0.0578,4.5475,0.0,-1325.1117143853,1.8065289690577089,5.9149477893386395,-1686.5976153233,0.3017130979999365
INDO_red_90_cutoff_0.0.inp.out,392.9711971956917,-0.2733,0.0833,2.9712,0.0,-1325.5169896195,13.136256161982468,9.028153343693555,-1686.9967014377,0.2786065432999294
INDO_red_91_cutoff_0.0.inp.out,397.1544051400422,-0.3002,0.0593,4.3355,0.0,-1325.5114747753,0.9007837831923671,-3.0236884043925447,-1686.9965498537,0.3009352056001262
INDO_red_92_cutoff_0.0.inp.out,396.8083259582259,-0.3163,0.0420,4.3853,0.0,-1325.5464451844,17.65418147563911,15.293252899472499,-1687.0278536492,0.32103188659993975
INDO_red_93_cutoff_0.0.inp.out,393.2418119901434,-0.3321,0.0522,3.8091,0.0,-1325.7987772578,7.538509637091009,5.110312758450082,-1687.284801197,0.33532929269995293
INDO_red_94_cutoff_0.0.inp.out,393.35331874610677,-0.2801,0.0822,3.6697,0.0,-1325.5902325717,3.4474860130193825,3.178785821623188,-1687.0784404962,0.28344161800009715
INDO_red_95_cutoff_0.0.inp.out,396.6001249121253,-0.2896,0.0683,4.4266,0.0,-1325.1640562686,3.418043172084625,-2.2272297449352485,-1686.6605032686,0.29505033510008616
INDO_red_96_cutoff_0.0.inp.out,394.77353946834216,-0.2985,0.0695,3.4873,0.0,-1325.4296465998,-16.63674207704507,-25.61481184512737,-1686.9159209686,0.30403195889994095
INDO_red_97_cutoff_0.0.inp.out,397.36016720730595,-0.3006,0.0802,3.7869,0.0,-1325.1685457640,-16.09418803832654,-7.566744938684971,-1686.653860813,0.30062938420019236
INDO_red_98_cutoff_0.0.inp.out,394.8828871097448,-0.2865,0.0739,4.7825,0.0,-1325.5434658021,-19.15573765513717,-12.332859765439775,-1687.0362644526,0.28589605259981
INDO_red_99_cutoff_0.0.inp.out,396.0705080806063,-0.2868,0.0758,3.5910,0.0,-1325.1822332400,-0.500956245206025,-5.995932367613205,-1686.6587831396,0.2904141619001166
INDO_red_9_cutoff_0.0.inp.out,400.3870038495059,-0.3053,0.0614,4.0244,0.0,-1325.2213745193,-7.081665110392584,-5.0256295020187585,-1686.7021495242,0.30961368539988143
